#!ascii label  , from subject sub-v1s16x0051172_ses-1 vox2ras=TkReg
909
77545  48.491  20.734  44.625 0.0000000000
75717  57.379  18.688  33.763 0.0000000000
78209  50.538  21.440  27.271 0.0000000000
73658  56.409  14.037  25.779 0.0000000000
75693  48.640  17.238  38.420 0.0000000000
79786  51.620  24.233  34.440 0.0000000000
76445  59.803  18.522  28.018 0.0000000000
78205  47.899  21.177  27.963 0.0000000000
78143  54.759  22.234  38.763 0.0000000000
77579  54.403  19.924  40.126 0.0000000000
73596  53.140  14.666  35.219 0.0000000000
79836  51.926  24.852  26.523 0.0000000000
77054  48.785  19.296  21.102 0.0000000000
76406  51.977  18.546  31.427 0.0000000000
75807  53.057  17.489  23.919 0.0000000000
79333  48.002  24.476  27.800 0.0000000000
78695  55.897  23.240  44.860 0.0000000000
77554  51.258  20.771  42.984 0.0000000000
74245  50.754  15.877  36.995 0.0000000000
79326  54.178  23.666  30.153 0.0000000000
103467  54.429  24.937  29.281 0.0000000000
79353  53.714  24.019  24.686 0.0000000000
79365  50.441  23.824  21.694 0.0000000000
77675  50.605  21.301  22.936 0.0000000000
77592  58.439  20.709  36.183 0.0000000000
76971  53.030  19.795  35.192 0.0000000000
117288  55.819  19.038  32.796 0.0000000000
74370  59.091  16.664  24.306 0.0000000000
75790  56.134  17.796  25.795 0.0000000000
75094  55.262  17.061  23.456 0.0000000000
74375  52.362  15.668  23.346 0.0000000000
74330  54.400  15.345  26.970 0.0000000000
73640  52.702  14.693  29.747 0.0000000000
76923  45.896  19.132  43.192 0.0000000000
76930  48.688  19.287  41.928 0.0000000000
78774  50.573  22.324  31.431 0.0000000000
75026  56.170  16.442  31.736 0.0000000000
75742  58.015  18.479  31.546 0.0000000000
74317  57.908  15.848  29.136 0.0000000000
74340  61.712  15.441  25.538 0.0000000000
79274  52.732  23.980  39.124 0.0000000000
79246  56.034  24.461  42.270 0.0000000000
77567  58.096  21.957  40.406 0.0000000000
76350  56.606  18.714  37.000 0.0000000000
76333  51.247  18.726  39.195 0.0000000000
75697  53.457  17.616  37.186 0.0000000000
74989  54.601  16.412  34.366 0.0000000000
72892  54.469  13.458  32.441 0.0000000000
77551  43.250  20.583  45.264 0.0000000000
105557  51.304  25.881  30.435 0.0000000000
80319  48.557  26.261  26.327 0.0000000000
106604  49.454  23.716  25.369 0.0000000000
77666  47.974  20.442  25.274 0.0000000000
75811  47.122  16.945  24.990 0.0000000000
119341  51.160  22.093  36.513 0.0000000000
77610  50.130  20.915  33.891 0.0000000000
77024  50.060  19.568  29.361 0.0000000000
76423  54.840  18.358  29.527 0.0000000000
75771  52.009  18.022  28.050 0.0000000000
76458  49.947  18.759  26.159 0.0000000000
123882  50.355  17.080  22.052 0.0000000000
74379  48.847  15.385  22.949 0.0000000000
79825  47.214  24.794  28.240 0.0000000000
80320  46.619  26.040  26.577 0.0000000000
78116  51.756  22.100  45.571 0.0000000000
77543  50.165  21.111  44.547 0.0000000000
121931  52.076  23.064  28.274 0.0000000000
103432  54.750  23.864  27.860 0.0000000000
78801  52.461  23.058  26.540 0.0000000000
78821  52.161  22.904  23.160 0.0000000000
78218  50.836  21.749  25.386 0.0000000000
76363  57.584  19.356  34.582 0.0000000000
115973  55.970  19.728  34.508 0.0000000000
119862  57.307  19.241  33.780 0.0000000000
74355  57.539  15.218  24.516 0.0000000000
109779  56.702  16.982  23.541 0.0000000000
74357  55.879  15.631  24.848 0.0000000000
74358  55.171  15.714  24.946 0.0000000000
74343  55.616  15.219  25.933 0.0000000000
73654  54.731  14.652  27.542 0.0000000000
72925  55.279  13.363  27.412 0.0000000000
76313  46.309  18.611  42.591 0.0000000000
79309  52.501  23.879  31.966 0.0000000000
79303  51.279  23.456  33.268 0.0000000000
74299  56.041  14.953  30.647 0.0000000000
74308  56.836  15.893  30.387 0.0000000000
122208  56.918  14.310  29.444 0.0000000000
72932  59.529  14.353  26.994 0.0000000000
72922  62.068  12.609  26.202 0.0000000000
72946  61.094  13.645  24.800 0.0000000000
78128  54.566  21.810  42.230 0.0000000000
78127  56.202  22.530  42.090 0.0000000000
77569  55.237  20.739  40.713 0.0000000000
76942  57.782  20.414  38.956 0.0000000000
76955  55.354  19.088  38.827 0.0000000000
76336  48.719  18.259  39.577 0.0000000000
76938  49.751  19.208  40.854 0.0000000000
76345  49.826  18.173  38.671 0.0000000000
74243  52.338  15.246  36.314 0.0000000000
75709  52.028  16.845  36.857 0.0000000000
74967  53.385  16.490  36.283 0.0000000000
75715  54.201  16.851  35.980 0.0000000000
74990  53.894  15.859  34.870 0.0000000000
106108  54.398  15.348  33.117 0.0000000000
73614  53.861  14.620  33.708 0.0000000000
71203  54.738  11.729  32.572 0.0000000000
79835  53.754  24.500  27.303 0.0000000000
79823  52.700  25.191  29.495 0.0000000000
79824  51.346  25.207  28.758 0.0000000000
105873  49.780  25.740  27.904 0.0000000000
79830  50.414  25.303  26.525 0.0000000000
79844  49.258  25.371  25.511 0.0000000000
104632  49.852  25.005  24.935 0.0000000000
78236  49.443  21.024  20.922 0.0000000000
78230  49.289  22.052  22.728 0.0000000000
102872  48.054  19.615  23.442 0.0000000000
104196  47.394  18.702  24.593 0.0000000000
76466  47.592  17.903  23.501 0.0000000000
78738  53.871  22.903  39.238 0.0000000000
78740  51.862  22.845  37.628 0.0000000000
78152  52.716  21.690  37.521 0.0000000000
106142  52.060  19.137  33.960 0.0000000000
77608  50.963  20.219  34.792 0.0000000000
77001  50.486  19.672  32.563 0.0000000000
77634  49.964  20.415  31.704 0.0000000000
77008  50.401  19.098  30.786 0.0000000000
76420  58.702  18.451  30.356 0.0000000000
104309  56.734  18.691  30.649 0.0000000000
76435  57.242  18.480  28.836 0.0000000000
75792  54.245  17.573  25.467 0.0000000000
75780  53.551  17.585  26.796 0.0000000000
75793  52.630  17.643  26.426 0.0000000000
75783  51.183  18.187  26.803 0.0000000000
75795  50.980  17.937  25.770 0.0000000000
76463  49.825  18.482  24.978 0.0000000000
102773  51.808  17.201  23.352 0.0000000000
103687  52.121  15.504  25.382 0.0000000000
74377  50.718  15.462  23.397 0.0000000000
74362  50.334  15.463  25.768 0.0000000000
74350  48.563  15.627  25.743 0.0000000000
79779  51.900  24.824  35.794 0.0000000000
116313  48.009  23.415  28.772 0.0000000000
78797  48.490  22.765  27.795 0.0000000000
102585  55.268  24.186  45.723 0.0000000000
78102  52.606  22.595  45.820 0.0000000000
78122  52.989  21.746  43.732 0.0000000000
77561  52.479  20.664  41.627 0.0000000000
75701  49.787  17.223  37.719 0.0000000000
102458  55.617  24.094  29.612 0.0000000000
79346  54.723  24.044  27.056 0.0000000000
79848  53.584  24.207  25.307 0.0000000000
112931  51.446  24.686  23.884 0.0000000000
79358  52.741  23.906  22.799 0.0000000000
78831  50.935  22.750  21.199 0.0000000000
77676  50.030  20.035  20.868 0.0000000000
78149  57.304  21.661  37.564 0.0000000000
77588  54.490  20.943  37.041 0.0000000000
77594  55.286  20.381  36.218 0.0000000000
76976  54.667  19.382  34.155 0.0000000000
76379  53.371  18.792  32.927 0.0000000000
75788  60.201  18.465  26.083 0.0000000000
124015  57.505  18.282  27.374 0.0000000000
105741  57.660  18.249  24.877 0.0000000000
75804  55.814  17.756  24.389 0.0000000000
75819  54.510  17.074  23.444 0.0000000000
75821  53.096  17.022  22.873 0.0000000000
75096  53.802  16.564  22.966 0.0000000000
74359  53.523  15.620  24.887 0.0000000000
103199  52.750  15.517  26.928 0.0000000000
72917  53.595  13.670  29.295 0.0000000000
76907  47.172  20.012  43.669 0.0000000000
77557  48.879  20.162  43.572 0.0000000000
76921  47.577  19.472  42.882 0.0000000000
76329  47.675  18.319  40.660 0.0000000000
75688  47.554  17.440  39.419 0.0000000000
79810  54.037  24.315  31.530 0.0000000000
79327  52.585  23.395  30.512 0.0000000000
78789  50.814  22.262  29.456 0.0000000000
75735  56.806  17.552  32.827 0.0000000000
75734  57.486  18.395  32.435 0.0000000000
75025  57.100  17.248  31.511 0.0000000000
75037  58.351  17.850  30.830 0.0000000000
75049  59.475  18.023  29.655 0.0000000000
73643  57.795  14.722  28.508 0.0000000000
73650  59.534  15.531  27.276 0.0000000000
75069  60.915  17.851  26.879 0.0000000000
75084  61.474  16.310  24.855 0.0000000000
73670  59.853  14.553  24.505 0.0000000000
72942  57.581  13.281  25.183 0.0000000000
72168  56.080  12.509  26.278 0.0000000000
79261  54.033  24.964  40.591 0.0000000000
78731  55.241  23.151  40.130 0.0000000000
79229  56.801  24.814  44.270 0.0000000000
78707  56.935  23.283  42.445 0.0000000000
78736  57.782  22.706  39.567 0.0000000000
77582  58.913  21.375  37.832 0.0000000000
76962  58.698  20.562  36.716 0.0000000000
76359  57.224  18.774  35.943 0.0000000000
77564  49.947  20.007  42.437 0.0000000000
76927  51.064  19.948  41.237 0.0000000000
76946  52.831  19.175  39.773 0.0000000000
76355  51.041  18.044  37.827 0.0000000000
76354  52.027  18.088  37.773 0.0000000000
76341  53.621  18.495  38.401 0.0000000000
76351  55.134  18.302  37.502 0.0000000000
75714  55.179  17.304  35.567 0.0000000000
75719  55.418  17.139  34.753 0.0000000000
75002  54.810  16.202  33.513 0.0000000000
74282  54.768  15.127  32.329 0.0000000000
73625  55.311  13.668  31.228 0.0000000000
123013  54.238  12.884  32.922 0.0000000000
72132  55.161  12.334  31.528 0.0000000000
77548  45.917  20.618  44.807 0.0000000000
76910  44.531  19.955  43.946 0.0000000000
76305  42.209  18.987  43.365 0.0000000000
80784  52.072  26.709  31.378 0.0000000000
81343  50.175  27.133  30.877 0.0000000000
113619  47.707  25.696  26.117 0.0000000000
79343  48.803  23.799  27.098 0.0000000000
78804  48.816  22.856  26.913 0.0000000000
79354  49.776  24.018  24.333 0.0000000000
78219  48.782  21.810  25.143 0.0000000000
103440  48.180  20.900  26.174 0.0000000000
79285  50.858  23.193  35.644 0.0000000000
77596  51.715  20.655  36.105 0.0000000000
78160  50.505  21.514  35.218 0.0000000000
78751  50.375  22.337  34.321 0.0000000000
78177  50.115  21.602  31.924 0.0000000000
78191  49.899  21.047  30.556 0.0000000000
77648  50.021  20.697  28.647 0.0000000000
76402  56.973  18.769  32.047 0.0000000000
76403  55.431  18.724  31.469 0.0000000000
76415  53.146  18.428  30.647 0.0000000000
75767  55.010  17.932  27.965 0.0000000000
75769  53.630  17.910  28.565 0.0000000000
76425  52.515  18.279  29.986 0.0000000000
76439  51.261  18.384  28.650 0.0000000000
77034  49.993  19.357  27.675 0.0000000000
77658  50.190  20.647  26.907 0.0000000000
77665  49.771  19.912  25.213 0.0000000000
77045  49.732  18.729  22.718 0.0000000000
76476  49.181  18.489  20.714 0.0000000000
75097  51.067  15.879  22.125 0.0000000000
75106  49.861  15.607  21.474 0.0000000000
104377  49.031  15.864  21.454 0.0000000000
121627  47.780  15.969  24.557 0.0000000000
74300  52.151  15.044  30.147 0.0000000000
80321  46.292  26.250  26.992 0.0000000000
80806  46.566  26.527  26.873 0.0000000000
77526  48.941  21.722  45.666 0.0000000000
78118  49.864  21.873  45.834 0.0000000000
77544  49.354  20.890  44.649 0.0000000000
78802  51.182  22.304  27.469 0.0000000000
78795  52.203  23.045  27.656 0.0000000000
111070  51.143  22.196  26.741 0.0000000000
78809  51.591  22.503  25.836 0.0000000000
78213  50.657  21.555  26.393 0.0000000000
76366  57.478  19.154  33.990 0.0000000000
73665  56.932  14.292  25.149 0.0000000000
74356  56.607  15.425  24.732 0.0000000000
74342  56.265  14.891  25.612 0.0000000000
73659  55.858  14.316  26.368 0.0000000000
73653  55.352  14.164  27.187 0.0000000000
79778  52.099  24.801  34.835 0.0000000000
79794  51.792  24.028  33.527 0.0000000000
79293  51.123  23.584  34.168 0.0000000000
73631  56.143  13.918  30.208 0.0000000000
73638  56.674  14.771  29.869 0.0000000000
111455  56.669  13.769  29.607 0.0000000000
72159  62.070  12.079  26.767 0.0000000000
71251  62.006  11.978  26.435 0.0000000000
72172  61.555  12.137  25.764 0.0000000000
104587  47.446  20.199  27.617 0.0000000000
77570  53.935  20.420  40.764 0.0000000000
78134  54.839  21.315  41.382 0.0000000000
77578  55.679  20.228  40.063 0.0000000000
76944  54.867  19.482  39.502 0.0000000000
75687  48.284  17.663  39.122 0.0000000000
76346  49.033  17.946  38.846 0.0000000000
73597  52.810  14.977  35.842 0.0000000000
106357  52.501  16.141  36.469 0.0000000000
74978  53.040  15.707  36.071 0.0000000000
74977  53.687  16.137  35.670 0.0000000000
74253  53.329  15.402  35.392 0.0000000000
74265  53.554  15.097  34.584 0.0000000000
73606  53.429  14.294  34.529 0.0000000000
79829  51.856  24.959  27.640 0.0000000000
122317  50.503  25.326  27.550 0.0000000000
79843  50.226  25.205  25.489 0.0000000000
117300  50.822  24.937  24.972 0.0000000000
77681  48.770  20.302  21.516 0.0000000000
78231  48.865  21.254  21.900 0.0000000000
110602  48.390  19.550  22.314 0.0000000000
77047  47.738  18.813  23.575 0.0000000000
76472  48.140  18.154  22.411 0.0000000000
78144  53.316  22.202  38.330 0.0000000000
78151  53.874  21.566  37.737 0.0000000000
76380  52.047  18.882  33.071 0.0000000000
76993  51.289  19.324  33.643 0.0000000000
76392  51.553  18.799  32.178 0.0000000000
106329  50.503  19.323  31.662 0.0000000000
76407  51.041  18.733  31.319 0.0000000000
76433  59.653  18.401  29.037 0.0000000000
76434  58.789  18.613  29.452 0.0000000000
102963  57.946  18.505  28.291 0.0000000000
104845  53.330  17.556  25.345 0.0000000000
106400  52.538  17.586  25.360 0.0000000000
75794  51.835  17.759  26.114 0.0000000000
75808  51.895  17.540  24.658 0.0000000000
75809  50.728  17.574  24.417 0.0000000000
106743  52.556  17.266  23.311 0.0000000000
74347  51.917  15.512  26.400 0.0000000000
74361  51.358  15.454  25.350 0.0000000000
74348  50.995  15.480  26.531 0.0000000000
118253  50.236  15.508  26.772 0.0000000000
114840  47.720  23.994  28.946 0.0000000000
79338  48.395  23.537  27.975 0.0000000000
78661  52.281  22.882  45.740 0.0000000000
78103  51.407  22.537  45.950 0.0000000000
77542  50.993  21.336  44.304 0.0000000000
78123  51.909  21.558  43.981 0.0000000000
77553  52.136  21.132  42.613 0.0000000000
77562  51.576  20.425  41.890 0.0000000000
79317  54.822  23.972  30.456 0.0000000000
79816  55.298  23.883  29.934 0.0000000000
102378  54.852  23.760  29.430 0.0000000000
79348  54.061  23.933  25.952 0.0000000000
102263  54.665  24.012  27.049 0.0000000000
79347  54.211  23.960  26.213 0.0000000000
123130  53.889  23.973  25.374 0.0000000000
79357  53.650  24.043  24.379 0.0000000000
107048  53.234  23.938  23.603 0.0000000000
78223  50.959  21.792  24.074 0.0000000000
110970  51.415  22.211  22.555 0.0000000000
78234  50.324  21.119  20.831 0.0000000000
103606  50.442  20.747  21.715 0.0000000000
77586  58.276  21.226  36.628 0.0000000000
77587  56.246  21.004  36.889 0.0000000000
77593  57.231  20.560  36.117 0.0000000000
76990  56.269  19.446  33.862 0.0000000000
76378  54.959  19.102  33.323 0.0000000000
76991  53.590  19.037  33.795 0.0000000000
115171  54.581  18.803  32.492 0.0000000000
75814  60.231  17.743  24.887 0.0000000000
104642  58.846  18.370  25.569 0.0000000000
75815  58.831  17.845  24.499 0.0000000000
75093  56.052  17.279  23.463 0.0000000000
75817  56.439  17.747  23.738 0.0000000000
75818  55.547  17.310  23.647 0.0000000000
75095  54.581  16.746  23.397 0.0000000000
105479  54.368  15.598  25.558 0.0000000000
74345  53.554  15.542  26.356 0.0000000000
74346  52.753  15.560  25.828 0.0000000000
74318  54.063  15.050  28.008 0.0000000000
72926  54.767  13.416  28.027 0.0000000000
72916  54.205  13.573  28.653 0.0000000000
76908  46.299  19.965  43.755 0.0000000000
76922  46.737  19.317  43.045 0.0000000000
76323  46.669  18.271  41.851 0.0000000000
76330  46.937  18.028  40.970 0.0000000000
75682  47.239  17.764  40.131 0.0000000000
75689  46.924  17.263  39.686 0.0000000000
79310  51.552  23.442  32.357 0.0000000000
79319  51.993  23.451  31.425 0.0000000000
79328  51.329  22.996  30.918 0.0000000000
78782  51.721  23.002  29.956 0.0000000000
78783  50.716  22.341  30.471 0.0000000000
75013  55.945  16.644  32.415 0.0000000000
75012  56.917  17.421  32.153 0.0000000000
74307  57.357  15.870  29.774 0.0000000000
75051  57.590  16.786  30.320 0.0000000000
75050  58.376  17.237  29.908 0.0000000000
75061  58.801  16.856  28.969 0.0000000000
109304  57.762  13.747  28.323 0.0000000000
72915  58.386  13.200  27.814 0.0000000000
112179  61.559  13.819  26.300 0.0000000000
111589  60.926  15.368  26.382 0.0000000000
74327  60.320  16.856  27.281 0.0000000000
74341  61.385  16.846  26.055 0.0000000000
75078  61.333  17.621  25.887 0.0000000000
75077  61.634  16.568  25.426 0.0000000000
72940  60.424  12.723  25.032 0.0000000000
73669  61.068  14.700  24.618 0.0000000000
72947  59.393  13.572  24.720 0.0000000000
72948  58.265  13.602  24.876 0.0000000000
72175  57.177  12.680  25.521 0.0000000000
79247  54.605  25.305  41.540 0.0000000000
78720  54.877  23.897  41.016 0.0000000000
109715  56.331  23.400  41.446 0.0000000000
78678  54.861  23.443  45.534 0.0000000000
78677  56.356  24.233  45.594 0.0000000000
78694  57.263  23.907  44.304 0.0000000000
78132  57.586  22.413  40.943 0.0000000000
78126  57.077  22.969  41.721 0.0000000000
78125  57.442  22.655  40.984 0.0000000000
78729  58.229  22.636  40.172 0.0000000000
78136  58.519  22.285  39.323 0.0000000000
77576  58.394  21.530  39.412 0.0000000000
76954  56.718  19.529  38.457 0.0000000000
76953  58.255  20.309  37.831 0.0000000000
76963  57.428  19.489  37.379 0.0000000000
76349  58.069  19.715  36.223 0.0000000000
76919  49.177  19.797  42.625 0.0000000000
76929  49.456  19.522  41.723 0.0000000000
76949  50.050  18.887  40.049 0.0000000000
76937  50.581  19.400  40.676 0.0000000000
76948  50.910  19.018  39.936 0.0000000000
76936  51.445  19.541  40.509 0.0000000000
76947  51.862  19.085  39.881 0.0000000000
74963  50.230  16.651  37.332 0.0000000000
75700  50.599  17.378  37.514 0.0000000000
74962  51.110  16.727  37.071 0.0000000000
75698  52.504  17.529  37.250 0.0000000000
76353  53.031  18.090  37.772 0.0000000000
76342  52.625  18.487  38.430 0.0000000000
76352  54.022  18.148  37.710 0.0000000000
74976  54.431  16.611  35.230 0.0000000000
75706  54.857  17.498  36.326 0.0000000000
74988  55.547  17.000  33.921 0.0000000000
73621  54.365  14.414  32.766 0.0000000000
73626  54.817  14.203  31.872 0.0000000000
72117  53.908  11.910  33.762 0.0000000000
118821  54.986  11.836  31.921 0.0000000000
121038  55.651  11.694  31.483 0.0000000000
77530  45.511  21.216  45.460 0.0000000000
77550  44.144  20.644  45.152 0.0000000000
76911  43.607  19.933  44.029 0.0000000000
76925  44.077  19.114  43.234 0.0000000000
80309  51.308  25.474  29.807 0.0000000000
122847  52.104  25.865  30.603 0.0000000000
80294  51.543  26.313  30.928 0.0000000000
80785  51.075  26.914  31.199 0.0000000000
80791  50.634  26.426  30.703 0.0000000000
80302  50.430  25.933  30.057 0.0000000000
80312  47.979  26.572  26.726 0.0000000000
80326  47.693  26.104  26.057 0.0000000000
78803  49.253  24.192  25.993 0.0000000000
79342  48.574  25.222  25.869 0.0000000000
78810  49.130  22.817  26.046 0.0000000000
79359  50.596  24.354  22.496 0.0000000000
79856  50.299  24.521  23.599 0.0000000000
79360  49.998  24.000  22.734 0.0000000000
78225  48.570  21.217  23.432 0.0000000000
78224  48.984  21.937  24.213 0.0000000000
102853  48.443  21.185  24.692 0.0000000000
105431  48.455  21.350  25.637 0.0000000000
77660  47.685  20.149  26.194 0.0000000000
77043  47.471  19.478  25.433 0.0000000000
107566  47.150  17.787  24.724 0.0000000000
79766  52.633  24.408  38.810 0.0000000000
79278  51.596  23.440  37.336 0.0000000000
78743  51.371  22.706  36.887 0.0000000000
79281  51.221  23.336  36.529 0.0000000000
78744  50.892  22.581  36.132 0.0000000000
77595  53.602  20.497  36.457 0.0000000000
118680  52.602  20.681  36.500 0.0000000000
77603  52.707  20.240  35.935 0.0000000000
77609  50.443  20.579  34.302 0.0000000000
77605  50.647  20.841  35.044 0.0000000000
106165  50.310  21.200  34.519 0.0000000000
111946  50.319  21.804  34.655 0.0000000000
105841  50.172  21.534  33.874 0.0000000000
78762  50.377  22.248  33.394 0.0000000000
78171  50.072  21.528  32.897 0.0000000000
77017  49.985  19.779  30.246 0.0000000000
77640  49.899  20.425  30.862 0.0000000000
103914  49.868  20.539  30.177 0.0000000000
78196  49.983  21.042  29.266 0.0000000000
102864  49.914  19.970  28.847 0.0000000000
76401  57.661  18.559  32.039 0.0000000000
76387  57.502  18.764  32.655 0.0000000000
76422  55.910  18.494  29.749 0.0000000000
76412  56.230  18.759  31.108 0.0000000000
76413  54.887  18.568  30.633 0.0000000000
122869  54.428  18.605  31.112 0.0000000000
102791  54.276  18.409  29.988 0.0000000000
105187  56.745  18.031  26.748 0.0000000000
76447  56.765  18.184  27.774 0.0000000000
108442  55.728  17.827  27.082 0.0000000000
75781  52.691  17.749  27.454 0.0000000000
115109  54.100  17.674  27.846 0.0000000000
75770  52.818  17.896  28.362 0.0000000000
75757  53.102  18.094  29.206 0.0000000000
76438  52.208  18.153  28.996 0.0000000000
76426  51.526  18.398  29.663 0.0000000000
76457  50.467  18.473  26.490 0.0000000000
76450  50.647  18.568  27.367 0.0000000000
76451  50.126  18.872  27.104 0.0000000000
77653  49.851  19.931  27.336 0.0000000000
77039  49.844  19.297  26.788 0.0000000000
77659  49.787  19.901  26.395 0.0000000000
77042  49.710  19.154  25.773 0.0000000000
76465  49.818  17.963  23.100 0.0000000000
114862  49.662  18.900  24.490 0.0000000000
76470  49.469  17.965  21.143 0.0000000000
75830  49.769  16.844  21.321 0.0000000000
75104  52.906  16.443  22.639 0.0000000000
75822  52.303  16.578  22.620 0.0000000000
75105  52.223  16.071  22.539 0.0000000000
74378  49.741  15.306  23.000 0.0000000000
74385  50.402  15.389  22.050 0.0000000000
74386  49.404  15.318  21.725 0.0000000000
75107  48.883  15.441  21.924 0.0000000000
75108  48.327  16.083  22.669 0.0000000000
75098  48.310  15.788  23.373 0.0000000000
74335  48.647  15.656  26.923 0.0000000000
74309  53.015  15.023  29.122 0.0000000000
73633  52.421  14.424  30.298 0.0000000000
79826  46.489  25.323  28.585 0.0000000000
79831  46.997  25.630  26.760 0.0000000000
78117  50.758  21.968  45.787 0.0000000000
77555  50.455  20.524  43.293 0.0000000000
79332  53.305  23.437  29.624 0.0000000000
102260  54.307  23.663  28.738 0.0000000000
79337  53.284  23.389  28.088 0.0000000000
79341  53.793  23.617  27.152 0.0000000000
78808  53.074  23.392  25.150 0.0000000000
78813  53.150  23.576  23.839 0.0000000000
78814  51.981  22.723  24.581 0.0000000000
77600  57.966  20.116  35.542 0.0000000000
76969  57.210  19.910  34.830 0.0000000000
76968  57.659  19.685  34.928 0.0000000000
76975  57.323  19.489  34.317 0.0000000000
76377  56.695  19.185  33.308 0.0000000000
74371  57.662  16.663  23.926 0.0000000000
75091  58.176  17.475  24.061 0.0000000000
74372  56.129  16.510  23.829 0.0000000000
74373  55.273  16.485  23.831 0.0000000000
74344  55.014  15.418  26.173 0.0000000000
74329  55.203  14.936  26.798 0.0000000000
118877  54.941  13.987  27.747 0.0000000000
76924  45.023  19.081  43.243 0.0000000000
76314  45.496  18.381  42.769 0.0000000000
79803  52.643  24.250  32.725 0.0000000000
79804  51.908  23.835  32.768 0.0000000000
79320  51.046  22.947  31.890 0.0000000000
74291  55.705  15.462  31.396 0.0000000000
74290  56.460  16.149  31.062 0.0000000000
120125  57.249  14.878  29.277 0.0000000000
72924  59.072  13.494  27.284 0.0000000000
72923  60.778  13.147  26.787 0.0000000000
72931  62.111  13.429  25.897 0.0000000000
73663  61.962  14.319  25.519 0.0000000000
72939  61.966  13.478  25.499 0.0000000000
107609  61.642  12.812  25.416 0.0000000000
79237  55.381  25.501  42.576 0.0000000000
78121  54.338  22.186  43.430 0.0000000000
78120  56.246  22.964  43.340 0.0000000000
78133  56.447  21.881  41.307 0.0000000000
77568  56.665  21.293  40.592 0.0000000000
77577  57.245  20.781  39.925 0.0000000000
76943  56.188  19.822  39.337 0.0000000000
76339  55.931  18.788  38.011 0.0000000000
76328  48.439  18.538  40.403 0.0000000000
76939  48.959  19.000  41.054 0.0000000000
76327  49.225  18.734  40.191 0.0000000000
76335  49.509  18.460  39.390 0.0000000000
76334  50.342  18.612  39.267 0.0000000000
121406  52.025  15.658  36.508 0.0000000000
74968  51.646  16.084  36.705 0.0000000000
75708  52.949  16.987  36.734 0.0000000000
75707  53.864  17.194  36.599 0.0000000000
74264  54.084  15.611  33.981 0.0000000000
72885  54.062  13.659  33.247 0.0000000000
71191  54.483  11.555  33.374 0.0000000000
70149  55.845  11.194  33.025 0.0000000000
102261  53.721  24.798  28.475 0.0000000000
80310  50.465  25.612  29.281 0.0000000000
80318  49.368  25.928  26.227 0.0000000000
79837  48.475  25.796  25.885 0.0000000000
80325  49.304  25.629  25.652 0.0000000000
114944  49.645  24.914  25.008 0.0000000000
78235  49.702  22.040  21.059 0.0000000000
78826  49.862  23.163  21.813 0.0000000000
77672  48.177  20.392  24.102 0.0000000000
77046  47.703  19.610  24.450 0.0000000000
78739  52.930  22.986  38.732 0.0000000000
117752  52.337  23.117  38.276 0.0000000000
78145  52.426  22.407  37.945 0.0000000000
78153  51.808  22.014  37.128 0.0000000000
76978  52.374  19.474  34.623 0.0000000000
76972  51.847  20.022  35.269 0.0000000000
76979  51.484  19.629  34.426 0.0000000000
76980  50.759  19.917  34.015 0.0000000000
77620  50.283  20.317  33.422 0.0000000000
77627  50.059  20.381  32.535 0.0000000000
77002  50.205  19.907  31.926 0.0000000000
77009  50.102  19.774  31.202 0.0000000000
77016  50.344  19.054  29.885 0.0000000000
75748  58.326  18.357  30.957 0.0000000000
104983  58.024  18.659  30.937 0.0000000000
124227  56.986  18.634  30.142 0.0000000000
76436  56.488  18.458  29.288 0.0000000000
75791  55.205  17.646  25.699 0.0000000000
75779  54.617  17.625  26.882 0.0000000000
75782  51.934  17.927  27.122 0.0000000000
76449  51.301  18.301  27.682 0.0000000000
76462  50.236  18.228  25.411 0.0000000000
75810  50.108  17.714  23.964 0.0000000000
75823  50.995  16.667  22.634 0.0000000000
111779  51.999  15.494  24.488 0.0000000000
74384  51.620  15.743  22.652 0.0000000000
74376  51.507  15.511  23.892 0.0000000000
122522  50.779  15.450  24.657 0.0000000000
74363  50.016  15.490  24.571 0.0000000000
115653  49.102  15.503  24.455 0.0000000000
110066  49.497  15.520  25.502 0.0000000000
74349  49.489  15.539  26.423 0.0000000000
110926  51.530  24.358  35.257 0.0000000000
78790  48.152  22.633  28.653 0.0000000000
78204  48.245  21.996  28.188 0.0000000000
78660  53.539  23.184  45.732 0.0000000000
78114  54.128  22.538  45.077 0.0000000000
78115  52.863  22.219  45.350 0.0000000000
78129  53.192  21.405  42.368 0.0000000000
77560  53.524  20.923  41.467 0.0000000000
77571  52.876  20.220  40.866 0.0000000000
75702  49.172  17.081  37.941 0.0000000000
74964  49.430  16.502  37.622 0.0000000000
109695  49.990  16.013  37.309 0.0000000000
111385  50.804  15.058  36.978 0.0000000000
74244  51.544  15.253  36.674 0.0000000000
73584  51.901  14.493  36.468 0.0000000000
73583  52.394  14.557  36.136 0.0000000000
114536  52.682  14.236  35.693 0.0000000000
73607  53.046  13.900  35.086 0.0000000000
80300  55.403  24.703  29.684 0.0000000000
105736  55.287  24.432  28.945 0.0000000000
102258  55.345  23.910  28.741 0.0000000000
102259  54.950  24.043  27.710 0.0000000000
102262  55.051  24.165  27.949 0.0000000000
79841  53.648  24.323  26.277 0.0000000000
79842  52.061  24.755  25.534 0.0000000000
79849  52.210  24.626  24.516 0.0000000000
79854  52.722  24.250  23.388 0.0000000000
79369  51.676  24.051  21.804 0.0000000000
78820  52.631  23.703  22.658 0.0000000000
78830  51.872  23.616  21.746 0.0000000000
79370  51.035  23.694  21.404 0.0000000000
78835  50.236  21.961  20.740 0.0000000000
77686  49.843  20.778  20.633 0.0000000000
77057  49.692  19.927  20.726 0.0000000000
78150  55.398  21.535  37.778 0.0000000000
77602  53.972  20.088  35.714 0.0000000000
76970  55.573  20.041  35.253 0.0000000000
116396  54.345  19.732  34.905 0.0000000000
76977  53.391  19.377  34.500 0.0000000000
121151  52.778  19.138  34.127 0.0000000000
76992  52.734  18.940  33.586 0.0000000000
76391  52.524  18.640  32.173 0.0000000000
76455  60.324  18.477  27.058 0.0000000000
76446  58.574  18.519  27.593 0.0000000000
76456  59.325  18.552  26.792 0.0000000000
75789  56.957  18.044  25.726 0.0000000000
75092  57.051  17.646  23.651 0.0000000000
75803  56.699  18.089  24.497 0.0000000000
75805  54.894  17.469  24.281 0.0000000000
75806  53.967  17.417  24.065 0.0000000000
75820  53.612  17.098  23.137 0.0000000000
75828  53.348  16.728  22.747 0.0000000000
119244  53.259  15.878  23.272 0.0000000000
74374  54.327  15.997  23.810 0.0000000000
74360  52.689  15.558  24.520 0.0000000000
74332  52.681  15.465  27.846 0.0000000000
73639  53.210  14.404  29.404 0.0000000000
73645  53.708  14.530  28.775 0.0000000000
77546  47.618  20.641  44.600 0.0000000000
77558  48.030  20.094  43.596 0.0000000000
76920  48.394  19.619  42.756 0.0000000000
76931  47.911  19.070  42.118 0.0000000000
76932  47.108  18.894  42.309 0.0000000000
76322  47.410  18.577  41.507 0.0000000000
76321  48.174  18.805  41.262 0.0000000000
76337  47.969  18.018  39.852 0.0000000000
75694  47.844  17.037  38.818 0.0000000000
79318  53.377  23.750  31.022 0.0000000000
78788  52.272  23.127  28.922 0.0000000000
78796  51.183  22.432  28.399 0.0000000000
75727  56.722  17.679  33.527 0.0000000000
75726  57.366  18.578  33.085 0.0000000000
75743  57.764  18.211  31.883 0.0000000000
75038  57.342  17.032  30.885 0.0000000000
75749  58.087  18.055  31.416 0.0000000000
75755  58.892  18.244  30.348 0.0000000000
75754  59.318  18.284  29.697 0.0000000000
75766  59.876  18.238  29.101 0.0000000000
73637  57.253  13.895  29.025 0.0000000000
74316  58.363  15.709  28.489 0.0000000000
73652  58.330  14.066  27.733 0.0000000000
73651  58.596  15.067  27.768 0.0000000000
75060  59.986  17.744  28.689 0.0000000000
75059  60.493  17.982  27.967 0.0000000000
75777  60.436  18.194  27.738 0.0000000000
75787  60.846  18.206  26.533 0.0000000000
75800  60.876  18.100  25.587 0.0000000000
75090  60.505  16.969  24.587 0.0000000000
74368  61.486  15.310  24.793 0.0000000000
74369  60.427  15.740  24.477 0.0000000000
107361  58.785  15.540  24.326 0.0000000000
73664  57.682  14.131  24.879 0.0000000000
72933  56.300  13.326  26.129 0.0000000000
72943  56.830  13.288  25.558 0.0000000000
71246  55.795  11.762  26.347 0.0000000000
78733  53.387  23.768  39.714 0.0000000000
78732  54.125  23.536  40.122 0.0000000000
78737  56.266  22.730  39.547 0.0000000000
102257  54.429  24.596  44.924 0.0000000000
79741  55.968  25.478  43.540 0.0000000000
108434  56.329  25.144  43.314 0.0000000000
78708  57.036  23.465  42.952 0.0000000000
79236  57.145  24.257  43.464 0.0000000000
78730  57.257  23.043  40.409 0.0000000000
78142  56.505  22.176  38.626 0.0000000000
78141  58.128  22.122  38.492 0.0000000000
78148  58.631  21.566  37.523 0.0000000000
76961  58.887  21.091  36.741 0.0000000000
77583  58.905  21.239  38.246 0.0000000000
76952  59.125  21.015  37.367 0.0000000000
76966  58.434  20.501  36.066 0.0000000000
76358  57.944  19.737  35.359 0.0000000000
76364  57.448  18.818  35.042 0.0000000000
75712  57.416  18.749  34.376 0.0000000000
77556  49.676  20.329  43.476 0.0000000000
77563  50.749  20.197  42.184 0.0000000000
76928  50.246  19.743  41.491 0.0000000000
77572  51.927  20.116  41.013 0.0000000000
76935  52.366  19.635  40.368 0.0000000000
76934  53.340  19.728  40.238 0.0000000000
75692  49.429  17.585  38.270 0.0000000000
75691  50.185  17.842  38.035 0.0000000000
76344  50.663  18.349  38.511 0.0000000000
75699  51.538  17.465  37.346 0.0000000000
76343  51.603  18.455  38.436 0.0000000000
76332  52.246  18.797  39.158 0.0000000000
76957  53.242  18.820  39.110 0.0000000000
76945  53.806  19.272  39.650 0.0000000000
76956  54.232  18.899  39.006 0.0000000000
76340  54.665  18.561  38.293 0.0000000000
76361  54.452  17.778  37.035 0.0000000000
76360  55.630  18.149  36.641 0.0000000000
75705  56.105  18.032  35.789 0.0000000000
75713  56.421  17.919  34.998 0.0000000000
75718  56.614  17.803  34.252 0.0000000000
75001  55.742  16.823  33.141 0.0000000000
75014  55.096  15.979  32.735 0.0000000000
74281  55.394  15.769  32.041 0.0000000000
74292  55.152  15.007  31.762 0.0000000000
73632  55.677  14.037  30.756 0.0000000000
72904  55.752  13.155  30.614 0.0000000000
110402  53.625  13.711  33.967 0.0000000000
72116  54.276  12.148  33.048 0.0000000000
72124  54.620  12.433  32.240 0.0000000000
72898  54.875  13.154  31.687 0.0000000000
72897  55.343  12.902  31.161 0.0000000000
77528  47.204  21.380  45.406 0.0000000000
77547  46.762  20.606  44.658 0.0000000000
76909  45.429  19.951  43.854 0.0000000000
77549  45.037  20.673  45.031 0.0000000000
76912  42.697  19.822  44.127 0.0000000000
76304  43.117  19.106  43.251 0.0000000000
76317  42.684  18.293  42.790 0.0000000000
120126  49.555  26.606  30.220 0.0000000000
80303  49.623  26.076  29.202 0.0000000000
80808  47.158  26.317  26.428 0.0000000000
79838  47.111  26.007  26.242 0.0000000000
110248  48.454  24.453  27.080 0.0000000000
107552  48.385  21.880  27.461 0.0000000000
79850  50.600  24.804  24.447 0.0000000000
79851  50.047  24.779  24.453 0.0000000000
78822  49.584  22.944  23.571 0.0000000000
78815  49.289  22.691  25.060 0.0000000000
78816  48.856  22.061  25.763 0.0000000000
78214  48.566  21.791  26.499 0.0000000000
77654  47.965  20.848  27.005 0.0000000000
79275  52.077  23.604  38.127 0.0000000000
119214  51.342  24.045  36.084 0.0000000000
79284  51.137  23.737  35.072 0.0000000000
77589  53.170  21.071  37.018 0.0000000000
77590  52.170  21.209  36.812 0.0000000000
78156  51.347  21.436  36.410 0.0000000000
77604  51.149  20.537  35.438 0.0000000000
77597  50.905  21.066  35.772 0.0000000000
78157  50.768  21.823  35.921 0.0000000000
78746  50.490  22.354  35.251 0.0000000000
79294  50.628  23.054  34.737 0.0000000000
79304  50.664  22.952  33.825 0.0000000000
78769  50.453  22.259  32.415 0.0000000000
78178  49.860  20.949  32.318 0.0000000000
78183  50.171  21.663  30.991 0.0000000000
78190  50.231  21.636  30.134 0.0000000000
115507  50.370  21.538  28.900 0.0000000000
78203  50.467  21.482  28.095 0.0000000000
76376  57.475  18.999  33.328 0.0000000000
76388  56.982  18.992  32.759 0.0000000000
76411  57.524  18.663  31.515 0.0000000000
76389  55.732  18.857  32.211 0.0000000000
113024  54.500  18.677  31.740 0.0000000000
76404  53.694  18.568  31.225 0.0000000000
76405  52.869  18.523  31.377 0.0000000000
76448  56.012  18.198  28.285 0.0000000000
76437  55.384  18.249  28.887 0.0000000000
75768  54.459  18.054  28.686 0.0000000000
76424  53.474  18.309  29.946 0.0000000000
76416  51.705  18.466  30.589 0.0000000000
76427  50.766  18.674  29.404 0.0000000000
77023  50.331  19.042  29.172 0.0000000000
121183  50.793  18.606  28.059 0.0000000000
76440  50.549  18.792  28.640 0.0000000000
77030  50.126  19.353  28.552 0.0000000000
77649  49.936  19.958  28.170 0.0000000000
77652  50.134  20.638  27.775 0.0000000000
77664  50.275  20.730  25.951 0.0000000000
115680  50.384  20.914  25.047 0.0000000000
77670  50.235  20.612  24.175 0.0000000000
77671  49.761  19.651  23.856 0.0000000000
122831  50.139  20.393  23.119 0.0000000000
115113  49.959  19.708  22.224 0.0000000000
77053  49.477  19.231  20.752 0.0000000000
75834  48.991  18.317  20.645 0.0000000000
75829  50.230  16.177  21.518 0.0000000000
110355  49.575  15.973  21.342 0.0000000000
75833  49.178  17.374  21.102 0.0000000000
76471  48.734  17.991  21.086 0.0000000000
75831  48.392  17.112  22.106 0.0000000000
75824  47.608  16.982  23.711 0.0000000000
75086  47.352  16.317  25.305 0.0000000000
74364  48.242  15.676  24.423 0.0000000000
74351  47.664  15.895  25.484 0.0000000000
72934  55.769  13.354  26.729 0.0000000000
72162  55.029  12.574  27.505 0.0000000000
72165  62.099  12.614  26.021 0.0000000000
72166  62.077  12.300  26.355 0.0000000000
72167  56.648  12.576  25.858 0.0000000000
73644  54.431  14.257  28.203 0.0000000000
73657  61.896  14.332  25.798 0.0000000000
73668  61.803  14.439  25.022 0.0000000000
73671  58.492  14.399  24.595 0.0000000000
74328  59.160  16.249  28.061 0.0000000000
74354  61.757  15.378  25.182 0.0000000000
74382  53.207  16.303  22.775 0.0000000000
74383  52.681  15.965  22.744 0.0000000000
75085  61.281  17.349  25.174 0.0000000000
75099  47.684  16.265  24.120 0.0000000000
75756  53.945  18.211  29.308 0.0000000000
75765  60.213  18.183  28.531 0.0000000000
75778  57.891  18.296  26.392 0.0000000000
75801  59.637  18.177  25.144 0.0000000000
75802  58.287  18.116  24.526 0.0000000000
75816  57.811  17.958  24.004 0.0000000000
76390  53.540  18.630  31.987 0.0000000000
76393  50.891  19.080  32.133 0.0000000000
76414  53.946  18.499  30.575 0.0000000000
76417  50.893  18.667  30.297 0.0000000000
76421  57.954  18.745  30.018 0.0000000000
76432  60.094  18.273  28.615 0.0000000000
76441  50.331  18.909  27.921 0.0000000000
76477  48.870  18.541  20.778 0.0000000000
76480  49.206  18.990  20.643 0.0000000000
77000  51.086  19.153  32.854 0.0000000000
77049  49.674  18.956  21.040 0.0000000000
77050  48.132  18.937  22.796 0.0000000000
77058  49.362  20.011  20.800 0.0000000000
77575  58.708  21.857  38.827 0.0000000000
77601  56.795  20.189  35.478 0.0000000000
77621  49.941  20.926  33.201 0.0000000000
77644  49.889  20.374  29.473 0.0000000000
77677  48.412  20.407  22.846 0.0000000000
77685  50.037  20.681  20.655 0.0000000000
78131  58.147  22.477  40.443 0.0000000000
78137  58.515  22.303  39.864 0.0000000000
78140  58.687  21.812  38.406 0.0000000000
78184  49.873  21.000  31.409 0.0000000000
78197  49.915  21.035  29.841 0.0000000000
78229  50.888  21.932  21.419 0.0000000000
78240  50.121  21.308  20.633 0.0000000000
78241  49.917  21.438  20.634 0.0000000000
78658  55.365  24.016  45.854 0.0000000000
78659  54.483  23.673  45.749 0.0000000000
78679  53.711  22.874  45.759 0.0000000000
78825  51.829  22.958  21.891 0.0000000000
78832  50.380  22.966  21.184 0.0000000000
79215  54.259  23.906  45.732 0.0000000000
79311  50.845  22.892  32.870 0.0000000000
79363  52.341  23.907  22.247 0.0000000000
79364  50.958  24.159  21.723 0.0000000000
79817  55.536  24.223  29.940 0.0000000000
79855  51.321  24.580  23.129 0.0000000000
79860  52.190  24.179  22.456 0.0000000000
79861  51.336  24.339  22.210 0.0000000000
80301  52.296  25.502  30.195 0.0000000000
102466  55.414  23.938  29.731 0.0000000000
102520  55.934  24.944  44.802 0.0000000000
103787  55.508  18.561  30.257 0.0000000000
103859  48.465  18.698  21.752 0.0000000000
107217  59.073  18.584  28.594 0.0000000000
107816  56.911  16.212  24.030 0.0000000000
107952  50.414  21.778  20.822 0.0000000000
110144  57.311  18.073  23.963 0.0000000000
111776  59.329  17.368  24.458 0.0000000000
112805  50.579  24.696  23.980 0.0000000000
113394  54.809  18.475  30.066 0.0000000000
113531  55.430  14.537  31.277 0.0000000000
116098  50.216  21.483  29.521 0.0000000000
118103  53.349  17.704  27.835 0.0000000000
118446  50.697  19.654  33.318 0.0000000000
119225  55.622  16.927  23.464 0.0000000000
119604  52.445  18.444  30.804 0.0000000000
120028  51.844  24.004  37.856 0.0000000000
122818  49.315  15.484  21.416 0.0000000000
