#!ascii label  , from subject sub-v1s16x0051188_ses-1 vox2ras=TkReg
702
63772  43.877  18.302  53.483 0.0000000000
63289  49.097  18.196  44.906 0.0000000000
64423  39.943  19.867  44.966 0.0000000000
63347  45.655  18.729  33.388 0.0000000000
62213  42.250  15.300  49.967 0.0000000000
65971  43.412  22.399  50.679 0.0000000000
63872  47.994  19.229  39.672 0.0000000000
65532  36.929  23.605  36.365 0.0000000000
64373  47.690  19.384  51.266 0.0000000000
91454  47.453  16.799  52.077 0.0000000000
62759  44.707  16.091  44.834 0.0000000000
66516  39.085  24.013  42.849 0.0000000000
65023  39.410  21.999  36.676 0.0000000000
64419  44.131  18.795  45.277 0.0000000000
63883  42.492  18.796  38.295 0.0000000000
67424  37.140  26.030  38.456 0.0000000000
63758  49.310  17.558  55.137 0.0000000000
98309  46.533  15.984  54.286 0.0000000000
91127  43.184  15.545  47.205 0.0000000000
66488  40.813  23.710  46.950 0.0000000000
94766  41.649  24.488  44.925 0.0000000000
65999  38.417  22.256  44.252 0.0000000000
65506  38.010  21.705  40.915 0.0000000000
64459  39.688  19.811  40.950 0.0000000000
63798  49.536  18.295  48.204 0.0000000000
64390  46.104  18.999  48.737 0.0000000000
64416  47.393  18.752  45.226 0.0000000000
91187  46.989  19.848  34.875 0.0000000000
100922  45.003  18.708  38.977 0.0000000000
63919  44.405  19.911  33.125 0.0000000000
98371  42.190  19.942  33.487 0.0000000000
62830  43.213  17.114  33.737 0.0000000000
61698  42.945  15.056  37.882 0.0000000000
62725  41.898  16.483  53.217 0.0000000000
62183  44.087  14.453  53.919 0.0000000000
65474  41.051  21.150  48.078 0.0000000000
63306  48.020  17.902  42.156 0.0000000000
63849  47.809  18.651  41.577 0.0000000000
88200  48.818  18.823  39.595 0.0000000000
63904  49.304  20.173  36.110 0.0000000000
65457  46.283  22.005  53.290 0.0000000000
64934  49.873  20.292  54.957 0.0000000000
63262  50.317  18.196  51.022 0.0000000000
63269  48.176  17.549  48.210 0.0000000000
62208  44.382  15.840  51.195 0.0000000000
62750  45.650  17.021  47.855 0.0000000000
62766  46.920  17.185  44.685 0.0000000000
62246  45.832  15.698  42.243 0.0000000000
63782  39.700  18.662  52.526 0.0000000000
67396  42.846  25.610  42.042 0.0000000000
67407  39.506  25.489  40.620 0.0000000000
66528  37.568  24.075  39.805 0.0000000000
65526  38.465  23.085  36.162 0.0000000000
64487  38.856  19.960  35.992 0.0000000000
64953  44.670  20.879  51.485 0.0000000000
64393  42.803  20.173  48.480 0.0000000000
92375  42.040  19.146  45.187 0.0000000000
63839  45.317  18.654  42.283 0.0000000000
90208  43.273  18.534  41.531 0.0000000000
63842  41.005  18.865  41.911 0.0000000000
63885  41.139  19.456  38.059 0.0000000000
63923  40.385  20.353  34.704 0.0000000000
94686  37.007  26.168  38.882 0.0000000000
67418  38.427  26.326  39.996 0.0000000000
63761  46.253  18.214  54.339 0.0000000000
63771  44.770  17.936  53.780 0.0000000000
65477  39.559  21.558  46.473 0.0000000000
66490  39.525  22.513  46.096 0.0000000000
103609  38.761  20.888  44.866 0.0000000000
92996  38.404  20.876  42.900 0.0000000000
64447  39.601  19.778  43.437 0.0000000000
63806  49.445  18.259  46.455 0.0000000000
63807  48.788  18.537  46.701 0.0000000000
63812  48.901  18.441  45.143 0.0000000000
63917  46.224  19.495  33.498 0.0000000000
63906  45.202  19.628  33.893 0.0000000000
63931  44.467  19.684  32.953 0.0000000000
63932  43.518  19.784  32.736 0.0000000000
62829  44.298  17.257  34.021 0.0000000000
62302  44.135  15.862  36.080 0.0000000000
62815  44.748  16.465  35.475 0.0000000000
62717  41.964  15.338  53.657 0.0000000000
65978  41.770  22.768  49.149 0.0000000000
65975  42.285  22.363  49.682 0.0000000000
89570  47.058  16.813  41.017 0.0000000000
62789  48.059  17.896  41.197 0.0000000000
63321  48.463  17.853  39.645 0.0000000000
63338  49.515  18.809  36.644 0.0000000000
63353  50.786  19.579  34.015 0.0000000000
63929  49.344  20.067  33.661 0.0000000000
62712  48.057  16.500  53.841 0.0000000000
63247  50.278  17.581  53.048 0.0000000000
63260  49.345  17.541  51.597 0.0000000000
63265  49.804  17.933  49.293 0.0000000000
92714  48.541  17.513  49.997 0.0000000000
61601  43.259  14.427  52.697 0.0000000000
62204  44.788  15.254  52.661 0.0000000000
62209  43.570  15.689  50.783 0.0000000000
62224  44.196  15.850  45.668 0.0000000000
62751  44.672  16.552  47.485 0.0000000000
87933  44.864  16.430  45.634 0.0000000000
62754  46.405  17.139  46.528 0.0000000000
62758  45.747  16.787  45.228 0.0000000000
91838  45.839  16.433  43.430 0.0000000000
62240  45.208  15.573  43.037 0.0000000000
61016  45.976  14.033  41.670 0.0000000000
66944  40.282  24.199  44.028 0.0000000000
101545  41.717  24.717  43.449 0.0000000000
66948  41.274  24.741  42.771 0.0000000000
67405  41.696  25.482  40.968 0.0000000000
91371  39.469  24.605  41.934 0.0000000000
66962  37.823  24.822  40.176 0.0000000000
66518  37.860  23.515  41.913 0.0000000000
65017  38.835  21.370  39.156 0.0000000000
65518  38.536  22.526  37.951 0.0000000000
102805  38.960  22.535  36.759 0.0000000000
65030  38.445  21.792  35.515 0.0000000000
101287  38.974  21.887  35.247 0.0000000000
64949  46.927  20.510  52.750 0.0000000000
65461  45.736  21.688  52.678 0.0000000000
64374  46.256  19.736  51.161 0.0000000000
87317  44.931  18.854  47.072 0.0000000000
89348  44.262  19.327  48.177 0.0000000000
64405  43.879  19.029  46.708 0.0000000000
64406  42.868  19.448  46.830 0.0000000000
64420  43.012  18.906  45.246 0.0000000000
63861  48.006  18.886  40.872 0.0000000000
90613  47.035  18.782  41.799 0.0000000000
63862  46.619  18.948  40.517 0.0000000000
63882  43.384  18.627  38.050 0.0000000000
99872  43.761  18.553  40.420 0.0000000000
87992  42.537  18.646  40.043 0.0000000000
63853  42.425  18.608  41.410 0.0000000000
63875  41.845  18.787  39.730 0.0000000000
63876  41.107  19.132  39.215 0.0000000000
63884  41.747  19.220  37.537 0.0000000000
104454  41.640  18.544  33.301 0.0000000000
64494  40.972  20.390  34.532 0.0000000000
63339  40.280  18.151  35.127 0.0000000000
63340  39.699  18.083  36.055 0.0000000000
66470  44.856  23.236  51.430 0.0000000000
67430  36.475  25.946  37.718 0.0000000000
66537  36.459  24.772  36.955 0.0000000000
64321  47.989  19.813  55.615 0.0000000000
64332  46.874  19.129  54.887 0.0000000000
63230  47.266  16.976  54.589 0.0000000000
88132  46.401  15.820  53.028 0.0000000000
62215  42.976  15.742  48.838 0.0000000000
66929  40.666  23.832  46.103 0.0000000000
66504  39.984  23.760  44.830 0.0000000000
66004  38.163  22.631  43.487 0.0000000000
66009  37.843  22.988  42.628 0.0000000000
91736  37.960  21.642  42.716 0.0000000000
65004  38.433  21.020  40.987 0.0000000000
94140  39.335  20.620  39.291 0.0000000000
63791  49.170  18.640  49.535 0.0000000000
103114  46.393  19.204  49.969 0.0000000000
64389  47.379  18.825  48.546 0.0000000000
64403  46.343  18.793  46.538 0.0000000000
64418  45.417  18.775  45.308 0.0000000000
63892  47.539  19.407  37.778 0.0000000000
63873  46.224  18.895  39.546 0.0000000000
63893  46.071  18.999  37.437 0.0000000000
91348  44.241  18.778  36.021 0.0000000000
93087  43.200  18.886  36.042 0.0000000000
63909  42.302  19.494  35.290 0.0000000000
63920  43.211  20.026  32.991 0.0000000000
63358  42.543  19.168  32.522 0.0000000000
62831  42.182  16.808  34.222 0.0000000000
62271  43.779  15.143  37.925 0.0000000000
63250  42.789  17.571  53.183 0.0000000000
63242  43.520  16.441  53.664 0.0000000000
62716  42.840  15.540  53.784 0.0000000000
61587  43.486  14.335  53.552 0.0000000000
61611  42.275  14.303  52.127 0.0000000000
66484  41.802  23.906  48.035 0.0000000000
65982  40.357  22.064  47.655 0.0000000000
64972  40.355  20.590  46.746 0.0000000000
63297  48.703  18.020  43.843 0.0000000000
63825  48.483  18.330  43.654 0.0000000000
63305  48.442  18.202  43.192 0.0000000000
63317  48.365  18.555  40.720 0.0000000000
63871  48.758  19.102  39.689 0.0000000000
62805  48.692  17.617  37.738 0.0000000000
63326  48.984  19.315  38.297 0.0000000000
63891  48.871  19.616  38.011 0.0000000000
63905  48.187  20.165  35.433 0.0000000000
63916  47.369  19.899  33.858 0.0000000000
63346  46.459  18.190  33.800 0.0000000000
62827  46.519  16.755  35.072 0.0000000000
65455  48.364  21.372  54.820 0.0000000000
64948  48.099  20.164  53.191 0.0000000000
64318  51.359  18.655  55.390 0.0000000000
64360  50.658  18.985  53.372 0.0000000000
64372  49.318  18.985  51.477 0.0000000000
102554  50.040  18.191  49.216 0.0000000000
63801  49.515  18.238  48.057 0.0000000000
63275  49.064  17.869  46.573 0.0000000000
62714  45.004  14.839  54.038 0.0000000000
99723  45.663  15.690  52.577 0.0000000000
62735  46.262  16.403  51.792 0.0000000000
98722  43.743  16.203  48.902 0.0000000000
62744  44.750  16.616  49.331 0.0000000000
62743  45.765  16.969  49.612 0.0000000000
63270  46.805  17.296  47.960 0.0000000000
63276  47.572  17.392  46.556 0.0000000000
63281  48.365  17.589  45.000 0.0000000000
62772  47.174  17.221  42.959 0.0000000000
62779  46.684  16.714  42.111 0.0000000000
62256  46.783  15.950  40.564 0.0000000000
61643  45.236  14.932  42.473 0.0000000000
87406  46.252  15.202  41.002 0.0000000000
63780  41.430  18.299  52.687 0.0000000000
63252  40.986  17.343  52.698 0.0000000000
63253  38.763  17.515  52.400 0.0000000000
67388  43.741  25.756  43.320 0.0000000000
67414  43.621  25.909  39.978 0.0000000000
67408  38.588  25.886  40.143 0.0000000000
89525  37.527  25.398  38.868 0.0000000000
66026  37.452  23.914  37.379 0.0000000000
65512  37.853  22.428  40.313 0.0000000000
66021  37.929  23.200  38.059 0.0000000000
66033  37.773  23.369  36.003 0.0000000000
65968  43.904  21.967  51.245 0.0000000000
64380  44.780  19.829  50.377 0.0000000000
64381  43.889  20.246  50.198 0.0000000000
64958  42.869  21.200  50.175 0.0000000000
64967  42.107  20.371  48.141 0.0000000000
64971  41.137  20.313  47.047 0.0000000000
64422  40.663  19.749  45.463 0.0000000000
63826  47.818  18.593  43.254 0.0000000000
64440  46.794  18.736  43.781 0.0000000000
64442  44.721  18.688  43.569 0.0000000000
87343  45.333  18.728  40.200 0.0000000000
103768  44.504  18.557  42.097 0.0000000000
98705  43.977  18.675  43.898 0.0000000000
63830  42.747  18.617  43.136 0.0000000000
64445  41.252  18.856  42.860 0.0000000000
64446  40.343  19.277  43.225 0.0000000000
91534  40.223  19.347  41.657 0.0000000000
64465  39.796  19.848  40.014 0.0000000000
64479  40.201  20.440  37.933 0.0000000000
63897  41.704  19.775  36.056 0.0000000000
64486  40.501  21.065  35.809 0.0000000000
65028  39.822  21.574  35.414 0.0000000000
64496  39.559  20.573  35.055 0.0000000000
61686  41.715  14.902  38.628 0.0000000000
64348  44.345  18.969  53.768 0.0000000000
89436  39.321  20.956  45.929 0.0000000000
64981  39.221  20.517  45.133 0.0000000000
64991  38.935  20.349  43.612 0.0000000000
64436  39.407  20.064  44.294 0.0000000000
102115  49.252  18.220  45.706 0.0000000000
64401  48.941  18.531  45.862 0.0000000000
63357  45.383  19.567  33.141 0.0000000000
63348  44.744  18.864  32.914 0.0000000000
62828  45.222  17.476  34.138 0.0000000000
66474  43.747  23.237  50.385 0.0000000000
65974  42.910  22.818  50.115 0.0000000000
65972  42.771  21.958  50.254 0.0000000000
62262  47.436  16.647  39.851 0.0000000000
62790  47.423  17.074  40.560 0.0000000000
87312  47.682  16.724  39.167 0.0000000000
63345  50.866  18.937  34.304 0.0000000000
63352  51.050  18.770  33.972 0.0000000000
63362  50.799  19.043  33.745 0.0000000000
65527  36.601  22.513  37.080 0.0000000000
62734  48.103  16.836  52.772 0.0000000000
63248  49.140  17.212  52.801 0.0000000000
63261  48.546  17.405  50.920 0.0000000000
62738  47.181  17.121  50.880 0.0000000000
62206  42.795  15.238  51.159 0.0000000000
62205  43.780  15.192  51.975 0.0000000000
62212  43.065  15.770  49.813 0.0000000000
62755  44.560  16.366  46.493 0.0000000000
88901  45.649  16.835  46.111 0.0000000000
62767  45.713  16.617  44.309 0.0000000000
62233  44.967  15.833  43.912 0.0000000000
66950  39.723  24.107  43.494 0.0000000000
66949  40.418  24.433  43.229 0.0000000000
86982  39.807  24.366  42.826 0.0000000000
66957  40.379  24.644  42.385 0.0000000000
100474  38.694  24.279  41.980 0.0000000000
66517  38.348  23.720  42.371 0.0000000000
65024  39.199  21.696  38.033 0.0000000000
65029  39.313  22.061  35.460 0.0000000000
64362  47.859  19.740  52.171 0.0000000000
64363  46.585  20.068  51.939 0.0000000000
64404  44.539  18.826  46.088 0.0000000000
88942  43.464  18.967  46.036 0.0000000000
87529  47.604  19.098  40.248 0.0000000000
87993  46.947  18.888  41.222 0.0000000000
87339  43.157  18.611  38.926 0.0000000000
63874  42.519  18.702  39.274 0.0000000000
93786  41.782  18.958  38.724 0.0000000000
62832  41.427  17.249  34.168 0.0000000000
63349  40.926  18.227  34.193 0.0000000000
62819  40.721  16.931  35.356 0.0000000000
67425  36.612  26.184  38.144 0.0000000000
67429  36.790  25.974  37.844 0.0000000000
66974  36.714  25.502  37.448 0.0000000000
66971  37.121  25.602  37.803 0.0000000000
64917  46.691  20.023  55.189 0.0000000000
64333  45.820  19.372  54.499 0.0000000000
96538  46.227  16.902  54.387 0.0000000000
99197  47.116  15.964  54.014 0.0000000000
62713  46.340  15.631  53.853 0.0000000000
66924  41.553  24.140  47.243 0.0000000000
66928  41.400  24.244  46.366 0.0000000000
65992  38.659  21.975  44.879 0.0000000000
66498  39.356  23.042  45.270 0.0000000000
65998  38.818  22.682  44.767 0.0000000000
66505  39.217  23.359  44.497 0.0000000000
65497  37.870  22.224  42.954 0.0000000000
65496  38.178  21.650  43.543 0.0000000000
91659  38.706  20.581  41.908 0.0000000000
65003  39.068  20.372  41.060 0.0000000000
65011  38.843  20.802  40.165 0.0000000000
65010  39.355  20.263  40.352 0.0000000000
63794  49.572  18.419  48.858 0.0000000000
63795  48.484  18.747  48.923 0.0000000000
63799  48.704  18.648  48.341 0.0000000000
64402  47.710  18.740  46.044 0.0000000000
64395  47.410  18.766  47.138 0.0000000000
64417  46.465  18.790  45.693 0.0000000000
100186  46.495  18.774  45.052 0.0000000000
88189  46.529  19.317  36.230 0.0000000000
63907  44.579  19.188  34.671 0.0000000000
87423  45.318  18.982  35.801 0.0000000000
63895  43.878  18.610  37.209 0.0000000000
63908  43.748  19.322  34.452 0.0000000000
103691  42.884  19.506  34.444 0.0000000000
62839  43.318  18.629  32.612 0.0000000000
62840  42.605  17.827  33.067 0.0000000000
103168  42.026  17.791  33.193 0.0000000000
62817  42.771  16.096  35.100 0.0000000000
101894  44.701  15.762  36.469 0.0000000000
62286  44.144  15.487  37.023 0.0000000000
63251  41.991  17.508  52.905 0.0000000000
62724  42.601  16.761  53.326 0.0000000000
61588  42.737  14.274  53.539 0.0000000000
61602  42.821  14.135  53.142 0.0000000000
65979  41.273  22.321  48.678 0.0000000000
66482  41.388  23.165  48.487 0.0000000000
65471  40.848  21.835  48.196 0.0000000000
65476  40.077  21.319  47.151 0.0000000000
64969  40.709  20.851  47.462 0.0000000000
63298  48.410  17.892  43.205 0.0000000000
87432  48.326  17.906  40.410 0.0000000000
90547  48.671  18.665  40.101 0.0000000000
63860  48.488  19.001  40.215 0.0000000000
62283  48.179  16.915  38.126 0.0000000000
62813  49.065  17.528  36.957 0.0000000000
89758  49.789  19.730  36.003 0.0000000000
63332  49.167  18.735  37.740 0.0000000000
63890  49.225  19.622  37.210 0.0000000000
100649  48.952  20.038  36.887 0.0000000000
64512  48.429  19.664  33.405 0.0000000000
64509  48.337  20.112  33.832 0.0000000000
63930  47.480  19.543  33.485 0.0000000000
89704  47.165  18.776  33.444 0.0000000000
62826  47.226  17.397  34.235 0.0000000000
65442  49.427  21.179  56.190 0.0000000000
65443  48.516  22.014  55.523 0.0000000000
64935  48.733  20.616  54.346 0.0000000000
64346  49.532  19.888  53.854 0.0000000000
63750  49.261  18.530  55.447 0.0000000000
64320  49.309  19.616  55.855 0.0000000000
63749  50.401  18.112  55.410 0.0000000000
100710  50.792  18.076  52.568 0.0000000000
63768  51.498  18.338  54.404 0.0000000000
63788  50.483  18.156  51.837 0.0000000000
63778  50.417  18.496  52.042 0.0000000000
63789  50.288  18.256  51.018 0.0000000000
102482  49.971  18.110  49.994 0.0000000000
63268  49.530  17.929  48.516 0.0000000000
63805  49.373  18.244  47.061 0.0000000000
63271  49.245  17.930  47.612 0.0000000000
62715  43.836  14.759  54.158 0.0000000000
87716  44.704  15.373  54.175 0.0000000000
95415  44.526  14.617  54.082 0.0000000000
62736  45.317  16.100  51.537 0.0000000000
62218  43.220  15.783  48.016 0.0000000000
62748  43.965  16.255  48.001 0.0000000000
62747  44.695  16.614  48.377 0.0000000000
62746  45.551  16.991  48.727 0.0000000000
63267  46.758  17.262  48.813 0.0000000000
101449  46.116  17.176  48.334 0.0000000000
62757  46.987  17.235  45.732 0.0000000000
87970  48.432  17.598  45.854 0.0000000000
63291  48.172  17.616  43.934 0.0000000000
62773  46.028  16.294  42.738 0.0000000000
62251  46.458  16.005  41.435 0.0000000000
61005  45.557  14.108  42.254 0.0000000000
61650  46.303  14.403  41.150 0.0000000000
61660  46.580  14.814  40.456 0.0000000000
64365  41.064  19.152  52.758 0.0000000000
63781  40.519  18.417  52.567 0.0000000000
89204  39.816  17.706  52.468 0.0000000000
62726  40.222  16.659  52.731 0.0000000000
67390  42.190  25.057  42.825 0.0000000000
67389  42.931  25.419  43.047 0.0000000000
67395  43.739  25.931  42.189 0.0000000000
67403  43.741  25.988  41.081 0.0000000000
67883  44.830  26.092  39.992 0.0000000000
67404  42.720  25.711  41.039 0.0000000000
67406  40.634  25.449  40.786 0.0000000000
67416  40.024  26.318  39.732 0.0000000000
66532  37.425  24.571  38.247 0.0000000000
65507  37.717  22.290  41.360 0.0000000000
66025  38.014  23.476  36.617 0.0000000000
65531  37.405  22.876  36.127 0.0000000000
65530  38.316  22.664  35.782 0.0000000000
65464  45.185  21.278  52.064 0.0000000000
65462  45.072  22.080  52.253 0.0000000000
65465  44.523  21.624  51.668 0.0000000000
64954  43.958  21.219  51.160 0.0000000000
64379  45.839  19.533  50.455 0.0000000000
64384  45.596  19.291  49.642 0.0000000000
64392  43.490  19.872  48.741 0.0000000000
89488  44.134  19.574  48.977 0.0000000000
64386  43.631  20.050  49.472 0.0000000000
64960  43.134  20.585  49.946 0.0000000000
64387  42.917  20.360  49.225 0.0000000000
64961  42.510  20.886  49.559 0.0000000000
89487  42.426  19.274  45.941 0.0000000000
64407  41.786  19.787  46.532 0.0000000000
64421  41.487  19.545  45.761 0.0000000000
64408  40.859  20.049  46.251 0.0000000000
90882  41.285  19.380  45.127 0.0000000000
104823  48.187  18.410  42.921 0.0000000000
63838  46.444  18.723  42.333 0.0000000000
63827  46.914  18.699  43.000 0.0000000000
63828  45.739  18.696  43.131 0.0000000000
64441  45.620  18.745  43.923 0.0000000000
87313  45.547  18.820  38.397 0.0000000000
99125  44.943  18.690  39.553 0.0000000000
63863  43.705  18.547  40.978 0.0000000000
63852  44.096  18.520  41.502 0.0000000000
101925  43.795  18.525  42.243 0.0000000000
63829  43.676  18.622  43.117 0.0000000000
64443  43.079  18.668  43.800 0.0000000000
63840  42.833  18.545  42.332 0.0000000000
63854  41.556  18.765  41.251 0.0000000000
63841  41.853  18.635  42.089 0.0000000000
89748  40.978  19.087  43.854 0.0000000000
64452  40.509  19.159  42.451 0.0000000000
63855  40.835  18.998  41.168 0.0000000000
64464  40.443  19.443  39.659 0.0000000000
64469  40.551  19.716  38.565 0.0000000000
64470  39.924  20.037  38.952 0.0000000000
64478  40.667  20.381  37.240 0.0000000000
63910  41.447  20.194  34.492 0.0000000000
64495  40.208  20.995  35.055 0.0000000000
62808  39.582  17.036  36.846 0.0000000000
62288  42.496  15.295  37.217 0.0000000000
62272  42.106  15.133  37.873 0.0000000000
104034  37.411  26.033  39.031 0.0000000000
66967  37.793  25.953  39.579 0.0000000000
64347  45.194  18.672  54.089 0.0000000000
63770  45.550  17.694  54.113 0.0000000000
63240  45.422  16.422  54.243 0.0000000000
65984  39.888  22.273  46.985 0.0000000000
66489  40.134  23.157  46.602 0.0000000000
65485  39.204  21.685  45.873 0.0000000000
65486  38.857  21.319  45.281 0.0000000000
64982  38.527  21.339  44.468 0.0000000000
64992  38.506  20.903  43.806 0.0000000000
64998  39.144  20.159  42.723 0.0000000000
92889  39.464  19.972  41.827 0.0000000000
63802  49.403  18.248  47.338 0.0000000000
63803  48.766  18.542  47.592 0.0000000000
64428  48.160  18.630  44.756 0.0000000000
95105  45.923  19.465  34.461 0.0000000000
63918  45.190  19.734  33.255 0.0000000000
62838  43.914  18.187  33.042 0.0000000000
62816  43.729  16.290  35.114 0.0000000000
66481  42.131  23.578  48.757 0.0000000000
66478  42.512  23.214  49.440 0.0000000000
65976  41.725  21.938  49.247 0.0000000000
65470  41.393  21.535  48.645 0.0000000000
62784  47.157  17.111  41.509 0.0000000000
62812  49.692  17.571  36.000 0.0000000000
63337  50.169  18.872  35.441 0.0000000000
63903  50.342  19.733  34.756 0.0000000000
63915  49.783  20.188  35.099 0.0000000000
63914  50.220  20.126  34.186 0.0000000000
63938  49.252  19.412  33.284 0.0000000000
65427  49.803  20.622  56.139 0.0000000000
63238  48.848  16.956  54.367 0.0000000000
87003  50.057  17.449  54.899 0.0000000000
93395  49.208  17.068  53.726 0.0000000000
63259  50.418  17.925  51.979 0.0000000000
63263  49.920  17.975  50.151 0.0000000000
63266  48.368  17.548  49.091 0.0000000000
62195  44.076  14.492  53.334 0.0000000000
62221  43.583  15.592  46.444 0.0000000000
62752  43.819  16.009  47.269 0.0000000000
87925  45.536  16.923  46.944 0.0000000000
105515  46.702  17.082  43.844 0.0000000000
61029  46.970  13.859  40.723 0.0000000000
87225  40.891  24.313  44.672 0.0000000000
66943  41.670  24.589  44.186 0.0000000000
88888  41.039  24.509  43.735 0.0000000000
67397  41.972  25.237  41.933 0.0000000000
66956  41.062  24.963  41.761 0.0000000000
67398  40.227  24.935  41.526 0.0000000000
66960  38.795  24.857  41.019 0.0000000000
66522  38.153  24.264  41.342 0.0000000000
66523  37.732  23.719  41.070 0.0000000000
65511  38.364  21.709  39.880 0.0000000000
65525  38.864  22.572  35.769 0.0000000000
64497  38.894  21.197  35.211 0.0000000000
65460  46.575  21.354  53.191 0.0000000000
64950  45.987  20.896  52.406 0.0000000000
64952  45.550  20.489  51.727 0.0000000000
64375  45.140  20.147  51.071 0.0000000000
87766  45.433  18.974  48.028 0.0000000000
64391  44.947  19.237  48.872 0.0000000000
92323  43.383  19.738  48.117 0.0000000000
64398  42.801  19.883  47.727 0.0000000000
64433  42.545  18.829  44.488 0.0000000000
63837  47.626  18.593  42.386 0.0000000000
63850  46.030  18.757  41.668 0.0000000000
87655  44.450  18.633  38.226 0.0000000000
87342  44.302  18.579  39.957 0.0000000000
87340  44.067  18.578  39.084 0.0000000000
87341  43.332  18.582  39.778 0.0000000000
63864  42.990  18.602  40.697 0.0000000000
63865  42.078  18.700  40.598 0.0000000000
63866  41.148  18.951  40.343 0.0000000000
63934  42.133  19.783  33.051 0.0000000000
63921  41.526  20.084  33.808 0.0000000000
63359  41.396  19.395  33.615 0.0000000000
63922  40.742  19.560  34.281 0.0000000000
63911  39.951  19.368  35.029 0.0000000000
62820  40.074  17.211  36.047 0.0000000000
65970  44.111  22.847  51.083 0.0000000000
66542  36.743  24.261  36.545 0.0000000000
63759  48.231  17.765  54.985 0.0000000000
63760  47.238  18.234  54.704 0.0000000000
63229  48.562  17.046  54.674 0.0000000000
63239  47.660  16.455  54.252 0.0000000000
62723  47.179  16.104  53.457 0.0000000000
94767  42.520  15.484  49.178 0.0000000000
62216  42.527  15.372  48.422 0.0000000000
62219  42.636  15.217  47.574 0.0000000000
62225  43.602  15.225  45.620 0.0000000000
89955  44.056  15.447  45.055 0.0000000000
62234  44.323  15.319  44.399 0.0000000000
61638  44.578  15.120  43.640 0.0000000000
87838  42.111  24.605  45.608 0.0000000000
66936  41.205  24.273  45.517 0.0000000000
66497  39.979  23.430  45.751 0.0000000000
66937  40.543  23.951  45.380 0.0000000000
66945  39.670  23.829  44.128 0.0000000000
66510  39.122  23.628  43.735 0.0000000000
66511  38.507  23.368  43.228 0.0000000000
65502  37.706  22.248  42.245 0.0000000000
65501  38.030  21.419  41.870 0.0000000000
90552  39.741  21.029  37.974 0.0000000000
64377  49.304  18.763  50.523 0.0000000000
64378  47.346  19.155  50.343 0.0000000000
64383  47.158  18.942  49.381 0.0000000000
64396  46.599  18.823  47.950 0.0000000000
92948  47.715  18.757  47.918 0.0000000000
102073  46.098  18.827  47.333 0.0000000000
87481  45.529  18.782  46.121 0.0000000000
87482  46.968  19.145  38.697 0.0000000000
63894  44.892  18.709  37.261 0.0000000000
105000  43.207  18.670  37.158 0.0000000000
63896  42.514  18.967  36.991 0.0000000000
63933  42.778  19.971  32.703 0.0000000000
94195  42.027  15.968  35.352 0.0000000000
62287  43.181  15.347  37.068 0.0000000000
62303  43.367  15.681  36.104 0.0000000000
63779  42.923  18.543  53.197 0.0000000000
63249  43.483  17.653  53.381 0.0000000000
62184  42.783  14.605  53.930 0.0000000000
88667  43.449  14.474  53.930 0.0000000000
62210  41.994  14.908  50.845 0.0000000000
66923  42.354  24.403  47.488 0.0000000000
66485  41.068  23.474  47.750 0.0000000000
65981  40.796  22.646  48.108 0.0000000000
66486  40.411  22.931  47.413 0.0000000000
64973  39.773  20.881  46.484 0.0000000000
64980  39.929  20.333  45.901 0.0000000000
63290  48.939  17.984  44.507 0.0000000000
63296  48.805  18.212  44.187 0.0000000000
63304  48.641  18.231  43.810 0.0000000000
99301  48.009  18.366  42.207 0.0000000000
63848  48.169  18.488  41.427 0.0000000000
62799  48.056  17.215  38.805 0.0000000000
62806  48.781  18.438  38.767 0.0000000000
63881  48.816  19.220  39.067 0.0000000000
87816  48.469  19.331  38.968 0.0000000000
87821  47.826  19.737  36.646 0.0000000000
64493  48.830  20.355  34.896 0.0000000000
105213  48.105  20.206  34.415 0.0000000000
63356  46.389  19.462  33.346 0.0000000000
94741  45.945  17.463  34.344 0.0000000000
65456  47.180  21.953  54.109 0.0000000000
64936  47.519  20.889  53.619 0.0000000000
64900  49.369  20.477  56.167 0.0000000000
64899  50.204  20.131  55.887 0.0000000000
64915  50.334  20.125  55.722 0.0000000000
63757  51.628  18.271  55.068 0.0000000000
64344  51.608  18.816  55.051 0.0000000000
64345  50.969  19.565  54.841 0.0000000000
64361  49.286  19.349  52.601 0.0000000000
63793  50.065  18.178  49.365 0.0000000000
63797  49.834  18.199  48.954 0.0000000000
63279  49.393  18.155  46.268 0.0000000000
63280  49.217  17.980  45.525 0.0000000000
63241  44.304  17.073  53.775 0.0000000000
86880  45.600  15.379  54.098 0.0000000000
62182  44.679  14.637  53.854 0.0000000000
62194  45.459  15.242  53.660 0.0000000000
62741  44.004  16.203  50.043 0.0000000000
62740  44.980  16.503  50.379 0.0000000000
62739  46.009  16.777  50.653 0.0000000000
63264  47.041  17.206  49.813 0.0000000000
63273  46.590  17.226  47.205 0.0000000000
63272  47.956  17.488  47.353 0.0000000000
61651  45.744  14.947  41.651 0.0000000000
61667  46.980  15.314  39.790 0.0000000000
88225  42.220  18.234  52.871 0.0000000000
101558  39.129  18.258  52.397 0.0000000000
62727  39.440  16.914  52.560 0.0000000000
62197  39.615  16.066  52.819 0.0000000000
67892  43.168  26.218  38.807 0.0000000000
67415  42.410  25.841  39.973 0.0000000000
67893  41.801  26.351  38.762 0.0000000000
67417  39.039  26.602  39.652 0.0000000000
66961  38.299  25.176  40.364 0.0000000000
66536  37.016  24.772  37.026 0.0000000000
66013  37.645  22.960  41.731 0.0000000000
66017  37.667  23.096  40.718 0.0000000000
89490  37.687  23.421  39.210 0.0000000000
65519  38.063  22.616  39.161 0.0000000000
92670  37.224  23.802  36.521 0.0000000000
65967  44.549  22.442  51.683 0.0000000000
65466  43.385  21.559  50.687 0.0000000000
64385  44.453  19.641  49.613 0.0000000000
64956  44.235  20.540  50.882 0.0000000000
64957  43.515  20.885  50.560 0.0000000000
65468  42.317  21.552  49.688 0.0000000000
64962  41.911  21.208  49.136 0.0000000000
64964  41.643  20.880  48.476 0.0000000000
64968  41.395  20.602  47.786 0.0000000000
63819  48.705  18.355  44.398 0.0000000000
63820  47.840  18.660  44.064 0.0000000000
64429  47.176  18.734  44.548 0.0000000000
64430  46.049  18.767  44.518 0.0000000000
64431  44.800  18.746  44.441 0.0000000000
87345  45.689  18.734  40.951 0.0000000000
63851  44.979  18.600  41.528 0.0000000000
87344  44.522  18.579  40.761 0.0000000000
97332  44.590  18.632  42.782 0.0000000000
64432  43.595  18.746  44.531 0.0000000000
63831  42.134  18.617  42.812 0.0000000000
64444  42.028  18.708  43.650 0.0000000000
64434  41.584  19.062  44.509 0.0000000000
64435  40.729  19.420  44.682 0.0000000000
97511  40.112  19.512  44.101 0.0000000000
64453  39.853  19.569  42.565 0.0000000000
64458  40.340  19.351  40.653 0.0000000000
64477  41.161  20.077  36.663 0.0000000000
64485  40.970  20.604  35.169 0.0000000000
65022  40.039  21.387  36.511 0.0000000000
65033  39.413  21.555  35.103 0.0000000000
63898  39.311  19.139  35.926 0.0000000000
62814  45.678  16.634  35.411 0.0000000000
62301  45.365  15.873  36.321 0.0000000000
62843  51.270  17.875  33.903 0.0000000000
63223  51.215  17.950  55.197 0.0000000000
63228  51.217  17.847  54.722 0.0000000000
63236  51.062  17.948  53.601 0.0000000000
63237  50.198  17.428  54.144 0.0000000000
63355  48.180  18.909  33.215 0.0000000000
63769  51.345  18.739  54.212 0.0000000000
63777  50.941  18.262  53.090 0.0000000000
63928  50.264  19.718  33.660 0.0000000000
63937  50.105  19.090  33.335 0.0000000000
64319  50.513  19.232  55.772 0.0000000000
64330  51.075  19.523  55.618 0.0000000000
64331  48.029  18.880  55.279 0.0000000000
64397  43.677  19.340  47.451 0.0000000000
64399  42.015  20.093  47.336 0.0000000000
64415  48.300  18.661  45.382 0.0000000000
64503  49.360  20.324  34.266 0.0000000000
64916  49.654  20.706  55.640 0.0000000000
64963  42.258  20.630  48.883 0.0000000000
64987  38.828  20.620  44.393 0.0000000000
65475  40.585  21.419  47.722 0.0000000000
65535  38.803  22.300  35.364 0.0000000000
65991  39.009  22.222  45.404 0.0000000000
66506  38.617  23.041  44.048 0.0000000000
66975  36.125  25.441  37.426 0.0000000000
94534  44.027  19.210  32.582 0.0000000000
104752  43.267  14.674  54.075 0.0000000000
104799  47.307  21.422  53.839 0.0000000000
