#!ascii label  , from subject sub-v1s16x0051188_ses-1 vox2ras=TkReg
1101
4637  14.286  -69.334  22.372 0.5000000000
5699  16.938  -67.598  13.512 0.6000000238
5680  16.252  -67.588  14.063 0.6000000238
5148  15.661  -68.020  13.929 0.6000000238
5679  16.825  -67.125  14.146 0.6999999881
5681  15.432  -67.436  14.402 0.6000000238
6241  17.171  -66.553  14.496 0.6999999881
6242  16.212  -66.779  14.660 0.6000000238
2709  15.473  -75.545  15.073 0.5000000000
3472  15.548  -73.001  14.350 0.6000000238
3075  15.948  -73.844  13.895 0.6000000238
3061  15.765  -74.916  14.832 0.5000000000
4315  15.891  -71.131  14.850 0.5000000000
3894  15.572  -72.114  14.489 0.4000000060
89058  15.426  -73.768  14.647 0.5000000000
99463  13.630  -72.972  12.477 0.5000000000
5120  13.465  -69.082  18.128 0.4000000060
90716  13.505  -72.425  12.569 0.5000000000
3489  13.101  -73.169  12.299 0.5000000000
4337  14.593  -70.732  12.326 0.6000000238
5180  15.737  -68.715  12.587 0.6000000238
5698  17.610  -67.421  12.868 0.6000000238
6253  18.236  -66.573  13.040 0.6999999881
5162  16.247  -68.209  13.303 0.6000000238
6254  17.465  -66.917  13.703 0.6999999881
6767  19.236  -65.177  13.128 0.6000000238
6768  18.542  -65.711  13.531 0.6999999881
99845  20.491  -63.297  13.203 0.6000000238
103093  18.836  -65.076  13.899 0.6000000238
7828  20.042  -63.792  13.532 0.6999999881
5682  14.399  -67.292  14.476 0.6000000238
2407  15.431  -76.256  13.607 0.5000000000
2734  15.977  -74.994  13.812 0.6000000238
95356  15.745  -75.752  13.728 0.5000000000
3893  16.336  -71.639  14.113 0.6000000238
3471  16.121  -72.629  13.837 0.6999999881
4304  15.666  -70.513  15.421 0.4000000060
3915  15.134  -71.540  11.837 0.5000000000
3488  14.198  -72.828  12.462 0.5000000000
5095  14.168  -68.453  20.942 0.5000000000
3916  14.316  -71.779  12.499 0.5000000000
4739  16.083  -68.861  11.616 0.6999999881
4336  15.212  -70.324  11.635 0.6000000238
5712  17.615  -68.016  12.067 0.6999999881
96376  16.429  -68.501  12.437 0.6000000238
4740  15.355  -69.227  11.985 0.6000000238
5161  17.013  -68.090  12.714 0.6999999881
100812  18.822  -65.888  12.801 0.6000000238
7295  19.816  -64.422  12.995 0.6000000238
7836  20.765  -63.024  12.441 0.6000000238
8378  20.826  -62.746  13.247 0.6999999881
6229  16.806  -66.055  15.125 0.6999999881
6243  15.193  -66.612  14.760 0.5000000000
6759  19.407  -64.426  13.888 0.6999999881
6760  18.294  -65.445  14.334 0.6999999881
3083  17.445  -74.342  11.982 0.5000000000
102030  16.427  -75.187  13.072 0.5000000000
2406  15.974  -75.653  13.027 0.5000000000
3487  18.199  -73.244  12.050 0.6999999881
3892  17.159  -71.321  13.843 0.5000000000
3905  17.672  -71.836  13.154 0.6999999881
3481  17.540  -72.770  12.732 0.6999999881
3482  16.809  -73.290  13.207 0.6000000238
3074  16.726  -74.429  13.112 0.6000000238
91379  16.430  -70.532  15.136 0.4000000060
3928  15.721  -71.275  10.983 0.5000000000
4748  16.164  -69.227  10.793 0.5000000000
4346  15.754  -70.360  10.874 0.5000000000
5724  18.000  -67.957  11.422 0.6000000238
4749  15.719  -69.532  11.178 0.5000000000
5711  18.266  -67.334  12.040 0.6999999881
6791  19.865  -65.652  11.110 0.6000000238
6264  18.824  -66.455  12.138 0.6999999881
7323  20.590  -63.985  11.219 0.6000000238
6779  19.917  -65.103  11.844 0.6000000238
7849  20.761  -63.080  11.309 0.6999999881
7308  20.232  -64.406  12.103 0.6000000238
7309  19.723  -64.959  12.474 0.6000000238
9007  20.978  -61.617  11.417 0.6000000238
8393  21.017  -62.332  11.878 0.6999999881
10181  21.411  -59.314  12.070 0.6000000238
92210  21.328  -60.851  11.932 0.6000000238
6751  16.620  -65.473  15.668 0.6000000238
8997  21.375  -61.636  12.529 0.6999999881
7285  18.743  -64.655  14.637 0.6999999881
6230  15.859  -65.894  15.283 0.6000000238
10734  21.712  -58.592  12.582 0.6999999881
9614  21.760  -60.076  12.458 0.6000000238
8377  21.245  -62.143  13.318 0.8000000119
97307  20.889  -62.526  13.839 0.6999999881
7815  19.796  -63.681  14.312 0.6999999881
7284  19.286  -64.065  14.610 0.6999999881
2740  16.807  -75.106  12.455 0.6000000238
3914  18.235  -72.353  12.329 0.6999999881
3073  17.476  -73.853  12.440 0.6000000238
3904  18.300  -71.343  12.810 0.5000000000
4303  17.194  -70.167  15.076 0.4000000060
4313  17.531  -70.617  14.248 0.5000000000
90995  15.848  -72.482  11.155 0.5000000000
3497  15.822  -73.793  11.441 0.5000000000
92666  16.219  -70.920  10.307 0.5000000000
5192  16.746  -68.847  10.917 0.6000000238
5722  18.655  -67.525  10.259 0.6000000238
5191  17.479  -68.416  11.166 0.6999999881
103236  19.620  -66.203  10.730 0.6999999881
5723  18.397  -67.641  11.137 0.6999999881
6790  20.275  -64.808  11.179 0.6000000238
6271  19.352  -66.308  11.337 0.6999999881
9626  19.955  -60.888  9.550 0.6999999881
97063  20.705  -62.242  10.745 0.6999999881
8409  20.641  -62.773  10.429 0.6999999881
7265  17.291  -64.571  16.485 0.6000000238
9621  19.739  -60.192  9.618 0.6000000238
9016  20.445  -61.516  10.395 0.6999999881
11301  20.140  -57.716  11.209 0.6000000238
10735  20.891  -58.553  11.664 0.6000000238
10741  19.761  -58.621  10.328 0.6000000238
10189  19.946  -59.505  10.283 0.6000000238
9620  20.538  -60.905  10.736 0.6999999881
6739  17.130  -65.095  15.949 0.6000000238
95486  20.811  -60.046  11.256 0.6000000238
7807  20.141  -63.107  14.823 0.6999999881
91320  19.213  -63.558  15.587 0.6000000238
7274  18.387  -64.472  15.469 0.6999999881
6750  17.343  -65.443  15.429 0.6000000238
11294  20.388  -56.868  12.139 0.5000000000
95266  21.190  -57.835  12.291 0.6000000238
10180  22.132  -59.342  12.925 0.8000000119
9601  22.308  -60.088  13.341 0.8000000119
99204  22.158  -60.752  13.853 0.8000000119
94836  21.295  -62.052  14.138 0.8000000119
96681  19.526  -63.572  15.029 0.6999999881
9602  21.870  -60.795  12.932 0.8000000119
8983  21.661  -61.454  13.551 0.8000000119
3486  18.320  -73.323  11.468 0.6999999881
3082  17.899  -73.815  11.331 0.6999999881
3094  17.395  -74.208  11.394 0.6999999881
2746  17.033  -74.873  11.767 0.6000000238
3913  18.843  -72.003  11.816 0.6999999881
3095  16.822  -74.190  11.203 0.6000000238
4335  19.018  -71.141  12.205 0.6000000238
3496  16.730  -73.282  10.747 0.5000000000
3927  16.435  -72.066  10.453 0.5000000000
8912  17.251  -61.925  19.125 0.6000000238
8300  18.102  -62.125  19.212 0.5000000000
94931  16.777  -70.448  9.801 0.5000000000
8312  18.435  -62.561  18.570 0.6000000238
5203  17.976  -68.779  9.350 0.6999999881
5204  17.320  -68.933  10.016 0.6000000238
6799  19.827  -66.061  9.904 0.6999999881
5190  18.020  -68.205  10.368 0.6999999881
8322  18.732  -62.897  17.832 0.6000000238
7338  20.476  -64.389  10.270 0.6999999881
97071  20.212  -65.208  10.185 0.6000000238
101704  20.295  -61.698  9.476 0.6999999881
8421  20.483  -62.589  9.550 0.6999999881
7859  20.601  -63.450  10.157 0.6999999881
89852  18.491  -63.709  16.632 0.6000000238
7786  18.964  -63.156  17.032 0.6000000238
101673  20.480  -62.343  10.054 0.6999999881
8337  19.630  -62.789  16.581 0.6000000238
7257  17.780  -64.010  16.964 0.6000000238
10753  19.410  -58.315  9.269 0.6000000238
8335  21.142  -62.007  15.984 0.6999999881
8350  19.772  -63.037  15.677 0.6000000238
7264  18.090  -64.275  16.216 0.6000000238
92601  19.277  -57.548  9.886 0.6000000238
10166  22.507  -59.394  14.690 0.6000000238
8953  22.234  -60.781  15.287 0.6000000238
8363  21.250  -62.060  15.031 0.6999999881
8349  20.556  -62.558  15.373 0.6000000238
7800  18.687  -63.861  15.861 0.6000000238
11283  21.966  -57.780  13.678 0.6000000238
9592  22.310  -60.632  14.595 0.8000000119
10725  22.207  -58.550  13.380 0.6000000238
10173  22.456  -59.344  13.811 0.6999999881
8364  20.737  -62.579  14.528 0.8000000119
3926  19.103  -72.332  11.129 0.6999999881
3495  18.609  -72.906  11.161 0.6999999881
3505  18.227  -73.349  10.894 0.6999999881
4344  19.892  -71.183  10.964 0.6999999881
3506  17.594  -72.749  10.401 0.6000000238
9517  18.278  -60.311  20.570 0.6000000238
9532  17.329  -60.742  20.188 0.6000000238
8888  18.956  -60.857  20.071 0.6000000238
8889  18.206  -61.015  20.052 0.6000000238
3938  16.989  -71.564  9.890 0.6000000238
8899  18.572  -61.553  19.642 0.5000000000
5738  18.437  -68.188  9.223 0.6999999881
4757  17.209  -69.816  9.549 0.6999999881
8897  20.113  -61.108  19.259 0.4000000060
8299  18.957  -62.106  19.155 0.5000000000
6281  19.483  -66.693  9.207 0.6999999881
5737  19.043  -67.419  9.138 0.8000000119
97322  20.353  -61.504  18.672 0.5000000000
101678  20.364  -64.765  9.368 0.6000000238
8310  20.196  -62.063  18.041 0.6000000238
8922  20.803  -61.765  17.335 0.6999999881
8321  19.501  -62.604  17.464 0.6000000238
9631  19.891  -60.397  8.892 0.6999999881
9632  19.970  -60.862  9.029 0.6999999881
9564  21.753  -60.916  16.785 0.5000000000
8320  20.201  -62.291  17.031 0.6000000238
92355  19.749  -57.991  8.853 0.6000000238
93357  19.593  -58.968  8.966 0.6000000238
101148  19.660  -60.402  9.034 0.6999999881
8938  20.763  -62.038  16.654 0.6999999881
10197  19.489  -59.279  9.291 0.6000000238
9578  22.421  -60.159  15.831 0.5000000000
100681  21.653  -61.388  16.238 0.6000000238
10715  22.312  -58.441  14.391 0.6000000238
91406  22.328  -58.805  15.143 0.5000000000
8954  21.750  -61.458  15.544 0.6999999881
11284  21.195  -57.073  13.924 0.6000000238
4353  19.794  -71.043  10.308 0.6999999881
3946  19.057  -71.778  10.356 0.6999999881
3937  18.063  -71.893  10.005 0.6000000238
95712  17.491  -71.025  9.528 0.6000000238
10097  17.227  -59.963  20.851 0.5000000000
96997  19.165  -60.141  20.391 0.5000000000
9533  16.276  -60.727  19.839 0.6000000238
91447  18.616  -69.904  9.071 0.6999999881
5226  18.937  -68.256  8.597 0.6999999881
104740  17.296  -70.414  9.449 0.6000000238
8898  19.394  -61.373  19.536 0.5000000000
6289  19.878  -66.257  8.634 0.6999999881
97041  20.664  -60.885  18.747 0.4000000060
9032  20.978  -62.158  8.313 0.6999999881
8445  20.739  -62.951  8.098 0.6999999881
7888  20.649  -63.828  8.144 0.6999999881
91374  20.851  -61.389  18.100 0.6000000238
98446  20.426  -60.982  8.834 0.6999999881
98077  21.204  -61.453  8.555 0.6999999881
7872  20.539  -63.142  8.815 0.6999999881
97540  20.530  -64.056  9.172 0.6999999881
9554  21.689  -60.406  17.433 0.5000000000
8921  21.343  -61.129  17.445 0.5000000000
10201  20.003  -59.690  8.828 0.6000000238
8430  20.549  -62.266  8.747 0.6999999881
11315  19.976  -57.233  8.589 0.5000000000
11314  20.542  -57.585  8.626 0.6000000238
4364  19.551  -70.251  9.462 0.6999999881
4365  18.971  -70.873  9.599 0.6999999881
92566  17.878  -59.643  20.949 0.4000000060
4768  19.987  -69.710  9.163 0.6999999881
3947  18.332  -71.258  9.653 0.6999999881
4769  19.127  -69.409  8.730 0.6999999881
93080  16.611  -60.330  20.486 0.6000000238
5754  19.449  -67.736  8.516 0.8000000119
4781  19.020  -68.857  8.388 0.6999999881
103095  20.693  -65.246  7.894 0.6000000238
6815  20.291  -65.697  8.183 0.6000000238
10116  14.380  -59.974  20.195 0.6000000238
7359  20.974  -64.568  7.759 0.6999999881
10200  21.252  -59.528  9.160 0.6000000238
9549  12.766  -60.522  18.801 0.5000000000
10754  20.345  -58.583  8.877 0.6000000238
5225  19.695  -68.514  8.514 0.6999999881
93362  16.953  -59.054  21.361 0.4000000060
5753  20.252  -67.612  8.417 0.8000000119
10098  16.334  -59.843  20.883 0.5000000000
6814  21.525  -65.375  7.841 0.8000000119
10100  14.743  -59.447  20.744 0.4000000060
10085  16.023  -59.280  21.248 0.4000000060
6296  20.216  -66.531  8.190 0.6999999881
10117  13.553  -59.889  19.920 0.4000000060
10115  15.164  -60.102  20.326 0.5000000000
90367  22.480  -60.076  9.432 0.6000000238
9031  22.144  -62.058  8.237 0.6000000238
8444  21.768  -62.827  7.969 0.6999999881
10101  13.742  -59.097  20.599 0.4000000060
9630  21.211  -60.613  8.868 0.6000000238
10129  12.111  -60.025  19.137 0.4000000060
9536  13.591  -60.370  19.202 0.6000000238
100896  21.205  -58.035  9.059 0.6000000238
11313  21.665  -57.320  8.879 0.5000000000
90262  22.421  -56.570  9.011 0.5000000000
10635  16.520  -58.862  21.480 0.4000000060
6295  21.235  -66.947  8.253 0.8000000119
10636  15.250  -59.047  21.229 0.4000000060
10637  14.459  -58.701  21.136 0.4000000060
7887  22.940  -63.500  7.929 0.6000000238
97744  21.544  -63.785  7.786 0.6999999881
9022  22.550  -61.381  8.630 0.6000000238
10653  12.916  -58.137  20.500 0.4000000060
10668  12.783  -59.171  20.081 0.4000000060
10752  22.265  -58.198  9.766 0.6000000238
10670  11.608  -58.611  19.108 0.4000000060
11191  16.403  -58.083  21.911 0.4000000060
87723  21.708  -66.205  8.109 0.6999999881
11192  15.505  -57.943  21.862 0.4000000060
7358  21.875  -64.655  7.770 0.6000000238
101468  14.384  -57.998  21.406 0.4000000060
9629  23.163  -60.719  9.109 0.6000000238
9030  23.586  -61.998  8.316 0.6000000238
10669  12.162  -58.455  19.836 0.4000000060
10195  22.809  -59.269  9.884 0.6000000238
11229  11.853  -57.881  19.389 0.3000000119
11310  22.905  -57.418  9.848 0.4000000060
97477  23.566  -56.618  9.728 0.4000000060
11194  13.997  -57.377  21.330 0.4000000060
11211  13.418  -57.488  20.862 0.4000000060
10199  23.908  -60.067  9.618 0.6000000238
10751  23.710  -58.424  10.419 0.6000000238
10194  24.531  -59.372  10.111 0.6000000238
105209  24.425  -56.708  10.187 0.4000000060
100813  25.110  -56.275  10.342 0.5000000000
12395  24.807  -55.548  10.340 0.4000000060
11782  12.548  -56.809  15.657 0.3000000119
12841  17.032  -54.702  22.156 0.4000000060
12314  13.912  -55.373  18.280 0.3000000119
11794  12.834  -56.743  13.892 0.4000000060
104536  17.958  -53.956  22.234 0.4000000060
99666  15.682  -54.508  21.046 0.4000000060
104116  14.274  -54.990  18.352 0.3000000119
12305  14.521  -55.037  19.652 0.3000000119
11769  13.146  -56.182  16.122 0.3000000119
11757  13.191  -56.060  17.101 0.3000000119
11781  13.161  -56.370  14.990 0.3000000119
12856  16.751  -53.975  21.645 0.4000000060
12863  16.115  -53.921  21.040 0.4000000060
12865  14.950  -54.601  19.934 0.4000000060
12321  13.753  -55.462  17.458 0.3000000119
12331  13.631  -55.556  16.590 0.3000000119
12994  13.915  -54.508  10.231 0.4000000060
13625  13.300  -53.534  10.374 0.3000000119
13603  12.958  -52.870  11.266 0.3000000119
96238  13.634  -55.646  15.675 0.3000000119
11793  13.422  -56.280  14.072 0.3000000119
13460  16.055  -53.295  20.461 0.4000000060
12864  15.544  -54.054  20.307 0.4000000060
12874  14.717  -54.529  19.165 0.3000000119
97488  14.534  -54.611  18.453 0.3000000119
12330  14.097  -54.986  16.912 0.3000000119
12364  13.548  -56.142  11.189 0.3000000119
98589  13.967  -55.129  16.188 0.3000000119
13624  14.164  -53.640  10.417 0.3000000119
12338  14.159  -55.000  15.378 0.3000000119
14203  14.615  -52.830  10.817 0.4000000060
13602  14.038  -52.822  10.714 0.3000000119
14195  14.617  -52.139  11.119 0.3000000119
14196  13.690  -52.128  11.349 0.3000000119
13461  15.600  -53.280  19.737 0.4000000060
12884  14.865  -53.941  18.664 0.4000000060
12885  14.687  -54.120  17.890 0.3000000119
12982  14.058  -54.984  10.630 0.4000000060
12897  14.535  -54.329  17.089 0.3000000119
12966  14.169  -55.263  11.739 0.3000000119
99636  14.335  -54.085  10.479 0.4000000060
12981  14.589  -54.227  11.009 0.4000000060
87204  14.323  -51.334  11.660 0.3000000119
14079  15.985  -52.680  20.094 0.4000000060
13474  15.281  -53.259  18.933 0.4000000060
13508  14.880  -53.537  17.302 0.4000000060
13525  14.840  -53.783  16.318 0.4000000060
98551  14.614  -54.343  15.630 0.3000000119
13564  14.854  -53.758  14.194 0.3000000119
89353  14.831  -53.641  12.925 0.3000000119
14167  15.084  -52.893  13.358 0.3000000119
14182  15.293  -51.975  12.202 0.5000000000
13579  14.930  -53.380  11.493 0.4000000060
14194  15.077  -52.264  11.130 0.4000000060
14776  13.995  -50.565  12.297 0.3000000119
100464  15.400  -52.554  18.316 0.4000000060
14127  15.376  -52.336  17.467 0.4000000060
13524  15.209  -52.775  16.787 0.3000000119
14150  15.412  -52.193  15.016 0.3000000119
14758  15.620  -51.408  15.434 0.3000000119
15311  15.642  -50.471  15.939 0.3000000119
13542  14.913  -53.756  15.270 0.3000000119
13541  15.193  -52.958  15.728 0.3000000119
14166  15.328  -52.114  13.701 0.3000000119
14766  15.490  -51.367  14.180 0.3000000119
101834  15.449  -50.656  13.408 0.3000000119
13563  15.142  -52.991  14.621 0.3000000119
14774  15.412  -51.126  12.574 0.3000000119
14781  15.020  -51.411  11.587 0.3000000119
15326  13.655  -49.924  13.106 0.3000000119
14687  16.879  -51.372  21.227 0.3000000119
14688  16.246  -51.341  20.499 0.3000000119
90377  15.551  -51.851  18.920 0.3000000119
14706  15.511  -51.098  18.487 0.3000000119
91932  15.641  -50.786  17.564 0.3000000119
15859  15.538  -49.643  16.907 0.3000000119
14740  15.721  -51.088  16.939 0.3000000119
14750  15.679  -51.291  16.322 0.3000000119
95719  15.732  -50.856  16.433 0.3000000119
15873  15.428  -49.781  15.106 0.3000000119
87906  15.330  -49.595  13.928 0.3000000119
15331  15.317  -50.316  12.495 0.3000000119
15883  15.178  -49.686  12.731 0.3000000119
14782  14.767  -50.630  11.997 0.3000000119
15333  14.375  -49.732  12.547 0.3000000119
15236  17.330  -50.714  21.644 0.3000000119
15249  16.635  -50.620  21.057 0.3000000119
14705  15.672  -51.197  19.576 0.3000000119
15292  15.530  -50.405  18.276 0.3000000119
89364  15.625  -50.100  17.532 0.3000000119
100251  15.254  -49.169  15.314 0.3000000119
16499  15.136  -48.938  14.273 0.3000000119
15884  14.405  -48.872  12.952 0.3000000119
87479  15.455  -49.427  17.619 0.3000000119
16492  15.207  -48.967  16.077 0.3000000119
16500  14.625  -48.177  13.757 0.3000000119
16505  14.357  -48.177  13.379 0.3000000119
15879  13.659  -49.026  13.124 0.3000000119
16501  13.755  -48.203  13.258 0.3000000119
16486  15.108  -48.663  17.074 0.3000000119
16497  14.804  -48.298  14.850 0.3000000119
16476  15.284  -48.686  18.295 0.3000000119
17140  14.813  -47.761  17.648 0.3000000119
16487  14.647  -47.704  16.714 0.3000000119
17148  14.407  -47.321  14.820 0.3000000119
17153  14.228  -47.560  13.726 0.3000000119
17154  13.856  -47.240  13.922 0.3000000119
15874  13.007  -48.447  13.920 0.3000000119
91810  13.990  -68.755  20.140 0.5000000000
5111  13.563  -68.800  18.680 0.4000000060
6240  17.901  -66.180  13.997 0.6999999881
6761  17.604  -65.822  14.769 0.6999999881
4295  14.907  -70.209  15.755 0.4000000060
5641  13.851  -68.297  19.141 0.5000000000
4345  16.150  -69.939  10.476 0.5000000000
89419  20.593  -63.656  11.991 0.6000000238
6290  19.592  -66.991  8.565 0.8000000119
5214  17.843  -69.425  9.250 0.6999999881
6805  20.145  -65.468  8.939 0.6000000238
11861  20.957  -56.731  8.545 0.5000000000
10118  12.775  -59.922  19.504 0.4000000060
11855  21.981  -55.758  9.105 0.5000000000
8443  23.174  -62.713  8.067 0.6000000238
9021  24.093  -61.331  8.644 0.6000000238
11228  12.338  -57.518  19.889 0.3000000119
11309  24.043  -57.467  10.362 0.4000000060
12283  16.168  -54.750  21.687 0.4000000060
14094  15.935  -52.004  19.955 0.3000000119
96966  24.610  -64.050  8.592 0.5000000000
93965  23.614  -65.164  8.309 0.5000000000
6813  22.588  -65.977  8.249 0.6999999881
6294  22.460  -66.761  8.472 0.6999999881
5224  20.700  -68.610  8.797 0.6000000238
7886  24.052  -63.940  8.224 0.5000000000
7357  23.009  -64.436  7.988 0.6000000238
4343  20.262  -70.514  10.556 0.6000000238
3936  19.522  -71.687  10.870 0.6000000238
6288  23.111  -67.100  8.934 0.6999999881
4755  21.238  -69.358  9.836 0.6000000238
4767  20.700  -69.664  9.591 0.6000000238
5751  22.313  -67.541  8.815 0.6999999881
5212  20.960  -69.221  9.342 0.6000000238
7885  24.966  -63.345  8.344 0.5000000000
5735  22.740  -67.655  9.839 0.6999999881
5202  21.766  -68.889  9.943 0.6999999881
5189  20.900  -69.243  10.908 0.6000000238
4746  20.552  -70.057  10.814 0.6000000238
5734  23.189  -67.071  9.463 0.6000000238
5201  22.229  -68.223  9.516 0.6999999881
4756  20.801  -69.832  10.222 0.6000000238
6804  23.916  -65.887  9.123 0.6000000238
9028  26.008  -61.869  8.648 0.5000000000
8442  24.519  -62.708  8.109 0.5000000000
6279  23.596  -66.375  9.735 0.6999999881
5188  21.599  -68.729  10.481 0.6000000238
4334  19.651  -70.896  11.670 0.6000000238
9627  26.310  -60.940  8.939 0.5000000000
101430  24.953  -61.964  8.332 0.5000000000
104680  26.352  -58.776  10.067 0.5000000000
9029  25.328  -61.345  8.624 0.5000000000
11307  26.434  -57.777  10.501 0.4000000060
5150  13.892  -68.104  14.154 0.4000000060
5163  15.337  -68.492  13.430 0.4000000060
5164  14.388  -68.738  13.537 0.4000000060
4727  14.970  -68.995  12.800 0.5000000000
4728  14.271  -69.476  13.026 0.5000000000
10198  25.688  -60.065  9.256 0.5000000000
4325  14.207  -70.180  12.761 0.5000000000
3097  12.273  -73.508  11.184 0.6000000238
87982  26.226  -59.391  9.677 0.4000000060
4741  14.734  -69.780  12.402 0.5000000000
4338  13.839  -70.839  12.813 0.5000000000
88208  12.733  -72.214  12.407 0.5000000000
5165  13.440  -68.731  13.687 0.5000000000
92783  13.744  -69.238  13.325 0.5000000000
4730  12.444  -69.488  13.080 0.5000000000
4327  12.850  -70.054  13.165 0.5000000000
4339  12.327  -70.361  12.732 0.5000000000
3907  12.980  -70.740  13.030 0.5000000000
3918  12.524  -71.311  12.565 0.5000000000
3919  12.172  -71.921  12.112 0.5000000000
10750  25.120  -58.762  10.410 0.5000000000
11851  27.033  -56.629  10.675 0.4000000060
93275  25.729  -58.215  10.474 0.4000000060
11852  26.086  -56.908  10.653 0.4000000060
6244  14.408  -66.412  14.628 0.5000000000
90949  11.737  -70.250  12.237 0.5000000000
93344  24.698  -58.081  10.559 0.4000000060
98471  16.021  -65.276  15.866 0.5000000000
6752  15.285  -65.098  15.577 0.5000000000
96857  14.269  -65.193  14.211 0.5000000000
6231  14.957  -65.834  15.024 0.5000000000
11308  25.174  -57.364  10.532 0.4000000060
6740  16.559  -64.943  16.213 0.5000000000
6741  15.822  -64.650  16.214 0.5000000000
7266  16.399  -64.249  16.807 0.5000000000
7276  15.247  -64.047  15.758 0.5000000000
7286  14.703  -64.350  14.554 0.5000000000
7297  14.172  -64.932  13.268 0.4000000060
7808  15.231  -63.399  14.866 0.6000000238
7296  14.685  -64.236  13.672 0.6000000238
100821  17.095  -64.096  17.155 0.5000000000
7789  16.531  -63.463  17.455 0.5000000000
7267  15.648  -63.668  16.409 0.5000000000
91855  15.512  -62.787  15.630 0.6000000238
7817  15.100  -63.570  14.046 0.6000000238
7310  14.953  -64.075  12.578 0.6000000238
7311  14.608  -64.403  11.684 0.5000000000
7325  14.228  -64.623  10.947 0.5000000000
7339  14.425  -64.006  9.527 0.5000000000
7788  17.456  -63.596  17.580 0.5000000000
7777  17.939  -63.107  18.096 0.5000000000
8323  17.082  -62.991  18.089 0.5000000000
7802  15.689  -62.430  16.489 0.6000000238
7816  15.664  -62.372  13.845 0.6000000238
7830  15.439  -63.290  13.169 0.6000000238
7324  14.935  -63.728  10.797 0.5000000000
8396  12.718  -62.286  11.859 0.5000000000
7874  14.448  -63.062  9.384 0.5000000000
8311  19.290  -62.406  18.369 0.5000000000
8313  17.584  -62.520  18.625 0.5000000000
8324  16.303  -62.481  17.818 0.6000000238
8325  15.793  -61.607  17.139 0.6000000238
8338  15.723  -61.195  16.117 0.6000000238
96118  15.747  -61.935  14.739 0.6000000238
102881  15.918  -61.104  14.614 0.6000000238
7829  15.860  -62.186  12.792 0.6000000238
8379  15.978  -61.269  13.238 0.6000000238
90821  15.344  -63.393  11.542 0.6000000238
7860  15.058  -62.564  10.774 0.5000000000
7861  14.831  -63.206  10.025 0.5000000000
7873  14.528  -62.512  10.062 0.5000000000
92918  14.538  -62.014  10.729 0.5000000000
8431  14.029  -62.443  9.354 0.5000000000
8411  14.033  -61.964  10.526 0.5000000000
93609  16.759  -62.222  18.487 0.6000000238
8314  16.031  -61.535  18.040 0.6000000238
8939  15.589  -60.585  16.446 0.6000000238
9579  15.458  -60.304  16.264 0.6000000238
8955  15.591  -60.500  15.707 0.6000000238
8970  15.746  -60.819  13.676 0.6000000238
8971  15.398  -60.523  14.161 0.6000000238
8998  15.369  -61.093  12.328 0.5000000000
100427  15.312  -60.864  12.672 0.5000000000
98110  15.029  -61.704  11.292 0.5000000000
8999  14.808  -61.160  12.107 0.5000000000
8380  13.474  -61.493  13.442 0.6000000238
9009  14.557  -61.631  11.320 0.5000000000
8395  13.990  -61.538  11.664 0.5000000000
8382  11.420  -62.703  13.447 0.5000000000
9565  15.437  -60.341  16.676 0.6000000238
9566  15.150  -60.184  16.698 0.6000000238
8956  15.209  -60.359  15.195 0.6000000238
8986  14.508  -60.783  13.770 0.6000000238
8972  13.305  -61.391  14.406 0.6000000238
89841  12.206  -62.279  14.151 0.5000000000
9555  15.207  -60.298  17.266 0.6000000238
97931  14.348  -60.670  14.676 0.6000000238
8366  12.374  -62.022  15.127 0.6000000238
102593  14.346  -60.479  18.804 0.6000000238
9547  14.800  -60.371  18.042 0.6000000238
9556  14.381  -60.429  17.421 0.6000000238
8940  13.524  -60.875  16.286 0.6000000238
8973  13.270  -61.266  15.124 0.6000000238
8339  11.831  -62.083  16.499 0.5000000000
9548  13.876  -60.577  18.430 0.6000000238
8924  13.303  -60.912  17.131 0.6000000238
8915  13.096  -60.907  17.997 0.6000000238
8352  12.660  -61.639  15.923 0.6000000238
8916  12.148  -60.994  18.188 0.6000000238
8926  11.613  -61.327  17.725 0.5000000000
9550  11.899  -60.420  18.663 0.4000000060
5752  21.410  -68.044  8.747 0.6999999881
9628  24.811  -60.720  8.979 0.5000000000
10193  27.017  -60.092  9.304 0.5000000000
93182  11.918  -71.038  12.218 0.6000000238
8351  15.768  -61.303  15.329 0.6000000238
7837  15.768  -62.042  12.156 0.6000000238
9008  15.049  -61.333  11.798 0.5000000000
9567  14.414  -60.393  16.556 0.6000000238
9581  14.574  -60.404  15.876 0.6000000238
8941  12.475  -61.580  16.800 0.6000000238
8942  11.534  -61.807  17.098 0.6000000238
102721  14.046  -68.524  23.320 0.4000000060
5579  15.498  -67.185  23.743 0.5000000000
6123  15.392  -66.788  22.785 0.5000000000
102462  14.901  -67.244  23.127 0.4000000060
5591  14.350  -67.832  22.201 0.4000000060
5604  14.471  -67.191  21.608 0.4000000060
5605  14.229  -67.823  21.480 0.4000000060
6137  16.131  -66.478  22.484 0.5000000000
6122  16.128  -66.729  23.204 0.5000000000
6174  14.460  -66.955  20.789 0.5000000000
5618  14.249  -67.411  20.301 0.5000000000
5619  14.182  -67.566  20.841 0.4000000060
90397  15.768  -66.248  21.065 0.5000000000
6173  15.144  -66.568  20.554 0.5000000000
6184  15.361  -66.735  19.784 0.5000000000
5627  14.821  -67.239  19.367 0.5000000000
5628  14.234  -67.611  19.655 0.4000000060
5640  14.320  -67.878  18.902 0.4000000060
6703  17.012  -66.059  20.285 0.5000000000
95060  16.167  -66.652  19.487 0.5000000000
6196  16.575  -66.877  18.909 0.5000000000
6197  15.708  -67.056  19.088 0.5000000000
5639  15.172  -67.592  18.662 0.5000000000
5110  13.792  -68.559  18.401 0.4000000060
104528  18.637  -70.618  13.020 0.5000000000
4323  18.166  -70.559  13.696 0.4000000060
4726  18.776  -69.929  13.732 0.4000000060
4717  18.089  -69.918  14.602 0.4000000060
4707  17.767  -69.587  15.485 0.4000000060
91306  17.151  -69.737  15.746 0.4000000060
5638  16.135  -67.426  18.452 0.5000000000
4697  16.605  -69.460  16.228 0.4000000060
97303  15.748  -69.348  16.472 0.4000000060
5130  15.156  -68.964  17.049 0.4000000060
5637  17.122  -67.219  18.255 0.4000000060
5651  16.529  -67.868  17.814 0.5000000000
89997  15.020  -68.446  17.635 0.4000000060
5652  15.585  -67.989  18.036 0.4000000060
4706  18.427  -69.254  15.212 0.4000000060
6207  17.996  -67.145  17.932 0.4000000060
5128  17.097  -68.881  16.699 0.4000000060
5118  15.902  -68.398  17.422 0.4000000060
5649  18.417  -67.520  17.315 0.4000000060
5117  16.823  -68.392  17.239 0.4000000060
4737  19.760  -69.997  12.146 0.5000000000
5178  20.009  -69.162  12.617 0.4000000060
4725  19.446  -69.551  13.179 0.4000000060
5160  19.842  -68.818  13.636 0.4000000060
5147  19.038  -68.879  14.922 0.4000000060
5138  18.137  -68.990  15.875 0.4000000060
5126  18.494  -68.400  16.276 0.4000000060
4696  17.460  -69.278  16.123 0.4000000060
5659  18.831  -67.802  16.702 0.4000000060
5668  19.149  -68.044  16.050 0.4000000060
5127  17.799  -68.682  16.488 0.4000000060
4736  20.284  -69.592  11.590 0.5000000000
5146  19.649  -68.517  14.530 0.4000000060
5678  20.069  -67.853  14.939 0.4000000060
6228  20.562  -67.131  15.400 0.4000000060
5710  21.071  -68.085  12.603 0.4000000060
5721  21.856  -67.864  11.010 0.5000000000
5696  21.541  -67.488  13.093 0.4000000060
5676  21.472  -67.263  13.956 0.4000000060
6263  22.012  -67.136  12.634 0.5000000000
6251  22.587  -66.608  12.722 0.4000000060
6252  22.009  -66.936  13.391 0.4000000060
6270  22.774  -66.819  10.955 0.6000000238
5720  22.501  -67.449  10.586 0.6000000238
6778  23.228  -66.151  12.487 0.5000000000
98071  23.569  -65.580  12.769 0.4000000060
6293  23.293  -66.414  8.680 0.5000000000
8913  16.449  -61.454  18.819 0.5000000000
8914  15.795  -60.906  18.342 0.5000000000
101822  15.568  -60.491  19.879 0.5000000000
8902  16.166  -60.960  19.074 0.5000000000
9534  15.583  -60.666  19.018 0.5000000000
6159  15.015  -66.567  21.410 0.5000000000
5590  14.655  -67.272  22.483 0.5000000000
4716  19.228  -69.165  14.120 0.4000000060
103102  18.710  -69.421  14.546 0.4000000060
5660  18.124  -68.118  16.877 0.4000000060
99434  20.461  -68.461  13.120 0.4000000060
5697  20.978  -67.851  13.601 0.4000000060
5136  19.424  -68.274  15.336 0.4000000060
5176  21.229  -68.364  11.490 0.5000000000
5677  20.792  -67.530  14.474 0.4000000060
5708  22.313  -67.102  11.695 0.5000000000
6262  22.985  -66.483  11.735 0.6000000238
6237  22.426  -66.428  13.580 0.5000000000
6269  23.260  -66.332  10.769 0.5000000000
11839  29.585  -56.340  11.071 0.3000000119
10739  27.966  -58.260  11.084 0.3000000119
98458  28.210  -57.653  10.880 0.3000000119
11840  29.023  -56.593  10.815 0.3000000119
11848  29.594  -56.173  10.689 0.3000000119
12359  30.556  -55.696  10.853 0.3000000119
12374  30.110  -56.029  10.743 0.3000000119
10733  27.361  -58.785  11.838 0.3000000119
10179  27.367  -59.365  11.162 0.4000000060
9612  27.438  -60.027  10.401 0.4000000060
11291  28.138  -57.745  11.575 0.3000000119
9618  27.476  -60.040  9.663 0.4000000060
10187  27.749  -59.343  10.015 0.4000000060
8429  26.035  -62.400  8.839 0.4000000060
8441  25.530  -62.604  8.450 0.4000000060
11826  28.852  -56.668  11.561 0.3000000119
90201  27.969  -58.185  10.446 0.3000000119
10192  27.466  -59.317  9.739 0.4000000060
11849  29.041  -55.941  10.539 0.3000000119
11300  27.985  -57.361  10.615 0.3000000119
9006  25.969  -61.453  10.719 0.4000000060
7848  24.828  -63.807  10.972 0.4000000060
7337  24.329  -64.976  10.134 0.4000000060
7336  24.790  -64.352  9.346 0.4000000060
8407  25.701  -62.425  10.141 0.4000000060
7858  25.335  -63.555  9.372 0.4000000060
7871  25.163  -63.657  8.841 0.4000000060
10732  27.570  -58.249  12.318 0.3000000119
9619  27.119  -60.654  9.900 0.4000000060
8420  26.194  -62.313  9.107 0.4000000060
6811  24.064  -65.382  8.704 0.4000000060
11827  28.378  -57.232  12.056 0.3000000119
9020  26.483  -61.624  9.031 0.4000000060
11825  29.256  -56.252  12.163 0.3000000119
7835  24.657  -63.790  11.925 0.4000000060
7322  23.990  -65.202  11.166 0.4000000060
8996  25.490  -61.485  12.025 0.4000000060
89948  25.304  -62.305  11.607 0.4000000060
6789  23.758  -65.711  10.506 0.4000000060
10724  26.933  -58.766  13.147 0.3000000119
98632  26.306  -60.115  12.140 0.4000000060
11806  28.784  -56.430  13.463 0.3000000119
11807  28.201  -57.057  13.241 0.3000000119
7348  24.551  -64.588  8.849 0.4000000060
104868  29.341  -55.962  13.106 0.3000000119
6777  23.584  -65.825  11.692 0.4000000060
7307  23.984  -65.071  12.097 0.4000000060
11306  27.233  -57.522  10.535 0.3000000119
103809  27.517  -58.194  10.167 0.3000000119
102697  23.733  -66.009  8.816 0.4000000060
6798  23.973  -65.625  9.681 0.4000000060
10740  27.926  -58.752  10.522 0.3000000119
12391  29.692  -55.646  10.514 0.3000000119
9613  26.245  -60.729  11.286 0.4000000060
90557  26.533  -61.436  9.450 0.4000000060
9625  26.915  -60.711  9.400 0.4000000060
10748  27.884  -58.711  9.982 0.4000000060
93106  24.851  -64.127  10.151 0.4000000060
7847  25.246  -63.353  10.163 0.4000000060
10172  26.646  -59.378  12.688 0.3000000119
7857  25.812  -62.991  9.363 0.4000000060
11282  27.836  -57.674  12.791 0.3000000119
97903  25.693  -60.881  12.403 0.4000000060
3776  16.431  -71.007  27.053 0.3000000119
4175  15.559  -70.756  27.269 0.3000000119
4200  17.765  -70.034  25.932 0.3000000119
4587  16.475  -69.542  26.355 0.3000000119
4600  18.225  -69.698  25.382 0.3000000119
4199  18.415  -70.595  25.569 0.3000000119
4184  17.897  -70.736  26.105 0.3000000119
5041  17.992  -68.939  25.189 0.3000000119
4586  17.188  -69.588  26.134 0.3000000119
4588  15.556  -69.474  26.474 0.3000000119
5065  14.732  -67.691  23.880 0.3000000119
101872  19.737  -71.106  24.069 0.3000000119
4198  19.028  -70.955  25.079 0.3000000119
4613  18.546  -69.373  24.688 0.3000000119
4210  18.778  -70.192  24.899 0.3000000119
3788  18.295  -71.318  25.922 0.3000000119
5043  16.207  -68.360  25.596 0.3000000119
5566  15.975  -67.494  24.511 0.3000000119
5567  15.185  -67.753  24.552 0.3000000119
4625  18.816  -69.096  23.875 0.3000000119
5030  16.850  -68.886  25.909 0.3000000119
5053  17.567  -68.374  24.999 0.3000000119
5564  17.539  -67.867  24.406 0.3000000119
5565  16.809  -67.518  24.463 0.3000000119
5555  15.663  -67.993  25.127 0.3000000119
6121  16.770  -66.784  23.318 0.3000000119
6702  17.709  -65.961  19.986 0.4000000060
6677  17.335  -66.009  21.584 0.4000000060
2580  17.770  -74.546  26.805 0.3000000119
2274  17.214  -75.703  27.473 0.3000000119
3774  17.694  -71.343  26.408 0.3000000119
3764  16.694  -71.799  27.245 0.3000000119
102241  20.193  -72.930  24.119 0.3000000119
2935  19.373  -73.067  25.079 0.3000000119
2936  18.782  -73.683  25.622 0.3000000119
2926  17.867  -73.679  26.661 0.3000000119
2569  17.275  -74.833  27.437 0.3000000119
3374  20.564  -72.113  23.359 0.3000000119
3350  19.137  -72.289  25.328 0.3000000119
2925  18.355  -73.445  26.159 0.3000000119
90222  17.296  -73.922  27.305 0.3000000119
3787  19.163  -71.657  25.194 0.3000000119
102738  18.701  -71.889  25.659 0.3000000119
3339  17.993  -72.847  26.459 0.3000000119
2915  17.360  -73.052  27.056 0.3000000119
3328  17.426  -72.142  26.787 0.3000000119
100762  16.887  -72.505  27.336 0.3000000119
5031  15.944  -68.842  26.113 0.3000000119
5032  15.083  -68.875  26.126 0.3000000119
3799  20.166  -71.792  24.165 0.3000000119
5553  17.063  -67.995  24.874 0.3000000119
2296  18.352  -75.525  25.458 0.3000000119
2916  16.618  -73.233  27.773 0.3000000119
3365  19.659  -72.160  24.795 0.3000000119
2946  19.669  -73.752  24.527 0.3000000119
3351  18.650  -72.740  25.796 0.3000000119
2898  15.912  -73.811  28.555 0.3000000119
6136  16.624  -66.584  22.823 0.3000000119
7254  23.376  -64.020  16.664 0.3000000119
7255  22.930  -64.256  17.374 0.3000000119
6729  21.661  -65.324  17.899 0.3000000119
6204  20.467  -66.213  17.652 0.4000000060
6193  19.471  -66.495  18.086 0.4000000060
6206  18.453  -66.637  18.366 0.3000000119
6195  17.758  -66.784  18.469 0.3000000119
7262  22.876  -64.630  16.386 0.3000000119
6738  21.826  -65.598  16.576 0.4000000060
6216  20.608  -66.459  16.759 0.4000000060
6215  21.237  -66.167  16.319 0.4000000060
5648  19.153  -67.169  17.211 0.3000000119
6227  21.248  -66.491  15.547 0.4000000060
89293  20.738  -66.648  16.052 0.4000000060
5658  19.496  -67.426  16.515 0.3000000119
6239  21.309  -66.877  14.758 0.3000000119
7783  25.414  -63.561  17.729 0.3000000119
7784  24.639  -63.440  17.684 0.3000000119
7247  22.122  -64.971  18.382 0.4000000060
92325  21.060  -65.724  18.049 0.4000000060
6716  20.476  -65.924  18.685 0.3000000119
6194  18.901  -66.227  18.978 0.3000000119
6182  17.945  -66.339  19.103 0.3000000119
8319  25.278  -63.240  17.141 0.3000000119
7797  24.598  -63.295  16.908 0.3000000119
7798  24.014  -63.635  16.284 0.3000000119
7271  23.402  -64.264  15.879 0.3000000119
6737  22.380  -65.283  16.055 0.3000000119
89664  24.406  -63.347  15.425 0.3000000119
98430  23.498  -64.484  15.067 0.3000000119
7806  23.845  -63.933  15.459 0.3000000119
7272  22.922  -64.888  15.526 0.4000000060
6748  21.829  -65.879  15.777 0.4000000060
7813  24.020  -63.952  14.740 0.3000000119
7283  23.100  -65.144  14.671 0.4000000060
6758  21.873  -66.216  14.950 0.4000000060
7293  23.985  -64.721  13.172 0.3000000119
6756  23.376  -65.365  13.757 0.4000000060
6757  22.557  -65.862  14.230 0.4000000060
6238  21.946  -66.617  14.162 0.4000000060
7826  24.424  -63.812  12.912 0.3000000119
6766  23.012  -66.032  13.300 0.4000000060
6179  25.481  -66.118  18.810 0.3000000119
6713  25.532  -65.310  18.737 0.3000000119
6181  23.967  -65.994  19.733 0.3000000119
6680  23.155  -65.781  20.038 0.3000000119
7782  26.180  -63.866  17.694 0.3000000119
7773  25.559  -63.858  18.156 0.3000000119
7244  24.374  -63.970  18.763 0.3000000119
6698  22.727  -65.201  19.684 0.3000000119
7796  27.016  -63.442  16.625 0.3000000119
7774  24.858  -63.675  18.272 0.3000000119
7245  23.520  -63.976  18.721 0.3000000119
7231  22.301  -64.871  19.056 0.3000000119
6700  21.037  -65.698  19.565 0.3000000119
6701  20.182  -65.935  19.592 0.3000000119
98659  18.541  -65.996  19.768 0.3000000119
102989  18.267  -65.890  20.541 0.3000000119
6676  18.028  -65.905  21.175 0.3000000119
8331  27.248  -62.862  16.227 0.3000000119
7812  24.463  -63.265  14.484 0.3000000119
7282  23.749  -64.647  14.223 0.3000000119
95534  24.743  -62.581  14.276 0.3000000119
7827  24.244  -63.942  13.865 0.3000000119
8391  25.044  -62.229  12.780 0.3000000119
8392  24.859  -63.062  12.402 0.3000000119
7306  24.292  -64.379  12.328 0.3000000119
88142  26.436  -66.311  18.117 0.3000000119
92554  26.326  -65.129  18.129 0.3000000119
6696  24.609  -65.431  19.314 0.3000000119
97388  26.928  -64.109  17.063 0.3000000119
6714  24.757  -64.663  19.008 0.3000000119
102508  17.687  -66.477  22.256 0.3000000119
6711  27.594  -66.375  17.583 0.3000000119
6712  27.185  -66.042  17.465 0.3000000119
7252  28.050  -66.105  16.244 0.3000000119
6728  26.950  -64.939  17.397 0.3000000119
7242  26.069  -64.328  18.055 0.3000000119
101172  27.547  -64.590  16.407 0.3000000119
6726  27.938  -66.148  16.817 0.3000000119
7781  28.416  -65.834  16.664 0.3000000119
7251  28.438  -65.978  15.768 0.3000000119
7253  27.672  -65.595  16.425 0.3000000119
6685  17.517  -65.867  20.770 0.3000000119
6183  16.982  -66.369  19.522 0.3000000119
88923  17.279  -66.689  18.818 0.3000000119
104050  18.684  -66.942  17.746 0.3000000119
6217  20.155  -67.010  16.259 0.4000000060
7785  23.818  -63.580  17.387 0.3000000119
7263  22.366  -65.022  16.885 0.3000000119
7776  23.369  -63.778  18.090 0.3000000119
6730  21.230  -65.813  17.207 0.4000000060
6205  19.893  -66.803  17.072 0.4000000060
6747  22.428  -65.539  15.200 0.4000000060
8318  26.120  -63.274  17.112 0.3000000119
7775  24.023  -63.562  18.226 0.3000000119
6715  21.491  -65.366  18.790 0.3000000119
7246  22.733  -64.347  18.405 0.3000000119
6717  19.666  -66.092  18.996 0.3000000119
97820  25.758  -62.909  16.602 0.3000000119
8334  25.206  -62.972  16.451 0.3000000119
90068  24.665  -63.183  16.195 0.3000000119
8376  24.677  -63.008  13.531 0.3000000119
6697  23.576  -65.209  19.579 0.3000000119
7230  23.099  -64.558  19.223 0.3000000119
6699  21.887  -65.352  19.664 0.3000000119
8375  24.911  -62.055  13.726 0.3000000119
3917  13.274  -71.567  12.756 0.4000000060
2285  17.632  -75.463  26.853 0.3000000119
2413  16.374  -75.550  12.292 0.6000000238
2722  15.654  -75.583  14.433 0.6000000238
3084  17.066  -74.688  12.582 0.5000000000
3099  17.542  -73.703  10.904 0.6999999881
3498  12.472  -72.855  11.957 0.5000000000
3504  18.596  -72.621  10.673 0.6999999881
3775  17.090  -71.351  26.810 0.3000000119
3800  19.523  -71.391  24.643 0.3000000119
3884  15.199  -71.656  15.138 0.5000000000
3906  16.939  -72.207  13.483 0.6999999881
3912  19.436  -71.661  11.357 0.6999999881
3929  11.755  -71.566  11.482 0.6000000238
4185  17.118  -70.448  26.507 0.3000000119
4186  16.066  -70.205  26.782 0.3000000119
4187  15.111  -70.054  26.906 0.3000000119
4209  19.301  -70.661  24.421 0.3000000119
4314  16.759  -70.857  14.559 0.5000000000
4324  17.780  -71.120  13.587 0.5000000000
4326  13.528  -70.018  13.129 0.5000000000
4352  20.338  -70.273  9.900 0.6000000238
4354  17.928  -70.409  9.282 0.6000000238
4601  17.594  -69.284  25.706 0.3000000119
4708  16.496  -70.034  15.599 0.4000000060
4729  13.083  -69.405  13.374 0.5000000000
4738  19.183  -70.325  12.652 0.5000000000
4742  11.856  -69.549  12.578 0.5000000000
4747  20.141  -70.489  11.237 0.6000000238
4758  16.641  -69.482  10.180 0.5000000000
4779  20.326  -69.220  8.888 0.6000000238
4780  19.591  -69.150  8.602 0.6999999881
5042  16.935  -68.356  25.351 0.3000000119
5074  14.194  -68.523  22.637 0.4000000060
5083  14.291  -68.536  21.865 0.4000000060
5102  13.721  -68.711  19.346 0.5000000000
5116  17.483  -68.395  16.985 0.4000000060
5119  14.021  -68.822  17.608 0.4000000060
5129  16.251  -68.892  16.855 0.4000000060
5137  18.789  -68.650  15.627 0.4000000060
5145  20.311  -68.169  14.077 0.4000000060
5149  14.863  -68.080  14.113 0.6000000238
5177  20.560  -68.749  12.009 0.5000000000
5179  16.953  -68.497  11.868 0.6999999881
5211  21.464  -68.824  9.416 0.6000000238
5213  18.516  -68.964  8.671 0.6999999881
5554  16.430  -67.934  25.009 0.3000000119
5578  16.432  -67.006  23.891 0.3000000119
5629  13.942  -68.044  20.033 0.4000000060
5650  17.514  -67.817  17.498 0.4000000060
5653  14.590  -68.184  18.187 0.4000000060
5667  19.803  -67.632  15.770 0.4000000060
5709  21.633  -67.635  12.097 0.4000000060
5736  22.240  -68.269  10.159 0.6000000238
5744  22.779  -67.547  9.333 0.6999999881
6138  15.529  -66.485  22.035 0.5000000000
6139  14.903  -66.802  22.176 0.5000000000
6158  16.899  -66.349  22.301 0.3000000119
6172  16.158  -66.324  20.219 0.5000000000
6185  14.581  -66.989  20.079 0.5000000000
6192  27.141  -66.856  17.730 0.3000000119
6272  18.810  -67.001  11.245 0.6999999881
6280  23.040  -66.972  10.154 0.6000000238
6287  23.582  -66.544  9.087 0.4000000060
6686  16.664  -65.970  20.943 0.3000000119
6727  27.729  -66.008  16.700 0.3000000119
6749  18.051  -65.153  15.101 0.6999999881
6753  14.653  -65.142  14.980 0.5000000000
6780  19.414  -65.661  12.156 0.6000000238
6797  24.362  -65.197  9.193 0.4000000060
6800  13.977  -64.820  10.158 0.5000000000
6812  23.479  -65.741  8.466 0.5000000000
7229  23.960  -64.531  19.216 0.3000000119
7243  25.377  -64.319  18.581 0.3000000119
7256  22.273  -64.863  17.706 0.3000000119
7261  28.190  -65.824  15.634 0.3000000119
7273  18.946  -63.997  15.180 0.6999999881
7275  17.733  -64.841  15.775 0.6000000238
7277  14.907  -64.444  15.218 0.5000000000
7294  20.333  -63.770  12.736 0.6000000238
7321  24.420  -64.498  11.277 0.4000000060
7349  20.475  -64.785  8.331 0.6999999881
7356  24.116  -64.680  8.421 0.5000000000
7787  18.246  -63.485  17.413 0.5000000000
7790  15.923  -62.784  17.283 0.5000000000
7799  19.131  -63.350  16.221 0.6000000238
7801  15.895  -63.419  17.000 0.5000000000
7814  20.394  -63.095  13.939 0.6999999881
7838  15.698  -62.938  12.246 0.6000000238
7850  15.481  -62.289  11.572 0.6000000238
7870  25.856  -62.975  8.946 0.4000000060
7884  25.648  -62.976  8.654 0.4000000060
7889  13.968  -62.879  8.683 0.5000000000
8332  26.430  -62.609  16.291 0.3000000119
8336  20.339  -62.462  16.206 0.6999999881
8365  15.980  -61.136  14.099 0.6000000238
8394  15.749  -61.397  12.532 0.5000000000
8408  25.079  -63.138  11.259 0.4000000060
8410  15.395  -61.539  11.928 0.5000000000
8422  14.042  -62.207  10.011 0.5000000000
8900  17.731  -61.469  19.642 0.6000000238
8901  16.859  -61.231  19.499 0.5000000000
8910  21.235  -60.690  18.114 0.6000000238
8911  19.780  -61.842  18.930 0.4000000060
8923  15.578  -60.686  17.353 0.5000000000
8925  12.322  -61.375  17.540 0.6000000238
8927  10.965  -61.295  17.347 0.5000000000
8936  22.087  -60.842  16.082 0.6000000238
8937  21.277  -61.557  16.743 0.5000000000
8957  13.965  -60.693  15.483 0.6000000238
8969  21.850  -61.363  14.574 0.8000000119
8984  15.661  -60.917  12.926 0.5000000000
8985  15.415  -60.678  13.290 0.5000000000
9023  20.446  -61.521  8.775 0.6999999881
9518  15.900  -60.242  20.417 0.5000000000
9535  14.313  -60.350  19.457 0.6000000238
9545  20.932  -60.302  18.627 0.4000000060
9546  15.303  -60.536  18.002 0.6000000238
9580  15.279  -60.229  16.058 0.6000000238
10084  16.728  -59.397  21.196 0.4000000060
10096  18.569  -59.535  20.740 0.4000000060
10099  15.559  -59.685  20.836 0.4000000060
10119  12.070  -59.326  19.478 0.4000000060
10188  20.603  -59.222  11.167 0.6000000238
10196  21.503  -58.726  9.388 0.6000000238
10202  19.602  -59.873  8.943 0.6999999881
10638  13.785  -58.154  21.024 0.4000000060
10749  27.158  -58.463  9.984 0.3000000119
11212  12.941  -57.079  20.423 0.3000000119
11290  28.520  -57.151  11.153 0.3000000119
11302  19.514  -56.761  10.773 0.6000000238
12284  15.189  -54.858  20.742 0.4000000060
12313  14.233  -55.166  18.988 0.3000000119
12320  14.297  -54.862  17.770 0.3000000119
12339  13.743  -55.728  14.683 0.3000000119
12373  30.376  -55.427  10.597 0.3000000119
12873  15.147  -53.917  19.434 0.3000000119
12915  14.385  -54.600  16.274 0.3000000119
12965  14.556  -54.421  12.341 0.3000000119
12995  13.369  -54.463  10.057 0.4000000060
13450  17.224  -53.323  21.620 0.4000000060
13489  15.042  -53.373  18.108 0.4000000060
13507  15.199  -52.916  17.595 0.4000000060
13601  14.650  -53.317  10.743 0.4000000060
14095  15.604  -52.588  19.329 0.3000000119
14775  15.221  -51.405  11.699 0.3000000119
14780  15.217  -50.751  11.910 0.3000000119
15302  15.708  -50.443  16.796 0.3000000119
15318  15.551  -50.549  14.705 0.3000000119
15325  15.372  -49.996  13.297 0.3000000119
15332  15.045  -50.127  12.319 0.3000000119
15867  15.505  -49.812  16.101 0.3000000119
15878  14.993  -48.978  13.167 0.3000000119
16493  14.687  -48.056  15.934 0.3000000119
16502  13.315  -47.630  13.688 0.3000000119
17145  14.345  -47.080  15.790 0.3000000119
17160  13.960  -47.666  13.487 0.3000000119
17871  14.057  -46.973  14.346 0.3000000119
86974  20.779  -65.958  7.892 0.8000000119
88183  15.722  -50.917  15.880 0.3000000119
88339  17.921  -73.685  11.803 0.6999999881
88584  22.513  -60.085  14.213 0.6999999881
88670  15.001  -58.309  21.554 0.4000000060
88974  13.747  -61.490  12.433 0.5000000000
89458  14.423  -47.558  14.126 0.3000000119
89497  21.101  -62.375  12.677 0.6999999881
90024  15.782  -60.711  14.619 0.6000000238
90351  21.888  -65.349  17.250 0.4000000060
90356  18.644  -72.775  11.625 0.6999999881
90799  15.782  -58.621  21.569 0.4000000060
91051  22.727  -65.242  8.084 0.6000000238
91631  14.997  -60.379  19.622 0.5000000000
92658  19.267  -66.743  10.296 0.6999999881
93600  14.659  -60.897  12.874 0.5000000000
93696  28.660  -56.714  12.497 0.3000000119
94252  17.409  -68.745  25.467 0.3000000119
95001  14.973  -60.436  18.767 0.6000000238
95606  14.595  -64.073  10.237 0.5000000000
96304  16.276  -66.209  21.720 0.5000000000
96771  14.899  -49.493  12.716 0.3000000119
97180  19.370  -66.007  19.671 0.3000000119
97884  24.061  -63.322  8.084 0.5000000000
98177  18.160  -72.047  26.197 0.3000000119
99336  21.318  -69.293  10.177 0.6999999881
99387  15.406  -71.029  15.235 0.5000000000
99565  16.035  -50.769  20.313 0.3000000119
100800  22.554  -60.113  15.024 0.6000000238
101828  15.144  -52.762  12.085 0.4000000060
102974  15.647  -66.358  21.573 0.5000000000
102998  15.249  -49.497  13.111 0.3000000119
103848  18.733  -71.285  25.490 0.3000000119
104501  14.907  -66.972  22.644 0.5000000000
