#!ascii label  , from subject sub-v1s16x0051180_ses-1 vox2ras=TkReg
368
97215  -23.600  0.710  -26.321 0.0000000000
110055  -21.699  -3.722  -24.870 0.0000000000
95958  -27.376  -3.181  -25.738 0.0000000000
49937  -23.973  -7.122  -24.066 0.0000000000
110246  -19.652  15.193  -28.659 0.0000000000
110346  -21.947  10.168  -27.202 0.0000000000
103902  -19.684  4.663  -28.226 0.0000000000
96882  -22.672  -10.426  -21.430 0.0000000000
51787  -22.649  -5.441  -24.512 0.0000000000
50905  -20.761  -6.532  -22.910 0.0000000000
110347  -20.669  12.588  -27.731 0.0000000000
103857  -18.821  10.789  -28.602 0.0000000000
96021  -20.801  0.500  -26.841 0.0000000000
57679  -18.909  2.030  -26.083 0.0000000000
57709  -21.296  2.304  -27.866 0.0000000000
59977  -22.085  5.299  -27.646 0.0000000000
107478  -24.661  3.741  -26.236 0.0000000000
105730  -26.115  1.958  -25.704 0.0000000000
96011  -20.222  -1.726  -24.805 0.0000000000
95994  -22.754  -1.341  -26.335 0.0000000000
95980  -25.719  -0.827  -25.502 0.0000000000
110395  -24.318  -3.349  -25.502 0.0000000000
96279  -25.649  -5.780  -25.276 0.0000000000
49939  -27.194  -7.614  -24.410 0.0000000000
61412  -18.341  7.189  -28.171 0.0000000000
60679  -20.876  7.369  -27.900 0.0000000000
61401  -24.314  7.864  -26.299 0.0000000000
95924  -20.107  -8.207  -21.482 0.0000000000
48951  -23.056  -8.876  -22.567 0.0000000000
114412  -20.796  -5.875  -23.238 0.0000000000
50903  -19.779  -5.925  -22.295 0.0000000000
96474  -17.537  12.067  -29.756 0.0000000000
105388  -17.965  10.612  -28.472 0.0000000000
96479  -22.219  0.451  -27.198 0.0000000000
96386  -21.647  1.099  -27.495 0.0000000000
96663  -22.550  1.328  -27.186 0.0000000000
58468  -22.791  3.296  -27.085 0.0000000000
57695  -24.121  2.083  -26.245 0.0000000000
57696  -25.251  2.532  -25.887 0.0000000000
105662  -25.062  1.714  -25.779 0.0000000000
96366  -21.051  -2.436  -25.211 0.0000000000
96491  -21.171  -1.621  -25.733 0.0000000000
96590  -21.921  -2.328  -25.867 0.0000000000
96687  -23.399  -2.440  -25.898 0.0000000000
96443  -22.526  -3.512  -25.346 0.0000000000
50920  -22.898  -6.142  -24.250 0.0000000000
51788  -24.016  -5.544  -24.762 0.0000000000
50922  -24.673  -6.242  -24.691 0.0000000000
50934  -26.812  -6.367  -25.185 0.0000000000
49930  -25.413  -7.571  -24.156 0.0000000000
110337  -17.230  16.914  -29.468 0.0000000000
68411  -18.332  17.563  -28.503 0.0000000000
96871  -19.689  16.444  -28.289 0.0000000000
66799  -21.749  16.791  -26.398 0.0000000000
66022  -21.736  14.471  -26.502 0.0000000000
110110  -21.420  11.390  -27.358 0.0000000000
58453  -19.208  3.262  -27.237 0.0000000000
59180  -17.911  4.403  -26.503 0.0000000000
59973  -18.466  5.720  -27.705 0.0000000000
61423  -19.395  7.418  -28.489 0.0000000000
59987  -19.783  5.987  -28.507 0.0000000000
59979  -24.192  5.590  -26.562 0.0000000000
60681  -23.280  6.689  -26.871 0.0000000000
61402  -25.120  7.243  -26.054 0.0000000000
95960  -26.160  -1.650  -25.501 0.0000000000
95961  -26.879  -0.794  -25.616 0.0000000000
110177  -21.253  -10.475  -20.768 0.0000000000
95912  -22.181  -9.736  -21.749 0.0000000000
97032  -22.181  -8.956  -22.282 0.0000000000
96839  -23.144  -10.008  -21.873 0.0000000000
53330  -20.780  -3.985  -24.154 0.0000000000
52565  -21.740  -4.426  -24.552 0.0000000000
102177  -21.095  -4.807  -23.932 0.0000000000
51782  -22.065  -5.822  -24.097 0.0000000000
49927  -22.761  -7.461  -23.467 0.0000000000
96427  -18.536  15.138  -30.059 0.0000000000
110303  -19.960  14.041  -28.201 0.0000000000
96166  -18.898  12.848  -29.725 0.0000000000
96603  -19.330  11.930  -29.116 0.0000000000
96758  -20.663  10.485  -27.745 0.0000000000
96020  -20.290  0.224  -26.073 0.0000000000
96037  -20.121  0.978  -26.595 0.0000000000
57708  -20.566  2.444  -27.857 0.0000000000
58466  -20.456  3.315  -28.160 0.0000000000
59976  -21.222  4.901  -28.154 0.0000000000
102545  -21.967  3.579  -27.651 0.0000000000
59197  -23.277  4.616  -26.914 0.0000000000
59962  -24.880  5.054  -26.263 0.0000000000
59183  -25.990  4.110  -25.884 0.0000000000
97191  -23.554  -11.532  -20.960 0.0000000000
95898  -24.601  -10.732  -21.815 0.0000000000
95952  -21.019  -0.845  -26.050 0.0000000000
95979  -22.233  -0.898  -26.569 0.0000000000
95995  -22.685  -0.271  -26.753 0.0000000000
95985  -24.192  0.431  -25.857 0.0000000000
96407  -23.992  -1.253  -25.878 0.0000000000
95956  -24.765  -2.060  -25.639 0.0000000000
95969  -26.033  -3.190  -25.514 0.0000000000
112443  -23.675  -4.710  -25.063 0.0000000000
110359  -25.261  -4.358  -25.435 0.0000000000
110405  -26.404  -4.180  -25.531 0.0000000000
95957  -27.135  -5.533  -25.397 0.0000000000
106609  -28.237  -6.678  -25.053 0.0000000000
65296  -22.233  13.541  -26.459 0.0000000000
96534  -18.468  8.533  -28.414 0.0000000000
110369  -19.891  9.134  -28.130 0.0000000000
96399  -21.569  8.742  -27.616 0.0000000000
60680  -21.251  6.541  -27.888 0.0000000000
110233  -22.127  8.131  -27.422 0.0000000000
110128  -23.074  9.051  -26.855 0.0000000000
56232  -26.013  0.619  -25.543 0.0000000000
116257  -27.527  0.793  -25.929 0.0000000000
49917  -19.774  -6.631  -21.974 0.0000000000
49918  -20.355  -7.031  -22.402 0.0000000000
49920  -22.231  -8.127  -22.887 0.0000000000
48959  -24.292  -8.256  -23.374 0.0000000000
95907  -25.017  -10.075  -22.325 0.0000000000
48002  -24.985  -9.356  -22.760 0.0000000000
48960  -25.122  -8.326  -23.611 0.0000000000
96859  -17.221  10.467  -27.713 0.0000000000
96568  -22.962  0.551  -26.842 0.0000000000
56957  -23.402  1.305  -26.568 0.0000000000
110529  -23.211  1.933  -26.784 0.0000000000
56958  -24.197  1.222  -26.030 0.0000000000
110296  -20.933  -3.160  -24.682 0.0000000000
110336  -21.786  -3.059  -25.415 0.0000000000
110297  -22.639  -2.827  -25.831 0.0000000000
50921  -23.818  -6.385  -24.378 0.0000000000
49938  -24.621  -6.959  -24.311 0.0000000000
50923  -25.322  -6.749  -24.651 0.0000000000
110274  -18.823  16.298  -29.324 0.0000000000
110057  -18.161  17.251  -29.330 0.0000000000
66808  -20.394  15.896  -27.531 0.0000000000
66021  -20.590  14.561  -27.253 0.0000000000
96262  -21.962  10.852  -26.979 0.0000000000
110093  -22.697  11.101  -26.570 0.0000000000
110127  -23.430  10.572  -26.315 0.0000000000
110196  -22.591  10.328  -26.782 0.0000000000
59193  -19.668  3.771  -27.994 0.0000000000
59181  -18.805  4.097  -27.350 0.0000000000
116853  -19.281  4.324  -27.848 0.0000000000
59192  -18.814  4.876  -27.634 0.0000000000
59974  -19.281  5.445  -28.243 0.0000000000
113061  -19.961  5.328  -28.456 0.0000000000
59980  -24.919  5.819  -26.267 0.0000000000
60682  -24.373  6.414  -26.454 0.0000000000
96888  -26.812  -2.248  -25.615 0.0000000000
96894  -27.094  -1.616  -25.672 0.0000000000
104052  -27.767  -2.128  -25.902 0.0000000000
96463  -22.831  -11.015  -21.083 0.0000000000
96361  -22.059  -11.020  -20.764 0.0000000000
95919  -21.958  -10.360  -21.197 0.0000000000
95923  -21.257  -9.798  -21.309 0.0000000000
52560  -20.393  -4.495  -23.467 0.0000000000
50914  -21.477  -6.223  -23.519 0.0000000000
50915  -22.353  -6.594  -23.791 0.0000000000
49926  -21.743  -7.090  -23.276 0.0000000000
96567  -16.837  13.565  -30.233 0.0000000000
110056  -18.071  13.840  -30.307 0.0000000000
110398  -17.508  12.764  -30.368 0.0000000000
112819  -18.028  11.362  -29.061 0.0000000000
96425  -18.492  11.631  -29.317 0.0000000000
96149  -19.340  11.308  -28.686 0.0000000000
96150  -20.062  11.286  -28.284 0.0000000000
96735  -19.773  10.647  -28.229 0.0000000000
57693  -21.066  1.681  -27.738 0.0000000000
58467  -21.223  2.982  -28.067 0.0000000000
59195  -21.201  3.896  -28.031 0.0000000000
58456  -23.821  3.628  -26.584 0.0000000000
58469  -23.248  4.005  -26.888 0.0000000000
59198  -23.974  4.877  -26.597 0.0000000000
108053  -24.378  4.316  -26.401 0.0000000000
59182  -25.192  4.259  -26.098 0.0000000000
58457  -25.496  3.446  -25.945 0.0000000000
106230  -26.452  2.767  -25.814 0.0000000000
57697  -27.343  2.035  -25.811 0.0000000000
46088  -24.208  -12.101  -20.810 0.0000000000
54813  -20.069  -0.887  -25.167 0.0000000000
105367  -22.091  -1.624  -26.252 0.0000000000
95974  -21.651  -1.164  -26.290 0.0000000000
116622  -22.749  -0.835  -26.482 0.0000000000
110282  -23.279  -0.837  -26.253 0.0000000000
110248  -23.363  -1.676  -26.092 0.0000000000
95993  -24.291  -2.669  -25.631 0.0000000000
96551  -24.038  -1.958  -25.763 0.0000000000
96518  -25.099  -2.494  -25.572 0.0000000000
96620  -25.155  -3.121  -25.513 0.0000000000
52566  -22.648  -4.722  -24.814 0.0000000000
53335  -22.370  -4.063  -24.936 0.0000000000
51789  -24.902  -5.644  -25.042 0.0000000000
111453  -24.466  -5.089  -25.124 0.0000000000
95962  -25.249  -5.053  -25.345 0.0000000000
96656  -25.905  -4.584  -25.504 0.0000000000
95963  -26.661  -4.748  -25.494 0.0000000000
96914  -27.380  -4.732  -25.499 0.0000000000
50924  -26.598  -6.994  -24.698 0.0000000000
50925  -27.429  -6.893  -24.850 0.0000000000
49940  -28.199  -7.466  -24.558 0.0000000000
116143  -28.880  -7.539  -24.562 0.0000000000
96549  -19.871  13.188  -28.537 0.0000000000
65303  -20.624  13.449  -27.508 0.0000000000
104847  -21.519  12.833  -26.952 0.0000000000
96876  -19.221  1.301  -25.834 0.0000000000
60676  -17.240  6.629  -26.760 0.0000000000
61411  -17.558  7.284  -27.450 0.0000000000
96157  -17.706  9.025  -28.138 0.0000000000
96151  -17.826  8.043  -28.025 0.0000000000
61424  -20.030  7.452  -28.372 0.0000000000
96520  -19.441  8.203  -28.412 0.0000000000
96547  -20.577  8.328  -27.961 0.0000000000
110150  -20.894  9.450  -27.730 0.0000000000
110569  -21.384  7.975  -27.656 0.0000000000
110795  -21.611  5.786  -27.865 0.0000000000
116888  -22.193  5.844  -27.583 0.0000000000
61415  -23.455  7.648  -26.710 0.0000000000
61414  -22.632  7.428  -27.193 0.0000000000
62052  -22.875  8.283  -27.006 0.0000000000
98362  -23.668  8.452  -26.543 0.0000000000
96141  -24.542  8.611  -26.041 0.0000000000
96975  -25.111  -0.018  -25.549 0.0000000000
95981  -26.164  -0.124  -25.491 0.0000000000
95966  -27.094  0.267  -25.673 0.0000000000
95936  -20.046  -7.391  -21.919 0.0000000000
96378  -20.700  -8.007  -22.103 0.0000000000
48958  -23.363  -8.229  -23.106 0.0000000000
48952  -24.120  -8.899  -22.737 0.0000000000
48011  -25.559  -9.077  -23.242 0.0000000000
51780  -20.465  -5.201  -23.223 0.0000000000
51770  -19.779  -5.295  -22.584 0.0000000000
50904  -20.242  -5.872  -22.760 0.0000000000
105263  -20.121  -6.360  -22.488 0.0000000000
110117  -16.817  12.799  -29.876 0.0000000000
110330  -16.854  12.088  -28.847 0.0000000000
110335  -21.444  0.439  -27.157 0.0000000000
57694  -21.841  1.867  -27.630 0.0000000000
57710  -21.940  2.705  -27.613 0.0000000000
58454  -22.622  2.289  -27.189 0.0000000000
58455  -23.487  2.706  -26.675 0.0000000000
100502  -24.467  3.030  -26.261 0.0000000000
105773  -25.811  1.319  -25.634 0.0000000000
110186  -20.151  -2.432  -24.393 0.0000000000
96001  -22.703  -2.084  -26.141 0.0000000000
110098  -23.453  -3.252  -25.577 0.0000000000
113836  -23.314  -5.729  -24.539 0.0000000000
99842  -23.225  -5.211  -24.773 0.0000000000
51790  -25.311  -6.189  -24.986 0.0000000000
111596  -26.317  -5.914  -25.347 0.0000000000
50933  -25.962  -6.473  -25.061 0.0000000000
99744  -25.911  -7.086  -24.580 0.0000000000
49931  -26.335  -7.681  -24.287 0.0000000000
96657  -16.619  16.533  -28.524 0.0000000000
68418  -18.642  17.491  -28.822 0.0000000000
112447  -20.806  16.732  -26.895 0.0000000000
66023  -22.758  14.351  -25.995 0.0000000000
96492  -20.828  11.902  -27.891 0.0000000000
113032  -22.005  12.159  -26.769 0.0000000000
110126  -21.982  11.531  -26.853 0.0000000000
111091  -17.465  4.015  -25.769 0.0000000000
110581  -17.654  5.247  -26.640 0.0000000000
60677  -18.237  6.529  -27.827 0.0000000000
60690  -18.864  6.833  -28.434 0.0000000000
60678  -18.985  6.176  -28.381 0.0000000000
60691  -19.510  6.777  -28.511 0.0000000000
60692  -20.358  6.627  -28.308 0.0000000000
111245  -23.407  5.320  -26.882 0.0000000000
59978  -22.800  5.803  -27.270 0.0000000000
59989  -23.593  5.968  -26.809 0.0000000000
60666  -24.090  7.172  -26.482 0.0000000000
95970  -27.884  -1.285  -26.043 0.0000000000
98141  -20.603  -9.101  -21.341 0.0000000000
116068  -20.693  -8.614  -21.696 0.0000000000
97208  -21.311  -8.983  -21.854 0.0000000000
95913  -22.826  -9.426  -22.143 0.0000000000
95914  -23.593  -9.492  -22.285 0.0000000000
51786  -21.892  -5.139  -24.356 0.0000000000
51781  -21.297  -5.498  -23.723 0.0000000000
50916  -23.239  -6.916  -23.990 0.0000000000
110415  -16.501  15.518  -28.745 0.0000000000
110338  -16.839  15.519  -29.723 0.0000000000
96291  -17.660  16.214  -30.021 0.0000000000
96456  -19.225  14.061  -29.561 0.0000000000
110271  -18.302  12.216  -29.904 0.0000000000
110076  -19.975  12.342  -28.573 0.0000000000
96507  -20.243  11.766  -28.345 0.0000000000
96161  -20.798  11.288  -27.768 0.0000000000
113644  -21.380  10.065  -27.472 0.0000000000
96033  -19.677  1.662  -26.648 0.0000000000
56956  -20.891  1.023  -27.360 0.0000000000
96022  -20.358  1.674  -27.337 0.0000000000
57692  -19.648  2.388  -27.128 0.0000000000
57707  -19.907  2.989  -27.846 0.0000000000
59194  -20.428  4.208  -28.292 0.0000000000
59975  -20.414  4.948  -28.396 0.0000000000
59196  -21.979  4.469  -27.691 0.0000000000
110549  -22.665  4.159  -27.277 0.0000000000
101397  -22.706  4.958  -27.293 0.0000000000
59963  -25.747  5.600  -26.032 0.0000000000
106572  -25.886  4.805  -25.928 0.0000000000
59184  -26.904  4.396  -25.860 0.0000000000
96658  -28.093  -3.487  -25.842 0.0000000000
95911  -23.602  -10.767  -21.527 0.0000000000
96002  -20.379  -0.408  -25.746 0.0000000000
96012  -21.093  -0.163  -26.553 0.0000000000
96003  -21.614  -0.678  -26.536 0.0000000000
96004  -21.917  -0.237  -26.963 0.0000000000
96647  -23.422  0.013  -26.332 0.0000000000
96486  -24.092  -0.423  -25.834 0.0000000000
110249  -24.759  -0.936  -25.607 0.0000000000
110352  -24.549  -1.562  -25.669 0.0000000000
95959  -25.221  -1.526  -25.551 0.0000000000
95973  -25.422  -2.061  -25.535 0.0000000000
97808  -25.916  -2.524  -25.497 0.0000000000
96764  -26.681  -2.900  -25.612 0.0000000000
96539  -23.101  -4.025  -25.200 0.0000000000
96298  -23.969  -3.931  -25.335 0.0000000000
95972  -24.552  -4.499  -25.287 0.0000000000
96284  -24.816  -3.835  -25.442 0.0000000000
96506  -25.750  -3.833  -25.510 0.0000000000
100466  -26.669  -3.582  -25.570 0.0000000000
95955  -27.425  -3.707  -25.650 0.0000000000
95951  -27.968  -4.207  -25.641 0.0000000000
95948  -28.114  -5.030  -25.500 0.0000000000
113585  -27.551  -6.285  -25.215 0.0000000000
50935  -28.202  -5.875  -25.335 0.0000000000
65295  -21.333  13.724  -26.893 0.0000000000
64587  -22.550  12.695  -26.445 0.0000000000
96152  -17.213  9.515  -27.494 0.0000000000
97048  -17.776  9.830  -28.141 0.0000000000
96156  -18.515  9.970  -28.375 0.0000000000
61422  -18.803  7.580  -28.460 0.0000000000
110147  -18.953  9.138  -28.402 0.0000000000
96724  -19.362  9.937  -28.244 0.0000000000
96142  -20.140  9.919  -27.957 0.0000000000
96325  -21.826  9.497  -27.461 0.0000000000
59988  -20.684  5.719  -28.328 0.0000000000
103659  -22.238  6.478  -27.486 0.0000000000
61413  -21.761  7.322  -27.570 0.0000000000
110112  -22.368  8.910  -27.331 0.0000000000
110021  -22.503  9.615  -27.081 0.0000000000
96330  -23.241  9.779  -26.578 0.0000000000
96836  -25.036  0.923  -25.657 0.0000000000
56959  -26.866  1.198  -25.655 0.0000000000
95927  -21.538  -8.335  -22.356 0.0000000000
49919  -21.205  -7.482  -22.656 0.0000000000
49928  -23.698  -7.613  -23.655 0.0000000000
95906  -24.064  -10.120  -22.029 0.0000000000
100141  -24.369  -9.608  -22.435 0.0000000000
115782  -24.860  -8.767  -23.123 0.0000000000
49929  -24.523  -7.642  -23.862 0.0000000000
101410  -26.121  -8.487  -23.718 0.0000000000
45118  -24.799  -12.643  -20.730 0.0000000000
50926  -28.939  -7.072  -24.862 0.0000000000
55491  -20.036  -0.514  -25.366 0.0000000000
56233  -28.141  0.431  -26.250 0.0000000000
58470  -23.739  4.295  -26.661 0.0000000000
60698  -19.144  7.106  -28.508 0.0000000000
68400  -17.707  17.500  -27.457 0.0000000000
96165  -19.003  17.140  -28.689 0.0000000000
96169  -16.860  16.226  -29.470 0.0000000000
97125  -18.220  9.274  -28.377 0.0000000000
99921  -27.075  -4.179  -25.535 0.0000000000
100349  -26.136  -5.287  -25.444 0.0000000000
110020  -21.436  12.020  -27.309 0.0000000000
110111  -21.397  10.719  -27.403 0.0000000000
110285  -29.496  -7.498  -24.522 0.0000000000
110376  -22.368  -10.694  -21.124 0.0000000000
112449  -27.336  -2.663  -25.759 0.0000000000
115682  -18.347  4.667  -27.049 0.0000000000
