#!ascii label  , from subject sub-v1s16x0051180_ses-1 vox2ras=TkReg
575
51626  18.398  -10.451  -21.478 0.0000000000
56942  26.491  -3.463  -24.520 0.0000000000
106618  22.545  8.323  -26.113 0.0000000000
95326  18.826  3.515  -24.843 0.0000000000
97270  20.070  -15.988  -19.611 0.0000000000
49048  23.909  -13.796  -21.973 0.0000000000
54015  21.985  -7.168  -23.162 0.0000000000
58397  19.883  -1.552  -25.523 0.0000000000
95384  24.851  2.301  -24.160 0.0000000000
63376  25.807  4.504  -30.256 0.0000000000
68214  20.554  12.633  -31.277 0.0000000000
49038  18.982  -13.389  -20.338 0.0000000000
48219  22.029  -14.731  -20.695 0.0000000000
50882  21.182  -11.286  -21.349 0.0000000000
56935  18.185  -3.704  -23.309 0.0000000000
59067  17.200  -0.671  -22.687 0.0000000000
94780  20.664  5.482  -25.221 0.0000000000
108481  21.491  2.721  -25.105 0.0000000000
95325  24.301  5.837  -24.449 0.0000000000
62725  26.297  4.704  -26.155 0.0000000000
112523  25.665  7.142  -26.110 0.0000000000
68706  21.370  14.966  -27.584 0.0000000000
68206  18.881  14.008  -27.574 0.0000000000
69666  21.980  16.716  -31.007 0.0000000000
56164  24.085  -4.973  -23.486 0.0000000000
53997  25.490  -8.699  -23.958 0.0000000000
106140  27.030  -7.966  -26.122 0.0000000000
65335  19.801  8.284  -26.706 0.0000000000
58394  27.143  -2.537  -28.122 0.0000000000
53250  17.522  -8.151  -21.589 0.0000000000
97809  20.015  -9.020  -22.724 0.0000000000
54741  19.181  -6.592  -23.533 0.0000000000
56181  20.785  -4.363  -24.623 0.0000000000
57665  23.168  -2.599  -23.971 0.0000000000
59769  18.881  0.950  -25.241 0.0000000000
109275  22.710  0.199  -24.382 0.0000000000
59086  25.628  -0.219  -23.958 0.0000000000
60498  26.587  0.978  -26.902 0.0000000000
66526  18.849  10.736  -28.464 0.0000000000
67100  21.723  10.349  -28.116 0.0000000000
68224  22.705  14.502  -32.628 0.0000000000
67660  23.937  12.278  -29.172 0.0000000000
66506  24.916  10.141  -27.286 0.0000000000
65388  25.363  7.704  -30.316 0.0000000000
52452  23.203  -10.098  -21.851 0.0000000000
115288  17.318  -10.098  -20.590 0.0000000000
50862  17.155  -11.486  -20.075 0.0000000000
50871  18.615  -11.983  -20.962 0.0000000000
49977  19.967  -12.170  -21.048 0.0000000000
95676  20.195  -11.258  -21.441 0.0000000000
64639  22.018  7.595  -25.559 0.0000000000
95001  22.217  5.621  -24.756 0.0000000000
95307  22.882  6.973  -25.041 0.0000000000
64009  24.918  6.493  -24.747 0.0000000000
65331  24.573  8.108  -25.867 0.0000000000
69660  22.840  17.935  -28.469 0.0000000000
69173  20.912  16.110  -29.683 0.0000000000
70149  22.851  19.344  -30.224 0.0000000000
56176  25.766  -4.630  -23.966 0.0000000000
55423  25.826  -6.122  -24.205 0.0000000000
56175  26.581  -5.088  -24.873 0.0000000000
98027  19.946  7.727  -25.464 0.0000000000
65336  19.070  8.220  -26.256 0.0000000000
101678  18.653  -14.883  -19.274 0.0000000000
46488  19.595  -16.438  -19.221 0.0000000000
45592  21.010  -18.074  -19.103 0.0000000000
46486  22.029  -17.316  -19.583 0.0000000000
48218  23.187  -14.994  -21.165 0.0000000000
47339  23.698  -16.000  -20.345 0.0000000000
54726  18.212  -6.920  -22.559 0.0000000000
54743  18.127  -6.129  -22.626 0.0000000000
57668  18.794  -2.785  -24.503 0.0000000000
102453  19.503  -3.651  -24.792 0.0000000000
56959  20.056  -2.854  -25.361 0.0000000000
100938  21.792  -3.032  -24.748 0.0000000000
57667  21.617  -2.195  -24.891 0.0000000000
60473  17.510  1.331  -23.493 0.0000000000
61307  19.055  2.643  -25.278 0.0000000000
108624  22.954  2.596  -24.409 0.0000000000
60491  21.636  1.750  -25.002 0.0000000000
95170  23.490  1.766  -24.240 0.0000000000
106249  23.690  0.274  -23.983 0.0000000000
113603  24.953  0.889  -23.913 0.0000000000
59752  26.516  0.518  -25.006 0.0000000000
107332  26.330  2.009  -25.027 0.0000000000
63369  26.119  4.988  -27.898 0.0000000000
62037  26.257  3.145  -28.546 0.0000000000
68216  18.993  13.943  -29.941 0.0000000000
67665  18.777  12.763  -28.152 0.0000000000
67120  19.798  11.771  -29.668 0.0000000000
67107  20.374  10.236  -29.228 0.0000000000
67111  20.883  11.041  -29.404 0.0000000000
67103  24.577  11.391  -28.262 0.0000000000
66524  25.433  10.444  -28.548 0.0000000000
100596  25.479  8.738  -29.107 0.0000000000
54002  20.840  -8.037  -23.163 0.0000000000
102378  21.640  -9.479  -22.069 0.0000000000
53260  22.579  -8.213  -22.477 0.0000000000
52477  26.529  -10.276  -25.043 0.0000000000
110704  25.665  -11.118  -24.301 0.0000000000
49027  18.090  -13.613  -19.792 0.0000000000
48221  19.626  -14.249  -19.931 0.0000000000
47357  20.785  -15.103  -20.141 0.0000000000
49037  20.291  -13.708  -20.371 0.0000000000
49960  22.142  -13.120  -20.916 0.0000000000
49975  22.615  -12.339  -21.248 0.0000000000
103637  17.551  -2.936  -22.414 0.0000000000
105965  17.953  -1.955  -23.613 0.0000000000
58387  18.670  -1.339  -24.695 0.0000000000
94781  20.195  5.028  -25.134 0.0000000000
108540  19.941  3.604  -25.446 0.0000000000
108480  20.825  4.635  -25.260 0.0000000000
94779  22.238  4.075  -24.729 0.0000000000
95142  24.192  3.860  -24.303 0.0000000000
62015  26.028  3.229  -24.710 0.0000000000
62715  25.878  4.893  -24.998 0.0000000000
63361  26.047  5.642  -25.575 0.0000000000
64028  25.869  6.207  -28.068 0.0000000000
68697  20.148  14.249  -26.074 0.0000000000
68711  19.946  14.883  -28.250 0.0000000000
69177  19.865  15.762  -30.144 0.0000000000
69181  20.004  15.443  -30.779 0.0000000000
54737  23.225  -6.394  -23.154 0.0000000000
53999  23.321  -7.722  -22.611 0.0000000000
54736  24.367  -6.487  -23.207 0.0000000000
54013  25.826  -8.019  -24.670 0.0000000000
94796  19.109  4.917  -24.292 0.0000000000
95341  20.096  5.955  -25.145 0.0000000000
109484  20.540  7.499  -25.473 0.0000000000
65333  21.391  8.390  -26.321 0.0000000000
99515  22.543  -16.742  -20.040 0.0000000000
57661  26.949  -2.619  -25.689 0.0000000000
56174  27.848  -5.147  -27.098 0.0000000000
52457  17.710  -9.112  -21.499 0.0000000000
51638  18.939  -9.923  -22.006 0.0000000000
53263  18.698  -8.534  -22.488 0.0000000000
54018  19.622  -7.350  -23.431 0.0000000000
54739  20.888  -6.500  -23.783 0.0000000000
102921  18.543  -5.051  -23.345 0.0000000000
55442  19.705  -5.178  -24.352 0.0000000000
55427  21.050  -5.613  -24.121 0.0000000000
115140  22.154  -4.404  -23.956 0.0000000000
56945  23.317  -3.305  -23.681 0.0000000000
57664  24.722  -2.804  -23.577 0.0000000000
59744  17.928  0.336  -23.921 0.0000000000
106799  19.254  0.120  -25.455 0.0000000000
95043  20.316  2.204  -25.552 0.0000000000
59767  20.435  0.634  -25.586 0.0000000000
59098  21.162  -0.606  -25.253 0.0000000000
102663  22.476  -0.588  -24.463 0.0000000000
58384  24.710  -1.498  -23.682 0.0000000000
58383  25.904  -1.763  -23.988 0.0000000000
59084  26.802  -1.304  -25.445 0.0000000000
59107  26.760  -0.848  -27.324 0.0000000000
61305  26.423  2.696  -26.293 0.0000000000
66511  19.105  9.021  -28.348 0.0000000000
107306  20.428  8.605  -27.938 0.0000000000
65960  22.181  9.376  -26.951 0.0000000000
69184  22.477  15.848  -32.814 0.0000000000
111365  21.919  13.757  -31.317 0.0000000000
67684  22.970  13.315  -31.043 0.0000000000
114806  22.168  12.764  -30.336 0.0000000000
67656  22.572  11.851  -28.711 0.0000000000
67098  23.267  10.677  -27.379 0.0000000000
65948  23.845  8.840  -26.925 0.0000000000
65346  25.303  8.472  -26.889 0.0000000000
64681  25.747  7.770  -28.021 0.0000000000
64037  25.427  6.018  -30.101 0.0000000000
52455  20.550  -10.024  -22.030 0.0000000000
51623  21.667  -10.632  -21.561 0.0000000000
50880  23.250  -11.769  -21.578 0.0000000000
110281  24.349  -9.536  -22.629 0.0000000000
51635  25.155  -11.465  -23.635 0.0000000000
51610  17.082  -10.599  -20.120 0.0000000000
50885  17.685  -10.844  -20.814 0.0000000000
50872  17.922  -11.771  -20.694 0.0000000000
50884  18.530  -11.292  -21.238 0.0000000000
50883  19.285  -11.678  -21.277 0.0000000000
51625  19.336  -10.730  -21.705 0.0000000000
64638  23.508  7.676  -25.496 0.0000000000
65332  23.818  8.453  -26.194 0.0000000000
69662  22.409  18.085  -29.578 0.0000000000
96987  26.315  -4.237  -24.444 0.0000000000
47343  19.346  -15.543  -19.360 0.0000000000
113495  19.100  -15.966  -19.020 0.0000000000
45606  20.067  -17.187  -19.266 0.0000000000
46487  20.430  -16.713  -19.574 0.0000000000
45604  21.346  -17.590  -19.405 0.0000000000
101773  21.222  -17.051  -19.764 0.0000000000
49035  23.136  -14.021  -21.360 0.0000000000
48217  23.898  -15.284  -21.301 0.0000000000
49034  24.079  -14.619  -21.728 0.0000000000
49033  24.722  -14.392  -21.927 0.0000000000
54727  17.634  -6.597  -21.930 0.0000000000
55418  17.687  -5.662  -22.073 0.0000000000
57677  18.994  -2.120  -24.933 0.0000000000
56949  19.410  -2.893  -25.072 0.0000000000
57675  20.306  -2.125  -25.403 0.0000000000
56958  20.894  -2.816  -25.207 0.0000000000
57674  20.933  -1.972  -25.230 0.0000000000
61294  18.381  2.905  -24.472 0.0000000000
94778  23.936  2.458  -24.195 0.0000000000
60483  24.311  1.823  -24.021 0.0000000000
59755  24.182  1.083  -23.917 0.0000000000
60482  25.155  1.477  -24.061 0.0000000000
60481  26.155  1.360  -24.623 0.0000000000
106981  25.702  2.110  -24.405 0.0000000000
62733  25.917  4.213  -29.323 0.0000000000
108727  26.102  3.512  -29.465 0.0000000000
67686  19.293  13.306  -30.864 0.0000000000
67677  19.533  12.620  -30.035 0.0000000000
67676  20.098  11.871  -30.566 0.0000000000
67119  20.429  11.570  -29.875 0.0000000000
67675  20.582  11.850  -30.865 0.0000000000
67109  25.108  11.264  -29.020 0.0000000000
65991  25.103  9.387  -31.273 0.0000000000
65983  25.475  9.633  -29.494 0.0000000000
54016  21.231  -7.284  -23.354 0.0000000000
54001  21.679  -7.936  -22.860 0.0000000000
54000  22.433  -7.578  -22.771 0.0000000000
52464  26.567  -10.671  -24.616 0.0000000000
52465  26.153  -11.053  -24.617 0.0000000000
112947  18.194  -13.142  -20.169 0.0000000000
48207  18.762  -14.202  -19.705 0.0000000000
48220  20.350  -14.512  -20.096 0.0000000000
111974  20.758  -11.875  -21.040 0.0000000000
49961  20.869  -12.757  -20.697 0.0000000000
49976  21.612  -12.069  -20.989 0.0000000000
58366  17.296  -1.521  -22.622 0.0000000000
58376  17.576  -1.388  -23.238 0.0000000000
58375  18.111  -1.301  -23.950 0.0000000000
108448  23.244  5.272  -24.460 0.0000000000
108541  22.457  4.825  -24.640 0.0000000000
95138  23.237  4.291  -24.417 0.0000000000
94788  24.170  4.807  -24.345 0.0000000000
95287  25.074  4.398  -24.463 0.0000000000
62716  24.999  5.180  -24.466 0.0000000000
64008  25.594  6.501  -25.275 0.0000000000
64019  26.071  6.245  -26.277 0.0000000000
64018  26.101  5.831  -27.371 0.0000000000
64658  26.069  6.819  -26.962 0.0000000000
68701  22.244  14.806  -27.209 0.0000000000
68702  21.214  14.492  -26.890 0.0000000000
68703  20.296  14.589  -26.691 0.0000000000
68707  20.006  14.749  -27.077 0.0000000000
69171  20.550  14.982  -27.827 0.0000000000
69663  21.863  16.824  -30.053 0.0000000000
69176  20.853  15.958  -30.428 0.0000000000
69180  21.370  15.670  -31.318 0.0000000000
55425  23.597  -5.689  -23.362 0.0000000000
55424  24.806  -5.848  -23.464 0.0000000000
54734  26.287  -7.241  -25.212 0.0000000000
101774  26.468  -8.244  -25.659 0.0000000000
99932  26.364  -8.899  -25.484 0.0000000000
95082  19.527  5.670  -24.560 0.0000000000
94792  19.800  5.441  -24.873 0.0000000000
94797  19.730  6.325  -24.858 0.0000000000
64641  20.274  8.151  -26.036 0.0000000000
64640  20.961  7.960  -25.895 0.0000000000
65334  20.500  8.480  -26.705 0.0000000000
47356  21.584  -15.364  -20.384 0.0000000000
47341  22.104  -16.175  -20.323 0.0000000000
46472  23.472  -16.630  -19.138 0.0000000000
107577  27.445  -3.241  -27.345 0.0000000000
52458  17.148  -8.550  -20.998 0.0000000000
52472  18.057  -8.653  -22.007 0.0000000000
53264  18.044  -8.111  -22.180 0.0000000000
54742  18.592  -6.538  -23.076 0.0000000000
54019  18.857  -7.201  -23.102 0.0000000000
54017  20.438  -7.351  -23.502 0.0000000000
54740  19.974  -6.618  -23.822 0.0000000000
56168  18.151  -4.504  -22.914 0.0000000000
56167  18.616  -4.428  -23.728 0.0000000000
56182  19.992  -4.427  -24.688 0.0000000000
55441  20.469  -5.082  -24.427 0.0000000000
55440  21.130  -4.936  -24.321 0.0000000000
56166  21.848  -5.157  -23.954 0.0000000000
56180  21.512  -4.386  -24.339 0.0000000000
56946  22.547  -3.159  -24.211 0.0000000000
56944  24.264  -3.471  -23.533 0.0000000000
101152  24.016  -2.148  -23.647 0.0000000000
59757  18.277  1.122  -24.412 0.0000000000
100554  18.616  0.223  -24.790 0.0000000000
94991  20.624  3.058  -25.425 0.0000000000
61306  19.805  2.860  -25.519 0.0000000000
108486  20.981  2.240  -25.325 0.0000000000
59765  22.163  0.909  -24.689 0.0000000000
59766  21.312  0.815  -25.186 0.0000000000
102260  21.035  0.099  -25.412 0.0000000000
59089  21.773  0.004  -24.831 0.0000000000
59090  21.797  -0.810  -24.795 0.0000000000
59087  24.285  -0.600  -23.741 0.0000000000
105703  25.405  -0.976  -23.846 0.0000000000
59085  26.418  -0.891  -24.492 0.0000000000
58382  26.745  -1.806  -24.963 0.0000000000
59764  26.554  0.199  -26.300 0.0000000000
59776  26.620  -0.168  -27.951 0.0000000000
59775  26.842  -1.091  -28.807 0.0000000000
62714  26.235  4.172  -25.597 0.0000000000
62025  26.280  3.437  -25.491 0.0000000000
62030  26.388  3.615  -26.685 0.0000000000
68705  19.252  14.322  -26.677 0.0000000000
105426  18.703  13.051  -27.118 0.0000000000
67114  18.813  11.674  -28.420 0.0000000000
67108  18.405  11.407  -27.630 0.0000000000
66520  18.253  10.503  -27.674 0.0000000000
65969  18.165  9.540  -27.631 0.0000000000
65963  18.551  8.784  -27.422 0.0000000000
66519  18.876  9.824  -28.539 0.0000000000
66517  20.822  9.635  -28.662 0.0000000000
66510  20.121  8.816  -28.632 0.0000000000
65961  21.238  9.117  -27.314 0.0000000000
66509  21.671  9.778  -27.620 0.0000000000
69183  22.940  16.279  -32.867 0.0000000000
68722  22.431  15.131  -32.882 0.0000000000
68723  21.802  15.337  -32.484 0.0000000000
68718  21.891  14.505  -32.242 0.0000000000
67110  24.447  12.115  -29.615 0.0000000000
67672  23.759  12.809  -30.812 0.0000000000
67673  23.373  12.783  -30.213 0.0000000000
67674  22.832  12.869  -30.008 0.0000000000
67661  23.236  12.371  -29.011 0.0000000000
67662  22.217  12.237  -29.605 0.0000000000
66516  25.066  10.681  -27.599 0.0000000000
67097  24.328  10.748  -27.475 0.0000000000
66507  23.830  9.880  -27.263 0.0000000000
65959  23.358  9.246  -27.060 0.0000000000
65958  24.351  9.180  -27.251 0.0000000000
65347  24.747  8.567  -26.566 0.0000000000
100271  24.981  8.924  -27.175 0.0000000000
109305  25.590  8.054  -28.898 0.0000000000
64682  25.536  7.138  -29.425 0.0000000000
64036  25.722  6.659  -28.693 0.0000000000
64687  25.144  6.422  -31.020 0.0000000000
52470  19.252  -9.248  -22.457 0.0000000000
51637  19.868  -9.852  -22.230 0.0000000000
52468  22.456  -9.393  -21.996 0.0000000000
52453  22.118  -10.001  -21.752 0.0000000000
51622  22.733  -10.781  -21.576 0.0000000000
53998  24.555  -8.077  -22.850 0.0000000000
53259  23.729  -8.664  -22.461 0.0000000000
53258  24.971  -9.217  -23.161 0.0000000000
51634  25.865  -11.709  -24.256 0.0000000000
50889  25.551  -12.228  -23.747 0.0000000000
51620  24.884  -12.416  -23.305 0.0000000000
49964  18.246  -12.584  -20.497 0.0000000000
49963  19.133  -12.467  -20.856 0.0000000000
49962  19.836  -12.895  -20.655 0.0000000000
94793  21.159  7.066  -25.368 0.0000000000
94785  21.249  5.982  -25.166 0.0000000000
108478  22.015  6.569  -25.066 0.0000000000
95033  23.102  6.192  -24.607 0.0000000000
64010  23.963  6.769  -24.790 0.0000000000
64637  24.845  7.326  -25.351 0.0000000000
64636  25.254  8.025  -26.161 0.0000000000
69169  22.506  16.128  -27.531 0.0000000000
69658  22.446  16.838  -28.228 0.0000000000
69170  21.434  15.818  -28.507 0.0000000000
69661  21.995  16.853  -29.121 0.0000000000
69665  22.347  18.128  -30.693 0.0000000000
56163  25.236  -5.203  -23.688 0.0000000000
55439  26.041  -5.433  -24.317 0.0000000000
55438  26.647  -6.185  -25.318 0.0000000000
64642  19.622  8.113  -25.953 0.0000000000
47345  17.979  -14.987  -18.779 0.0000000000
47344  18.648  -15.547  -18.928 0.0000000000
46475  18.717  -16.369  -18.617 0.0000000000
44683  21.296  -18.270  -18.475 0.0000000000
45591  21.686  -17.815  -18.957 0.0000000000
47355  22.596  -15.550  -20.668 0.0000000000
47354  23.495  -15.663  -20.877 0.0000000000
53988  17.325  -7.339  -21.400 0.0000000000
54005  17.759  -7.451  -22.032 0.0000000000
55430  18.673  -5.835  -23.399 0.0000000000
56950  18.732  -3.603  -24.226 0.0000000000
115698  19.098  -3.240  -24.678 0.0000000000
113632  19.825  -3.258  -25.180 0.0000000000
56948  20.336  -3.604  -25.042 0.0000000000
56947  21.235  -3.674  -24.779 0.0000000000
57666  22.418  -2.403  -24.470 0.0000000000
61283  17.873  2.140  -24.009 0.0000000000
60484  18.592  1.882  -24.920 0.0000000000
108488  22.169  3.170  -24.728 0.0000000000
94992  22.154  2.383  -24.753 0.0000000000
108489  22.576  1.721  -24.574 0.0000000000
59756  23.114  0.984  -24.305 0.0000000000
59754  24.740  0.344  -23.852 0.0000000000
59753  25.755  0.648  -24.163 0.0000000000
103540  26.406  -0.043  -24.548 0.0000000000
60490  26.487  1.212  -25.547 0.0000000000
111507  26.245  4.245  -27.761 0.0000000000
68712  19.205  14.604  -28.782 0.0000000000
68210  19.040  13.412  -28.913 0.0000000000
67664  19.163  12.191  -29.141 0.0000000000
67113  19.311  11.189  -29.096 0.0000000000
66525  19.466  10.286  -29.098 0.0000000000
67112  19.961  10.980  -29.465 0.0000000000
67106  21.345  10.516  -28.898 0.0000000000
67654  23.782  11.923  -28.364 0.0000000000
67102  25.258  10.836  -27.969 0.0000000000
66515  25.297  10.163  -27.581 0.0000000000
65975  25.481  9.526  -28.229 0.0000000000
96258  20.563  -8.652  -22.887 0.0000000000
52469  20.833  -9.330  -22.439 0.0000000000
98723  21.125  -8.583  -22.790 0.0000000000
53261  21.829  -8.792  -22.347 0.0000000000
115726  22.757  -8.851  -22.221 0.0000000000
53257  25.723  -10.166  -24.455 0.0000000000
48208  17.956  -14.286  -19.239 0.0000000000
48206  19.301  -14.790  -19.585 0.0000000000
48205  20.068  -15.155  -19.787 0.0000000000
47342  21.000  -16.050  -19.984 0.0000000000
96642  21.062  -14.499  -20.342 0.0000000000
49036  21.439  -13.780  -20.596 0.0000000000
102648  22.373  -14.129  -20.929 0.0000000000
49049  23.055  -13.190  -21.411 0.0000000000
106159  17.792  -3.097  -22.926 0.0000000000
57657  17.568  -2.255  -22.971 0.0000000000
57656  18.209  -2.774  -23.670 0.0000000000
105564  18.445  -2.044  -24.236 0.0000000000
58398  19.287  -1.414  -25.265 0.0000000000
94783  19.704  4.451  -25.121 0.0000000000
94794  19.369  3.562  -25.218 0.0000000000
108469  20.429  4.090  -25.347 0.0000000000
109701  21.334  3.789  -25.175 0.0000000000
95449  21.525  4.891  -25.034 0.0000000000
108508  22.926  3.500  -24.441 0.0000000000
110691  23.648  3.188  -24.329 0.0000000000
105006  24.525  3.036  -24.315 0.0000000000
61293  25.437  2.824  -24.412 0.0000000000
95301  25.224  3.575  -24.461 0.0000000000
62704  25.918  3.995  -24.855 0.0000000000
63353  25.410  5.843  -24.715 0.0000000000
63360  26.263  5.325  -26.751 0.0000000000
104879  25.857  5.183  -28.720 0.0000000000
97443  20.286  15.548  -29.052 0.0000000000
69174  19.452  15.272  -29.626 0.0000000000
68716  18.991  14.884  -30.117 0.0000000000
68720  19.551  14.536  -31.099 0.0000000000
68215  20.204  13.736  -31.340 0.0000000000
54738  22.298  -6.515  -23.363 0.0000000000
54725  22.829  -7.028  -22.900 0.0000000000
54724  23.910  -7.120  -22.861 0.0000000000
54014  25.072  -7.467  -23.366 0.0000000000
54735  25.479  -6.823  -23.851 0.0000000000
53271  26.145  -9.479  -25.120 0.0000000000
95246  19.108  4.289  -24.753 0.0000000000
112251  19.484  4.997  -24.683 0.0000000000
104208  20.072  6.943  -25.179 0.0000000000
95498  20.572  6.492  -25.255 0.0000000000
108716  21.794  -16.765  -20.065 0.0000000000
47340  22.992  -16.189  -20.450 0.0000000000
56957  27.116  -3.438  -25.779 0.0000000000
56941  27.128  -4.486  -25.689 0.0000000000
56956  27.683  -4.309  -27.273 0.0000000000
52444  17.232  -9.371  -20.794 0.0000000000
51627  17.704  -9.969  -21.187 0.0000000000
52456  18.249  -9.757  -21.666 0.0000000000
53262  19.464  -8.621  -22.795 0.0000000000
54004  18.451  -7.703  -22.586 0.0000000000
54003  19.194  -7.972  -23.010 0.0000000000
53272  20.029  -8.209  -23.200 0.0000000000
101058  21.610  -6.702  -23.508 0.0000000000
55431  18.150  -5.311  -22.727 0.0000000000
56183  19.217  -4.442  -24.366 0.0000000000
55443  19.017  -5.163  -23.929 0.0000000000
55429  19.455  -5.893  -23.941 0.0000000000
55428  20.247  -5.835  -24.147 0.0000000000
96011  21.707  -6.059  -23.767 0.0000000000
55426  22.574  -5.777  -23.531 0.0000000000
56165  22.911  -4.842  -23.589 0.0000000000
110004  21.980  -3.759  -24.328 0.0000000000
56179  22.719  -3.905  -23.780 0.0000000000
56178  23.631  -4.105  -23.536 0.0000000000
56177  24.707  -4.306  -23.573 0.0000000000
56943  25.460  -3.630  -23.755 0.0000000000
57663  25.775  -2.702  -23.862 0.0000000000
59745  17.197  0.474  -22.949 0.0000000000
59077  17.675  -0.533  -23.538 0.0000000000
59091  18.332  -0.540  -24.355 0.0000000000
59101  18.941  -0.615  -25.138 0.0000000000
59100  19.721  -0.698  -25.593 0.0000000000
106016  19.687  2.148  -25.576 0.0000000000
60494  19.267  1.631  -25.462 0.0000000000
60492  20.782  1.512  -25.401 0.0000000000
59768  19.587  0.804  -25.603 0.0000000000
105663  19.866  0.097  -25.742 0.0000000000
59099  20.454  -0.292  -25.628 0.0000000000
58396  20.534  -1.247  -25.450 0.0000000000
58395  21.385  -1.388  -25.032 0.0000000000
58386  22.281  -1.478  -24.567 0.0000000000
58385  23.125  -1.864  -24.141 0.0000000000
59088  23.237  -0.365  -24.116 0.0000000000
105044  23.177  -1.057  -24.124 0.0000000000
108985  23.818  -1.422  -23.748 0.0000000000
103195  25.022  -2.163  -23.649 0.0000000000
57662  26.603  -2.580  -24.665 0.0000000000
58381  27.013  -2.148  -26.260 0.0000000000
59097  26.673  -0.510  -25.538 0.0000000000
59096  26.954  -1.501  -26.722 0.0000000000
59106  26.946  -1.847  -28.604 0.0000000000
111279  26.073  2.597  -24.686 0.0000000000
106215  26.538  1.934  -25.931 0.0000000000
61313  26.402  2.517  -27.676 0.0000000000
114252  26.488  1.167  -27.737 0.0000000000
67658  18.559  12.198  -27.609 0.0000000000
65348  19.177  8.285  -27.174 0.0000000000
65962  19.584  8.477  -27.997 0.0000000000
66518  19.742  9.432  -29.113 0.0000000000
65952  20.037  8.387  -27.497 0.0000000000
65951  20.777  8.740  -27.071 0.0000000000
65950  21.789  8.848  -26.674 0.0000000000
70151  22.949  19.334  -31.120 0.0000000000
105827  22.712  17.717  -31.851 0.0000000000
69669  22.719  16.713  -32.639 0.0000000000
69670  22.121  16.357  -32.309 0.0000000000
68719  20.956  14.659  -31.336 0.0000000000
68715  21.164  13.767  -31.365 0.0000000000
68220  22.528  13.827  -31.784 0.0000000000
68710  21.660  13.097  -30.940 0.0000000000
68209  21.333  12.066  -30.805 0.0000000000
67663  21.208  11.682  -29.938 0.0000000000
67657  21.752  11.353  -29.167 0.0000000000
67105  22.269  11.158  -28.193 0.0000000000
67655  23.094  11.741  -28.155 0.0000000000
67104  22.900  11.203  -27.675 0.0000000000
67099  22.372  10.582  -27.596 0.0000000000
66508  22.681  9.981  -27.186 0.0000000000
65949  22.931  8.851  -26.691 0.0000000000
64659  25.723  7.782  -26.896 0.0000000000
65374  25.539  8.630  -28.088 0.0000000000
65359  25.527  8.391  -27.372 0.0000000000
64671  25.910  7.114  -27.630 0.0000000000
101664  25.644  5.545  -29.432 0.0000000000
64694  24.911  5.934  -32.130 0.0000000000
64045  25.330  5.574  -31.461 0.0000000000
64044  25.679  5.088  -30.819 0.0000000000
51624  20.143  -10.474  -21.834 0.0000000000
111013  20.791  -10.592  -21.731 0.0000000000
52454  21.210  -9.986  -21.934 0.0000000000
50881  22.166  -11.419  -21.301 0.0000000000
49974  23.574  -12.814  -21.802 0.0000000000
52467  23.453  -9.420  -22.182 0.0000000000
52466  25.031  -10.359  -23.526 0.0000000000
51636  24.257  -10.282  -22.510 0.0000000000
51621  24.053  -11.254  -22.205 0.0000000000
50879  24.184  -12.494  -22.423 0.0000000000
49973  24.483  -13.460  -22.609 0.0000000000
97666  27.375  -5.659  -26.120 0.0000000000
55437  27.633  -6.667  -26.440 0.0000000000
45605  20.718  -17.463  -19.386 0.0000000000
46485  23.271  -16.507  -19.874 0.0000000000
49047  24.721  -14.038  -22.381 0.0000000000
52471  18.470  -9.240  -22.078 0.0000000000
54748  27.051  -7.186  -26.110 0.0000000000
57676  19.648  -2.177  -25.344 0.0000000000
60493  20.010  1.477  -25.674 0.0000000000
61292  26.326  2.674  -25.269 0.0000000000
64012  19.338  7.784  -25.275 0.0000000000
64643  19.109  8.135  -25.588 0.0000000000
65957  25.072  9.577  -27.291 0.0000000000
65968  25.246  9.060  -27.535 0.0000000000
67101  17.953  11.288  -26.832 0.0000000000
67685  19.932  12.364  -31.119 0.0000000000
68213  22.404  13.312  -30.768 0.0000000000
68221  19.594  13.420  -31.321 0.0000000000
68222  18.984  14.383  -30.873 0.0000000000
68708  19.545  14.558  -27.315 0.0000000000
68724  22.714  15.558  -32.962 0.0000000000
69178  19.253  15.192  -30.553 0.0000000000
103237  23.684  11.359  -27.776 0.0000000000
111961  20.846  9.071  -28.151 0.0000000000
113404  23.864  -2.836  -23.602 0.0000000000
113690  25.865  -8.814  -24.968 0.0000000000
115153  23.495  3.705  -24.367 0.0000000000
