#!ascii label  , from subject sub-v1s16x0051163_ses-1 vox2ras=TkReg
1293
59151  -38.741  -10.845  37.506 0.0000000000
70981  -52.729  1.674  30.171 0.0000000000
64994  -44.745  -4.032  33.990 0.0000000000
123201  -14.545  -27.616  57.000 0.0000000000
123872  -33.451  -9.742  41.263 0.0000000000
44918  -29.666  -25.611  54.521 0.0000000000
51175  -31.483  -18.652  53.877 0.0000000000
55228  -33.708  -14.788  48.826 0.0000000000
58019  -35.728  -11.780  46.972 0.0000000000
122679  -22.914  -26.675  52.875 0.0000000000
43957  -26.303  -26.802  56.063 0.0000000000
44054  -27.045  -26.128  51.852 0.0000000000
49331  -29.686  -19.980  49.191 0.0000000000
53259  -29.824  -16.587  49.483 0.0000000000
59048  -40.703  -10.935  43.411 0.0000000000
59087  -44.102  -10.074  41.952 0.0000000000
67939  -49.039  -1.822  31.433 0.0000000000
140477  -42.050  -7.796  35.124 0.0000000000
71046  -49.624  1.532  24.862 0.0000000000
41347  -11.078  -29.163  58.149 0.0000000000
61063  -37.227  -9.495  45.587 0.0000000000
59118  -35.592  -10.259  39.395 0.0000000000
46634  -29.659  -23.672  49.682 0.0000000000
46593  -33.048  -23.713  53.043 0.0000000000
63011  -47.755  -6.738  39.249 0.0000000000
71979  -56.418  2.718  21.526 0.0000000000
54256  -32.460  -15.509  47.166 0.0000000000
56223  -33.859  -13.837  46.163 0.0000000000
44033  -24.856  -26.705  52.765 0.0000000000
53283  -27.967  -16.279  47.846 0.0000000000
53299  -30.636  -16.247  46.956 0.0000000000
53260  -31.811  -16.049  49.340 0.0000000000
58113  -39.551  -11.394  40.252 0.0000000000
58080  -42.666  -11.271  42.577 0.0000000000
143347  -41.615  -10.298  39.433 0.0000000000
67954  -50.967  -0.849  30.779 0.0000000000
121497  -53.013  -2.259  33.081 0.0000000000
121469  -54.762  3.415  29.090 0.0000000000
42295  -13.081  -28.094  54.793 0.0000000000
43108  -12.962  -28.197  58.032 0.0000000000
58042  -35.294  -10.981  44.363 0.0000000000
59006  -36.487  -9.995  46.038 0.0000000000
60083  -35.404  -9.369  43.195 0.0000000000
60124  -36.608  -9.274  42.451 0.0000000000
60136  -34.130  -9.147  40.510 0.0000000000
44002  -27.794  -26.214  55.276 0.0000000000
134853  -27.963  -26.603  57.645 0.0000000000
43943  -29.627  -26.796  56.744 0.0000000000
43982  -31.763  -26.723  55.333 0.0000000000
45826  -28.472  -24.155  48.335 0.0000000000
47519  -29.311  -22.353  47.474 0.0000000000
140007  -30.623  -19.153  51.756 0.0000000000
123245  -31.695  -21.534  51.273 0.0000000000
48345  -32.163  -20.954  53.748 0.0000000000
46573  -33.865  -23.949  55.649 0.0000000000
44901  -18.649  -25.854  55.363 0.0000000000
120671  -20.505  -25.741  56.893 0.0000000000
125229  -20.518  -25.559  58.945 0.0000000000
64009  -43.128  -5.823  34.103 0.0000000000
62107  -45.152  -7.365  37.521 0.0000000000
63977  -46.612  -5.494  36.504 0.0000000000
71097  -58.560  2.113  20.704 0.0000000000
43904  -13.795  -26.848  60.077 0.0000000000
145138  -35.609  -13.431  51.576 0.0000000000
57053  -36.329  -11.985  50.493 0.0000000000
56213  -34.778  -13.395  47.927 0.0000000000
126219  -34.437  -12.595  45.007 0.0000000000
121239  -22.377  -26.661  54.962 0.0000000000
121981  -24.077  -26.989  56.397 0.0000000000
43999  -24.692  -26.822  54.412 0.0000000000
130475  -26.896  -26.394  53.959 0.0000000000
44951  -27.949  -25.720  52.963 0.0000000000
49356  -28.905  -20.400  47.189 0.0000000000
51237  -27.687  -18.362  47.788 0.0000000000
51218  -28.677  -17.674  49.184 0.0000000000
52168  -30.509  -17.361  51.619 0.0000000000
53237  -31.799  -16.615  51.907 0.0000000000
54204  -34.241  -15.037  51.398 0.0000000000
144678  -20.532  -26.200  52.646 0.0000000000
61067  -41.350  -9.053  46.013 0.0000000000
61036  -44.942  -8.425  47.542 0.0000000000
59023  -43.342  -10.803  45.750 0.0000000000
58047  -45.762  -11.353  44.854 0.0000000000
65974  -47.369  -2.848  32.923 0.0000000000
64962  -48.362  -4.006  35.779 0.0000000000
66917  -50.832  -2.784  34.216 0.0000000000
38767  -7.435  -32.446  62.071 0.0000000000
60194  -40.439  -9.189  36.074 0.0000000000
63097  -41.301  -6.122  32.804 0.0000000000
66007  -44.309  -2.903  30.842 0.0000000000
67009  -46.270  -2.167  30.328 0.0000000000
68910  -47.585  -0.722  29.221 0.0000000000
139772  -49.350  1.123  27.946 0.0000000000
121865  -51.231  1.933  27.110 0.0000000000
71030  -48.302  1.433  25.605 0.0000000000
43082  -12.386  -27.618  60.568 0.0000000000
42213  -9.801  -29.060  61.117 0.0000000000
41325  -8.342  -29.864  61.776 0.0000000000
61975  -39.617  -7.841  50.384 0.0000000000
58979  -37.356  -9.917  49.292 0.0000000000
61028  -37.691  -9.044  47.832 0.0000000000
61047  -38.808  -8.526  47.285 0.0000000000
60074  -38.716  -9.315  44.356 0.0000000000
59083  -38.298  -10.824  41.540 0.0000000000
58140  -37.540  -11.364  38.420 0.0000000000
43924  -26.722  -26.862  58.424 0.0000000000
44983  -28.188  -25.024  50.846 0.0000000000
45776  -30.010  -24.731  52.189 0.0000000000
47506  -30.670  -22.531  49.669 0.0000000000
46612  -31.541  -23.706  51.458 0.0000000000
44935  -31.688  -25.277  53.442 0.0000000000
44004  -32.978  -25.909  54.668 0.0000000000
43154  -15.204  -27.281  54.900 0.0000000000
43993  -16.621  -26.802  54.593 0.0000000000
43933  -16.353  -26.635  57.242 0.0000000000
61143  -42.898  -8.871  38.199 0.0000000000
61120  -45.605  -8.423  40.594 0.0000000000
130375  -49.202  -8.151  42.694 0.0000000000
63923  -49.768  -5.578  38.818 0.0000000000
71018  -53.483  1.818  26.229 0.0000000000
142251  -55.607  2.256  25.814 0.0000000000
72786  -57.173  4.004  24.483 0.0000000000
123394  -54.964  3.718  23.078 0.0000000000
72804  -59.069  4.927  23.675 0.0000000000
54274  -31.620  -15.819  45.946 0.0000000000
54275  -32.318  -15.359  45.774 0.0000000000
124059  -31.320  -15.856  44.300 0.0000000000
130526  -29.911  -16.250  46.296 0.0000000000
142230  -30.904  -16.140  46.127 0.0000000000
53300  -31.551  -15.929  46.866 0.0000000000
58142  -39.032  -11.186  38.767 0.0000000000
127551  -40.442  -10.821  39.405 0.0000000000
60162  -40.373  -10.477  38.588 0.0000000000
69967  -51.744  0.751  30.279 0.0000000000
143703  -53.160  -0.475  31.064 0.0000000000
68903  -54.075  0.362  30.888 0.0000000000
70972  -53.996  1.733  30.363 0.0000000000
71873  -53.224  2.401  29.652 0.0000000000
43128  -14.022  -27.887  56.225 0.0000000000
42270  -13.285  -28.273  56.526 0.0000000000
43120  -13.654  -27.988  57.331 0.0000000000
58058  -34.298  -10.845  42.686 0.0000000000
59031  -35.604  -10.032  44.028 0.0000000000
136287  -34.865  -9.336  42.741 0.0000000000
60103  -35.107  -9.071  42.534 0.0000000000
59095  -33.602  -9.212  40.985 0.0000000000
43935  -21.729  -26.176  57.663 0.0000000000
136895  -28.978  -25.643  54.749 0.0000000000
44892  -29.172  -25.928  56.176 0.0000000000
44893  -29.791  -26.043  55.863 0.0000000000
43959  -30.079  -26.613  56.143 0.0000000000
44905  -30.211  -25.952  55.005 0.0000000000
50235  -30.764  -18.854  52.440 0.0000000000
49306  -31.467  -20.466  52.551 0.0000000000
49283  -31.913  -20.219  53.993 0.0000000000
48318  -32.344  -20.939  55.193 0.0000000000
137162  -21.427  -26.334  55.850 0.0000000000
43953  -21.177  -25.958  56.995 0.0000000000
44871  -21.129  -25.771  58.396 0.0000000000
62923  -42.215  -8.125  49.885 0.0000000000
139811  -43.902  -4.795  34.383 0.0000000000
63993  -44.810  -5.538  35.378 0.0000000000
64959  -45.848  -4.598  35.226 0.0000000000
55219  -34.531  -14.325  50.034 0.0000000000
56186  -35.344  -13.142  49.389 0.0000000000
56200  -34.613  -13.814  48.578 0.0000000000
56230  -33.693  -13.718  45.307 0.0000000000
56255  -33.454  -13.430  43.596 0.0000000000
139217  -34.127  -12.603  44.121 0.0000000000
133335  -22.666  -26.716  54.296 0.0000000000
126347  -23.283  -26.805  54.848 0.0000000000
43997  -23.346  -26.770  53.799 0.0000000000
44034  -25.637  -26.507  52.173 0.0000000000
123259  -25.812  -26.589  52.987 0.0000000000
44019  -26.665  -26.414  53.180 0.0000000000
44020  -27.441  -26.131  53.421 0.0000000000
44036  -27.250  -26.154  52.637 0.0000000000
51245  -27.630  -18.764  46.843 0.0000000000
53270  -29.254  -16.674  48.920 0.0000000000
52196  -28.347  -17.133  48.751 0.0000000000
52191  -29.371  -17.060  49.580 0.0000000000
51203  -29.692  -17.752  50.413 0.0000000000
53234  -30.129  -17.146  50.845 0.0000000000
53235  -30.429  -17.006  51.423 0.0000000000
53248  -30.689  -16.659  50.940 0.0000000000
54227  -33.158  -15.389  49.164 0.0000000000
123860  -33.239  -15.503  49.887 0.0000000000
55218  -33.843  -14.918  49.742 0.0000000000
55210  -34.891  -14.422  51.716 0.0000000000
44017  -21.280  -26.435  52.638 0.0000000000
60077  -41.215  -10.124  44.968 0.0000000000
60066  -42.602  -9.940  45.839 0.0000000000
59033  -41.747  -10.948  44.422 0.0000000000
59086  -43.346  -10.665  42.014 0.0000000000
58061  -43.643  -11.343  43.725 0.0000000000
120522  -44.783  -10.508  43.030 0.0000000000
59052  -46.851  -10.341  43.662 0.0000000000
60109  -45.708  -9.512  42.476 0.0000000000
66956  -48.483  -2.404  32.455 0.0000000000
65960  -49.147  -2.897  33.828 0.0000000000
66938  -50.440  -2.539  33.424 0.0000000000
66943  -55.557  -2.172  33.765 0.0000000000
66992  -44.885  -2.699  30.263 0.0000000000
67021  -44.914  -2.239  28.708 0.0000000000
68923  -46.497  -0.770  28.204 0.0000000000
68937  -47.335  0.157  27.833 0.0000000000
68925  -48.713  -0.013  28.924 0.0000000000
70001  -47.726  0.534  27.473 0.0000000000
70003  -49.049  1.220  27.051 0.0000000000
41382  -11.188  -29.302  56.972 0.0000000000
41346  -10.282  -29.501  58.422 0.0000000000
43889  -13.935  -26.121  61.799 0.0000000000
43083  -13.030  -27.133  60.308 0.0000000000
43893  -12.737  -26.968  61.336 0.0000000000
42214  -10.852  -28.335  62.609 0.0000000000
42210  -10.410  -28.746  62.778 0.0000000000
42209  -9.171  -29.198  61.903 0.0000000000
40502  -8.890  -29.488  62.763 0.0000000000
40512  -8.574  -30.352  62.366 0.0000000000
58001  -36.159  -11.989  48.823 0.0000000000
58978  -36.602  -11.262  49.224 0.0000000000
135991  -36.729  -10.808  48.639 0.0000000000
61062  -36.625  -9.642  45.528 0.0000000000
60033  -37.384  -9.285  47.171 0.0000000000
61029  -37.623  -9.239  47.018 0.0000000000
62023  -38.261  -8.517  47.870 0.0000000000
120457  -38.499  -8.878  46.405 0.0000000000
61065  -39.211  -8.972  45.767 0.0000000000
61077  -38.052  -9.137  44.895 0.0000000000
59081  -36.618  -9.718  41.501 0.0000000000
59082  -37.417  -10.008  41.925 0.0000000000
59098  -37.426  -10.550  41.101 0.0000000000
58111  -37.952  -11.296  39.936 0.0000000000
58125  -36.956  -11.219  39.019 0.0000000000
43978  -25.360  -26.926  55.967 0.0000000000
43938  -25.391  -26.933  57.599 0.0000000000
43939  -26.309  -26.849  57.659 0.0000000000
126450  -29.047  -23.778  49.041 0.0000000000
45813  -28.169  -24.749  49.920 0.0000000000
45798  -28.857  -24.567  50.515 0.0000000000
44968  -29.136  -24.972  51.969 0.0000000000
45788  -29.691  -24.606  51.440 0.0000000000
127773  -29.552  -20.446  48.425 0.0000000000
48393  -29.748  -21.316  48.300 0.0000000000
49344  -30.031  -20.887  49.042 0.0000000000
47473  -32.480  -22.711  52.182 0.0000000000
46613  -32.044  -23.163  51.652 0.0000000000
46603  -32.550  -23.509  52.380 0.0000000000
45767  -31.925  -24.757  52.837 0.0000000000
142269  -32.480  -24.655  53.101 0.0000000000
127754  -32.307  -25.634  54.086 0.0000000000
45757  -33.383  -24.514  54.140 0.0000000000
53192  -32.376  -16.811  54.361 0.0000000000
44915  -17.948  -25.953  54.666 0.0000000000
43952  -17.444  -26.108  56.223 0.0000000000
43951  -16.682  -26.591  56.281 0.0000000000
121767  -20.042  -25.520  60.340 0.0000000000
60195  -41.016  -8.738  35.869 0.0000000000
61155  -41.914  -8.794  37.052 0.0000000000
61166  -42.453  -8.311  36.612 0.0000000000
62098  -46.254  -7.286  38.595 0.0000000000
62087  -45.785  -7.813  39.063 0.0000000000
62077  -46.777  -7.741  40.191 0.0000000000
61111  -47.503  -8.098  41.752 0.0000000000
62066  -48.026  -7.565  41.077 0.0000000000
144476  -50.598  -3.823  36.532 0.0000000000
64937  -48.932  -4.617  37.174 0.0000000000
64925  -50.899  -4.716  38.319 0.0000000000
71032  -50.047  1.448  25.674 0.0000000000
124256  -52.077  2.089  27.069 0.0000000000
71033  -51.104  1.387  25.479 0.0000000000
71050  -53.413  1.888  24.707 0.0000000000
71928  -54.817  2.999  24.258 0.0000000000
71930  -56.388  3.472  24.728 0.0000000000
72784  -55.259  3.612  23.916 0.0000000000
72843  -54.852  3.888  20.920 0.0000000000
72828  -54.510  3.720  21.705 0.0000000000
71959  -55.914  3.256  22.311 0.0000000000
72803  -57.482  4.115  23.694 0.0000000000
71945  -58.285  3.658  23.132 0.0000000000
71962  -58.956  2.740  22.581 0.0000000000
71085  -61.937  1.881  21.304 0.0000000000
54246  -33.093  -15.123  47.644 0.0000000000
55248  -33.601  -14.520  47.340 0.0000000000
55257  -32.765  -15.097  46.464 0.0000000000
55292  -32.491  -14.970  44.992 0.0000000000
121972  -23.825  -26.730  52.895 0.0000000000
53298  -28.846  -16.241  47.094 0.0000000000
53284  -29.067  -16.336  47.816 0.0000000000
53271  -30.055  -16.395  48.680 0.0000000000
145300  -30.800  -16.259  49.214 0.0000000000
53273  -31.498  -16.001  48.490 0.0000000000
53287  -31.942  -15.820  47.798 0.0000000000
58077  -40.151  -11.362  41.819 0.0000000000
58059  -41.306  -11.367  42.800 0.0000000000
58096  -40.727  -11.377  41.212 0.0000000000
59102  -42.091  -10.738  40.887 0.0000000000
60137  -42.598  -10.171  40.293 0.0000000000
67941  -50.673  -1.503  31.346 0.0000000000
137939  -51.669  -2.131  32.485 0.0000000000
66983  -52.115  -1.827  31.999 0.0000000000
67943  -53.707  -1.625  32.189 0.0000000000
71884  -55.043  3.598  28.412 0.0000000000
42269  -12.035  -28.931  56.596 0.0000000000
42257  -11.952  -28.836  57.685 0.0000000000
58029  -35.432  -11.309  45.191 0.0000000000
58020  -36.153  -10.941  46.533 0.0000000000
59019  -35.755  -10.315  44.822 0.0000000000
60061  -36.064  -9.695  44.510 0.0000000000
60073  -36.078  -9.867  44.472 0.0000000000
61083  -37.049  -9.478  44.116 0.0000000000
60104  -35.826  -9.082  42.988 0.0000000000
60123  -35.799  -9.023  42.045 0.0000000000
141700  -34.911  -9.514  39.917 0.0000000000
43979  -27.354  -26.518  56.271 0.0000000000
144853  -27.386  -26.568  57.021 0.0000000000
43980  -28.410  -26.107  56.256 0.0000000000
43942  -29.025  -26.401  57.102 0.0000000000
43124  -31.318  -27.814  56.590 0.0000000000
46651  -28.649  -23.665  47.653 0.0000000000
124500  -29.671  -23.184  48.896 0.0000000000
50254  -30.288  -19.849  50.438 0.0000000000
49324  -30.735  -20.596  50.381 0.0000000000
133502  -31.460  -20.749  51.854 0.0000000000
48368  -31.889  -21.282  52.138 0.0000000000
47455  -33.035  -22.356  53.686 0.0000000000
46583  -33.663  -23.813  54.631 0.0000000000
47443  -33.217  -22.180  55.125 0.0000000000
44931  -19.309  -25.939  53.890 0.0000000000
44916  -19.416  -25.925  54.799 0.0000000000
123382  -19.222  -25.626  57.170 0.0000000000
44878  -19.543  -25.542  57.939 0.0000000000
44870  -20.338  -25.592  58.014 0.0000000000
63053  -43.138  -6.927  35.133 0.0000000000
62116  -43.600  -7.606  36.489 0.0000000000
123734  -43.836  -6.614  35.480 0.0000000000
63030  -45.579  -6.682  37.066 0.0000000000
63032  -47.178  -6.152  37.775 0.0000000000
71939  -48.985  2.634  23.753 0.0000000000
71924  -50.891  1.920  24.199 0.0000000000
72796  -49.645  3.107  23.351 0.0000000000
71991  -56.273  2.918  20.760 0.0000000000
71082  -58.113  2.206  21.458 0.0000000000
72005  -56.954  2.907  20.158 0.0000000000
72006  -58.551  2.552  19.640 0.0000000000
43919  -15.578  -26.715  58.664 0.0000000000
43110  -14.400  -27.275  58.512 0.0000000000
57036  -36.368  -12.178  51.311 0.0000000000
57035  -35.951  -12.634  50.725 0.0000000000
57070  -35.713  -12.611  49.325 0.0000000000
123386  -35.372  -12.441  47.318 0.0000000000
56212  -34.487  -13.569  47.304 0.0000000000
57107  -34.866  -12.997  47.278 0.0000000000
139078  -34.934  -12.173  45.537 0.0000000000
58028  -34.831  -11.887  44.690 0.0000000000
57136  -34.246  -11.784  43.249 0.0000000000
43974  -22.101  -26.570  55.723 0.0000000000
139438  -23.540  -26.893  56.548 0.0000000000
43976  -23.596  -26.879  55.804 0.0000000000
43977  -24.493  -26.959  55.859 0.0000000000
127905  -25.877  -26.790  55.246 0.0000000000
127935  -24.316  -26.795  53.659 0.0000000000
44000  -25.522  -26.746  54.472 0.0000000000
129377  -26.789  -26.593  55.324 0.0000000000
138019  -27.111  -26.410  54.655 0.0000000000
142709  -28.371  -25.864  54.782 0.0000000000
145206  -29.132  -25.474  54.124 0.0000000000
50285  -28.407  -19.498  47.187 0.0000000000
50279  -29.138  -19.547  48.672 0.0000000000
143588  -27.345  -17.411  48.022 0.0000000000
51230  -27.962  -17.796  48.590 0.0000000000
50265  -29.262  -19.140  49.395 0.0000000000
144742  -29.746  -18.404  50.514 0.0000000000
51191  -30.469  -18.393  51.851 0.0000000000
126173  -30.988  -17.896  52.988 0.0000000000
51167  -31.573  -18.113  54.229 0.0000000000
52151  -31.142  -17.336  52.889 0.0000000000
53205  -31.594  -17.035  53.209 0.0000000000
53223  -32.827  -16.440  52.915 0.0000000000
128277  -32.148  -16.146  50.148 0.0000000000
54202  -32.506  -16.193  51.234 0.0000000000
54187  -33.744  -16.046  53.027 0.0000000000
55200  -34.656  -14.915  52.362 0.0000000000
136785  -20.723  -26.348  53.422 0.0000000000
61032  -41.515  -8.487  47.566 0.0000000000
61050  -42.901  -8.760  46.722 0.0000000000
60046  -44.072  -9.469  46.533 0.0000000000
59007  -44.875  -10.062  46.488 0.0000000000
58044  -43.110  -11.474  44.165 0.0000000000
137319  -45.042  -11.358  45.372 0.0000000000
121638  -45.920  -3.262  33.046 0.0000000000
64977  -46.305  -4.021  34.756 0.0000000000
122019  -47.683  -3.445  34.177 0.0000000000
129134  -49.555  -3.671  35.457 0.0000000000
120851  -51.892  -3.521  36.261 0.0000000000
66940  -52.260  -2.437  33.564 0.0000000000
66903  -52.856  -2.791  35.301 0.0000000000
59176  -38.379  -10.246  35.706 0.0000000000
59165  -39.585  -9.981  36.663 0.0000000000
60193  -38.855  -9.627  35.193 0.0000000000
60206  -40.163  -8.747  34.908 0.0000000000
140000  -40.875  -7.864  34.060 0.0000000000
62151  -41.386  -7.343  33.889 0.0000000000
63082  -42.474  -6.218  33.727 0.0000000000
144498  -42.724  -4.681  33.417 0.0000000000
65016  -43.781  -3.724  33.098 0.0000000000
65972  -44.361  -3.414  32.805 0.0000000000
65993  -45.165  -2.909  31.997 0.0000000000
66977  -46.522  -2.499  31.634 0.0000000000
66995  -47.624  -1.917  30.861 0.0000000000
68922  -45.801  -1.327  28.132 0.0000000000
67962  -47.023  -1.273  29.461 0.0000000000
67963  -48.734  -0.849  30.203 0.0000000000
68898  -49.572  -0.579  30.245 0.0000000000
68913  -50.653  0.422  29.911 0.0000000000
69991  -50.697  1.404  28.853 0.0000000000
122643  -51.431  1.965  28.652 0.0000000000
71001  -50.126  1.472  28.080 0.0000000000
141053  -49.326  1.396  26.215 0.0000000000
71045  -48.754  1.654  24.948 0.0000000000
122878  -48.354  2.166  24.436 0.0000000000
43109  -13.686  -27.686  58.462 0.0000000000
43094  -12.345  -28.195  59.217 0.0000000000
42230  -11.828  -28.531  59.158 0.0000000000
43065  -11.635  -27.648  62.561 0.0000000000
42215  -11.266  -28.490  60.730 0.0000000000
42228  -10.680  -28.996  59.561 0.0000000000
41334  -9.501  -29.598  59.596 0.0000000000
41330  -8.719  -29.757  60.773 0.0000000000
40521  -7.750  -30.715  60.563 0.0000000000
40510  -7.277  -31.050  62.044 0.0000000000
61996  -40.930  -7.728  49.574 0.0000000000
134616  -37.701  -9.313  49.862 0.0000000000
60032  -37.139  -9.570  47.614 0.0000000000
60025  -37.457  -9.252  48.460 0.0000000000
61994  -38.736  -7.946  49.517 0.0000000000
62013  -39.645  -7.900  48.493 0.0000000000
61031  -40.423  -8.343  47.835 0.0000000000
145178  -40.061  -8.835  46.611 0.0000000000
60063  -39.879  -9.256  45.219 0.0000000000
59047  -39.291  -9.822  43.852 0.0000000000
60085  -37.556  -9.439  43.556 0.0000000000
60106  -38.228  -9.777  42.999 0.0000000000
134750  -39.452  -10.882  42.473 0.0000000000
58094  -38.984  -11.334  40.891 0.0000000000
58127  -38.502  -11.370  39.359 0.0000000000
58155  -38.120  -11.265  37.890 0.0000000000
59094  -32.896  -9.608  40.707 0.0000000000
60135  -33.349  -9.093  40.250 0.0000000000
59117  -34.061  -9.382  39.544 0.0000000000
129167  -34.458  -10.091  38.588 0.0000000000
59150  -35.102  -10.874  37.922 0.0000000000
58153  -36.530  -11.378  37.376 0.0000000000
58169  -37.140  -11.281  36.661 0.0000000000
59163  -37.848  -10.828  36.238 0.0000000000
43925  -27.436  -26.853  58.153 0.0000000000
44982  -26.934  -25.930  50.547 0.0000000000
134010  -27.542  -25.376  50.359 0.0000000000
122283  -27.535  -25.685  51.229 0.0000000000
44967  -28.329  -25.254  51.658 0.0000000000
44953  -29.410  -25.078  52.810 0.0000000000
44934  -29.783  -25.295  53.675 0.0000000000
48407  -29.399  -21.621  47.547 0.0000000000
47512  -29.760  -22.078  48.205 0.0000000000
46635  -30.307  -23.133  49.597 0.0000000000
144356  -31.625  -21.982  50.723 0.0000000000
47496  -30.933  -23.152  50.275 0.0000000000
46611  -30.966  -23.823  50.954 0.0000000000
45789  -30.538  -24.382  51.539 0.0000000000
45766  -31.167  -24.990  52.985 0.0000000000
44919  -30.520  -25.672  54.202 0.0000000000
44906  -31.275  -26.138  54.627 0.0000000000
143583  -32.298  -26.226  54.776 0.0000000000
43140  -13.846  -27.862  55.160 0.0000000000
43129  -14.854  -27.433  56.289 0.0000000000
139736  -17.330  -26.318  54.122 0.0000000000
44015  -15.645  -26.915  53.332 0.0000000000
43992  -15.960  -27.076  55.145 0.0000000000
43970  -16.023  -26.969  55.916 0.0000000000
43122  -15.591  -26.988  57.038 0.0000000000
43920  -16.296  -26.483  58.244 0.0000000000
129529  -19.084  -25.423  59.437 0.0000000000
60163  -41.049  -9.904  38.196 0.0000000000
60164  -42.321  -9.417  38.585 0.0000000000
60151  -43.646  -9.237  39.833 0.0000000000
142490  -44.225  -8.125  37.817 0.0000000000
61131  -44.615  -8.482  39.328 0.0000000000
60140  -45.062  -8.847  41.050 0.0000000000
61110  -46.424  -8.681  41.987 0.0000000000
64948  -47.165  -4.849  36.222 0.0000000000
63961  -48.338  -5.146  37.501 0.0000000000
63022  -48.945  -5.882  38.783 0.0000000000
71004  -52.435  2.455  27.856 0.0000000000
71890  -53.327  2.893  27.978 0.0000000000
71902  -54.917  2.533  26.928 0.0000000000
71049  -52.414  1.693  24.705 0.0000000000
71019  -54.440  2.041  26.215 0.0000000000
71903  -56.027  2.642  26.656 0.0000000000
71904  -57.058  3.054  26.336 0.0000000000
71914  -58.258  4.255  25.224 0.0000000000
120716  -54.219  3.562  23.194 0.0000000000
72801  -55.533  3.700  23.621 0.0000000000
72787  -58.277  4.647  24.172 0.0000000000
71070  -59.587  2.286  21.934 0.0000000000
53324  -31.067  -16.022  45.430 0.0000000000
54294  -31.665  -15.678  45.055 0.0000000000
53323  -30.429  -16.144  45.405 0.0000000000
58156  -38.743  -11.087  38.162 0.0000000000
59137  -39.765  -10.944  38.997 0.0000000000
59152  -39.543  -10.644  38.043 0.0000000000
69982  -52.108  1.243  30.198 0.0000000000
69968  -52.518  0.768  30.497 0.0000000000
69969  -53.468  1.142  30.529 0.0000000000
69970  -54.389  1.156  30.682 0.0000000000
130448  -53.440  1.924  30.213 0.0000000000
70982  -53.971  2.374  30.008 0.0000000000
120587  -52.517  2.132  29.568 0.0000000000
120774  -14.402  -27.515  57.816 0.0000000000
58076  -33.757  -10.501  41.898 0.0000000000
60082  -34.755  -10.117  42.995 0.0000000000
59065  -34.380  -9.746  42.299 0.0000000000
59080  -33.957  -9.387  41.638 0.0000000000
43936  -22.800  -26.549  58.184 0.0000000000
43955  -22.454  -26.544  57.175 0.0000000000
44904  -29.431  -25.819  55.335 0.0000000000
50227  -31.055  -18.560  53.123 0.0000000000
50228  -31.478  -19.429  53.547 0.0000000000
50220  -31.799  -19.471  54.319 0.0000000000
64975  -44.514  -4.524  34.460 0.0000000000
64012  -45.018  -4.831  35.048 0.0000000000
64976  -45.397  -4.180  34.487 0.0000000000
55229  -34.312  -14.300  49.177 0.0000000000
55239  -34.130  -14.311  48.466 0.0000000000
55315  -33.099  -14.117  44.001 0.0000000000
56238  -33.610  -13.548  44.460 0.0000000000
44053  -26.266  -26.322  51.618 0.0000000000
44035  -26.458  -26.378  52.393 0.0000000000
53258  -28.924  -16.954  49.010 0.0000000000
145173  -29.368  -16.868  49.448 0.0000000000
53246  -29.717  -16.899  50.141 0.0000000000
53247  -30.140  -16.886  50.755 0.0000000000
121211  -30.299  -16.555  50.141 0.0000000000
44018  -22.087  -26.581  52.752 0.0000000000
129486  -22.414  -26.659  53.567 0.0000000000
59032  -40.947  -10.555  44.192 0.0000000000
59069  -44.119  -10.573  42.585 0.0000000000
60108  -44.845  -9.887  42.328 0.0000000000
59070  -45.371  -10.059  42.918 0.0000000000
138811  -48.895  -2.158  32.021 0.0000000000
66957  -49.209  -2.343  32.603 0.0000000000
66958  -50.015  -2.283  32.687 0.0000000000
66922  -55.875  -2.414  34.589 0.0000000000
67007  -44.570  -2.627  29.341 0.0000000000
70011  -47.347  0.809  26.751 0.0000000000
70012  -48.166  0.926  26.926 0.0000000000
41361  -10.429  -29.592  57.543 0.0000000000
43888  -13.274  -26.378  62.246 0.0000000000
42205  -9.543  -29.169  62.459 0.0000000000
41321  -9.690  -29.445  62.954 0.0000000000
58009  -35.898  -12.031  47.910 0.0000000000
126045  -36.419  -11.326  48.337 0.0000000000
58010  -36.298  -11.188  47.453 0.0000000000
61045  -37.093  -9.533  46.200 0.0000000000
126456  -37.637  -9.266  46.166 0.0000000000
139376  -37.522  -9.337  45.427 0.0000000000
61064  -38.270  -9.028  45.594 0.0000000000
61076  -37.125  -9.465  44.840 0.0000000000
59096  -35.718  -9.830  40.206 0.0000000000
129132  -36.649  -10.340  40.535 0.0000000000
59120  -37.182  -11.037  39.788 0.0000000000
59119  -36.385  -10.665  39.619 0.0000000000
43956  -25.794  -26.927  56.797 0.0000000000
122232  -26.732  -26.745  56.906 0.0000000000
45814  -28.966  -24.222  49.790 0.0000000000
45799  -29.560  -24.142  50.357 0.0000000000
140932  -29.431  -24.479  50.881 0.0000000000
45778  -32.557  -24.286  52.744 0.0000000000
45768  -32.946  -24.460  53.412 0.0000000000
53193  -33.227  -16.411  54.551 0.0000000000
44877  -18.613  -25.614  57.929 0.0000000000
61178  -41.542  -8.282  35.487 0.0000000000
61165  -41.692  -8.527  36.269 0.0000000000
61179  -42.229  -8.056  35.864 0.0000000000
62099  -46.992  -6.988  38.923 0.0000000000
62088  -46.519  -7.538  39.380 0.0000000000
62089  -47.244  -7.268  39.692 0.0000000000
62078  -47.423  -7.506  40.407 0.0000000000
62090  -47.957  -7.056  40.105 0.0000000000
65907  -50.873  -3.917  37.041 0.0000000000
64939  -50.456  -4.392  37.583 0.0000000000
71047  -50.535  1.480  24.799 0.0000000000
141732  -53.844  3.299  23.562 0.0000000000
71944  -54.511  3.381  23.739 0.0000000000
71978  -55.668  3.160  21.476 0.0000000000
71960  -56.768  2.837  22.298 0.0000000000
72817  -57.257  3.420  22.973 0.0000000000
71961  -57.811  2.573  22.343 0.0000000000
54257  -33.086  -14.974  47.039 0.0000000000
54310  -31.999  -15.269  44.227 0.0000000000
128652  -28.699  -16.134  46.255 0.0000000000
142606  -29.793  -16.325  47.161 0.0000000000
53285  -30.177  -16.341  47.818 0.0000000000
53272  -30.789  -16.235  48.337 0.0000000000
53286  -31.143  -16.141  47.682 0.0000000000
54245  -32.580  -15.526  47.933 0.0000000000
58095  -39.872  -11.474  41.017 0.0000000000
58078  -41.017  -11.499  42.026 0.0000000000
59121  -41.111  -10.697  39.817 0.0000000000
59101  -41.293  -11.001  40.626 0.0000000000
59122  -41.844  -10.491  40.075 0.0000000000
59103  -42.911  -10.365  41.120 0.0000000000
127237  -51.517  -1.378  31.369 0.0000000000
67942  -52.217  -1.277  31.436 0.0000000000
67926  -54.664  -1.470  32.398 0.0000000000
66963  -55.140  -1.894  33.019 0.0000000000
139493  -55.645  -1.246  32.681 0.0000000000
71875  -55.370  3.297  29.571 0.0000000000
72742  -55.889  3.793  28.978 0.0000000000
42258  -12.742  -28.515  57.177 0.0000000000
130240  -12.694  -28.585  56.146 0.0000000000
144273  -12.519  -28.553  57.853 0.0000000000
59005  -35.927  -10.640  45.657 0.0000000000
59046  -35.257  -9.628  43.338 0.0000000000
60072  -35.790  -9.630  43.802 0.0000000000
60084  -35.989  -9.518  43.713 0.0000000000
60121  -34.269  -9.070  41.343 0.0000000000
60122  -34.987  -8.975  41.690 0.0000000000
134633  -34.941  -9.152  40.806 0.0000000000
59097  -35.768  -9.367  41.123 0.0000000000
43958  -29.346  -26.193  56.529 0.0000000000
123183  -28.849  -26.129  56.881 0.0000000000
43981  -30.641  -26.507  55.430 0.0000000000
43960  -31.171  -27.182  55.964 0.0000000000
46652  -29.063  -23.076  47.476 0.0000000000
46643  -29.124  -23.420  48.228 0.0000000000
123043  -29.578  -22.772  48.141 0.0000000000
50244  -30.685  -19.865  51.119 0.0000000000
50245  -30.984  -19.910  52.038 0.0000000000
48359  -32.019  -21.097  52.934 0.0000000000
48346  -32.597  -21.720  53.354 0.0000000000
48335  -32.752  -21.585  54.431 0.0000000000
48319  -32.763  -21.517  55.612 0.0000000000
44917  -20.155  -26.171  54.256 0.0000000000
44903  -20.168  -25.970  55.228 0.0000000000
44891  -20.298  -25.857  56.058 0.0000000000
137545  -19.970  -25.591  57.331 0.0000000000
142070  -20.424  -25.643  57.442 0.0000000000
43921  -21.975  -26.075  58.854 0.0000000000
63067  -42.841  -6.578  34.412 0.0000000000
63976  -45.914  -5.686  36.201 0.0000000000
138886  -45.598  -6.225  36.468 0.0000000000
63041  -46.185  -6.101  36.786 0.0000000000
63031  -46.431  -6.455  37.439 0.0000000000
63959  -46.890  -5.897  37.088 0.0000000000
73681  -55.541  4.208  20.201 0.0000000000
72845  -56.346  3.503  20.198 0.0000000000
44836  -14.608  -25.727  62.101 0.0000000000
57019  -35.944  -12.847  51.509 0.0000000000
126062  -35.561  -13.276  50.922 0.0000000000
56201  -35.203  -13.147  48.733 0.0000000000
57086  -35.659  -12.524  48.545 0.0000000000
57097  -35.289  -12.763  47.949 0.0000000000
55258  -33.426  -14.468  46.611 0.0000000000
55259  -34.055  -13.985  46.956 0.0000000000
56231  -34.351  -13.063  45.729 0.0000000000
57115  -35.029  -12.508  46.510 0.0000000000
43975  -22.826  -26.739  55.538 0.0000000000
43998  -23.963  -26.843  54.374 0.0000000000
127907  -24.171  -26.874  55.089 0.0000000000
127906  -25.008  -26.867  55.174 0.0000000000
129152  -26.065  -26.586  53.796 0.0000000000
127934  -25.203  -26.728  53.678 0.0000000000
44001  -26.364  -26.608  54.560 0.0000000000
140727  -28.070  -25.772  53.646 0.0000000000
44021  -27.744  -26.080  54.256 0.0000000000
121243  -28.517  -25.679  54.166 0.0000000000
44933  -28.757  -25.427  53.423 0.0000000000
50278  -28.455  -18.989  48.214 0.0000000000
52202  -27.133  -16.672  47.666 0.0000000000
135154  -27.738  -16.858  48.215 0.0000000000
51231  -28.709  -18.547  49.043 0.0000000000
51219  -29.242  -18.278  49.823 0.0000000000
50253  -29.752  -19.303  50.036 0.0000000000
126138  -30.176  -17.529  50.977 0.0000000000
133035  -30.099  -18.036  51.113 0.0000000000
51190  -30.472  -17.732  51.780 0.0000000000
51183  -30.682  -18.060  52.526 0.0000000000
52158  -30.822  -17.544  52.475 0.0000000000
53236  -30.977  -16.788  51.739 0.0000000000
53221  -31.238  -16.971  52.521 0.0000000000
53222  -31.986  -16.766  52.731 0.0000000000
125112  -31.242  -16.337  50.110 0.0000000000
54213  -33.678  -15.343  50.582 0.0000000000
54212  -32.897  -15.871  50.494 0.0000000000
54203  -33.437  -15.803  51.466 0.0000000000
142916  -33.423  -16.037  52.334 0.0000000000
54195  -34.081  -15.595  52.277 0.0000000000
54188  -34.504  -15.446  53.227 0.0000000000
56159  -35.215  -13.881  51.248 0.0000000000
126092  -35.430  -13.904  51.998 0.0000000000
124669  -41.966  -8.766  46.717 0.0000000000
60044  -42.331  -9.127  46.098 0.0000000000
60045  -43.145  -9.205  46.322 0.0000000000
137356  -43.407  -9.985  46.216 0.0000000000
125731  -44.102  -10.557  46.198 0.0000000000
58060  -42.115  -11.468  43.069 0.0000000000
58043  -42.345  -11.404  43.861 0.0000000000
58081  -42.886  -11.417  43.390 0.0000000000
58062  -44.418  -11.281  43.968 0.0000000000
58045  -43.893  -11.419  44.480 0.0000000000
58046  -44.750  -11.394  44.669 0.0000000000
58032  -45.694  -11.190  45.809 0.0000000000
58048  -46.813  -11.210  44.832 0.0000000000
59035  -47.202  -10.799  44.242 0.0000000000
65973  -46.620  -3.067  32.934 0.0000000000
65958  -47.094  -3.260  33.523 0.0000000000
138331  -47.735  -3.063  33.454 0.0000000000
66916  -49.941  -2.864  34.057 0.0000000000
65942  -49.324  -3.330  34.574 0.0000000000
65943  -50.332  -3.330  34.937 0.0000000000
127428  -50.945  -3.434  35.536 0.0000000000
65944  -51.252  -3.030  34.954 0.0000000000
66960  -52.296  -2.201  32.737 0.0000000000
143966  -51.707  -2.334  33.000 0.0000000000
66904  -53.713  -2.751  35.539 0.0000000000
39668  -6.944  -31.898  62.032 0.0000000000
134995  -6.916  -32.416  61.185 0.0000000000
38766  -6.920  -32.667  61.866 0.0000000000
61191  -39.767  -8.464  34.068 0.0000000000
61192  -40.582  -8.281  34.459 0.0000000000
143136  -40.352  -8.032  33.853 0.0000000000
63080  -40.959  -6.862  33.132 0.0000000000
63081  -41.732  -6.555  33.439 0.0000000000
65014  -42.169  -4.948  33.081 0.0000000000
64991  -42.533  -4.278  32.872 0.0000000000
64992  -43.172  -4.182  33.364 0.0000000000
65015  -43.065  -3.729  32.638 0.0000000000
65971  -43.836  -3.351  32.267 0.0000000000
65992  -44.438  -3.015  31.678 0.0000000000
66975  -45.040  -2.749  31.181 0.0000000000
67008  -45.507  -2.318  29.631 0.0000000000
66993  -45.635  -2.492  30.664 0.0000000000
66994  -46.838  -2.182  30.946 0.0000000000
67950  -46.970  -1.728  30.228 0.0000000000
68924  -47.316  -0.326  28.418 0.0000000000
67974  -46.982  -0.881  28.822 0.0000000000
141411  -47.804  -1.198  30.074 0.0000000000
68911  -48.324  -0.518  29.517 0.0000000000
69989  -48.990  0.624  28.442 0.0000000000
68926  -49.497  0.353  29.079 0.0000000000
69990  -49.827  0.968  28.621 0.0000000000
69980  -50.959  1.065  29.649 0.0000000000
71015  -48.616  1.256  26.254 0.0000000000
71031  -49.114  1.439  25.551 0.0000000000
129390  -8.964  -30.331  57.744 0.0000000000
43096  -14.083  -27.102  59.183 0.0000000000
122670  -12.668  -27.766  59.700 0.0000000000
43093  -11.983  -28.154  59.915 0.0000000000
43883  -12.436  -26.865  62.565 0.0000000000
135651  -10.692  -28.692  61.464 0.0000000000
43072  -11.394  -28.143  61.609 0.0000000000
42219  -10.650  -28.853  60.454 0.0000000000
42218  -10.018  -29.205  60.055 0.0000000000
41326  -8.660  -29.529  61.625 0.0000000000
41329  -8.242  -30.048  61.039 0.0000000000
40517  -7.616  -30.607  61.411 0.0000000000
40511  -7.978  -30.298  62.033 0.0000000000
39661  -9.131  -30.586  63.000 0.0000000000
62921  -40.123  -7.820  50.476 0.0000000000
132954  -40.801  -7.811  50.363 0.0000000000
62935  -40.165  -7.730  49.790 0.0000000000
57973  -36.746  -11.633  51.902 0.0000000000
57983  -36.795  -11.530  50.985 0.0000000000
57993  -37.070  -10.751  49.762 0.0000000000
58971  -37.496  -10.117  50.213 0.0000000000
58996  -36.658  -10.286  47.008 0.0000000000
130205  -36.970  -9.504  46.527 0.0000000000
127129  -37.555  -9.047  47.950 0.0000000000
61017  -37.823  -8.674  48.552 0.0000000000
131990  -37.739  -8.858  49.206 0.0000000000
135484  -38.081  -8.344  49.272 0.0000000000
61009  -38.465  -8.100  49.747 0.0000000000
61993  -38.221  -8.298  49.050 0.0000000000
62024  -38.859  -8.069  48.192 0.0000000000
61030  -39.436  -8.227  47.784 0.0000000000
61048  -39.782  -8.602  47.154 0.0000000000
120750  -39.411  -8.807  46.543 0.0000000000
61078  -38.985  -9.040  44.988 0.0000000000
60075  -39.561  -9.527  44.559 0.0000000000
61093  -36.639  -9.371  43.470 0.0000000000
60105  -37.423  -9.557  42.772 0.0000000000
59066  -38.156  -10.226  42.304 0.0000000000
126047  -38.728  -10.380  42.599 0.0000000000
120508  -38.790  -10.740  42.104 0.0000000000
59084  -39.261  -11.175  41.653 0.0000000000
58126  -37.733  -11.340  39.193 0.0000000000
58141  -38.285  -11.327  38.624 0.0000000000
59116  -32.669  -9.185  39.937 0.0000000000
123682  -33.753  -10.001  38.224 0.0000000000
142661  -34.902  -9.916  39.202 0.0000000000
58151  -34.807  -11.209  37.131 0.0000000000
58138  -35.927  -11.188  38.066 0.0000000000
58152  -35.669  -11.322  37.241 0.0000000000
120992  -23.988  -26.988  57.067 0.0000000000
139424  -25.872  -26.887  58.467 0.0000000000
43940  -27.305  -26.678  57.652 0.0000000000
44999  -27.406  -25.220  49.511 0.0000000000
44966  -27.786  -25.752  52.132 0.0000000000
122524  -29.001  -21.126  46.953 0.0000000000
48394  -30.280  -21.810  49.058 0.0000000000
46644  -30.049  -22.571  48.914 0.0000000000
48378  -31.214  -21.498  50.424 0.0000000000
46623  -31.503  -23.167  50.925 0.0000000000
45790  -31.229  -24.158  51.643 0.0000000000
121420  -30.814  -25.356  53.493 0.0000000000
44920  -31.327  -25.659  53.949 0.0000000000
51166  -31.487  -17.679  53.911 0.0000000000
43141  -14.616  -27.536  55.495 0.0000000000
122210  -18.651  -25.880  54.294 0.0000000000
44930  -18.001  -25.810  53.597 0.0000000000
43994  -17.273  -26.374  54.997 0.0000000000
129728  -16.538  -26.770  53.664 0.0000000000
130581  -15.852  -27.115  54.253 0.0000000000
43950  -16.017  -26.870  56.567 0.0000000000
43130  -15.479  -27.118  56.394 0.0000000000
43932  -15.638  -26.877  57.791 0.0000000000
143288  -19.890  -25.483  58.582 0.0000000000
44869  -19.223  -25.477  58.691 0.0000000000
126226  -19.823  -25.452  59.427 0.0000000000
62018  -45.127  -8.325  48.426 0.0000000000
131279  -39.880  -9.560  36.185 0.0000000000
59166  -39.981  -10.063  37.296 0.0000000000
60183  -40.302  -9.600  36.695 0.0000000000
60177  -42.158  -9.050  37.827 0.0000000000
60165  -43.092  -9.218  39.083 0.0000000000
128766  -43.014  -9.668  39.817 0.0000000000
62106  -44.227  -7.746  37.179 0.0000000000
61167  -43.259  -8.089  36.926 0.0000000000
62096  -44.759  -7.917  37.969 0.0000000000
61133  -45.991  -8.066  39.933 0.0000000000
61132  -45.313  -8.240  39.545 0.0000000000
139204  -45.456  -8.329  40.071 0.0000000000
61119  -44.910  -8.579  40.177 0.0000000000
61109  -45.910  -8.620  41.429 0.0000000000
133155  -48.454  -7.934  42.144 0.0000000000
120596  -47.758  -8.401  42.359 0.0000000000
64978  -47.166  -3.858  34.902 0.0000000000
64960  -46.718  -4.419  35.440 0.0000000000
64949  -48.004  -4.480  36.323 0.0000000000
64924  -49.961  -4.972  38.164 0.0000000000
63941  -49.311  -5.420  38.326 0.0000000000
138518  -48.459  -5.863  38.442 0.0000000000
71003  -51.670  2.169  27.847 0.0000000000
125291  -52.026  2.301  28.472 0.0000000000
136898  -52.601  1.701  26.300 0.0000000000
127663  -52.937  2.280  27.084 0.0000000000
71891  -54.358  3.155  27.814 0.0000000000
71901  -53.860  2.485  27.038 0.0000000000
71048  -51.461  1.549  24.730 0.0000000000
71925  -51.810  2.084  24.164 0.0000000000
71051  -54.388  2.190  24.778 0.0000000000
71035  -53.963  1.764  25.443 0.0000000000
71036  -54.971  2.141  25.545 0.0000000000
71020  -55.375  2.229  26.183 0.0000000000
71021  -56.225  2.434  25.987 0.0000000000
71913  -57.110  3.106  25.613 0.0000000000
72773  -59.311  5.225  24.792 0.0000000000
72815  -55.124  3.536  22.235 0.0000000000
72814  -54.358  3.681  22.475 0.0000000000
72813  -53.639  3.732  22.640 0.0000000000
72788  -59.404  5.381  24.118 0.0000000000
73655  -60.002  5.595  23.880 0.0000000000
71083  -59.036  2.033  21.315 0.0000000000
133229  -32.153  -15.603  46.441 0.0000000000
53322  -29.623  -16.155  45.357 0.0000000000
58128  -39.259  -11.325  39.525 0.0000000000
59100  -40.425  -11.208  40.289 0.0000000000
58129  -39.900  -11.190  39.691 0.0000000000
59138  -41.045  -10.348  39.049 0.0000000000
68900  -51.243  0.039  30.353 0.0000000000
68901  -52.593  -0.188  30.742 0.0000000000
126396  -53.802  -0.391  31.189 0.0000000000
69971  -55.202  1.262  30.969 0.0000000000
70973  -55.623  1.863  30.840 0.0000000000
122960  -54.760  2.001  30.410 0.0000000000
71874  -53.979  2.950  29.374 0.0000000000
42281  -13.280  -28.227  55.704 0.0000000000
143959  -34.630  -11.004  43.305 0.0000000000
59045  -35.049  -10.522  43.656 0.0000000000
60102  -34.491  -9.113  42.096 0.0000000000
44003  -28.735  -25.849  55.461 0.0000000000
50236  -31.119  -19.582  52.861 0.0000000000
49296  -31.645  -20.289  53.252 0.0000000000
143165  -32.226  -20.820  54.459 0.0000000000
124029  -20.993  -26.040  56.322 0.0000000000
44879  -20.889  -25.755  57.554 0.0000000000
64010  -43.729  -5.402  34.533 0.0000000000
63069  -44.191  -5.903  35.062 0.0000000000
64011  -44.310  -5.100  34.862 0.0000000000
63994  -45.502  -5.241  35.634 0.0000000000
63995  -46.267  -5.014  35.907 0.0000000000
56171  -35.080  -13.785  50.429 0.0000000000
56185  -34.957  -13.674  49.473 0.0000000000
55293  -33.135  -14.242  44.802 0.0000000000
56239  -34.045  -13.125  44.929 0.0000000000
53269  -28.529  -16.604  48.416 0.0000000000
137100  -28.950  -17.204  49.143 0.0000000000
52190  -29.316  -17.479  49.686 0.0000000000
52180  -29.746  -17.268  50.240 0.0000000000
53249  -31.686  -16.404  50.951 0.0000000000
54236  -32.389  -15.720  48.660 0.0000000000
54226  -32.613  -15.798  49.590 0.0000000000
54214  -34.189  -14.795  50.533 0.0000000000
55209  -34.670  -14.365  50.894 0.0000000000
122402  -21.579  -26.532  53.489 0.0000000000
43996  -21.927  -26.599  54.276 0.0000000000
60064  -40.775  -9.439  45.448 0.0000000000
60065  -41.674  -9.629  45.639 0.0000000000
59021  -42.033  -10.518  45.178 0.0000000000
59022  -42.712  -10.893  45.336 0.0000000000
59068  -43.472  -11.127  42.931 0.0000000000
59050  -44.196  -10.998  43.307 0.0000000000
58063  -45.242  -11.145  44.050 0.0000000000
129040  -46.223  -10.873  44.020 0.0000000000
59051  -45.438  -10.634  43.440 0.0000000000
60088  -46.150  -9.975  43.202 0.0000000000
60089  -47.069  -9.621  43.223 0.0000000000
66955  -47.735  -2.500  32.330 0.0000000000
66935  -48.081  -2.708  33.010 0.0000000000
66936  -48.802  -2.620  33.159 0.0000000000
66937  -49.579  -2.564  33.299 0.0000000000
66942  -54.602  -2.258  33.477 0.0000000000
66920  -54.020  -2.450  34.043 0.0000000000
66921  -54.902  -2.444  34.250 0.0000000000
71894  -58.152  3.919  27.017 0.0000000000
64042  -41.523  -5.287  32.672 0.0000000000
66991  -44.110  -2.914  29.961 0.0000000000
124439  -48.011  -0.269  28.874 0.0000000000
69988  -48.078  0.242  28.266 0.0000000000
70002  -48.529  0.808  27.735 0.0000000000
41360  -9.604  -29.878  57.903 0.0000000000
41345  -9.596  -29.730  58.804 0.0000000000
43895  -14.374  -26.289  60.920 0.0000000000
43894  -13.512  -26.628  61.073 0.0000000000
125087  -11.151  -27.868  63.190 0.0000000000
130553  -10.027  -28.940  62.175 0.0000000000
41323  -8.792  -29.399  62.314 0.0000000000
137173  -8.566  -29.652  62.503 0.0000000000
142919  -8.585  -29.679  62.986 0.0000000000
40503  -8.956  -29.845  63.021 0.0000000000
57071  -36.240  -11.914  49.690 0.0000000000
57992  -36.698  -11.380  50.134 0.0000000000
60043  -36.695  -9.636  45.672 0.0000000000
141622  -37.905  -8.903  47.636 0.0000000000
61046  -38.081  -8.824  46.987 0.0000000000
59099  -38.136  -11.152  40.688 0.0000000000
144863  -37.462  -10.954  40.420 0.0000000000
120991  -24.793  -26.992  56.747 0.0000000000
43927  -28.780  -26.876  57.554 0.0000000000
43926  -28.073  -26.806  57.778 0.0000000000
45812  -27.901  -24.719  48.931 0.0000000000
140241  -28.518  -24.340  49.207 0.0000000000
45787  -28.907  -24.788  51.229 0.0000000000
124076  -29.337  -20.844  47.674 0.0000000000
47485  -32.143  -22.146  51.768 0.0000000000
47484  -31.789  -22.442  51.083 0.0000000000
46602  -31.876  -24.099  52.097 0.0000000000
44936  -32.392  -24.998  53.450 0.0000000000
45756  -32.917  -24.993  53.878 0.0000000000
44921  -33.243  -25.253  54.419 0.0000000000
44900  -17.768  -26.000  55.518 0.0000000000
43972  -17.149  -26.352  55.685 0.0000000000
43971  -16.621  -26.729  55.430 0.0000000000
43934  -17.160  -26.162  56.957 0.0000000000
44866  -17.014  -26.106  57.835 0.0000000000
44860  -20.608  -25.619  59.954 0.0000000000
60184  -41.093  -9.141  36.671 0.0000000000
61156  -42.705  -8.563  37.396 0.0000000000
62097  -45.511  -7.608  38.267 0.0000000000
61121  -46.353  -8.175  40.787 0.0000000000
61122  -47.121  -7.887  40.979 0.0000000000
62067  -49.011  -7.365  41.541 0.0000000000
64951  -49.512  -3.931  36.256 0.0000000000
64950  -48.791  -4.245  36.459 0.0000000000
139831  -49.389  -4.250  36.837 0.0000000000
64938  -49.660  -4.543  37.400 0.0000000000
71016  -50.739  1.569  26.397 0.0000000000
71017  -51.747  1.556  26.200 0.0000000000
142761  -52.324  1.484  25.813 0.0000000000
145209  -55.171  2.547  24.856 0.0000000000
71912  -55.938  2.562  25.364 0.0000000000
71929  -55.631  3.299  24.472 0.0000000000
72785  -56.157  3.817  24.074 0.0000000000
72829  -55.101  3.538  21.399 0.0000000000
120414  -55.648  3.726  23.114 0.0000000000
72816  -56.465  3.671  23.110 0.0000000000
71946  -59.657  4.036  23.084 0.0000000000
71107  -59.116  2.084  20.024 0.0000000000
71098  -59.578  1.882  20.583 0.0000000000
71099  -61.111  1.528  20.373 0.0000000000
55238  -33.657  -14.663  48.062 0.0000000000
55272  -33.110  -14.514  45.734 0.0000000000
120883  -24.954  -26.600  51.908 0.0000000000
44052  -25.469  -26.468  51.374 0.0000000000
128676  -27.520  -16.052  46.417 0.0000000000
53297  -27.664  -16.163  47.168 0.0000000000
121691  -29.368  -16.434  48.337 0.0000000000
54237  -33.104  -15.273  48.377 0.0000000000
59067  -40.435  -11.207  42.609 0.0000000000
58079  -41.837  -11.390  42.286 0.0000000000
58097  -41.540  -11.247  41.487 0.0000000000
59085  -42.396  -11.026  41.727 0.0000000000
60125  -43.747  -9.919  41.277 0.0000000000
67940  -49.831  -1.630  31.384 0.0000000000
66981  -50.374  -1.939  32.030 0.0000000000
66982  -51.222  -1.866  31.989 0.0000000000
66984  -52.942  -1.976  32.391 0.0000000000
68888  -52.687  -0.863  31.235 0.0000000000
66961  -53.555  -2.084  32.730 0.0000000000
66962  -54.252  -2.020  32.805 0.0000000000
71866  -55.678  2.642  30.310 0.0000000000
72751  -56.225  3.914  28.280 0.0000000000
42280  -12.692  -28.471  55.317 0.0000000000
131044  -11.499  -29.295  56.044 0.0000000000
137098  -35.553  -11.579  46.074 0.0000000000
59020  -36.148  -9.905  45.145 0.0000000000
60062  -36.315  -9.856  45.112 0.0000000000
61075  -36.595  -9.777  45.015 0.0000000000
61082  -36.516  -9.679  44.304 0.0000000000
123447  -28.082  -26.385  57.123 0.0000000000
43941  -28.512  -26.449  57.355 0.0000000000
43944  -30.412  -27.321  56.520 0.0000000000
49332  -30.179  -20.352  49.763 0.0000000000
49316  -31.189  -20.685  51.157 0.0000000000
48360  -32.430  -21.914  52.498 0.0000000000
47463  -32.899  -22.726  52.877 0.0000000000
144634  -33.261  -23.103  53.494 0.0000000000
46594  -33.415  -23.774  53.777 0.0000000000
47456  -33.382  -22.831  54.313 0.0000000000
47444  -33.517  -23.044  55.359 0.0000000000
46567  -33.528  -23.187  56.609 0.0000000000
44902  -19.566  -25.798  55.727 0.0000000000
62141  -42.478  -7.232  34.793 0.0000000000
62126  -42.706  -7.532  35.499 0.0000000000
62127  -43.392  -7.258  35.862 0.0000000000
62118  -44.820  -7.071  36.906 0.0000000000
134549  -44.567  -6.291  35.739 0.0000000000
63040  -44.988  -6.541  36.420 0.0000000000
62108  -45.936  -7.012  37.848 0.0000000000
63020  -46.718  -6.729  38.169 0.0000000000
63021  -47.478  -6.444  38.488 0.0000000000
71922  -49.165  2.036  24.309 0.0000000000
71923  -50.033  1.847  24.244 0.0000000000
136357  -49.629  2.362  23.832 0.0000000000
71940  -50.335  2.461  23.719 0.0000000000
71941  -51.236  2.650  23.695 0.0000000000
73680  -54.593  4.555  20.565 0.0000000000
72844  -55.607  3.468  20.754 0.0000000000
71980  -57.235  2.410  21.563 0.0000000000
71992  -56.956  2.558  20.813 0.0000000000
138965  -57.701  2.326  20.807 0.0000000000
71993  -58.142  2.390  20.152 0.0000000000
72866  -57.296  3.701  19.595 0.0000000000
123692  -57.735  2.810  19.787 0.0000000000
43121  -15.054  -27.257  57.438 0.0000000000
43931  -14.984  -27.098  58.185 0.0000000000
43918  -14.830  -26.870  58.979 0.0000000000
57052  -35.917  -12.414  50.070 0.0000000000
56172  -35.490  -13.078  50.046 0.0000000000
123204  -34.227  -14.051  47.781 0.0000000000
56224  -34.451  -13.345  46.649 0.0000000000
58041  -34.704  -11.509  43.908 0.0000000000
120993  -23.223  -26.789  57.191 0.0000000000
50292  -27.523  -19.155  45.924 0.0000000000
50293  -28.098  -19.582  46.314 0.0000000000
50286  -29.018  -19.977  47.868 0.0000000000
51204  -30.212  -18.965  50.988 0.0000000000
51174  -31.248  -18.097  53.573 0.0000000000
52150  -31.202  -17.609  53.217 0.0000000000
53190  -31.455  -17.380  53.595 0.0000000000
53220  -30.773  -17.182  52.171 0.0000000000
53206  -32.143  -16.810  53.544 0.0000000000
53207  -33.050  -16.475  53.724 0.0000000000
138917  -32.355  -16.146  50.691 0.0000000000
53238  -32.686  -16.352  52.081 0.0000000000
140771  -35.152  -14.381  52.417 0.0000000000
141057  -19.205  -25.818  53.295 0.0000000000
43995  -21.085  -26.431  54.245 0.0000000000
61033  -42.542  -8.389  47.466 0.0000000000
61051  -43.704  -8.759  46.808 0.0000000000
61052  -44.509  -8.765  46.900 0.0000000000
60047  -44.865  -9.219  46.687 0.0000000000
59049  -41.547  -11.227  43.602 0.0000000000
59034  -42.539  -11.231  44.650 0.0000000000
58030  -43.283  -11.372  44.983 0.0000000000
58031  -44.166  -11.317  45.439 0.0000000000
59024  -44.919  -10.925  46.044 0.0000000000
59008  -45.798  -10.447  46.410 0.0000000000
65956  -45.443  -3.644  33.642 0.0000000000
65939  -46.040  -3.752  34.143 0.0000000000
65940  -46.765  -3.606  34.188 0.0000000000
65929  -48.017  -3.739  35.054 0.0000000000
65959  -48.407  -3.042  33.736 0.0000000000
65941  -48.527  -3.423  34.476 0.0000000000
120584  -48.803  -3.685  35.204 0.0000000000
65930  -50.312  -3.704  35.970 0.0000000000
65917  -51.146  -3.655  36.278 0.0000000000
120495  -51.765  -3.769  37.069 0.0000000000
66959  -50.967  -2.264  32.728 0.0000000000
66939  -51.318  -2.515  33.536 0.0000000000
66918  -51.707  -2.673  34.310 0.0000000000
140763  -53.421  -2.598  34.671 0.0000000000
66919  -52.572  -2.623  34.462 0.0000000000
66902  -52.050  -2.869  35.089 0.0000000000
65932  -52.352  -3.185  35.829 0.0000000000
40520  -7.304  -31.320  60.892 0.0000000000
59164  -38.735  -10.492  36.625 0.0000000000
128024  -39.329  -10.402  37.220 0.0000000000
59177  -39.213  -9.867  35.965 0.0000000000
121341  -39.794  -9.274  35.504 0.0000000000
60205  -39.351  -9.072  34.665 0.0000000000
138021  -40.468  -8.879  35.513 0.0000000000
61177  -40.868  -8.499  35.152 0.0000000000
62140  -41.347  -7.988  34.648 0.0000000000
62150  -40.612  -7.547  33.469 0.0000000000
143633  -41.897  -7.484  34.504 0.0000000000
63066  -42.142  -6.912  34.118 0.0000000000
64026  -42.009  -5.783  33.164 0.0000000000
140780  -42.614  -5.361  33.591 0.0000000000
64027  -43.249  -4.845  33.978 0.0000000000
64993  -43.937  -4.217  33.861 0.0000000000
65955  -44.549  -3.688  33.390 0.0000000000
130684  -45.147  -3.263  32.801 0.0000000000
66953  -46.010  -2.855  32.333 0.0000000000
66976  -45.768  -2.608  31.503 0.0000000000
66954  -46.937  -2.681  32.296 0.0000000000
66978  -47.328  -2.341  31.607 0.0000000000
66979  -48.235  -2.148  31.619 0.0000000000
130382  -45.718  -1.877  28.759 0.0000000000
67973  -46.428  -1.379  28.769 0.0000000000
67961  -46.346  -1.830  29.508 0.0000000000
67951  -48.457  -1.573  30.816 0.0000000000
67952  -49.282  -1.267  30.797 0.0000000000
67953  -50.104  -1.036  30.789 0.0000000000
68899  -50.394  -0.317  30.286 0.0000000000
68912  -49.140  -0.254  29.600 0.0000000000
123523  -49.932  0.053  29.713 0.0000000000
68914  -51.212  0.761  30.064 0.0000000000
69981  -51.566  1.219  29.960 0.0000000000
69992  -51.441  1.600  29.383 0.0000000000
70991  -51.991  2.116  29.152 0.0000000000
71002  -50.893  1.870  28.004 0.0000000000
120973  -50.410  1.699  27.298 0.0000000000
143783  -49.740  1.423  27.451 0.0000000000
121813  -49.870  1.511  26.681 0.0000000000
143316  -48.672  2.383  24.066 0.0000000000
43095  -13.365  -27.432  59.421 0.0000000000
120498  -12.891  -27.973  58.881 0.0000000000
144973  -12.331  -28.474  58.479 0.0000000000
42244  -11.695  -28.793  58.498 0.0000000000
42243  -11.227  -28.885  59.011 0.0000000000
143537  -12.964  -26.394  62.964 0.0000000000
43073  -12.065  -27.548  61.544 0.0000000000
43081  -11.768  -28.030  60.746 0.0000000000
42229  -11.341  -28.639  59.872 0.0000000000
135148  -10.698  -29.188  58.869 0.0000000000
41335  -10.151  -29.380  59.216 0.0000000000
41331  -9.313  -29.456  60.444 0.0000000000
40516  -7.083  -31.303  61.580 0.0000000000
39669  -7.690  -31.657  62.125 0.0000000000
124767  -8.113  -30.998  62.020 0.0000000000
62910  -41.837  -8.130  50.036 0.0000000000
62936  -41.216  -7.775  49.906 0.0000000000
58986  -36.707  -10.569  47.939 0.0000000000
58987  -37.030  -10.137  48.515 0.0000000000
61008  -38.097  -8.427  49.986 0.0000000000
61974  -39.007  -7.891  50.221 0.0000000000
61995  -39.356  -7.724  49.906 0.0000000000
62011  -38.469  -8.183  48.694 0.0000000000
62012  -39.059  -7.767  49.091 0.0000000000
121548  -39.925  -7.684  49.393 0.0000000000
135883  -40.635  -7.939  48.783 0.0000000000
61049  -40.779  -8.773  46.827 0.0000000000
61066  -40.241  -9.011  46.004 0.0000000000
60076  -40.396  -9.810  44.760 0.0000000000
60087  -40.118  -10.173  44.022 0.0000000000
61084  -37.787  -9.319  44.230 0.0000000000
60086  -38.450  -9.554  43.686 0.0000000000
60107  -38.995  -10.119  43.163 0.0000000000
136858  -39.833  -10.577  43.263 0.0000000000
58112  -38.736  -11.411  40.122 0.0000000000
58093  -33.076  -10.628  41.252 0.0000000000
60148  -33.246  -9.169  39.552 0.0000000000
59149  -34.265  -10.646  37.769 0.0000000000
59135  -35.373  -10.575  38.668 0.0000000000
59136  -36.172  -10.945  38.832 0.0000000000
58139  -36.749  -11.334  38.225 0.0000000000
58168  -36.245  -11.373  36.502 0.0000000000
58154  -37.362  -11.356  37.599 0.0000000000
58170  -37.997  -11.073  37.086 0.0000000000
120994  -23.778  -26.835  57.966 0.0000000000
43937  -24.578  -26.940  57.711 0.0000000000
44070  -26.104  -26.273  50.725 0.0000000000
44071  -26.804  -26.108  51.194 0.0000000000
44952  -28.545  -25.359  52.494 0.0000000000
48420  -28.963  -21.910  46.849 0.0000000000
46622  -30.298  -23.670  50.304 0.0000000000
48388  -30.572  -21.214  49.708 0.0000000000
137188  -30.859  -21.934  49.818 0.0000000000
140266  -31.317  -22.432  50.365 0.0000000000
45800  -30.119  -24.223  50.887 0.0000000000
45777  -31.032  -24.627  52.281 0.0000000000
44954  -30.328  -24.987  52.918 0.0000000000
45746  -33.734  -24.679  54.943 0.0000000000
44907  -33.636  -25.563  55.146 0.0000000000
43142  -15.343  -27.217  55.709 0.0000000000
129880  -15.114  -27.303  56.838 0.0000000000
59153  -40.334  -10.136  37.885 0.0000000000
60176  -41.452  -9.347  37.525 0.0000000000
121240  -41.727  -9.513  38.187 0.0000000000
60149  -41.687  -9.909  38.816 0.0000000000
60150  -42.315  -9.896  39.439 0.0000000000
60138  -43.366  -9.766  40.482 0.0000000000
60139  -44.225  -9.228  40.594 0.0000000000
62115  -42.936  -7.821  36.206 0.0000000000
61157  -43.599  -8.378  37.765 0.0000000000
61146  -45.065  -8.110  38.744 0.0000000000
61145  -44.251  -8.368  38.464 0.0000000000
61130  -43.895  -8.786  39.187 0.0000000000
60152  -44.242  -8.810  39.846 0.0000000000
60126  -44.562  -9.521  41.490 0.0000000000
60127  -45.338  -9.188  41.812 0.0000000000
60128  -45.974  -8.977  42.072 0.0000000000
60110  -46.534  -9.128  42.571 0.0000000000
129294  -46.720  -8.328  41.542 0.0000000000
61094  -47.043  -8.550  42.194 0.0000000000
122150  -47.207  -5.360  36.816 0.0000000000
63979  -48.355  -4.666  36.896 0.0000000000
63978  -47.760  -4.970  36.892 0.0000000000
63960  -47.570  -5.570  37.356 0.0000000000
63940  -47.993  -5.846  38.069 0.0000000000
122085  -48.201  -6.187  38.777 0.0000000000
63012  -48.655  -6.501  39.578 0.0000000000
62079  -48.754  -6.981  40.591 0.0000000000
70992  -52.671  2.545  28.811 0.0000000000
71882  -53.422  2.877  28.883 0.0000000000
71883  -54.120  3.210  28.562 0.0000000000
71892  -55.429  3.410  27.670 0.0000000000
126179  -52.001  1.432  25.366 0.0000000000
71034  -52.917  1.544  25.460 0.0000000000
71893  -56.764  3.506  27.326 0.0000000000
71905  -58.214  3.840  26.152 0.0000000000
71906  -59.340  5.120  25.822 0.0000000000
72800  -53.395  3.532  23.188 0.0000000000
143574  -54.929  3.602  23.531 0.0000000000
122104  -57.060  4.100  24.034 0.0000000000
72802  -56.352  3.832  23.703 0.0000000000
71069  -58.638  2.291  21.946 0.0000000000
71084  -60.216  1.905  21.178 0.0000000000
41327  -9.084  -29.378  61.233 0.0000000000
60014  -37.907  -9.248  50.609 0.0000000000
60175  -40.718  -9.695  37.354 0.0000000000
61053  -45.323  -8.758  46.992 0.0000000000
61144  -43.544  -8.715  38.536 0.0000000000
62010  -38.005  -8.609  48.304 0.0000000000
62117  -44.190  -7.014  36.312 0.0000000000
62908  -40.381  -7.914  50.643 0.0000000000
62922  -41.633  -7.966  50.064 0.0000000000
63054  -45.265  -5.969  35.928 0.0000000000
63068  -43.536  -6.249  34.733 0.0000000000
63962  -49.143  -5.026  37.797 0.0000000000
64961  -47.574  -4.209  35.632 0.0000000000
64963  -48.997  -3.873  35.857 0.0000000000
65916  -50.094  -4.019  36.833 0.0000000000
65931  -51.620  -3.324  35.633 0.0000000000
65957  -46.321  -3.428  33.573 0.0000000000
66941  -53.781  -2.300  33.295 0.0000000000
66980  -49.553  -2.040  32.024 0.0000000000
68902  -53.277  0.179  30.757 0.0000000000
69979  -50.271  0.714  29.301 0.0000000000
70980  -52.054  1.688  29.768 0.0000000000
120612  -44.588  -3.185  32.326 0.0000000000
121065  -48.704  -5.544  38.144 0.0000000000
122895  -52.859  -1.487  31.775 0.0000000000
125162  -44.811  -10.949  43.562 0.0000000000
125293  -53.177  -2.437  33.847 0.0000000000
132777  -42.175  -8.190  49.730 0.0000000000
133253  -51.983  0.138  30.492 0.0000000000
137450  -36.932  -10.611  49.100 0.0000000000
138147  -46.221  -2.380  31.024 0.0000000000
140569  -57.470  2.592  20.294 0.0000000000
143481  -48.857  -3.176  34.149 0.0000000000
145075  -11.597  -28.358  60.303 0.0000000000
