#!ascii label  , from subject sub-v1s16x0051163_ses-1 vox2ras=TkReg
1468
121697  -49.372  34.707  25.944 0.0000000000
130190  -39.911  51.949  13.448 0.0000000000
104246  -37.215  44.987  15.354 0.0000000000
100550  -50.330  37.214  12.640 0.0000000000
107429  -46.134  50.441  6.967 0.0000000000
104970  -46.236  45.832  11.051 0.0000000000
101927  -50.990  40.112  7.425 0.0000000000
100563  -44.617  38.242  10.491 0.0000000000
90835  -45.599  25.167  22.920 0.0000000000
94705  -44.820  31.022  25.583 0.0000000000
109154  -32.717  52.235  10.107 0.0000000000
111523  -41.249  57.797  9.482 0.0000000000
125864  -46.422  50.267  3.874 0.0000000000
99713  -42.786  38.219  20.953 0.0000000000
141392  -44.303  52.884  18.197 0.0000000000
102443  -42.981  41.965  12.804 0.0000000000
99716  -46.955  38.861  20.822 0.0000000000
98304  -44.507  36.128  16.826 0.0000000000
97621  -40.548  34.609  16.618 0.0000000000
96105  -48.279  33.475  23.633 0.0000000000
135264  -51.196  48.508  6.491 0.0000000000
127147  -50.855  46.591  9.117 0.0000000000
103691  -49.993  42.868  6.748 0.0000000000
141787  -47.476  39.106  5.830 0.0000000000
94048  -45.217  29.097  22.970 0.0000000000
94040  -42.595  29.118  24.157 0.0000000000
107972  -28.412  50.523  10.619 0.0000000000
109228  -42.603  52.957  6.602 0.0000000000
99019  -40.324  36.799  20.767 0.0000000000
101829  -39.457  40.468  16.536 0.0000000000
107345  -38.154  49.993  15.694 0.0000000000
109081  -42.852  53.165  16.427 0.0000000000
102473  -49.016  41.019  10.349 0.0000000000
131071  -44.643  43.881  11.171 0.0000000000
101859  -46.638  39.854  13.223 0.0000000000
139021  -45.914  39.900  17.635 0.0000000000
100506  -49.983  38.982  17.053 0.0000000000
99034  -45.407  37.044  18.411 0.0000000000
99765  -47.248  36.752  14.804 0.0000000000
99091  -41.811  36.997  13.978 0.0000000000
108581  -41.611  51.519  9.090 0.0000000000
107393  -43.070  49.889  12.158 0.0000000000
106259  -45.343  47.607  8.516 0.0000000000
138942  -51.559  43.555  11.032 0.0000000000
99850  -52.619  37.235  9.617 0.0000000000
99833  -48.296  37.189  11.072 0.0000000000
121505  -47.943  37.515  6.088 0.0000000000
99867  -43.390  35.594  5.118 0.0000000000
93388  -47.126  28.097  21.935 0.0000000000
94044  -47.388  30.272  23.722 0.0000000000
128390  -47.383  32.478  26.407 0.0000000000
106813  -30.494  48.140  13.954 0.0000000000
106844  -33.950  49.057  12.830 0.0000000000
109125  -36.691  52.458  12.227 0.0000000000
110947  -40.233  56.804  11.990 0.0000000000
109776  -44.327  55.391  8.810 0.0000000000
109245  -47.392  53.723  5.583 0.0000000000
107458  -51.124  49.890  2.512 0.0000000000
106904  -49.742  48.101  1.201 0.0000000000
96103  -41.356  32.453  23.787 0.0000000000
96827  -43.583  34.020  24.197 0.0000000000
124181  -45.571  35.516  25.207 0.0000000000
107332  -41.047  49.132  17.233 0.0000000000
107366  -46.684  48.410  15.442 0.0000000000
106234  -41.948  47.688  13.557 0.0000000000
104255  -39.505  44.573  13.066 0.0000000000
101820  -43.045  40.230  17.179 0.0000000000
100462  -45.924  39.476  21.999 0.0000000000
98263  -47.513  37.209  24.673 0.0000000000
98282  -45.739  35.875  22.267 0.0000000000
97590  -44.068  34.918  19.916 0.0000000000
96865  -42.772  33.363  19.065 0.0000000000
99788  -44.469  36.853  13.878 0.0000000000
98317  -42.562  35.241  16.531 0.0000000000
120361  -41.004  32.735  17.837 0.0000000000
96082  -51.055  33.372  25.822 0.0000000000
96832  -52.193  34.017  24.426 0.0000000000
96830  -49.046  34.036  24.752 0.0000000000
106876  -51.661  47.637  5.073 0.0000000000
105038  -52.076  45.683  6.006 0.0000000000
105020  -50.623  45.180  6.024 0.0000000000
103690  -48.656  43.266  7.252 0.0000000000
103004  -38.066  42.141  15.277 0.0000000000
107925  -39.269  50.878  14.564 0.0000000000
101250  -49.188  39.220  11.369 0.0000000000
101892  -47.420  40.515  11.008 0.0000000000
126566  -48.795  38.559  13.217 0.0000000000
101217  -48.708  39.093  15.133 0.0000000000
100525  -49.967  37.777  14.257 0.0000000000
99752  -49.377  37.837  15.845 0.0000000000
131237  -49.850  37.185  14.317 0.0000000000
107990  -44.145  51.706  7.950 0.0000000000
106857  -43.552  49.359  8.298 0.0000000000
106862  -45.490  48.912  7.515 0.0000000000
103076  -51.522  42.503  8.541 0.0000000000
104975  -51.027  45.391  11.401 0.0000000000
102497  -52.330  41.796  9.681 0.0000000000
125129  -52.929  39.174  9.371 0.0000000000
101279  -52.654  38.217  7.856 0.0000000000
99872  -50.626  37.016  6.647 0.0000000000
100609  -49.968  37.360  5.566 0.0000000000
100606  -45.314  36.521  5.020 0.0000000000
94033  -45.139  30.021  24.277 0.0000000000
94043  -46.525  29.888  23.537 0.0000000000
128624  -46.116  30.912  25.193 0.0000000000
95395  -47.748  31.206  25.573 0.0000000000
138909  -46.070  31.389  25.722 0.0000000000
107974  -30.712  51.226  10.656 0.0000000000
107403  -31.260  49.899  11.758 0.0000000000
129953  -33.189  50.497  11.584 0.0000000000
107950  -35.346  50.239  12.347 0.0000000000
109140  -34.623  52.402  11.252 0.0000000000
112612  -39.913  60.061  11.854 0.0000000000
131227  -38.833  57.606  12.912 0.0000000000
111505  -42.288  58.725  11.231 0.0000000000
131635  -42.058  56.231  10.445 0.0000000000
111525  -43.439  57.569  9.794 0.0000000000
108009  -44.760  51.976  5.261 0.0000000000
109242  -45.023  53.339  5.919 0.0000000000
108629  -46.586  52.375  4.860 0.0000000000
108021  -49.476  51.494  4.167 0.0000000000
134136  -49.015  50.399  3.149 0.0000000000
106895  -50.411  48.884  1.558 0.0000000000
106886  -46.984  49.058  2.919 0.0000000000
97584  -35.867  34.850  21.014 0.0000000000
96116  -37.123  32.286  22.461 0.0000000000
96837  -38.152  33.166  22.131 0.0000000000
95410  -40.307  31.494  24.013 0.0000000000
96838  -39.612  33.662  22.187 0.0000000000
99020  -41.098  37.118  20.968 0.0000000000
98267  -41.733  35.042  22.306 0.0000000000
98269  -43.262  35.760  22.908 0.0000000000
97550  -44.497  34.676  24.651 0.0000000000
98995  -43.802  36.588  22.877 0.0000000000
109045  -43.092  53.172  20.206 0.0000000000
107860  -42.290  51.347  20.133 0.0000000000
107886  -42.677  50.429  17.779 0.0000000000
106244  -44.573  47.617  11.174 0.0000000000
107943  -45.319  49.919  13.514 0.0000000000
106846  -46.070  47.446  12.950 0.0000000000
103640  -43.431  43.046  11.729 0.0000000000
124731  -42.742  46.596  12.441 0.0000000000
104267  -41.775  45.123  11.901 0.0000000000
105637  -40.321  46.619  13.229 0.0000000000
103625  -40.890  43.303  12.920 0.0000000000
102423  -40.805  41.842  14.773 0.0000000000
102425  -42.554  41.540  14.559 0.0000000000
101184  -47.292  39.801  19.330 0.0000000000
101168  -46.165  39.919  20.042 0.0000000000
145255  -47.058  39.160  22.031 0.0000000000
120802  -47.005  38.303  23.519 0.0000000000
99704  -47.156  38.528  23.111 0.0000000000
97565  -46.524  35.690  23.227 0.0000000000
129120  -46.450  37.630  21.806 0.0000000000
99033  -44.796  36.428  17.995 0.0000000000
120865  -44.531  36.119  19.263 0.0000000000
98294  -43.924  35.392  19.009 0.0000000000
122668  -43.349  33.744  19.547 0.0000000000
97595  -43.422  34.897  18.436 0.0000000000
100578  -46.224  38.113  10.065 0.0000000000
99807  -46.432  37.332  12.373 0.0000000000
99819  -44.516  38.049  12.082 0.0000000000
125107  -41.264  36.130  15.190 0.0000000000
99060  -42.007  36.030  15.266 0.0000000000
125597  -41.461  34.825  16.717 0.0000000000
97605  -41.794  34.376  17.307 0.0000000000
96895  -40.335  33.784  17.093 0.0000000000
96182  -40.182  31.984  17.819 0.0000000000
94731  -50.464  31.007  23.506 0.0000000000
127465  -47.100  32.885  22.590 0.0000000000
106871  -49.266  49.194  6.715 0.0000000000
106270  -49.121  47.962  7.717 0.0000000000
106272  -51.231  47.830  7.815 0.0000000000
104332  -51.597  44.108  6.792 0.0000000000
102505  -49.918  41.447  6.835 0.0000000000
101931  -49.442  39.753  5.904 0.0000000000
101924  -48.288  40.790  6.774 0.0000000000
136907  -45.378  27.095  22.211 0.0000000000
121025  -43.939  27.738  22.639 0.0000000000
144400  -43.742  29.827  24.690 0.0000000000
109182  -31.622  51.939  8.605 0.0000000000
110397  -41.726  55.382  8.313 0.0000000000
107442  -44.257  49.859  4.240 0.0000000000
106884  -45.067  48.937  3.352 0.0000000000
98290  -39.100  35.792  20.841 0.0000000000
100481  -39.656  38.204  19.392 0.0000000000
100495  -41.159  38.660  19.530 0.0000000000
109695  -43.964  54.472  17.206 0.0000000000
139318  -47.851  43.247  10.420 0.0000000000
104270  -45.428  44.657  11.209 0.0000000000
103045  -46.158  42.605  10.674 0.0000000000
102459  -45.557  41.511  11.410 0.0000000000
101870  -44.988  40.862  12.796 0.0000000000
101849  -44.420  40.550  14.797 0.0000000000
101844  -46.342  39.866  15.144 0.0000000000
101204  -47.829  39.616  16.839 0.0000000000
100502  -48.825  39.216  18.023 0.0000000000
99726  -46.274  38.093  20.107 0.0000000000
99737  -47.435  38.216  17.933 0.0000000000
99742  -46.828  37.557  17.176 0.0000000000
99062  -45.677  36.665  15.817 0.0000000000
99804  -43.005  38.028  12.262 0.0000000000
123196  -38.765  46.588  17.217 0.0000000000
108550  -40.283  52.029  10.906 0.0000000000
108526  -41.501  51.504  12.492 0.0000000000
107978  -41.352  50.269  10.419 0.0000000000
126241  -43.468  48.137  9.873 0.0000000000
105655  -45.822  46.699  9.744 0.0000000000
105668  -49.027  46.812  8.898 0.0000000000
104985  -48.386  45.773  10.346 0.0000000000
104288  -49.228  44.991  12.047 0.0000000000
102474  -50.528  41.378  10.538 0.0000000000
123784  -50.897  39.356  10.681 0.0000000000
99823  -51.209  36.977  11.673 0.0000000000
120786  -49.163  36.781  11.952 0.0000000000
99847  -50.192  37.020  10.008 0.0000000000
130622  -47.703  37.855  8.576 0.0000000000
99860  -46.611  37.744  7.805 0.0000000000
100615  -48.136  37.873  5.439 0.0000000000
99869  -45.278  36.036  5.396 0.0000000000
93383  -46.279  28.118  22.219 0.0000000000
94050  -47.176  29.477  22.825 0.0000000000
94733  -48.841  30.069  22.922 0.0000000000
94720  -49.109  30.917  24.541 0.0000000000
95385  -49.584  32.116  26.102 0.0000000000
96796  -49.182  33.989  26.371 0.0000000000
141259  -33.666  47.422  16.072 0.0000000000
106828  -32.038  48.219  13.491 0.0000000000
106214  -35.047  47.708  15.583 0.0000000000
106817  -36.201  48.812  14.723 0.0000000000
107377  -36.979  50.072  13.870 0.0000000000
108523  -38.376  52.182  13.167 0.0000000000
109759  -35.318  54.015  10.860 0.0000000000
110361  -36.771  54.637  12.139 0.0000000000
110351  -38.063  54.588  13.011 0.0000000000
109760  -39.458  53.869  11.581 0.0000000000
110381  -40.786  54.043  10.253 0.0000000000
109775  -43.124  54.533  9.200 0.0000000000
108592  -45.206  52.932  7.637 0.0000000000
125482  -43.820  55.302  7.702 0.0000000000
109807  -45.773  54.594  7.188 0.0000000000
108606  -46.821  52.964  6.562 0.0000000000
107999  -48.994  51.381  5.641 0.0000000000
107436  -51.040  49.119  4.649 0.0000000000
106312  -52.066  48.368  2.005 0.0000000000
106319  -51.103  47.417  1.064 0.0000000000
106902  -46.934  48.032  1.680 0.0000000000
122879  -41.728  30.975  25.186 0.0000000000
95393  -43.043  31.771  25.455 0.0000000000
97563  -40.508  33.936  22.236 0.0000000000
96104  -42.148  33.014  23.895 0.0000000000
96075  -43.916  32.087  25.592 0.0000000000
96801  -45.210  33.241  25.750 0.0000000000
96803  -46.912  34.147  26.348 0.0000000000
97544  -47.767  35.529  26.317 0.0000000000
106205  -39.286  47.242  16.587 0.0000000000
120500  -43.626  52.173  13.976 0.0000000000
108480  -45.212  51.964  15.061 0.0000000000
108468  -44.755  51.476  16.842 0.0000000000
106241  -45.509  47.056  13.180 0.0000000000
106820  -45.406  47.785  14.638 0.0000000000
127547  -43.489  50.268  16.920 0.0000000000
106786  -41.420  48.779  15.702 0.0000000000
106224  -39.547  47.237  14.860 0.0000000000
104251  -38.065  44.310  14.139 0.0000000000
102416  -39.514  41.553  15.338 0.0000000000
101830  -41.126  40.545  16.700 0.0000000000
101166  -42.592  39.176  19.394 0.0000000000
101833  -44.334  40.199  16.630 0.0000000000
101181  -44.331  39.757  18.726 0.0000000000
99714  -43.844  38.532  21.425 0.0000000000
98996  -46.052  38.098  23.741 0.0000000000
98262  -46.878  37.496  24.756 0.0000000000
97559  -48.264  36.065  25.548 0.0000000000
96828  -47.726  35.626  24.584 0.0000000000
96842  -46.781  34.716  23.474 0.0000000000
96120  -45.710  33.345  22.050 0.0000000000
99030  -45.011  36.388  20.242 0.0000000000
98292  -44.653  35.323  20.670 0.0000000000
96134  -44.647  32.986  21.075 0.0000000000
96146  -44.304  32.657  20.640 0.0000000000
96157  -43.230  32.829  19.719 0.0000000000
99808  -47.623  36.783  12.630 0.0000000000
99789  -46.440  36.699  14.026 0.0000000000
99061  -44.686  36.362  15.857 0.0000000000
99787  -43.710  37.165  13.481 0.0000000000
120542  -43.653  36.162  15.560 0.0000000000
98302  -43.236  35.297  16.839 0.0000000000
96884  -42.327  34.156  17.910 0.0000000000
96870  -42.240  33.401  18.429 0.0000000000
96805  -49.994  33.946  25.820 0.0000000000
96817  -51.695  33.827  25.135 0.0000000000
96816  -50.370  33.881  25.678 0.0000000000
96831  -50.597  33.926  24.911 0.0000000000
129749  -49.488  34.533  25.735 0.0000000000
105717  -51.115  46.680  5.102 0.0000000000
105718  -51.625  46.519  5.556 0.0000000000
105698  -51.214  45.907  5.613 0.0000000000
134191  -37.298  42.575  15.322 0.0000000000
103618  -37.554  43.726  14.688 0.0000000000
108490  -39.919  51.443  14.057 0.0000000000
108491  -40.135  51.176  14.779 0.0000000000
142872  -40.583  51.811  13.574 0.0000000000
101245  -50.382  37.872  12.147 0.0000000000
101244  -49.402  38.314  12.491 0.0000000000
100536  -50.034  37.368  13.441 0.0000000000
132662  -50.056  37.344  13.926 0.0000000000
99810  -50.061  37.140  13.161 0.0000000000
107991  -44.939  51.246  7.532 0.0000000000
107423  -44.364  49.785  7.745 0.0000000000
107425  -46.095  49.537  7.110 0.0000000000
102496  -51.403  41.699  8.297 0.0000000000
101916  -51.854  40.790  8.638 0.0000000000
101928  -52.261  39.421  8.155 0.0000000000
101278  -51.515  38.807  7.028 0.0000000000
100610  -50.814  37.376  6.055 0.0000000000
101289  -50.730  38.155  5.985 0.0000000000
92076  -45.833  26.387  22.292 0.0000000000
94716  -44.406  30.335  24.995 0.0000000000
142375  -46.057  30.343  24.328 0.0000000000
94717  -45.339  30.628  25.001 0.0000000000
137480  -45.536  31.110  25.548 0.0000000000
108565  -31.944  51.794  10.109 0.0000000000
107976  -31.948  51.168  11.031 0.0000000000
108547  -32.456  51.576  10.808 0.0000000000
108532  -34.037  51.570  11.309 0.0000000000
108549  -33.873  52.346  10.992 0.0000000000
111522  -40.132  57.779  9.350 0.0000000000
112095  -39.698  59.408  10.059 0.0000000000
112629  -41.595  59.699  10.733 0.0000000000
112065  -40.706  60.211  12.073 0.0000000000
112082  -42.427  59.227  10.850 0.0000000000
112083  -43.149  58.308  10.201 0.0000000000
111524  -42.831  57.834  9.482 0.0000000000
107443  -45.791  50.836  4.443 0.0000000000
108628  -45.607  51.793  4.931 0.0000000000
108018  -46.980  51.469  4.440 0.0000000000
108028  -47.511  50.759  3.986 0.0000000000
141950  -48.015  50.288  3.463 0.0000000000
107456  -48.084  49.491  2.821 0.0000000000
107455  -47.114  49.813  3.376 0.0000000000
135652  -35.930  36.248  20.325 0.0000000000
97585  -36.725  34.734  21.175 0.0000000000
96853  -37.345  33.527  21.785 0.0000000000
97575  -37.597  34.414  21.403 0.0000000000
96854  -38.743  33.715  21.959 0.0000000000
99701  -42.040  37.507  21.132 0.0000000000
98281  -42.092  35.917  21.997 0.0000000000
99005  -42.532  36.796  21.747 0.0000000000
99006  -43.460  37.113  22.259 0.0000000000
109681  -43.537  54.661  18.804 0.0000000000
109059  -43.586  53.323  19.350 0.0000000000
108434  -43.155  52.011  19.722 0.0000000000
108457  -43.501  51.128  18.190 0.0000000000
106249  -45.062  47.086  10.999 0.0000000000
138412  -45.220  47.784  11.949 0.0000000000
106246  -45.481  46.661  11.555 0.0000000000
103021  -43.270  42.412  12.213 0.0000000000
104260  -42.267  44.404  11.828 0.0000000000
103629  -42.077  43.595  12.196 0.0000000000
103628  -41.387  43.701  12.473 0.0000000000
140628  -41.906  42.685  12.881 0.0000000000
102430  -41.981  42.011  13.899 0.0000000000
102431  -42.702  41.745  13.583 0.0000000000
101170  -46.985  39.695  20.093 0.0000000000
101160  -46.844  39.532  20.983 0.0000000000
100473  -46.956  39.327  21.045 0.0000000000
99697  -47.239  38.998  22.695 0.0000000000
138693  -47.186  38.759  22.358 0.0000000000
99007  -46.648  37.286  22.716 0.0000000000
99715  -46.705  38.353  21.281 0.0000000000
98296  -44.325  35.921  17.623 0.0000000000
141642  -44.299  35.918  18.405 0.0000000000
126468  -43.824  35.419  18.027 0.0000000000
100577  -45.129  38.069  9.536 0.0000000000
100564  -45.590  38.178  10.768 0.0000000000
98333  -40.798  35.653  15.608 0.0000000000
98334  -41.596  35.572  15.720 0.0000000000
98315  -41.137  35.207  16.173 0.0000000000
132151  -41.079  34.269  17.020 0.0000000000
127272  -39.600  34.028  16.805 0.0000000000
95412  -50.160  31.320  24.377 0.0000000000
96123  -48.494  32.860  22.743 0.0000000000
139523  -47.705  32.966  22.854 0.0000000000
106872  -50.389  48.967  6.625 0.0000000000
106865  -49.863  48.561  7.271 0.0000000000
106866  -50.935  48.415  7.280 0.0000000000
104341  -51.722  44.632  6.230 0.0000000000
104333  -51.996  44.907  6.796 0.0000000000
122842  -50.983  43.353  6.584 0.0000000000
103692  -51.166  42.939  7.262 0.0000000000
135668  -49.971  42.207  6.812 0.0000000000
101925  -49.156  40.706  6.502 0.0000000000
102504  -49.067  41.586  6.896 0.0000000000
102503  -47.901  41.742  7.413 0.0000000000
92739  -43.212  27.163  22.509 0.0000000000
94041  -43.543  29.245  23.919 0.0000000000
94031  -42.995  29.704  24.835 0.0000000000
121853  -30.142  51.455  9.050 0.0000000000
108015  -42.909  50.216  4.610 0.0000000000
107452  -43.907  49.124  3.755 0.0000000000
107440  -42.416  49.515  3.921 0.0000000000
101200  -38.589  40.214  16.806 0.0000000000
128047  -38.973  38.975  18.222 0.0000000000
101177  -39.699  39.083  18.278 0.0000000000
100494  -40.253  38.744  18.959 0.0000000000
101178  -40.419  39.298  18.210 0.0000000000
124783  -37.673  49.480  16.187 0.0000000000
109074  -43.717  54.099  16.831 0.0000000000
127968  -48.521  41.947  10.358 0.0000000000
103046  -46.993  42.864  10.492 0.0000000000
102472  -47.731  41.288  10.569 0.0000000000
101872  -46.738  40.148  12.173 0.0000000000
101883  -46.713  40.698  11.354 0.0000000000
101882  -46.015  40.896  11.729 0.0000000000
102446  -45.248  41.151  12.025 0.0000000000
101858  -45.606  40.342  13.441 0.0000000000
101850  -45.417  40.193  14.441 0.0000000000
101851  -46.375  39.876  14.205 0.0000000000
101218  -49.906  38.718  15.813 0.0000000000
101209  -48.995  39.214  16.310 0.0000000000
101205  -49.104  39.254  17.361 0.0000000000
101198  -48.862  39.247  17.948 0.0000000000
100503  -49.733  38.961  17.474 0.0000000000
100501  -48.214  38.774  18.258 0.0000000000
100505  -49.778  38.940  17.450 0.0000000000
99766  -48.985  37.101  15.007 0.0000000000
133235  -48.227  37.691  16.574 0.0000000000
99751  -47.842  37.079  15.652 0.0000000000
122383  -46.694  37.020  16.194 0.0000000000
99750  -46.412  36.748  15.352 0.0000000000
109168  -40.783  52.292  9.812 0.0000000000
136219  -40.604  51.383  10.655 0.0000000000
134484  -41.273  50.962  9.456 0.0000000000
106858  -44.214  48.767  8.186 0.0000000000
145476  -43.042  48.695  9.533 0.0000000000
106258  -44.442  47.890  8.714 0.0000000000
106255  -45.045  47.190  9.379 0.0000000000
106256  -45.937  47.048  9.065 0.0000000000
106263  -49.673  47.410  8.369 0.0000000000
106262  -48.426  47.391  8.242 0.0000000000
105669  -50.181  46.737  9.020 0.0000000000
103668  -51.578  43.737  11.114 0.0000000000
104986  -50.597  45.587  11.228 0.0000000000
104974  -50.651  45.201  12.201 0.0000000000
104274  -49.833  45.155  12.166 0.0000000000
104289  -50.492  45.193  12.266 0.0000000000
103049  -50.448  43.285  10.943 0.0000000000
129335  -51.167  42.438  10.906 0.0000000000
101260  -53.074  38.361  9.271 0.0000000000
101253  -52.703  39.085  9.712 0.0000000000
100566  -52.380  37.965  10.438 0.0000000000
100565  -51.636  37.198  11.320 0.0000000000
99849  -52.143  37.000  10.310 0.0000000000
99848  -51.384  36.777  10.997 0.0000000000
99863  -51.293  36.951  9.492 0.0000000000
99871  -49.337  37.339  6.303 0.0000000000
99862  -50.017  37.270  8.136 0.0000000000
99861  -48.482  37.696  7.550 0.0000000000
101930  -48.454  39.680  6.004 0.0000000000
101292  -48.685  38.144  5.209 0.0000000000
121817  -47.222  38.077  5.510 0.0000000000
99879  -44.037  35.625  4.798 0.0000000000
99881  -45.612  36.511  5.293 0.0000000000
93381  -44.712  28.349  22.696 0.0000000000
92741  -45.454  27.778  22.347 0.0000000000
93382  -45.558  28.520  22.570 0.0000000000
142716  -46.716  30.337  24.063 0.0000000000
94045  -47.984  29.861  22.969 0.0000000000
94729  -48.432  30.441  23.685 0.0000000000
94730  -49.409  30.656  23.610 0.0000000000
94719  -48.051  30.781  24.652 0.0000000000
95383  -47.511  31.775  26.132 0.0000000000
95384  -48.502  31.843  26.121 0.0000000000
96079  -48.221  32.399  26.417 0.0000000000
96080  -49.209  32.619  26.427 0.0000000000
140507  -48.006  32.959  26.565 0.0000000000
144577  -29.948  48.161  14.448 0.0000000000
106209  -30.390  47.798  15.592 0.0000000000
123659  -31.762  47.449  15.526 0.0000000000
106201  -32.967  47.420  16.299 0.0000000000
106222  -32.143  47.526  14.792 0.0000000000
122666  -27.301  50.327  11.104 0.0000000000
107401  -29.416  49.619  11.725 0.0000000000
107389  -32.977  49.263  12.436 0.0000000000
106842  -32.424  48.717  12.877 0.0000000000
106843  -33.185  48.688  12.964 0.0000000000
106232  -33.277  47.852  14.093 0.0000000000
106815  -34.818  48.286  14.242 0.0000000000
106798  -35.716  48.258  15.174 0.0000000000
106832  -35.205  48.772  13.764 0.0000000000
137911  -35.982  50.834  12.260 0.0000000000
107392  -36.072  50.265  12.801 0.0000000000
107951  -36.747  50.827  12.723 0.0000000000
108522  -37.463  51.440  12.911 0.0000000000
124292  -37.396  52.269  12.677 0.0000000000
110370  -35.914  54.578  10.962 0.0000000000
110946  -37.303  56.063  12.091 0.0000000000
111503  -39.752  57.842  12.635 0.0000000000
110938  -38.333  56.321  13.174 0.0000000000
129304  -39.371  55.761  12.307 0.0000000000
109748  -38.714  54.275  12.463 0.0000000000
110371  -39.321  54.796  11.937 0.0000000000
110372  -40.010  54.384  10.958 0.0000000000
110955  -40.099  55.461  11.379 0.0000000000
110970  -43.637  56.230  9.327 0.0000000000
110383  -42.785  55.124  9.512 0.0000000000
109187  -44.115  53.618  8.406 0.0000000000
109790  -44.656  55.098  8.316 0.0000000000
109207  -41.883  53.335  7.115 0.0000000000
110409  -42.316  54.888  7.823 0.0000000000
109804  -43.183  54.178  7.168 0.0000000000
109243  -46.196  54.077  6.293 0.0000000000
109230  -45.533  54.327  6.686 0.0000000000
109231  -46.207  54.170  6.514 0.0000000000
109232  -47.265  53.845  5.920 0.0000000000
107998  -48.283  51.228  6.168 0.0000000000
108623  -48.388  52.793  5.123 0.0000000000
108031  -50.329  50.594  3.415 0.0000000000
131513  -49.992  50.852  4.260 0.0000000000
133651  -51.226  49.870  3.072 0.0000000000
107445  -51.559  49.081  3.477 0.0000000000
107459  -51.786  49.131  2.521 0.0000000000
107466  -51.652  49.154  1.989 0.0000000000
106905  -51.146  48.084  1.091 0.0000000000
106318  -50.558  47.333  0.767 0.0000000000
105759  -50.563  46.402  0.460 0.0000000000
106317  -49.167  47.403  0.710 0.0000000000
106892  -46.417  48.556  2.456 0.0000000000
95409  -39.551  31.120  24.015 0.0000000000
96102  -40.488  32.312  23.429 0.0000000000
128231  -40.932  31.195  24.646 0.0000000000
96089  -41.506  31.747  24.580 0.0000000000
95392  -42.521  31.153  25.408 0.0000000000
141078  -41.967  32.272  24.404 0.0000000000
99018  -39.559  36.607  20.581 0.0000000000
125515  -39.713  35.386  21.287 0.0000000000
98280  -40.423  35.469  21.476 0.0000000000
125178  -42.334  34.504  22.948 0.0000000000
131058  -41.991  33.723  23.242 0.0000000000
96810  -43.005  33.198  24.385 0.0000000000
96091  -43.424  32.608  25.070 0.0000000000
96811  -43.694  33.309  24.744 0.0000000000
96076  -44.848  32.351  25.744 0.0000000000
126541  -44.209  33.793  24.813 0.0000000000
98255  -44.962  35.847  24.509 0.0000000000
96812  -45.045  34.183  25.399 0.0000000000
96813  -46.058  35.175  25.738 0.0000000000
97543  -46.983  35.504  26.171 0.0000000000
97551  -47.049  36.475  25.635 0.0000000000
107306  -41.571  50.121  18.479 0.0000000000
106769  -39.803  47.929  17.223 0.0000000000
137531  -42.618  50.927  12.648 0.0000000000
136902  -42.098  51.704  13.128 0.0000000000
107942  -43.809  50.879  13.175 0.0000000000
107926  -46.290  49.620  14.690 0.0000000000
137705  -45.481  50.843  14.063 0.0000000000
128040  -45.831  50.758  15.707 0.0000000000
109096  -45.079  51.980  15.949 0.0000000000
140320  -46.033  49.758  16.008 0.0000000000
104269  -44.518  44.771  11.380 0.0000000000
105648  -45.339  46.024  11.913 0.0000000000
104959  -44.527  45.513  11.680 0.0000000000
106239  -42.388  47.090  12.884 0.0000000000
106235  -43.273  47.458  13.348 0.0000000000
106819  -43.476  48.501  14.573 0.0000000000
107900  -44.254  49.765  16.284 0.0000000000
106802  -42.576  48.907  15.166 0.0000000000
107346  -42.319  49.216  15.922 0.0000000000
144209  -41.658  48.648  15.014 0.0000000000
104949  -39.762  45.368  12.918 0.0000000000
105633  -39.876  47.005  13.931 0.0000000000
105636  -39.449  46.096  13.524 0.0000000000
105631  -38.739  46.124  14.265 0.0000000000
104254  -38.767  44.451  13.544 0.0000000000
103620  -38.844  43.147  13.931 0.0000000000
103009  -39.522  42.952  13.760 0.0000000000
101840  -42.122  41.257  15.974 0.0000000000
101839  -41.203  41.109  16.083 0.0000000000
101819  -42.016  40.357  17.135 0.0000000000
101179  -41.807  39.503  18.348 0.0000000000
101193  -42.592  39.812  17.887 0.0000000000
101834  -45.423  39.975  16.655 0.0000000000
101842  -44.514  40.310  15.850 0.0000000000
101822  -45.000  39.957  17.444 0.0000000000
101153  -45.840  39.666  21.296 0.0000000000
120465  -44.883  39.719  19.658 0.0000000000
101158  -45.360  39.695  20.576 0.0000000000
101157  -44.126  39.344  20.254 0.0000000000
100472  -44.755  39.325  21.248 0.0000000000
99702  -44.176  38.041  22.202 0.0000000000
99695  -45.478  38.435  22.896 0.0000000000
98990  -47.351  37.541  24.472 0.0000000000
98989  -46.952  37.812  24.235 0.0000000000
140243  -47.677  36.797  25.252 0.0000000000
97558  -47.781  36.826  25.112 0.0000000000
97566  -47.461  36.463  24.290 0.0000000000
97580  -45.553  34.820  22.228 0.0000000000
96841  -45.891  34.201  22.569 0.0000000000
99733  -46.130  37.925  18.984 0.0000000000
99022  -45.793  37.318  20.600 0.0000000000
99031  -45.332  37.002  19.447 0.0000000000
97587  -44.371  34.383  20.647 0.0000000000
96855  -44.743  33.725  21.205 0.0000000000
96862  -44.230  33.510  20.665 0.0000000000
95451  -43.224  31.755  19.654 0.0000000000
96156  -42.767  32.483  19.328 0.0000000000
136914  -49.321  36.887  11.276 0.0000000000
99809  -48.772  36.747  12.498 0.0000000000
99821  -47.802  37.160  11.492 0.0000000000
142335  -45.800  37.321  12.747 0.0000000000
99763  -45.303  36.694  14.278 0.0000000000
99081  -45.345  36.583  15.101 0.0000000000
99080  -44.304  36.556  14.811 0.0000000000
99786  -42.886  37.535  13.119 0.0000000000
142000  -42.385  37.296  13.578 0.0000000000
98335  -42.319  35.540  15.863 0.0000000000
127502  -42.781  36.088  15.393 0.0000000000
98336  -43.100  35.587  16.064 0.0000000000
97606  -42.619  34.863  17.307 0.0000000000
96883  -41.693  33.527  17.880 0.0000000000
96169  -41.716  32.663  18.301 0.0000000000
95466  -41.893  31.819  18.618 0.0000000000
96093  -51.697  33.118  25.457 0.0000000000
96083  -51.824  33.685  25.303 0.0000000000
139739  -51.621  47.784  6.049 0.0000000000
106280  -51.876  47.150  6.417 0.0000000000
105700  -51.948  46.299  5.836 0.0000000000
105037  -51.729  45.198  5.915 0.0000000000
104330  -49.891  43.766  6.591 0.0000000000
103085  -48.984  42.363  7.084 0.0000000000
102412  -38.010  41.362  15.894 0.0000000000
101836  -38.722  40.871  16.193 0.0000000000
107910  -38.700  50.406  15.131 0.0000000000
107911  -39.498  50.684  15.352 0.0000000000
108478  -41.983  51.965  15.312 0.0000000000
141640  -49.206  40.031  10.645 0.0000000000
101893  -48.323  40.292  10.748 0.0000000000
101873  -47.881  39.428  12.248 0.0000000000
101238  -47.454  39.484  12.827 0.0000000000
101216  -47.472  39.332  14.155 0.0000000000
101227  -47.735  39.171  13.483 0.0000000000
101228  -48.822  38.625  14.168 0.0000000000
100516  -50.082  38.294  15.171 0.0000000000
99753  -49.922  38.721  16.054 0.0000000000
99767  -50.121  37.832  15.059 0.0000000000
108582  -42.348  51.577  8.569 0.0000000000
107987  -42.457  50.711  8.504 0.0000000000
107422  -43.763  50.446  7.935 0.0000000000
106861  -44.806  49.120  7.687 0.0000000000
106859  -45.816  48.141  7.915 0.0000000000
105000  -51.275  45.662  9.639 0.0000000000
105660  -50.861  45.879  10.155 0.0000000000
104301  -51.500  44.706  10.215 0.0000000000
103061  -52.087  42.678  10.165 0.0000000000
103062  -52.309  41.996  10.403 0.0000000000
102476  -52.228  41.851  10.547 0.0000000000
101917  -52.675  39.820  9.266 0.0000000000
101269  -53.076  38.597  8.780 0.0000000000
99874  -52.397  37.305  8.159 0.0000000000
123869  -51.298  37.073  8.000 0.0000000000
100599  -51.661  37.251  7.099 0.0000000000
99885  -50.766  37.202  6.262 0.0000000000
99884  -49.827  37.274  5.720 0.0000000000
101285  -46.626  38.491  5.782 0.0000000000
92083  -46.862  27.303  21.893 0.0000000000
134658  -44.952  29.497  23.610 0.0000000000
94042  -45.681  29.666  23.575 0.0000000000
94718  -46.969  30.710  24.774 0.0000000000
95394  -46.803  31.271  25.687 0.0000000000
95382  -46.528  31.996  26.127 0.0000000000
106826  -29.693  48.363  13.742 0.0000000000
136240  -30.064  50.956  10.682 0.0000000000
107959  -29.795  50.339  11.234 0.0000000000
107960  -30.739  50.636  11.238 0.0000000000
107404  -32.570  50.032  11.815 0.0000000000
107405  -33.714  49.893  12.062 0.0000000000
107390  -34.674  49.695  12.511 0.0000000000
107406  -34.606  50.319  11.926 0.0000000000
140725  -34.591  50.903  11.583 0.0000000000
125497  -35.384  52.069  11.560 0.0000000000
133624  -39.050  59.137  9.963 0.0000000000
111502  -37.845  56.966  12.632 0.0000000000
112595  -39.871  59.377  12.378 0.0000000000
112072  -40.459  59.297  12.396 0.0000000000
111512  -41.479  57.591  11.415 0.0000000000
110956  -41.156  56.339  11.028 0.0000000000
111513  -42.493  57.376  10.627 0.0000000000
111514  -43.472  57.607  9.941 0.0000000000
110971  -44.195  56.184  8.777 0.0000000000
108619  -43.742  52.166  5.625 0.0000000000
109229  -44.018  53.355  6.368 0.0000000000
108620  -46.304  53.272  5.452 0.0000000000
108621  -47.262  53.477  5.330 0.0000000000
108631  -48.340  52.719  4.711 0.0000000000
108019  -48.108  52.054  4.312 0.0000000000
108030  -49.475  51.058  3.674 0.0000000000
107457  -50.185  50.365  2.746 0.0000000000
107465  -50.921  49.592  1.978 0.0000000000
107464  -49.597  49.662  2.335 0.0000000000
106894  -48.832  48.799  1.944 0.0000000000
99014  -35.080  36.193  20.239 0.0000000000
98288  -35.485  35.543  20.625 0.0000000000
97573  -35.333  34.242  21.299 0.0000000000
96852  -36.471  33.526  21.684 0.0000000000
96101  -39.622  31.936  23.454 0.0000000000
96117  -38.832  32.366  22.916 0.0000000000
96118  -39.738  32.801  22.818 0.0000000000
96119  -40.452  32.940  22.918 0.0000000000
124273  -40.588  37.489  20.488 0.0000000000
124462  -41.267  35.653  21.715 0.0000000000
99004  -41.620  36.554  21.452 0.0000000000
98268  -42.517  35.407  22.581 0.0000000000
97556  -43.147  34.595  23.493 0.0000000000
98260  -43.543  35.354  23.422 0.0000000000
138736  -44.212  35.733  23.857 0.0000000000
98261  -44.889  36.534  24.085 0.0000000000
107861  -42.573  51.218  19.399 0.0000000000
107319  -41.645  49.756  17.497 0.0000000000
107408  -43.591  49.065  11.738 0.0000000000
143863  -43.828  50.278  12.727 0.0000000000
106845  -45.064  48.417  12.256 0.0000000000
107395  -46.114  48.329  13.330 0.0000000000
106835  -46.405  47.484  13.913 0.0000000000
104268  -43.701  43.960  11.447 0.0000000000
140370  -43.600  44.942  11.516 0.0000000000
136949  -42.976  44.440  11.606 0.0000000000
126685  -42.413  45.896  12.036 0.0000000000
105642  -41.733  46.466  12.463 0.0000000000
105638  -41.247  46.969  12.998 0.0000000000
105641  -40.804  46.222  12.665 0.0000000000
104258  -40.214  44.769  12.600 0.0000000000
103624  -40.097  43.938  12.895 0.0000000000
135274  -40.235  42.458  14.110 0.0000000000
103008  -41.179  42.213  14.082 0.0000000000
102419  -42.115  41.512  15.248 0.0000000000
125193  -42.871  41.029  16.121 0.0000000000
130087  -46.816  39.893  18.258 0.0000000000
120411  -45.811  39.939  18.298 0.0000000000
124675  -46.727  39.936  19.657 0.0000000000
101159  -46.496  39.753  20.798 0.0000000000
101154  -46.616  39.505  21.597 0.0000000000
100458  -46.472  39.130  22.777 0.0000000000
100459  -47.152  39.097  22.717 0.0000000000
99696  -47.136  38.887  23.071 0.0000000000
98997  -47.150  37.908  23.822 0.0000000000
98271  -47.427  37.002  24.121 0.0000000000
98270  -47.041  37.072  23.555 0.0000000000
138822  -44.796  36.467  18.687 0.0000000000
97586  -43.820  34.093  20.069 0.0000000000
97589  -43.570  34.584  19.288 0.0000000000
96872  -43.116  34.220  18.797 0.0000000000
99832  -47.302  37.740  10.551 0.0000000000
120760  -47.141  37.267  11.926 0.0000000000
99820  -46.017  37.885  11.665 0.0000000000
120435  -45.426  37.796  12.186 0.0000000000
99806  -44.906  37.530  12.698 0.0000000000
99077  -41.705  36.533  14.750 0.0000000000
98316  -41.889  35.238  16.299 0.0000000000
142272  -42.082  35.001  16.863 0.0000000000
96896  -41.053  33.639  17.433 0.0000000000
96882  -40.226  32.934  17.501 0.0000000000
96181  -39.383  32.287  17.514 0.0000000000
94734  -49.737  30.363  22.811 0.0000000000
107430  -46.760  50.274  6.771 0.0000000000
107426  -46.930  49.339  6.970 0.0000000000
106864  -48.004  49.127  6.903 0.0000000000
106271  -50.337  47.982  7.858 0.0000000000
106265  -51.312  47.189  8.324 0.0000000000
106273  -51.766  47.354  7.447 0.0000000000
105671  -51.821  46.603  7.768 0.0000000000
104314  -51.613  44.824  8.278 0.0000000000
143841  -51.457  44.064  8.204 0.0000000000
103086  -50.833  42.105  7.201 0.0000000000
101926  -50.029  40.540  6.646 0.0000000000
101932  -50.422  39.414  6.264 0.0000000000
141617  -47.701  40.018  6.573 0.0000000000
126376  -47.304  40.731  7.207 0.0000000000
92075  -44.889  26.710  22.328 0.0000000000
92740  -44.742  27.458  22.406 0.0000000000
93380  -43.097  27.962  22.975 0.0000000000
93375  -43.780  28.529  23.112 0.0000000000
93376  -44.413  29.082  23.332 0.0000000000
94032  -44.361  29.653  24.132 0.0000000000
107983  -28.730  50.962  9.853 0.0000000000
108562  -29.470  51.235  9.408 0.0000000000
108563  -30.782  51.575  9.559 0.0000000000
138171  -32.161  52.054  9.351 0.0000000000
110969  -41.839  56.904  8.990 0.0000000000
108604  -41.701  51.832  6.130 0.0000000000
124725  -42.837  51.411  5.426 0.0000000000
108016  -43.901  50.540  4.664 0.0000000000
129389  -44.958  50.058  4.198 0.0000000000
107454  -45.454  49.723  3.837 0.0000000000
107453  -44.650  49.370  3.831 0.0000000000
106883  -44.360  48.878  3.348 0.0000000000
128793  -38.996  38.207  19.191 0.0000000000
99725  -39.961  37.737  19.973 0.0000000000
99712  -41.351  37.828  20.634 0.0000000000
100469  -41.635  38.377  20.235 0.0000000000
109688  -42.979  55.418  18.187 0.0000000000
109069  -44.410  53.825  17.416 0.0000000000
104272  -47.397  45.118  11.455 0.0000000000
104961  -45.987  45.396  11.329 0.0000000000
104286  -46.872  44.501  10.997 0.0000000000
103653  -46.457  43.511  10.632 0.0000000000
103652  -45.679  43.254  10.773 0.0000000000
101891  -46.923  41.142  10.852 0.0000000000
102470  -45.872  41.940  10.908 0.0000000000
103034  -44.771  42.438  11.318 0.0000000000
103033  -44.028  42.266  11.749 0.0000000000
145505  -44.249  41.756  11.988 0.0000000000
102433  -44.171  41.118  13.009 0.0000000000
101856  -43.865  41.014  13.917 0.0000000000
101857  -44.703  40.642  13.691 0.0000000000
101843  -45.379  40.089  15.499 0.0000000000
101203  -46.480  39.820  16.185 0.0000000000
138270  -47.220  39.564  14.865 0.0000000000
101208  -47.554  39.576  15.728 0.0000000000
101196  -46.724  39.799  17.313 0.0000000000
101197  -48.028  39.674  18.054 0.0000000000
100497  -47.577  39.689  18.882 0.0000000000
100485  -47.166  39.385  19.884 0.0000000000
99727  -47.079  38.776  19.563 0.0000000000
99734  -47.211  38.493  18.612 0.0000000000
99736  -46.322  37.758  18.021 0.0000000000
99743  -49.660  38.571  16.837 0.0000000000
99038  -45.569  36.969  17.539 0.0000000000
99044  -45.525  36.716  16.646 0.0000000000
100549  -44.115  38.274  11.257 0.0000000000
100548  -43.081  38.334  11.146 0.0000000000
122148  -42.311  37.840  12.616 0.0000000000
99785  -42.012  37.547  13.239 0.0000000000
99090  -40.934  37.050  13.919 0.0000000000
127019  -41.041  36.635  14.541 0.0000000000
99059  -40.463  36.271  15.060 0.0000000000
98314  -40.257  35.208  16.086 0.0000000000
109143  -40.239  52.401  11.747 0.0000000000
136780  -40.895  51.985  12.864 0.0000000000
134613  -40.539  51.614  11.202 0.0000000000
107966  -41.551  50.320  11.287 0.0000000000
107407  -42.394  49.535  11.354 0.0000000000
107418  -42.165  49.978  9.142 0.0000000000
107412  -42.307  49.184  10.511 0.0000000000
106849  -43.022  48.775  10.982 0.0000000000
106853  -43.642  48.189  10.622 0.0000000000
106250  -45.488  46.680  10.481 0.0000000000
105650  -46.157  46.255  10.434 0.0000000000
125590  -47.131  48.636  7.330 0.0000000000
106261  -47.293  47.413  8.255 0.0000000000
105667  -47.883  46.742  8.855 0.0000000000
105659  -50.450  46.123  9.984 0.0000000000
123604  -48.594  46.195  9.565 0.0000000000
105666  -46.852  46.859  8.945 0.0000000000
105657  -47.500  46.162  9.759 0.0000000000
104972  -47.785  45.648  10.721 0.0000000000
135043  -47.658  45.342  11.279 0.0000000000
103655  -48.463  44.041  10.725 0.0000000000
103048  -48.872  43.069  10.409 0.0000000000
101896  -52.440  40.532  10.142 0.0000000000
101895  -51.498  40.642  10.514 0.0000000000
101894  -50.068  40.286  10.502 0.0000000000
130905  -50.089  39.143  11.094 0.0000000000
101251  -51.052  37.992  11.593 0.0000000000
100551  -50.837  37.150  12.027 0.0000000000
120353  -50.087  36.959  12.625 0.0000000000
99822  -50.464  36.950  12.196 0.0000000000
99834  -50.427  36.793  11.309 0.0000000000
140142  -49.335  37.125  10.406 0.0000000000
122201  -48.908  37.573  9.156 0.0000000000
99846  -48.193  37.550  10.076 0.0000000000
99845  -46.953  37.953  9.359 0.0000000000
100592  -45.908  37.917  8.721 0.0000000000
101288  -49.822  38.657  5.374 0.0000000000
100616  -48.899  37.796  5.304 0.0000000000
99882  -47.940  37.727  5.618 0.0000000000
100607  -46.378  37.228  5.450 0.0000000000
131714  -46.757  37.287  5.664 0.0000000000
99870  -46.435  36.852  5.954 0.0000000000
92742  -46.066  27.173  22.064 0.0000000000
94049  -46.161  29.144  22.757 0.0000000000
123366  -46.852  28.765  22.338 0.0000000000
93384  -47.592  28.861  22.130 0.0000000000
94051  -48.371  29.369  22.296 0.0000000000
95396  -48.803  31.325  25.471 0.0000000000
95397  -49.903  31.638  25.363 0.0000000000
96081  -50.203  32.978  26.291 0.0000000000
96071  -49.671  33.345  26.383 0.0000000000
96804  -49.350  34.622  26.093 0.0000000000
106840  -30.451  48.572  13.042 0.0000000000
107387  -30.906  49.184  12.278 0.0000000000
106841  -31.499  48.686  12.888 0.0000000000
106827  -31.216  48.200  13.606 0.0000000000
126630  -32.910  47.538  14.763 0.0000000000
106213  -34.112  47.534  15.494 0.0000000000
106204  -36.037  47.928  16.848 0.0000000000
106783  -36.546  48.485  16.322 0.0000000000
106800  -37.034  49.073  15.854 0.0000000000
107363  -36.851  49.232  15.068 0.0000000000
144110  -35.524  49.265  13.444 0.0000000000
120602  -36.590  49.428  14.290 0.0000000000
107364  -37.269  49.829  14.635 0.0000000000
107923  -37.682  50.418  14.195 0.0000000000
108506  -38.200  51.366  13.482 0.0000000000
108524  -39.452  52.423  13.166 0.0000000000
109167  -33.901  53.156  10.033 0.0000000000
109157  -34.884  53.269  11.074 0.0000000000
109746  -35.556  53.571  11.343 0.0000000000
109142  -36.275  53.181  11.831 0.0000000000
110937  -37.826  56.195  13.072 0.0000000000
110350  -37.429  54.522  12.625 0.0000000000
125501  -37.164  53.133  12.449 0.0000000000
109126  -38.045  53.064  12.870 0.0000000000
109127  -38.961  53.015  12.950 0.0000000000
109128  -39.707  52.821  12.519 0.0000000000
109158  -39.878  52.972  11.450 0.0000000000
109761  -40.095  53.420  10.719 0.0000000000
133273  -41.288  52.907  9.520 0.0000000000
110373  -41.083  55.204  10.512 0.0000000000
109774  -41.710  53.877  9.626 0.0000000000
109170  -42.228  53.184  9.094 0.0000000000
109186  -42.867  52.753  8.596 0.0000000000
107992  -46.041  51.474  7.053 0.0000000000
110984  -42.859  56.183  8.406 0.0000000000
110410  -43.653  55.856  7.995 0.0000000000
110411  -44.389  55.926  8.371 0.0000000000
109822  -43.821  54.022  6.934 0.0000000000
136098  -44.527  54.936  7.559 0.0000000000
109805  -45.245  54.856  7.723 0.0000000000
109208  -45.481  54.046  7.938 0.0000000000
108593  -46.067  53.047  7.127 0.0000000000
107996  -46.756  51.436  6.672 0.0000000000
107997  -47.488  51.286  6.438 0.0000000000
107432  -48.808  50.230  6.289 0.0000000000
107433  -49.916  49.817  6.082 0.0000000000
108010  -49.461  51.518  4.881 0.0000000000
107435  -50.177  50.208  5.050 0.0000000000
107434  -50.711  49.161  5.795 0.0000000000
130908  -51.631  47.445  4.647 0.0000000000
106896  -51.552  48.692  1.561 0.0000000000
106320  -51.684  47.948  1.397 0.0000000000
106885  -46.098  49.150  3.303 0.0000000000
106893  -47.480  48.650  2.245 0.0000000000
106903  -48.193  48.075  1.459 0.0000000000
94029  -41.276  29.676  24.895 0.0000000000
95391  -40.259  30.773  24.496 0.0000000000
94713  -40.935  30.404  24.942 0.0000000000
122251  -41.706  30.213  25.183 0.0000000000
94714  -42.517  30.395  25.328 0.0000000000
94703  -43.182  30.981  25.581 0.0000000000
94704  -43.979  30.922  25.599 0.0000000000
98279  -39.131  34.918  21.364 0.0000000000
96839  -40.849  33.376  22.730 0.0000000000
97578  -40.875  34.785  21.980 0.0000000000
96840  -41.411  34.048  22.598 0.0000000000
96825  -41.445  33.245  23.213 0.0000000000
96090  -42.619  32.432  24.738 0.0000000000
95379  -43.693  31.454  25.638 0.0000000000
95380  -44.413  31.563  25.685 0.0000000000
95381  -45.432  31.729  25.811 0.0000000000
96077  -45.921  32.853  26.103 0.0000000000
96802  -45.945  34.151  26.019 0.0000000000
96078  -46.785  32.896  26.407 0.0000000000
96069  -47.488  33.435  26.507 0.0000000000
97537  -47.946  34.684  26.432 0.0000000000
97546  -48.920  35.451  26.086 0.0000000000
106195  -39.554  47.496  18.163 0.0000000000
105624  -38.623  46.588  16.313 0.0000000000
108508  -41.422  51.810  13.506 0.0000000000
108479  -42.939  52.418  14.651 0.0000000000
108511  -44.390  51.316  13.678 0.0000000000
108493  -44.126  52.581  14.633 0.0000000000
125671  -43.846  53.353  15.984 0.0000000000
109082  -44.357  53.149  16.162 0.0000000000
109075  -44.353  53.691  16.686 0.0000000000
108445  -44.442  52.561  17.782 0.0000000000
105645  -45.507  46.663  12.181 0.0000000000
106242  -46.014  47.085  12.968 0.0000000000
106227  -46.198  47.428  14.198 0.0000000000
106240  -43.930  46.983  12.836 0.0000000000
106236  -45.076  47.330  13.727 0.0000000000
106804  -46.109  48.270  15.461 0.0000000000
107335  -45.517  49.662  16.187 0.0000000000
107901  -44.658  50.385  16.634 0.0000000000
107887  -43.945  50.861  17.390 0.0000000000
107320  -42.401  49.905  17.058 0.0000000000
107333  -41.689  49.322  16.609 0.0000000000
106801  -40.977  48.301  14.919 0.0000000000
125974  -40.583  48.344  15.707 0.0000000000
106785  -40.644  48.635  16.574 0.0000000000
106215  -39.590  47.478  15.715 0.0000000000
104941  -38.192  45.981  15.033 0.0000000000
104945  -37.663  45.277  14.830 0.0000000000
103619  -38.171  43.446  14.272 0.0000000000
103006  -38.480  42.687  14.552 0.0000000000
101837  -39.535  41.079  15.902 0.0000000000
102422  -39.874  41.927  14.815 0.0000000000
101838  -40.327  40.787  16.281 0.0000000000
101202  -40.254  40.096  16.982 0.0000000000
130946  -41.099  39.576  17.949 0.0000000000
101165  -41.871  39.133  19.096 0.0000000000
100470  -42.476  38.570  20.389 0.0000000000
101848  -43.444  41.098  14.880 0.0000000000
101841  -43.386  40.914  15.804 0.0000000000
101821  -44.011  40.079  17.257 0.0000000000
101182  -45.686  39.939  19.100 0.0000000000
101195  -44.761  39.909  18.108 0.0000000000
101194  -43.685  39.893  17.882 0.0000000000
101167  -43.522  39.431  19.315 0.0000000000
100471  -43.472  38.828  20.679 0.0000000000
121824  -43.104  37.691  21.566 0.0000000000
98988  -44.830  37.074  23.604 0.0000000000
138813  -45.827  36.882  24.595 0.0000000000
127662  -45.982  37.483  24.307 0.0000000000
98256  -46.390  36.753  25.071 0.0000000000
97552  -48.034  36.314  25.826 0.0000000000
96815  -49.028  35.381  26.041 0.0000000000
96814  -48.863  35.259  25.694 0.0000000000
96829  -48.202  34.552  24.626 0.0000000000
96122  -47.350  33.739  23.515 0.0000000000
96121  -46.409  33.311  22.587 0.0000000000
144449  -45.580  36.813  20.922 0.0000000000
99021  -45.389  36.277  21.268 0.0000000000
142619  -44.782  35.872  20.478 0.0000000000
144057  -45.095  35.517  21.348 0.0000000000
96856  -45.294  33.904  21.803 0.0000000000
96135  -45.238  32.965  21.536 0.0000000000
95427  -45.665  32.291  21.414 0.0000000000
96147  -45.044  32.238  21.013 0.0000000000
96861  -43.733  33.207  20.192 0.0000000000
95437  -43.818  32.261  20.173 0.0000000000
99791  -48.988  36.753  13.418 0.0000000000
99790  -48.093  36.699  14.139 0.0000000000
122404  -46.931  36.764  13.181 0.0000000000
99764  -46.081  36.683  14.674 0.0000000000
99818  -43.733  38.161  11.928 0.0000000000
99078  -42.394  36.609  14.714 0.0000000000
99079  -43.257  36.575  14.792 0.0000000000
99093  -43.692  36.822  14.195 0.0000000000
98318  -43.853  35.810  16.385 0.0000000000
98303  -43.856  35.521  17.204 0.0000000000
97607  -43.307  35.079  17.623 0.0000000000
97594  -42.929  34.549  18.050 0.0000000000
96871  -42.686  33.954  18.446 0.0000000000
94030  -42.124  29.646  24.938 0.0000000000
94715  -43.456  30.340  25.262 0.0000000000
95386  -50.661  32.614  25.881 0.0000000000
95411  -40.920  31.826  24.094 0.0000000000
96070  -48.800  33.124  26.585 0.0000000000
96072  -50.389  33.566  26.039 0.0000000000
96092  -44.338  33.010  25.317 0.0000000000
96094  -52.331  33.481  24.935 0.0000000000
96132  -36.784  32.874  21.991 0.0000000000
96795  -48.345  33.834  26.493 0.0000000000
96797  -49.768  33.907  26.103 0.0000000000
96806  -51.001  33.683  25.640 0.0000000000
96824  -40.936  32.850  23.163 0.0000000000
96826  -42.695  33.813  23.646 0.0000000000
97538  -48.801  34.925  26.308 0.0000000000
97545  -48.491  35.746  26.196 0.0000000000
97553  -48.565  35.801  26.087 0.0000000000
97557  -43.941  34.999  23.987 0.0000000000
97564  -42.927  35.096  23.040 0.0000000000
97574  -36.162  34.171  21.389 0.0000000000
97577  -39.189  34.228  21.738 0.0000000000
97579  -44.969  34.758  21.420 0.0000000000
98257  -47.410  37.214  25.027 0.0000000000
98291  -39.979  36.074  21.030 0.0000000000
98987  -44.035  36.136  23.433 0.0000000000
98994  -42.912  36.232  22.370 0.0000000000
99003  -40.777  36.293  21.230 0.0000000000
99026  -34.713  36.845  19.821 0.0000000000
99037  -44.874  36.421  17.340 0.0000000000
99092  -42.861  37.019  13.978 0.0000000000
99694  -44.566  37.531  22.940 0.0000000000
99703  -45.062  38.977  22.144 0.0000000000
99705  -47.159  39.045  21.887 0.0000000000
99738  -48.654  38.461  17.585 0.0000000000
99831  -46.638  37.853  11.105 0.0000000000
99835  -51.735  36.992  11.110 0.0000000000
99836  -52.360  37.269  10.364 0.0000000000
99837  -52.835  37.928  9.823 0.0000000000
99864  -52.347  37.050  8.843 0.0000000000
99873  -51.682  37.103  7.342 0.0000000000
99880  -44.742  35.822  4.865 0.0000000000
99883  -48.866  37.552  5.561 0.0000000000
99890  -48.679  37.751  5.468 0.0000000000
100463  -46.729  39.297  22.325 0.0000000000
100468  -40.829  38.115  20.146 0.0000000000
100482  -40.373  38.298  19.637 0.0000000000
100483  -42.111  38.816  19.775 0.0000000000
100484  -43.009  39.051  19.983 0.0000000000
100493  -39.370  38.593  18.806 0.0000000000
100496  -47.725  38.881  18.671 0.0000000000
100515  -49.988  38.369  14.938 0.0000000000
100526  -50.208  37.778  14.581 0.0000000000
100579  -52.908  37.565  9.376 0.0000000000
100580  -53.088  37.994  8.871 0.0000000000
100593  -52.878  37.594  8.617 0.0000000000
100600  -52.526  37.605  7.899 0.0000000000
100601  -53.005  37.963  8.431 0.0000000000
100608  -47.257  37.597  5.577 0.0000000000
100611  -51.713  37.705  6.960 0.0000000000
100617  -49.264  37.551  5.451 0.0000000000
100618  -50.003  37.757  5.350 0.0000000000
101169  -46.821  39.870  20.090 0.0000000000
101180  -42.591  39.431  18.744 0.0000000000
101183  -46.732  39.971  18.993 0.0000000000
101190  -39.907  39.557  17.631 0.0000000000
101191  -40.546  39.694  17.586 0.0000000000
101192  -41.715  39.835  17.691 0.0000000000
101201  -39.325  39.864  17.177 0.0000000000
101210  -49.961  38.933  16.812 0.0000000000
101243  -48.126  39.657  11.501 0.0000000000
101252  -51.886  39.343  10.287 0.0000000000
101286  -48.164  38.524  5.409 0.0000000000
101287  -48.975  38.833  5.208 0.0000000000
101293  -49.272  38.079  5.143 0.0000000000
101818  -41.121  40.004  17.303 0.0000000000
101828  -37.908  40.712  16.456 0.0000000000
101831  -42.562  40.769  16.592 0.0000000000
101832  -43.430  40.531  16.520 0.0000000000
101847  -42.758  41.287  15.464 0.0000000000
101871  -45.822  40.553  12.522 0.0000000000
101884  -47.283  40.106  11.606 0.0000000000
101905  -52.617  40.185  9.801 0.0000000000
102414  -37.169  41.859  15.733 0.0000000000
102415  -38.802  41.466  15.568 0.0000000000
102417  -40.383  41.380  15.506 0.0000000000
102418  -41.394  41.477  15.389 0.0000000000
102421  -38.990  42.005  14.941 0.0000000000
102424  -41.685  41.773  14.683 0.0000000000
102426  -43.186  41.368  14.034 0.0000000000
102432  -43.409  41.440  13.246 0.0000000000
102444  -43.774  41.720  12.427 0.0000000000
102445  -44.520  41.388  12.289 0.0000000000
102458  -44.781  41.763  11.683 0.0000000000
102460  -46.262  41.327  11.085 0.0000000000
102471  -46.754  41.887  10.661 0.0000000000
102475  -51.836  41.797  10.752 0.0000000000
102485  -52.473  41.339  10.240 0.0000000000
102506  -50.737  41.125  7.465 0.0000000000
103003  -37.718  42.956  14.808 0.0000000000
103007  -39.309  42.525  14.335 0.0000000000
103010  -40.108  43.136  13.371 0.0000000000
103011  -41.511  42.582  13.287 0.0000000000
103012  -42.267  42.311  13.069 0.0000000000
103019  -41.650  43.086  12.674 0.0000000000
103020  -42.214  42.850  12.548 0.0000000000
103035  -45.440  42.533  10.952 0.0000000000
103047  -47.716  42.331  10.411 0.0000000000
103050  -51.856  42.530  10.584 0.0000000000
103622  -38.591  43.805  13.791 0.0000000000
103623  -39.316  43.699  13.414 0.0000000000
103627  -40.825  44.183  12.518 0.0000000000
103630  -42.740  43.025  12.121 0.0000000000
103639  -42.834  43.732  11.775 0.0000000000
103641  -44.215  43.081  11.359 0.0000000000
103642  -44.983  43.139  11.046 0.0000000000
103654  -47.372  43.888  10.619 0.0000000000
103656  -49.747  44.175  11.218 0.0000000000
103657  -51.118  44.342  11.855 0.0000000000
103681  -51.533  43.487  8.900 0.0000000000
104250  -37.410  44.519  14.824 0.0000000000
104259  -40.954  44.967  12.237 0.0000000000
104271  -46.416  44.959  11.320 0.0000000000
104273  -48.607  44.845  11.671 0.0000000000
104285  -45.966  44.126  10.860 0.0000000000
104287  -47.950  44.914  11.566 0.0000000000
104290  -51.134  44.891  12.112 0.0000000000
104331  -51.090  44.084  6.349 0.0000000000
104342  -52.034  45.118  6.182 0.0000000000
104940  -37.540  45.524  15.583 0.0000000000
104946  -38.363  45.019  13.812 0.0000000000
104948  -39.054  45.194  13.375 0.0000000000
104950  -40.128  45.964  12.922 0.0000000000
104953  -40.484  45.504  12.543 0.0000000000
104954  -43.547  45.661  11.816 0.0000000000
104955  -44.780  46.126  12.102 0.0000000000
104958  -42.685  45.124  11.667 0.0000000000
104960  -45.378  45.519  11.530 0.0000000000
104971  -46.736  45.349  11.258 0.0000000000
104973  -48.828  45.407  11.347 0.0000000000
105001  -51.731  45.732  8.052 0.0000000000
105021  -52.117  45.682  6.767 0.0000000000
105621  -39.241  47.077  17.651 0.0000000000
105626  -38.061  46.063  15.969 0.0000000000
105627  -38.529  46.483  15.566 0.0000000000
105628  -39.015  47.016  15.646 0.0000000000
105632  -39.244  46.675  14.257 0.0000000000
105635  -38.733  45.582  13.797 0.0000000000
105643  -43.697  46.346  12.249 0.0000000000
105644  -45.109  46.717  12.572 0.0000000000
105649  -45.644  46.195  11.698 0.0000000000
105651  -46.900  45.848  10.656 0.0000000000
105656  -46.502  46.461  9.714 0.0000000000
105658  -49.531  45.780  10.550 0.0000000000
105670  -51.220  46.437  8.915 0.0000000000
105682  -52.081  46.449  6.640 0.0000000000
105699  -51.850  45.862  5.759 0.0000000000
106202  -34.395  47.455  16.317 0.0000000000
106210  -30.998  47.562  15.556 0.0000000000
106211  -32.534  47.439  15.511 0.0000000000
106212  -33.302  47.471  15.468 0.0000000000
106216  -40.150  47.848  15.288 0.0000000000
106220  -30.575  47.789  14.831 0.0000000000
106221  -31.387  47.584  14.833 0.0000000000
106223  -34.487  47.839  14.830 0.0000000000
106225  -40.367  47.638  14.455 0.0000000000
106226  -41.137  47.933  14.159 0.0000000000
106229  -31.084  47.841  14.256 0.0000000000
106230  -31.729  47.796  14.160 0.0000000000
106231  -32.498  47.779  14.104 0.0000000000
106233  -40.746  47.358  13.667 0.0000000000
106237  -46.216  47.349  13.561 0.0000000000
106245  -45.591  47.144  12.116 0.0000000000
106253  -44.118  47.554  10.351 0.0000000000
106254  -44.077  47.618  9.546 0.0000000000
106260  -46.284  47.483  8.365 0.0000000000
106264  -50.748  47.362  8.449 0.0000000000
106268  -46.741  48.035  7.769 0.0000000000
106269  -47.884  48.126  7.606 0.0000000000
106288  -51.691  46.941  5.528 0.0000000000
106754  -39.934  48.155  17.985 0.0000000000
106782  -35.895  47.974  15.982 0.0000000000
106799  -36.397  48.619  15.508 0.0000000000
106803  -44.424  48.723  15.211 0.0000000000
106812  -29.217  48.363  14.538 0.0000000000
106814  -34.054  48.055  14.149 0.0000000000
106816  -35.514  48.523  14.442 0.0000000000
106818  -42.054  48.404  14.394 0.0000000000
106821  -46.478  47.769  14.756 0.0000000000
106825  -28.676  48.539  13.742 0.0000000000
106829  -32.852  48.232  13.463 0.0000000000
106830  -33.633  48.399  13.486 0.0000000000
106831  -34.438  48.601  13.570 0.0000000000
106833  -35.891  49.046  13.988 0.0000000000
106834  -43.454  47.972  13.955 0.0000000000
106839  -29.389  48.653  12.948 0.0000000000
106850  -44.156  48.334  11.391 0.0000000000
106852  -42.914  48.665  10.217 0.0000000000
106855  -43.574  48.422  8.979 0.0000000000
106863  -46.321  48.709  7.403 0.0000000000
106867  -51.614  48.021  7.064 0.0000000000
106873  -51.443  48.359  5.423 0.0000000000
106875  -51.878  48.121  4.111 0.0000000000
106879  -52.093  48.253  2.904 0.0000000000
107294  -41.776  50.662  19.505 0.0000000000
107331  -38.294  49.904  16.551 0.0000000000
107334  -42.841  49.737  16.380 0.0000000000
107347  -43.529  49.348  15.753 0.0000000000
107348  -45.221  49.067  15.879 0.0000000000
107349  -46.215  48.937  15.906 0.0000000000
107365  -37.943  50.175  14.924 0.0000000000
107376  -34.886  49.160  13.145 0.0000000000
107378  -46.754  48.255  14.464 0.0000000000
107388  -31.936  49.380  12.257 0.0000000000
107391  -35.457  49.694  12.924 0.0000000000
107394  -44.493  49.378  12.543 0.0000000000
107402  -30.339  49.771  11.722 0.0000000000
107411  -41.826  49.743  10.721 0.0000000000
107414  -41.829  49.687  9.994 0.0000000000
107415  -42.453  49.177  9.617 0.0000000000
107416  -42.963  49.134  8.961 0.0000000000
107419  -42.874  49.947  8.471 0.0000000000
107424  -45.338  50.002  7.329 0.0000000000
107431  -47.643  50.169  6.575 0.0000000000
107441  -43.412  49.624  4.176 0.0000000000
107444  -50.755  50.050  3.968 0.0000000000
107873  -42.517  50.827  18.711 0.0000000000
107902  -45.436  50.571  16.222 0.0000000000
107912  -40.266  51.128  15.625 0.0000000000
107913  -46.353  49.588  15.617 0.0000000000
107924  -38.437  50.653  14.414 0.0000000000
107939  -36.685  50.322  13.215 0.0000000000
107940  -37.432  50.744  13.386 0.0000000000
107941  -38.119  50.888  13.877 0.0000000000
107952  -41.733  50.845  12.006 0.0000000000
107957  -27.977  50.111  11.288 0.0000000000
107958  -28.908  50.156  11.231 0.0000000000
107961  -31.744  50.548  11.406 0.0000000000
107962  -32.514  50.841  11.323 0.0000000000
107963  -33.915  50.670  11.563 0.0000000000
107964  -35.242  50.804  11.822 0.0000000000
107965  -40.877  50.876  10.859 0.0000000000
107967  -42.203  50.283  11.895 0.0000000000
107973  -29.585  51.088  10.122 0.0000000000
107975  -31.323  51.193  10.923 0.0000000000
107977  -40.876  50.924  10.097 0.0000000000
107984  -41.494  50.383  9.654 0.0000000000
107986  -41.802  50.793  8.968 0.0000000000
107988  -43.140  50.958  8.127 0.0000000000
108000  -49.516  50.690  5.602 0.0000000000
108007  -42.437  50.731  5.063 0.0000000000
108008  -43.393  51.117  5.096 0.0000000000
108017  -44.830  50.770  4.623 0.0000000000
108020  -48.891  52.014  4.254 0.0000000000
108029  -48.564  51.171  3.819 0.0000000000
108443  -43.297  51.494  18.906 0.0000000000
108444  -44.055  51.914  18.346 0.0000000000
108458  -44.293  51.652  17.689 0.0000000000
108467  -42.900  52.755  15.547 0.0000000000
108494  -45.918  50.870  14.832 0.0000000000
108507  -38.945  51.268  13.934 0.0000000000
108509  -42.475  51.995  13.842 0.0000000000
108510  -43.123  51.614  13.408 0.0000000000
108521  -36.595  51.603  12.325 0.0000000000
108525  -40.262  52.365  12.621 0.0000000000
108531  -33.216  51.189  11.272 0.0000000000
108533  -35.739  51.459  11.837 0.0000000000
108534  -36.063  52.228  11.803 0.0000000000
108535  -41.113  51.205  11.605 0.0000000000
108545  -30.281  51.384  10.014 0.0000000000
108546  -31.166  51.549  10.232 0.0000000000
108548  -33.267  51.943  10.843 0.0000000000
108564  -31.436  51.756  9.469 0.0000000000
108566  -40.571  51.714  10.249 0.0000000000
108567  -41.012  51.556  9.633 0.0000000000
108580  -30.846  51.681  8.782 0.0000000000
108583  -43.375  52.069  8.280 0.0000000000
108591  -44.615  53.125  8.084 0.0000000000
108605  -42.766  52.101  5.912 0.0000000000
108607  -47.503  52.639  6.210 0.0000000000
108608  -48.083  52.325  5.884 0.0000000000
108609  -48.564  52.042  5.581 0.0000000000
108622  -47.768  53.257  5.175 0.0000000000
108624  -48.998  52.259  5.086 0.0000000000
108630  -47.594  52.789  4.775 0.0000000000
108632  -48.966  52.352  4.673 0.0000000000
109060  -44.092  53.740  18.419 0.0000000000
109068  -43.841  52.449  18.888 0.0000000000
109076  -44.545  52.678  17.119 0.0000000000
109083  -44.633  52.697  16.444 0.0000000000
109094  -43.668  52.870  15.220 0.0000000000
109095  -44.443  52.819  15.396 0.0000000000
109141  -35.449  52.822  11.448 0.0000000000
109155  -33.520  52.598  10.422 0.0000000000
109156  -34.173  52.937  10.772 0.0000000000
109159  -40.335  52.502  10.516 0.0000000000
109169  -41.444  52.252  9.308 0.0000000000
109185  -42.053  52.225  8.877 0.0000000000
109188  -45.244  54.412  8.047 0.0000000000
109209  -45.843  54.136  7.511 0.0000000000
109233  -47.727  53.219  5.595 0.0000000000
109244  -47.072  54.048  5.869 0.0000000000
109689  -43.805  54.774  17.846 0.0000000000
109701  -44.175  53.867  16.640 0.0000000000
109734  -36.860  53.934  12.235 0.0000000000
109735  -37.688  53.823  12.638 0.0000000000
109736  -38.477  53.701  12.732 0.0000000000
109747  -36.116  54.191  11.549 0.0000000000
109758  -34.610  53.488  10.404 0.0000000000
109773  -40.714  53.104  10.016 0.0000000000
109789  -43.634  54.123  8.794 0.0000000000
109806  -45.583  54.552  7.609 0.0000000000
109823  -44.964  54.607  7.130 0.0000000000
109824  -45.685  54.585  7.270 0.0000000000
110307  -43.094  55.473  18.454 0.0000000000
110314  -43.441  55.098  17.851 0.0000000000
110352  -38.550  55.400  12.928 0.0000000000
110362  -37.343  55.278  12.595 0.0000000000
110382  -41.719  54.732  9.962 0.0000000000
110384  -44.013  55.680  9.135 0.0000000000
110398  -42.881  55.781  8.096 0.0000000000
110399  -44.539  55.966  8.687 0.0000000000
110939  -39.087  56.558  12.971 0.0000000000
110957  -42.652  55.889  9.948 0.0000000000
110958  -43.529  56.944  9.743 0.0000000000
110985  -43.675  56.287  8.464 0.0000000000
111496  -38.317  56.975  13.132 0.0000000000
111497  -38.837  57.239  13.080 0.0000000000
111504  -41.072  58.573  12.076 0.0000000000
111526  -43.503  56.624  9.176 0.0000000000
111538  -43.108  56.908  8.882 0.0000000000
112062  -38.603  57.685  12.677 0.0000000000
112063  -39.176  58.309  12.602 0.0000000000
112064  -39.422  58.265  12.653 0.0000000000
112071  -39.155  58.853  12.207 0.0000000000
112073  -41.521  59.692  11.789 0.0000000000
112084  -43.446  57.963  9.998 0.0000000000
112096  -40.669  59.128  10.037 0.0000000000
112097  -42.267  58.790  10.174 0.0000000000
112098  -43.275  58.265  10.163 0.0000000000
112613  -40.528  60.332  11.422 0.0000000000
112614  -41.307  60.145  11.387 0.0000000000
112627  -39.839  60.009  10.816 0.0000000000
112628  -40.656  60.167  10.748 0.0000000000
120349  -38.828  46.645  14.902 0.0000000000
120569  -40.729  51.889  12.037 0.0000000000
120571  -45.450  36.993  13.406 0.0000000000
121587  -39.932  34.600  21.718 0.0000000000
121716  -33.688  47.651  14.777 0.0000000000
122218  -47.331  39.972  18.756 0.0000000000
122725  -38.923  33.098  22.427 0.0000000000
123081  -39.945  37.166  20.382 0.0000000000
123199  -40.228  33.351  22.571 0.0000000000
123434  -33.660  47.412  16.874 0.0000000000
124358  -44.470  37.215  13.214 0.0000000000
124448  -38.971  51.804  13.506 0.0000000000
124560  -38.070  33.824  21.754 0.0000000000
124696  -36.858  34.082  21.507 0.0000000000
124763  -43.910  40.695  15.501 0.0000000000
124970  -42.017  38.132  20.692 0.0000000000
125529  -45.794  46.208  11.130 0.0000000000
125602  -34.963  51.493  11.531 0.0000000000
125730  -31.765  51.470  10.617 0.0000000000
125757  -48.029  39.580  18.464 0.0000000000
126172  -39.212  53.446  12.419 0.0000000000
126287  -27.273  50.055  11.578 0.0000000000
126693  -44.971  48.352  8.060 0.0000000000
127077  -41.523  44.350  12.165 0.0000000000
127967  -49.725  42.165  10.501 0.0000000000
128451  -41.087  39.162  18.705 0.0000000000
128903  -42.450  54.244  7.437 0.0000000000
129064  -40.777  42.699  13.544 0.0000000000
129283  -41.819  40.889  16.519 0.0000000000
129399  -48.795  48.600  7.258 0.0000000000
129791  -37.960  55.451  13.204 0.0000000000
130009  -45.855  45.883  11.415 0.0000000000
130053  -37.499  49.634  15.396 0.0000000000
130832  -43.890  40.528  16.071 0.0000000000
131668  -44.617  55.394  8.195 0.0000000000
132414  -39.769  47.954  18.593 0.0000000000
132651  -51.569  38.312  10.836 0.0000000000
132929  -52.535  40.839  9.747 0.0000000000
133245  -42.130  56.244  8.609 0.0000000000
133622  -50.036  45.436  11.787 0.0000000000
133901  -44.441  35.642  19.888 0.0000000000
133959  -43.093  56.813  10.131 0.0000000000
134206  -31.344  47.547  16.265 0.0000000000
134608  -29.260  50.676  10.624 0.0000000000
134909  -44.850  51.766  14.258 0.0000000000
135109  -41.300  45.711  12.257 0.0000000000
135519  -42.211  31.719  25.046 0.0000000000
135670  -45.935  54.480  6.896 0.0000000000
136743  -45.031  38.152  11.442 0.0000000000
136962  -43.323  39.643  18.481 0.0000000000
137226  -46.218  47.342  13.423 0.0000000000
137709  -39.275  39.403  17.751 0.0000000000
137812  -36.563  55.128  11.451 0.0000000000
138065  -40.799  51.626  14.182 0.0000000000
138535  -51.247  44.604  6.113 0.0000000000
139018  -46.638  38.673  23.326 0.0000000000
139103  -44.682  47.154  10.101 0.0000000000
139206  -49.601  46.307  9.558 0.0000000000
139383  -45.303  43.794  10.955 0.0000000000
139388  -49.416  37.638  5.313 0.0000000000
139671  -36.481  35.603  20.683 0.0000000000
139712  -35.134  48.092  14.847 0.0000000000
139730  -51.365  43.541  7.232 0.0000000000
140327  -52.763  37.303  8.937 0.0000000000
140419  -45.274  42.013  11.233 0.0000000000
140592  -31.880  49.956  11.796 0.0000000000
141130  -38.228  45.491  14.287 0.0000000000
141175  -50.668  42.712  6.779 0.0000000000
141857  -42.687  42.504  12.539 0.0000000000
142446  -45.664  53.334  5.678 0.0000000000
142468  -37.793  54.955  13.041 0.0000000000
142722  -44.257  56.125  8.463 0.0000000000
142765  -41.483  51.786  12.962 0.0000000000
142831  -38.477  32.772  22.494 0.0000000000
142888  -50.258  44.515  6.335 0.0000000000
143068  -36.183  49.701  13.478 0.0000000000
143330  -44.564  55.778  8.586 0.0000000000
143946  -42.563  49.510  9.006 0.0000000000
144348  -42.767  51.263  8.309 0.0000000000
144965  -52.261  41.447  10.496 0.0000000000
145261  -37.862  44.956  14.299 0.0000000000
