#!ascii label  , from subject sub-v1s16x0051163_ses-1 vox2ras=TkReg
1181
87167  -41.889  19.098  20.727 0.0000000000
84779  -54.461  17.143  7.027 0.0000000000
90837  -50.838  24.859  23.688 0.0000000000
83797  -51.136  15.646  17.182 0.0000000000
83693  -48.580  15.472  24.668 0.0000000000
89504  -49.286  22.558  14.411 0.0000000000
93458  -50.312  29.491  14.791 0.0000000000
94776  -42.275  30.091  18.931 0.0000000000
79147  -42.643  10.222  28.287 0.0000000000
84671  -45.937  16.875  17.954 0.0000000000
85601  -49.096  17.976  14.668 0.0000000000
87902  -45.416  20.829  17.474 0.0000000000
94739  -50.075  30.002  22.092 0.0000000000
132846  -54.883  27.157  20.799 0.0000000000
96159  -53.011  33.201  19.479 0.0000000000
93424  -46.917  28.451  17.247 0.0000000000
95428  -46.315  32.071  21.487 0.0000000000
87255  -51.613  19.641  8.613 0.0000000000
87846  -41.291  20.154  25.294 0.0000000000
89439  -45.581  22.422  22.606 0.0000000000
85534  -55.699  17.537  19.730 0.0000000000
84622  -49.862  16.273  21.298 0.0000000000
82815  -44.545  14.617  21.315 0.0000000000
81000  -43.731  12.608  24.619 0.0000000000
87248  -52.057  19.787  10.322 0.0000000000
90266  -53.900  24.358  8.451 0.0000000000
90864  -48.928  24.246  18.802 0.0000000000
91533  -51.825  25.648  14.391 0.0000000000
92170  -49.278  27.372  8.852 0.0000000000
94182  -45.861  30.516  9.754 0.0000000000
93480  -41.853  29.284  12.881 0.0000000000
85538  -43.786  17.929  19.103 0.0000000000
86427  -45.214  18.443  17.790 0.0000000000
87890  -43.852  20.126  18.754 0.0000000000
95398  -51.060  32.224  25.124 0.0000000000
95432  -52.926  32.304  22.023 0.0000000000
96844  -52.325  33.956  23.425 0.0000000000
95442  -49.465  31.727  20.627 0.0000000000
85670  -52.663  18.397  7.644 0.0000000000
86342  -41.795  18.746  27.101 0.0000000000
87849  -43.993  20.287  26.083 0.0000000000
83714  -49.165  16.173  22.563 0.0000000000
83724  -47.667  15.340  21.304 0.0000000000
82796  -46.620  14.527  23.217 0.0000000000
80079  -43.286  11.309  26.356 0.0000000000
82789  -38.700  14.503  24.043 0.0000000000
85492  -37.673  17.644  23.987 0.0000000000
83682  -35.975  15.813  24.985 0.0000000000
84725  -53.104  16.657  14.424 0.0000000000
87927  -49.201  20.167  14.001 0.0000000000
87232  -50.657  19.246  12.380 0.0000000000
87952  -50.595  20.895  12.085 0.0000000000
88737  -52.020  22.002  10.221 0.0000000000
128302  -50.774  23.197  12.351 0.0000000000
121428  -48.848  23.380  23.685 0.0000000000
143094  -47.717  23.494  20.832 0.0000000000
90847  -50.489  24.389  21.565 0.0000000000
93427  -52.623  28.381  17.304 0.0000000000
91519  -53.674  26.472  16.830 0.0000000000
92794  -50.814  27.017  14.881 0.0000000000
92159  -51.055  26.004  12.012 0.0000000000
92813  -49.665  28.698  12.757 0.0000000000
93518  -48.320  30.007  9.256 0.0000000000
94173  -48.802  29.831  12.059 0.0000000000
93408  -44.816  28.440  18.242 0.0000000000
120963  -44.745  27.915  14.873 0.0000000000
131949  -42.024  27.916  16.936 0.0000000000
94143  -40.016  29.565  13.664 0.0000000000
94102  -40.455  29.372  17.828 0.0000000000
83786  -49.008  15.646  17.851 0.0000000000
84709  -50.391  16.341  15.272 0.0000000000
85575  -47.453  17.580  16.403 0.0000000000
87197  -47.070  19.474  16.199 0.0000000000
88693  -47.429  21.563  15.872 0.0000000000
92749  -49.549  27.240  21.328 0.0000000000
92086  -52.223  25.844  22.512 0.0000000000
93396  -51.843  28.499  20.241 0.0000000000
94780  -54.233  31.663  17.374 0.0000000000
94789  -52.048  30.903  15.727 0.0000000000
94116  -49.178  29.302  16.111 0.0000000000
94777  -49.186  30.051  18.492 0.0000000000
94762  -47.010  30.342  19.743 0.0000000000
94748  -44.797  31.053  20.270 0.0000000000
129865  -50.452  21.624  8.953 0.0000000000
87867  -40.921  20.285  22.815 0.0000000000
88655  -43.280  21.537  21.371 0.0000000000
88636  -43.595  21.291  24.320 0.0000000000
89426  -46.199  21.858  24.520 0.0000000000
90127  -49.135  23.783  26.866 0.0000000000
90796  -46.485  24.255  25.891 0.0000000000
91470  -48.265  25.457  22.854 0.0000000000
84651  -53.280  16.196  18.573 0.0000000000
84625  -52.225  16.760  20.427 0.0000000000
83750  -50.591  15.713  19.420 0.0000000000
83748  -48.031  15.584  19.232 0.0000000000
83733  -45.284  15.320  19.971 0.0000000000
82763  -48.422  14.277  26.953 0.0000000000
80055  -45.395  11.442  28.316 0.0000000000
80961  -45.943  12.425  26.598 0.0000000000
81915  -46.676  14.003  24.912 0.0000000000
81922  -43.744  13.567  23.357 0.0000000000
85512  -40.665  17.872  21.901 0.0000000000
85663  -55.858  18.418  8.151 0.0000000000
85615  -51.227  17.328  13.321 0.0000000000
85652  -52.835  18.274  10.315 0.0000000000
86514  -54.612  19.898  6.961 0.0000000000
88753  -53.705  21.364  7.441 0.0000000000
88751  -52.899  22.230  7.500 0.0000000000
90280  -51.717  24.397  7.736 0.0000000000
89456  -45.167  22.411  19.357 0.0000000000
90205  -47.091  23.123  17.826 0.0000000000
90215  -48.463  23.475  16.491 0.0000000000
91482  -52.736  25.124  19.637 0.0000000000
126491  -51.173  24.833  16.822 0.0000000000
90233  -50.399  24.031  14.142 0.0000000000
90918  -52.239  25.057  12.509 0.0000000000
139760  -51.158  26.064  8.820 0.0000000000
90949  -48.763  25.234  6.475 0.0000000000
93471  -46.434  28.442  14.413 0.0000000000
93497  -44.104  29.708  11.529 0.0000000000
93506  -41.326  29.672  9.890 0.0000000000
121720  -39.922  29.466  10.961 0.0000000000
94164  -38.371  29.472  11.950 0.0000000000
86403  -42.690  18.570  19.897 0.0000000000
86412  -43.814  18.702  18.824 0.0000000000
87171  -42.881  19.385  19.738 0.0000000000
96107  -52.848  33.583  24.144 0.0000000000
96843  -50.850  33.652  23.616 0.0000000000
84778  -53.964  17.810  7.041 0.0000000000
83702  -48.911  15.919  23.944 0.0000000000
83701  -47.950  15.349  22.903 0.0000000000
82798  -48.109  15.329  23.847 0.0000000000
81906  -37.594  13.839  24.723 0.0000000000
82780  -37.322  14.650  24.529 0.0000000000
129002  -52.940  15.937  17.029 0.0000000000
120858  -51.849  15.910  15.970 0.0000000000
134125  -48.890  20.951  14.281 0.0000000000
87934  -49.745  20.109  13.303 0.0000000000
88709  -49.940  21.756  13.114 0.0000000000
88724  -50.643  21.749  12.034 0.0000000000
89513  -50.269  23.005  13.093 0.0000000000
90162  -50.077  23.887  23.719 0.0000000000
90171  -49.378  23.647  22.509 0.0000000000
90841  -50.998  24.657  22.968 0.0000000000
135381  -51.762  29.603  15.592 0.0000000000
92782  -51.977  27.554  16.307 0.0000000000
135708  -50.716  28.398  15.056 0.0000000000
92814  -50.033  27.420  13.299 0.0000000000
135770  -49.708  29.135  13.312 0.0000000000
94174  -49.334  29.462  12.525 0.0000000000
94159  -49.546  29.300  13.524 0.0000000000
94085  -43.458  29.079  18.796 0.0000000000
93421  -43.451  27.936  17.407 0.0000000000
93405  -42.061  28.715  18.214 0.0000000000
93418  -40.839  28.679  17.312 0.0000000000
94082  -40.927  29.763  18.391 0.0000000000
84648  -47.220  15.844  18.121 0.0000000000
84693  -47.802  16.775  16.713 0.0000000000
85556  -46.320  17.392  17.350 0.0000000000
87188  -45.509  19.908  17.396 0.0000000000
87189  -46.242  19.461  16.833 0.0000000000
87196  -46.683  20.241  16.392 0.0000000000
133518  -47.363  20.199  15.828 0.0000000000
87909  -46.430  20.961  16.588 0.0000000000
134940  -49.537  28.690  21.436 0.0000000000
93395  -50.542  27.996  20.874 0.0000000000
94058  -50.883  29.501  21.052 0.0000000000
96152  -54.252  33.329  20.311 0.0000000000
94752  -53.634  31.894  19.975 0.0000000000
96172  -55.143  33.294  17.655 0.0000000000
94790  -53.934  31.786  16.634 0.0000000000
95469  -53.251  32.354  17.358 0.0000000000
94778  -50.913  30.905  17.782 0.0000000000
95455  -50.826  31.492  19.229 0.0000000000
95430  -48.020  32.008  21.321 0.0000000000
94750  -48.013  30.868  20.307 0.0000000000
94749  -46.995  30.856  20.371 0.0000000000
143978  -45.482  30.886  20.322 0.0000000000
139738  -45.276  31.454  20.663 0.0000000000
87967  -51.018  20.250  8.996 0.0000000000
87860  -40.716  20.412  23.659 0.0000000000
88641  -42.147  21.132  23.165 0.0000000000
88635  -42.514  20.647  24.919 0.0000000000
87842  -45.882  20.498  27.110 0.0000000000
88626  -45.199  20.997  25.746 0.0000000000
88628  -47.165  21.591  26.843 0.0000000000
89428  -48.357  22.780  26.341 0.0000000000
89415  -48.389  23.053  27.371 0.0000000000
90795  -45.203  24.049  25.329 0.0000000000
90810  -48.631  24.657  25.664 0.0000000000
90836  -46.619  25.098  23.123 0.0000000000
92078  -47.721  26.118  22.273 0.0000000000
92742  -46.066  27.173  22.064 0.0000000000
84653  -54.771  17.025  18.031 0.0000000000
84639  -54.007  16.844  19.451 0.0000000000
85514  -52.498  17.375  21.740 0.0000000000
84624  -51.369  16.647  20.643 0.0000000000
84636  -51.646  16.228  19.958 0.0000000000
83738  -50.204  15.761  19.911 0.0000000000
83749  -49.846  15.643  19.388 0.0000000000
139343  -48.873  15.610  20.234 0.0000000000
82817  -46.179  14.686  21.552 0.0000000000
138546  -46.302  15.215  20.081 0.0000000000
82823  -44.868  14.831  20.692 0.0000000000
79149  -44.170  10.961  28.566 0.0000000000
80081  -45.044  11.814  26.758 0.0000000000
80972  -44.614  12.080  26.016 0.0000000000
81885  -46.520  13.112  26.041 0.0000000000
81002  -45.279  12.939  24.989 0.0000000000
129722  -45.241  13.467  24.263 0.0000000000
81913  -44.225  13.158  24.022 0.0000000000
86386  -40.032  18.245  22.448 0.0000000000
85502  -39.611  17.638  22.700 0.0000000000
122068  -57.407  18.509  8.557 0.0000000000
85590  -49.231  17.387  15.051 0.0000000000
84736  -50.875  17.075  13.966 0.0000000000
85603  -50.252  17.517  14.018 0.0000000000
137055  -51.682  19.208  11.044 0.0000000000
86500  -51.735  18.469  11.430 0.0000000000
86501  -52.298  18.927  10.433 0.0000000000
85661  -53.713  18.423  9.354 0.0000000000
87256  -53.878  20.156  8.152 0.0000000000
87970  -54.262  20.787  7.044 0.0000000000
87969  -53.750  20.985  7.863 0.0000000000
89534  -52.631  23.216  9.613 0.0000000000
88747  -53.960  22.296  7.779 0.0000000000
130917  -54.159  23.972  7.279 0.0000000000
89555  -52.491  23.171  7.722 0.0000000000
137354  -53.970  24.652  7.237 0.0000000000
89437  -43.871  21.914  21.842 0.0000000000
89451  -44.154  22.009  20.530 0.0000000000
89452  -44.907  22.578  20.734 0.0000000000
90187  -48.139  23.727  20.168 0.0000000000
90186  -47.345  23.546  19.229 0.0000000000
141249  -48.241  23.840  18.177 0.0000000000
90214  -47.764  23.122  16.778 0.0000000000
90874  -48.942  24.205  17.843 0.0000000000
129380  -53.516  26.713  21.515 0.0000000000
91480  -52.881  25.279  21.160 0.0000000000
131612  -54.180  26.063  19.751 0.0000000000
125657  -52.224  26.159  15.758 0.0000000000
91507  -52.713  25.780  16.800 0.0000000000
90893  -51.832  25.450  15.444 0.0000000000
90891  -50.367  24.418  15.375 0.0000000000
90901  -51.443  24.852  14.014 0.0000000000
90910  -51.508  24.732  13.225 0.0000000000
90911  -52.074  25.186  13.230 0.0000000000
92165  -49.551  27.083  10.203 0.0000000000
92158  -50.598  26.150  10.880 0.0000000000
134958  -49.775  26.557  8.197 0.0000000000
120385  -50.408  26.013  7.807 0.0000000000
91561  -49.352  26.354  7.439 0.0000000000
91566  -48.443  25.509  6.812 0.0000000000
92168  -48.978  27.500  8.426 0.0000000000
93517  -47.530  30.256  8.943 0.0000000000
126833  -47.391  29.257  8.998 0.0000000000
93444  -48.293  28.966  16.335 0.0000000000
93456  -47.693  28.702  14.893 0.0000000000
93455  -46.515  28.088  15.453 0.0000000000
93468  -43.001  28.267  14.425 0.0000000000
123437  -44.487  28.466  13.897 0.0000000000
93482  -43.336  29.487  12.053 0.0000000000
94168  -43.252  30.203  10.371 0.0000000000
94167  -41.660  30.254  10.430 0.0000000000
93496  -40.879  29.350  10.104 0.0000000000
94154  -41.000  29.686  11.933 0.0000000000
94130  -39.599  29.482  14.869 0.0000000000
121578  -39.253  29.784  12.308 0.0000000000
94141  -38.079  29.849  13.426 0.0000000000
134428  -37.586  29.767  12.653 0.0000000000
84645  -44.817  17.000  18.656 0.0000000000
85555  -45.584  17.649  17.741 0.0000000000
86413  -44.464  18.513  18.380 0.0000000000
87179  -44.092  19.394  18.516 0.0000000000
87892  -44.733  20.911  18.096 0.0000000000
94740  -51.012  30.359  21.704 0.0000000000
95424  -52.889  32.745  23.210 0.0000000000
96127  -53.112  33.558  22.634 0.0000000000
96141  -52.252  33.466  21.441 0.0000000000
95443  -50.460  31.902  20.215 0.0000000000
96140  -51.059  33.045  21.612 0.0000000000
96138  -48.696  32.456  21.847 0.0000000000
86512  -52.114  19.027  8.221 0.0000000000
87142  -41.720  19.612  26.272 0.0000000000
87848  -43.117  20.218  25.874 0.0000000000
87143  -42.927  19.548  26.606 0.0000000000
84609  -49.716  16.537  22.071 0.0000000000
83725  -48.447  15.618  21.541 0.0000000000
83713  -48.532  15.715  22.346 0.0000000000
83711  -47.052  14.964  21.799 0.0000000000
82807  -45.568  14.487  22.242 0.0000000000
137574  -42.617  10.479  27.452 0.0000000000
80094  -41.981  11.460  25.689 0.0000000000
143744  -39.176  14.902  23.660 0.0000000000
84589  -38.643  16.939  23.383 0.0000000000
138432  -37.835  16.033  23.970 0.0000000000
141401  -37.174  16.268  24.281 0.0000000000
144821  -49.193  18.951  14.283 0.0000000000
86477  -50.013  18.548  13.519 0.0000000000
87224  -50.112  19.292  13.070 0.0000000000
87942  -50.291  20.056  12.587 0.0000000000
87953  -51.198  20.671  11.288 0.0000000000
87961  -52.418  21.339  9.638 0.0000000000
88725  -51.160  21.646  11.295 0.0000000000
137987  -51.619  22.597  10.796 0.0000000000
89528  -51.908  23.628  10.805 0.0000000000
89440  -46.625  22.571  23.069 0.0000000000
90169  -46.851  23.103  21.670 0.0000000000
90170  -47.889  23.367  21.774 0.0000000000
90179  -48.705  23.645  21.344 0.0000000000
123980  -49.707  24.326  20.398 0.0000000000
92762  -54.121  27.769  18.325 0.0000000000
92098  -55.500  26.852  18.172 0.0000000000
92784  -54.385  27.033  16.931 0.0000000000
92120  -52.599  26.602  16.093 0.0000000000
92130  -51.855  26.151  15.173 0.0000000000
92144  -51.740  25.638  13.600 0.0000000000
92143  -50.820  26.312  13.520 0.0000000000
142101  -49.774  27.707  12.727 0.0000000000
92833  -49.342  28.180  10.723 0.0000000000
92839  -48.440  29.272  9.100 0.0000000000
93511  -48.879  29.436  9.890 0.0000000000
94184  -48.497  30.197  10.802 0.0000000000
94172  -47.686  29.890  11.518 0.0000000000
93409  -45.669  28.528  18.108 0.0000000000
93441  -45.859  27.855  16.202 0.0000000000
93440  -44.243  27.747  16.641 0.0000000000
93439  -43.469  27.738  16.384 0.0000000000
93452  -42.204  28.263  15.040 0.0000000000
93466  -41.470  29.269  13.603 0.0000000000
93451  -41.337  28.532  15.498 0.0000000000
93436  -40.617  28.703  16.338 0.0000000000
94114  -39.324  29.489  16.737 0.0000000000
139583  -49.765  15.644  17.433 0.0000000000
84696  -50.952  15.777  16.164 0.0000000000
144557  -49.703  15.766  16.725 0.0000000000
84707  -48.873  16.990  15.753 0.0000000000
85589  -48.519  17.855  15.278 0.0000000000
85574  -46.780  17.882  16.707 0.0000000000
86451  -47.476  18.772  15.970 0.0000000000
86452  -48.119  18.707  15.394 0.0000000000
133821  -48.042  20.200  15.277 0.0000000000
87918  -48.315  20.934  14.941 0.0000000000
88701  -48.726  21.771  14.728 0.0000000000
91475  -50.255  25.975  22.378 0.0000000000
131008  -51.347  25.404  22.878 0.0000000000
92088  -50.590  26.763  21.454 0.0000000000
123379  -52.340  26.803  21.450 0.0000000000
92757  -53.345  27.668  20.023 0.0000000000
94059  -51.643  30.186  20.862 0.0000000000
94075  -52.528  29.365  19.600 0.0000000000
93400  -52.993  28.597  19.063 0.0000000000
123897  -53.555  30.797  16.869 0.0000000000
94801  -52.875  30.712  16.147 0.0000000000
94799  -51.758  30.430  15.364 0.0000000000
94133  -49.853  29.492  15.057 0.0000000000
94117  -50.192  29.654  15.892 0.0000000000
94091  -49.299  29.685  17.739 0.0000000000
94104  -47.871  29.271  18.120 0.0000000000
95454  -49.742  31.175  19.784 0.0000000000
94074  -48.440  30.015  18.893 0.0000000000
94089  -47.269  29.447  18.661 0.0000000000
94071  -45.762  29.691  19.373 0.0000000000
94070  -44.837  29.650  19.405 0.0000000000
94758  -43.562  30.680  19.621 0.0000000000
87871  -41.731  20.223  21.569 0.0000000000
87872  -42.326  20.529  21.155 0.0000000000
87869  -42.121  20.778  21.833 0.0000000000
88651  -43.145  21.593  22.300 0.0000000000
88652  -44.053  21.809  22.720 0.0000000000
87857  -43.357  20.727  25.137 0.0000000000
88637  -44.604  21.395  24.667 0.0000000000
89431  -45.895  22.126  23.522 0.0000000000
89432  -46.974  22.287  24.075 0.0000000000
90156  -49.072  23.451  24.750 0.0000000000
90145  -49.906  24.603  25.038 0.0000000000
90109  -47.612  23.081  27.979 0.0000000000
90790  -48.763  24.152  27.130 0.0000000000
90811  -49.618  24.473  25.565 0.0000000000
91458  -50.448  25.043  23.979 0.0000000000
92085  -48.671  26.276  22.044 0.0000000000
92748  -48.456  27.530  21.497 0.0000000000
94051  -48.371  29.369  22.296 0.0000000000
133261  -53.696  16.346  17.026 0.0000000000
84675  -52.720  15.852  18.031 0.0000000000
85515  -53.363  17.393  21.520 0.0000000000
84627  -53.554  16.952  20.044 0.0000000000
84638  -53.175  16.475  19.376 0.0000000000
84650  -52.564  16.001  18.912 0.0000000000
83788  -51.342  15.624  17.947 0.0000000000
125521  -49.815  15.604  18.151 0.0000000000
83764  -48.557  15.607  18.641 0.0000000000
83763  -47.075  15.643  18.960 0.0000000000
83735  -47.749  15.455  20.267 0.0000000000
83746  -46.784  15.429  19.629 0.0000000000
84634  -45.123  16.224  18.937 0.0000000000
84633  -44.486  16.431  19.261 0.0000000000
80954  -47.074  12.552  29.056 0.0000000000
80064  -44.437  11.296  27.271 0.0000000000
80065  -45.709  11.822  27.454 0.0000000000
144397  -47.021  12.703  27.554 0.0000000000
81887  -47.780  13.809  26.733 0.0000000000
129142  -47.528  13.990  26.087 0.0000000000
133316  -47.923  14.860  24.726 0.0000000000
82783  -46.793  14.329  24.133 0.0000000000
138762  -45.346  14.012  23.509 0.0000000000
82806  -44.613  14.442  22.098 0.0000000000
86397  -41.605  18.513  20.961 0.0000000000
87161  -40.898  19.279  21.884 0.0000000000
87153  -40.207  19.967  23.071 0.0000000000
87855  -39.961  20.142  23.840 0.0000000000
123250  -39.881  19.914  24.945 0.0000000000
119897  -58.901  18.149  7.924 0.0000000000
85674  -57.807  18.068  7.008 0.0000000000
86516  -56.130  18.354  6.577 0.0000000000
84710  -51.313  16.159  15.227 0.0000000000
84738  -52.571  16.818  13.560 0.0000000000
85629  -51.164  17.807  12.763 0.0000000000
85631  -52.624  17.436  11.970 0.0000000000
85645  -53.477  17.580  11.325 0.0000000000
126926  -54.537  18.000  9.478 0.0000000000
85671  -55.373  19.147  6.990 0.0000000000
86515  -55.229  19.174  6.807 0.0000000000
86519  -54.442  20.182  6.875 0.0000000000
87264  -53.865  20.511  6.931 0.0000000000
87263  -52.692  20.083  7.664 0.0000000000
135064  -53.530  21.607  8.184 0.0000000000
141596  -53.894  21.830  7.458 0.0000000000
88746  -51.609  21.333  8.411 0.0000000000
89545  -51.332  22.292  8.381 0.0000000000
90271  -50.468  23.313  8.197 0.0000000000
89554  -48.878  23.272  7.611 0.0000000000
87875  -43.230  20.784  20.047 0.0000000000
88667  -44.431  21.613  19.175 0.0000000000
88678  -45.271  21.554  17.963 0.0000000000
125802  -46.224  23.147  20.090 0.0000000000
89469  -46.050  22.781  18.480 0.0000000000
132330  -46.203  22.006  17.372 0.0000000000
89487  -47.338  22.321  16.380 0.0000000000
89488  -48.060  22.785  16.042 0.0000000000
90231  -49.031  23.020  15.033 0.0000000000
90843  -51.989  25.058  22.259 0.0000000000
90853  -50.973  24.650  20.309 0.0000000000
90866  -50.694  24.734  19.051 0.0000000000
91494  -53.529  25.558  19.037 0.0000000000
90867  -51.661  24.927  18.602 0.0000000000
90876  -50.699  24.685  17.759 0.0000000000
141587  -49.599  24.283  16.718 0.0000000000
90223  -49.496  23.833  15.433 0.0000000000
90242  -49.936  23.253  13.913 0.0000000000
90243  -50.698  24.040  13.497 0.0000000000
90931  -53.203  25.167  10.161 0.0000000000
124475  -51.980  25.450  12.203 0.0000000000
91556  -53.227  25.382  9.669 0.0000000000
90938  -53.407  25.413  8.401 0.0000000000
90945  -52.094  25.060  7.604 0.0000000000
90944  -50.069  25.070  7.087 0.0000000000
92838  -48.313  28.851  9.011 0.0000000000
94131  -48.484  29.094  14.827 0.0000000000
94157  -47.825  29.295  13.055 0.0000000000
93500  -46.799  29.336  12.481 0.0000000000
93454  -45.693  27.944  15.159 0.0000000000
93484  -45.018  29.154  12.949 0.0000000000
94170  -45.335  30.280  10.617 0.0000000000
93515  -43.798  30.147  9.639 0.0000000000
92829  -43.304  29.269  10.018 0.0000000000
133548  -42.428  28.160  11.325 0.0000000000
94153  -39.870  29.773  11.849 0.0000000000
93494  -38.821  29.148  11.571 0.0000000000
95450  -42.511  31.767  19.124 0.0000000000
145139  -41.491  31.041  18.530 0.0000000000
94774  -40.851  30.574  18.373 0.0000000000
94786  -39.432  30.389  17.720 0.0000000000
94798  -38.288  30.436  16.733 0.0000000000
87168  -42.375  19.247  20.301 0.0000000000
83694  -49.251  16.027  24.706 0.0000000000
84591  -49.563  16.464  24.058 0.0000000000
81899  -37.215  13.230  25.180 0.0000000000
130054  -52.223  15.821  16.636 0.0000000000
84698  -52.694  16.046  16.068 0.0000000000
84697  -51.633  15.730  16.677 0.0000000000
88702  -49.256  21.674  14.047 0.0000000000
88708  -49.463  21.011  13.561 0.0000000000
139122  -49.550  21.660  13.597 0.0000000000
89512  -49.657  22.304  13.686 0.0000000000
90163  -50.621  24.565  24.005 0.0000000000
90172  -50.549  24.306  23.344 0.0000000000
93459  -50.784  29.603  15.010 0.0000000000
93460  -51.225  28.809  15.644 0.0000000000
141832  -50.414  29.137  14.695 0.0000000000
93473  -50.018  29.187  14.092 0.0000000000
94147  -49.778  29.341  14.342 0.0000000000
94084  -42.564  29.268  18.697 0.0000000000
93406  -42.938  28.467  18.275 0.0000000000
94083  -41.738  29.510  18.537 0.0000000000
84647  -46.380  16.068  18.373 0.0000000000
84672  -46.704  16.489  17.679 0.0000000000
87195  -46.037  20.418  16.946 0.0000000000
87903  -45.971  21.063  17.048 0.0000000000
94057  -49.708  29.300  21.671 0.0000000000
93391  -50.226  28.849  21.192 0.0000000000
125103  -50.332  29.608  21.534 0.0000000000
96151  -53.735  33.490  20.089 0.0000000000
96161  -54.693  33.416  19.020 0.0000000000
96160  -54.061  33.558  18.982 0.0000000000
95470  -54.587  33.285  17.313 0.0000000000
96171  -53.697  33.267  18.290 0.0000000000
95468  -51.639  31.547  18.089 0.0000000000
95456  -52.241  32.363  18.759 0.0000000000
95429  -47.115  31.974  21.473 0.0000000000
95440  -47.532  31.424  20.893 0.0000000000
95439  -46.607  31.491  21.038 0.0000000000
130259  -46.031  31.109  20.626 0.0000000000
95438  -45.806  31.716  21.099 0.0000000000
86506  -51.227  18.658  9.063 0.0000000000
87254  -50.708  19.297  9.430 0.0000000000
87856  -41.513  20.555  24.484 0.0000000000
88618  -46.705  21.197  27.704 0.0000000000
88627  -46.201  21.258  26.332 0.0000000000
88619  -47.512  21.825  27.745 0.0000000000
89414  -47.960  22.151  27.250 0.0000000000
91468  -45.952  25.654  22.609 0.0000000000
91469  -46.940  25.757  22.591 0.0000000000
85541  -55.531  17.392  18.762 0.0000000000
85533  -54.803  17.158  19.382 0.0000000000
84635  -50.831  16.055  20.141 0.0000000000
135350  -50.065  15.974  20.531 0.0000000000
83737  -49.553  15.684  20.069 0.0000000000
120407  -49.204  15.754  20.886 0.0000000000
82816  -45.271  14.593  21.400 0.0000000000
83722  -45.804  14.842  20.718 0.0000000000
83721  -43.951  14.960  20.920 0.0000000000
142518  -44.142  11.854  25.886 0.0000000000
80990  -44.133  12.251  25.400 0.0000000000
134907  -44.945  12.544  25.485 0.0000000000
81001  -44.613  12.784  24.774 0.0000000000
84597  -40.033  16.873  22.574 0.0000000000
84590  -39.319  16.903  22.998 0.0000000000
120635  -55.343  17.858  10.753 0.0000000000
85602  -49.698  17.635  14.416 0.0000000000
85613  -49.963  17.970  13.879 0.0000000000
86507  -53.155  19.042  9.361 0.0000000000
87249  -52.907  19.836  9.317 0.0000000000
87962  -52.715  20.639  9.345 0.0000000000
89535  -54.001  23.134  8.093 0.0000000000
90272  -54.064  24.943  7.782 0.0000000000
89438  -44.656  22.248  22.224 0.0000000000
89447  -44.414  22.272  21.360 0.0000000000
89448  -45.246  22.647  21.686 0.0000000000
130165  -48.155  23.863  19.098 0.0000000000
92091  -54.316  27.078  21.037 0.0000000000
91484  -54.448  26.488  20.848 0.0000000000
92092  -55.091  27.067  20.675 0.0000000000
91527  -51.997  25.788  15.183 0.0000000000
122962  -52.263  25.925  15.874 0.0000000000
90902  -51.828  25.434  14.607 0.0000000000
91539  -51.896  25.347  13.769 0.0000000000
139240  -50.267  26.397  9.532 0.0000000000
92169  -49.121  27.122  8.036 0.0000000000
94189  -46.554  30.238  9.008 0.0000000000
94188  -45.250  30.125  9.371 0.0000000000
93425  -47.828  28.902  17.287 0.0000000000
93443  -47.487  28.511  16.449 0.0000000000
93442  -46.672  28.148  16.397 0.0000000000
123438  -43.583  28.713  13.570 0.0000000000
93481  -42.625  29.191  12.853 0.0000000000
94156  -42.419  30.144  10.806 0.0000000000
94155  -41.784  29.886  11.459 0.0000000000
94166  -41.152  30.200  10.211 0.0000000000
94129  -39.109  29.538  15.695 0.0000000000
130644  -38.843  29.663  14.599 0.0000000000
85539  -44.372  17.777  18.685 0.0000000000
142812  -44.102  18.230  18.745 0.0000000000
87172  -43.453  19.547  19.121 0.0000000000
87891  -44.385  20.171  18.292 0.0000000000
132961  -44.140  20.936  18.786 0.0000000000
95423  -51.621  31.685  23.326 0.0000000000
95413  -51.378  31.893  24.255 0.0000000000
96833  -52.884  34.040  23.956 0.0000000000
96108  -53.019  33.919  23.479 0.0000000000
96845  -53.026  33.999  23.097 0.0000000000
96858  -52.968  33.694  22.087 0.0000000000
96857  -52.191  33.698  22.389 0.0000000000
96125  -50.917  33.367  22.521 0.0000000000
96106  -49.423  33.483  23.674 0.0000000000
96124  -49.640  32.991  22.614 0.0000000000
96137  -47.651  32.489  22.058 0.0000000000
126260  -52.936  17.399  7.512 0.0000000000
124716  -42.689  18.915  27.133 0.0000000000
141598  -49.657  16.647  22.764 0.0000000000
83726  -49.169  15.957  21.784 0.0000000000
82797  -47.392  14.812  23.447 0.0000000000
82809  -47.234  14.908  22.614 0.0000000000
82808  -46.427  14.619  22.399 0.0000000000
81908  -39.355  13.671  24.177 0.0000000000
82790  -39.410  14.376  23.815 0.0000000000
83698  -38.632  15.468  23.701 0.0000000000
83692  -37.940  15.059  24.113 0.0000000000
83691  -37.247  15.513  24.344 0.0000000000
83690  -36.614  16.063  24.574 0.0000000000
87212  -48.974  19.461  14.422 0.0000000000
87213  -49.506  19.277  13.802 0.0000000000
88715  -50.029  20.863  12.858 0.0000000000
87239  -50.835  19.971  11.872 0.0000000000
89527  -51.047  22.673  11.685 0.0000000000
90161  -47.493  23.044  22.642 0.0000000000
123010  -48.684  23.400  22.819 0.0000000000
90180  -50.028  23.945  22.119 0.0000000000
90846  -49.270  23.998  20.860 0.0000000000
135588  -53.201  28.143  17.821 0.0000000000
92772  -53.637  27.364  17.241 0.0000000000
92795  -51.394  27.207  15.661 0.0000000000
92137  -51.473  26.124  14.244 0.0000000000
92802  -50.377  27.124  14.113 0.0000000000
92824  -49.617  28.024  12.034 0.0000000000
93502  -49.294  29.383  11.425 0.0000000000
143913  -49.083  29.971  11.446 0.0000000000
134327  -45.217  28.164  17.632 0.0000000000
93422  -44.463  28.014  17.555 0.0000000000
93438  -42.742  27.831  16.674 0.0000000000
121413  -42.966  27.833  15.579 0.0000000000
124536  -42.083  27.963  16.059 0.0000000000
94115  -40.078  29.100  17.038 0.0000000000
93435  -39.856  29.182  16.046 0.0000000000
83795  -49.089  15.785  16.938 0.0000000000
84694  -48.576  16.441  16.461 0.0000000000
85576  -48.137  17.319  16.044 0.0000000000
86428  -46.051  18.372  17.146 0.0000000000
86437  -46.820  18.702  16.508 0.0000000000
87202  -47.746  19.464  15.610 0.0000000000
87203  -48.405  19.453  15.029 0.0000000000
87917  -47.665  20.904  15.511 0.0000000000
88694  -48.078  21.598  15.353 0.0000000000
125828  -51.394  25.982  22.478 0.0000000000
122045  -50.072  26.517  21.682 0.0000000000
94063  -50.991  28.659  20.682 0.0000000000
92753  -51.076  27.157  21.120 0.0000000000
131158  -51.453  27.741  20.673 0.0000000000
92754  -52.621  27.512  20.581 0.0000000000
94741  -52.178  31.128  21.449 0.0000000000
94766  -54.306  32.086  18.656 0.0000000000
125119  -53.171  30.713  19.594 0.0000000000
94076  -53.401  30.406  18.648 0.0000000000
94092  -53.274  29.923  18.037 0.0000000000
95481  -53.051  31.405  16.303 0.0000000000
94800  -52.282  30.765  15.741 0.0000000000
94118  -51.231  30.339  15.598 0.0000000000
94107  -51.151  30.674  16.589 0.0000000000
94788  -50.079  30.230  17.797 0.0000000000
94105  -48.553  29.322  17.605 0.0000000000
96148  -50.339  32.305  20.958 0.0000000000
140894  -47.628  30.497  19.848 0.0000000000
94763  -48.411  30.446  19.590 0.0000000000
94073  -47.630  30.035  19.231 0.0000000000
125350  -47.952  29.649  18.652 0.0000000000
94072  -46.700  29.814  19.295 0.0000000000
94088  -46.321  29.126  18.606 0.0000000000
94760  -45.238  30.379  19.871 0.0000000000
94759  -44.398  30.484  19.797 0.0000000000
94069  -43.934  29.727  19.365 0.0000000000
87966  -50.277  20.853  9.383 0.0000000000
88745  -49.359  21.620  9.529 0.0000000000
87157  -41.153  19.952  22.047 0.0000000000
87868  -41.667  20.654  22.458 0.0000000000
88642  -42.782  21.280  23.690 0.0000000000
141512  -42.739  21.401  22.955 0.0000000000
88643  -43.418  21.528  23.265 0.0000000000
88644  -44.281  21.643  23.671 0.0000000000
88638  -45.586  21.517  25.096 0.0000000000
88645  -45.209  21.742  24.046 0.0000000000
89433  -48.121  22.830  24.969 0.0000000000
90143  -49.295  23.632  25.929 0.0000000000
130314  -49.755  24.193  25.406 0.0000000000
90116  -46.598  23.271  27.566 0.0000000000
90126  -47.243  23.996  27.038 0.0000000000
90117  -48.132  23.710  27.499 0.0000000000
143910  -48.138  24.169  27.163 0.0000000000
91456  -47.973  25.055  23.536 0.0000000000
90826  -49.066  25.037  24.972 0.0000000000
90827  -50.016  24.776  24.830 0.0000000000
91457  -49.467  25.096  24.045 0.0000000000
134789  -49.360  25.384  23.175 0.0000000000
92079  -48.660  25.803  22.538 0.0000000000
92084  -47.582  26.700  21.863 0.0000000000
92747  -47.615  27.397  21.694 0.0000000000
93389  -48.315  28.554  21.725 0.0000000000
125072  -47.774  28.103  21.738 0.0000000000
85577  -55.917  17.623  16.835 0.0000000000
124492  -53.967  16.519  18.285 0.0000000000
84677  -54.214  16.647  17.461 0.0000000000
84676  -53.476  16.194  17.744 0.0000000000
84613  -52.575  17.190  21.069 0.0000000000
84626  -53.039  17.081  20.608 0.0000000000
85525  -53.949  17.293  20.808 0.0000000000
128279  -52.845  16.696  20.015 0.0000000000
83751  -51.216  15.855  19.527 0.0000000000
84649  -51.821  15.899  19.235 0.0000000000
84674  -51.932  15.729  18.401 0.0000000000
83767  -51.106  15.656  18.756 0.0000000000
83787  -50.541  15.602  17.897 0.0000000000
83766  -50.234  15.611  18.735 0.0000000000
120789  -48.961  15.591  19.477 0.0000000000
130168  -47.770  15.649  18.556 0.0000000000
83736  -48.257  15.537  20.716 0.0000000000
123753  -47.539  15.351  20.690 0.0000000000
134454  -45.932  15.692  19.199 0.0000000000
83745  -45.080  15.812  19.379 0.0000000000
83744  -44.621  15.759  19.683 0.0000000000
82776  -48.853  14.991  26.241 0.0000000000
80056  -45.892  11.634  28.874 0.0000000000
80953  -46.435  12.020  28.961 0.0000000000
79177  -42.928  10.871  26.935 0.0000000000
80063  -43.667  11.098  27.080 0.0000000000
80962  -46.412  12.324  27.458 0.0000000000
81875  -47.423  13.185  27.196 0.0000000000
80974  -46.783  12.825  26.853 0.0000000000
81901  -46.304  13.498  25.278 0.0000000000
81902  -47.020  13.827  25.586 0.0000000000
82774  -47.692  14.385  25.474 0.0000000000
82784  -47.264  14.345  24.846 0.0000000000
81914  -46.109  13.817  24.558 0.0000000000
81923  -44.641  13.742  23.472 0.0000000000
82794  -45.030  14.230  22.892 0.0000000000
81930  -44.166  14.086  22.836 0.0000000000
84606  -41.134  17.201  21.694 0.0000000000
84607  -41.775  16.930  21.249 0.0000000000
85513  -41.341  17.791  21.298 0.0000000000
86392  -41.037  18.597  21.560 0.0000000000
86378  -39.304  18.543  23.017 0.0000000000
87155  -39.991  19.114  22.700 0.0000000000
84588  -38.020  16.909  23.747 0.0000000000
85493  -38.252  17.649  23.571 0.0000000000
87147  -38.579  19.265  24.502 0.0000000000
87148  -39.317  19.818  24.241 0.0000000000
87140  -39.166  19.491  25.134 0.0000000000
87130  -39.954  19.394  25.781 0.0000000000
120342  -58.965  18.127  8.627 0.0000000000
119893  -58.711  18.489  9.193 0.0000000000
119902  -58.586  18.238  7.844 0.0000000000
119898  -57.259  18.337  7.226 0.0000000000
85673  -56.874  18.166  6.542 0.0000000000
85672  -56.103  18.582  6.797 0.0000000000
84695  -50.017  15.907  16.092 0.0000000000
84737  -51.700  16.867  13.681 0.0000000000
86485  -50.579  18.520  12.877 0.0000000000
86486  -51.162  18.491  12.215 0.0000000000
86495  -52.298  18.218  10.999 0.0000000000
85643  -52.166  17.861  11.515 0.0000000000
85644  -52.760  17.761  11.119 0.0000000000
85653  -53.537  17.811  10.428 0.0000000000
86508  -54.139  19.451  8.196 0.0000000000
85662  -54.750  18.891  7.988 0.0000000000
85679  -54.432  19.033  6.787 0.0000000000
87974  -54.074  21.088  6.988 0.0000000000
87973  -53.529  20.958  7.312 0.0000000000
88738  -53.160  22.238  8.865 0.0000000000
89546  -54.094  22.867  7.333 0.0000000000
122376  -53.921  22.212  7.083 0.0000000000
88752  -53.291  21.563  7.445 0.0000000000
90279  -49.370  24.128  7.074 0.0000000000
88657  -42.880  20.998  20.820 0.0000000000
89455  -44.636  22.164  19.780 0.0000000000
88659  -43.861  21.414  19.683 0.0000000000
88668  -44.758  21.542  18.597 0.0000000000
89467  -44.852  21.993  19.100 0.0000000000
90177  -46.916  23.285  20.900 0.0000000000
89453  -45.927  22.998  21.033 0.0000000000
90198  -46.793  23.186  18.440 0.0000000000
90185  -46.493  23.226  19.248 0.0000000000
89478  -45.822  22.155  17.886 0.0000000000
89479  -46.491  22.634  17.693 0.0000000000
89486  -46.673  22.158  16.962 0.0000000000
89480  -47.128  22.802  17.168 0.0000000000
89497  -48.449  22.420  15.331 0.0000000000
90222  -48.702  23.265  15.715 0.0000000000
91476  -51.734  25.397  22.598 0.0000000000
90849  -52.072  24.913  21.408 0.0000000000
90854  -51.841  24.840  20.033 0.0000000000
91509  -54.548  26.589  17.496 0.0000000000
91495  -54.457  26.174  18.543 0.0000000000
91508  -53.643  25.861  17.711 0.0000000000
90877  -51.798  25.077  17.348 0.0000000000
90875  -49.691  24.402  17.413 0.0000000000
122888  -50.345  24.545  16.796 0.0000000000
90900  -50.493  24.342  14.681 0.0000000000
143879  -49.960  24.060  15.030 0.0000000000
90232  -49.736  23.592  14.653 0.0000000000
90917  -52.247  25.003  12.823 0.0000000000
90251  -52.426  24.936  12.158 0.0000000000
90924  -52.610  25.171  11.207 0.0000000000
92151  -51.504  25.780  12.872 0.0000000000
91555  -51.987  25.756  10.112 0.0000000000
121829  -52.573  25.731  9.052 0.0000000000
91569  -52.572  25.363  7.861 0.0000000000
91562  -51.928  25.641  8.240 0.0000000000
91568  -49.662  25.881  7.082 0.0000000000
90289  -48.632  24.530  6.367 0.0000000000
91573  -48.335  25.043  6.327 0.0000000000
92832  -46.502  28.328  9.826 0.0000000000
92163  -47.300  27.507  9.761 0.0000000000
134928  -49.243  29.288  14.721 0.0000000000
94132  -48.828  29.156  15.444 0.0000000000
135188  -47.051  28.392  14.909 0.0000000000
93472  -47.308  28.843  14.211 0.0000000000
93486  -46.857  28.983  13.600 0.0000000000
120964  -44.957  27.701  15.900 0.0000000000
93483  -44.127  29.192  12.982 0.0000000000
93498  -44.952  29.764  11.583 0.0000000000
94169  -44.416  30.311  10.445 0.0000000000
122032  -43.742  30.356  10.146 0.0000000000
123927  -42.508  29.764  10.562 0.0000000000
92828  -42.394  29.286  10.167 0.0000000000
92821  -41.446  28.841  10.398 0.0000000000
93495  -40.633  29.721  10.249 0.0000000000
92820  -40.830  28.270  10.968 0.0000000000
92819  -40.288  28.875  10.713 0.0000000000
92818  -39.452  28.474  11.411 0.0000000000
93465  -41.006  29.234  14.390 0.0000000000
94144  -40.702  29.552  13.151 0.0000000000
94152  -38.550  29.701  12.277 0.0000000000
122194  -39.343  29.537  11.607 0.0000000000
93493  -38.181  29.182  11.834 0.0000000000
96183  -41.068  31.684  18.184 0.0000000000
95479  -39.368  31.320  17.689 0.0000000000
94100  -38.915  30.001  17.188 0.0000000000
85531  -43.132  17.845  19.648 0.0000000000
86404  -43.260  18.660  19.353 0.0000000000
87879  -43.115  20.081  19.678 0.0000000000
95399  -52.290  32.875  24.905 0.0000000000
96818  -52.450  33.927  24.626 0.0000000000
96105  -48.279  33.475  23.633 0.0000000000
85678  -53.519  18.426  7.126 0.0000000000
86328  -41.876  18.045  28.005 0.0000000000
87122  -42.787  18.344  27.932 0.0000000000
84600  -49.308  16.355  23.310 0.0000000000
127209  -48.652  15.825  23.145 0.0000000000
82782  -38.434  13.726  24.477 0.0000000000
82781  -37.996  14.347  24.369 0.0000000000
84699  -53.539  16.387  16.291 0.0000000000
84712  -53.280  16.466  15.412 0.0000000000
84711  -52.292  16.256  15.084 0.0000000000
138542  -50.299  21.471  12.524 0.0000000000
89521  -50.435  22.261  12.477 0.0000000000
94120  -52.226  29.326  16.360 0.0000000000
92771  -52.389  27.953  16.868 0.0000000000
93474  -50.363  28.319  14.411 0.0000000000
93487  -50.039  28.467  13.651 0.0000000000
94158  -48.954  29.436  13.209 0.0000000000
94086  -44.374  28.996  18.834 0.0000000000
93407  -43.909  28.388  18.247 0.0000000000
93420  -42.448  28.091  17.588 0.0000000000
93419  -41.638  28.335  17.520 0.0000000000
94103  -41.240  29.025  18.056 0.0000000000
83784  -48.031  15.687  17.915 0.0000000000
83785  -48.304  15.950  17.162 0.0000000000
84673  -47.491  16.220  17.412 0.0000000000
85557  -47.053  17.067  17.005 0.0000000000
133495  -45.578  19.113  17.411 0.0000000000
87910  -47.025  20.907  16.052 0.0000000000
88686  -46.833  21.573  16.432 0.0000000000
92752  -50.250  27.448  21.145 0.0000000000
93390  -49.818  28.087  21.201 0.0000000000
95433  -53.744  32.945  21.422 0.0000000000
94742  -53.110  32.019  20.979 0.0000000000
95444  -54.273  32.849  20.503 0.0000000000
95457  -54.758  32.833  19.571 0.0000000000
94767  -55.180  32.770  17.514 0.0000000000
96184  -55.160  33.140  16.995 0.0000000000
95482  -54.362  32.403  16.811 0.0000000000
94779  -52.297  31.410  16.646 0.0000000000
141084  -50.733  31.092  18.560 0.0000000000
94764  -49.910  30.674  18.848 0.0000000000
95431  -48.835  32.070  21.170 0.0000000000
95441  -48.460  31.472  20.744 0.0000000000
94761  -46.157  30.448  19.958 0.0000000000
87861  -41.477  20.731  23.424 0.0000000000
87862  -42.154  21.007  24.029 0.0000000000
142263  -42.855  21.021  24.428 0.0000000000
87850  -44.902  20.338  26.420 0.0000000000
88639  -46.605  21.682  25.619 0.0000000000
89427  -47.281  22.126  25.192 0.0000000000
132066  -47.523  21.969  26.208 0.0000000000
90809  -47.058  24.577  25.269 0.0000000000
126839  -47.395  24.793  24.321 0.0000000000
92077  -46.780  26.556  22.114 0.0000000000
85558  -55.760  17.499  17.748 0.0000000000
84652  -54.421  16.864  18.821 0.0000000000
141632  -53.754  16.524  18.923 0.0000000000
84612  -51.898  17.110  21.169 0.0000000000
121168  -48.242  15.552  19.955 0.0000000000
83723  -46.839  15.048  20.899 0.0000000000
83732  -44.363  15.405  20.210 0.0000000000
80080  -44.137  11.544  26.418 0.0000000000
80973  -45.248  12.376  26.112 0.0000000000
80991  -45.744  12.846  25.609 0.0000000000
81900  -45.735  13.316  24.941 0.0000000000
83710  -41.501  15.600  22.176 0.0000000000
84598  -40.658  17.001  22.143 0.0000000000
85503  -40.206  17.529  22.351 0.0000000000
119895  -57.263  18.694  10.053 0.0000000000
85654  -55.581  17.980  9.607 0.0000000000
84721  -49.807  17.029  14.910 0.0000000000
128218  -50.861  16.585  14.654 0.0000000000
84722  -50.295  17.053  14.516 0.0000000000
87233  -51.201  19.187  11.699 0.0000000000
87257  -54.346  20.415  7.203 0.0000000000
87265  -54.456  20.659  6.854 0.0000000000
89556  -53.784  22.999  7.043 0.0000000000
90281  -53.577  24.060  7.199 0.0000000000
132316  -53.191  24.693  7.362 0.0000000000
89446  -43.814  21.875  21.128 0.0000000000
90178  -47.114  23.437  20.072 0.0000000000
90199  -47.544  23.504  18.392 0.0000000000
90206  -47.657  23.363  17.585 0.0000000000
90207  -48.335  23.686  17.312 0.0000000000
90882  -48.995  24.040  17.002 0.0000000000
92090  -52.770  26.135  22.077 0.0000000000
91477  -52.511  25.624  22.192 0.0000000000
91481  -53.460  26.238  21.558 0.0000000000
91483  -53.601  25.727  20.543 0.0000000000
91518  -52.881  26.358  16.244 0.0000000000
90885  -51.868  25.358  16.311 0.0000000000
90884  -51.047  24.806  15.975 0.0000000000
90892  -51.321  24.893  14.996 0.0000000000
92149  -49.825  26.845  11.501 0.0000000000
91567  -48.929  25.877  6.753 0.0000000000
91560  -49.039  26.444  7.437 0.0000000000
126100  -47.792  29.867  8.859 0.0000000000
143651  -47.087  30.104  8.710 0.0000000000
92837  -46.190  29.948  8.933 0.0000000000
93457  -47.977  28.763  15.610 0.0000000000
120652  -47.241  28.348  15.630 0.0000000000
93469  -43.865  28.028  14.573 0.0000000000
94178  -41.406  30.178  10.208 0.0000000000
93505  -40.975  30.044  9.942 0.0000000000
94165  -40.446  29.832  10.559 0.0000000000
94142  -39.055  29.716  13.520 0.0000000000
94151  -38.047  29.688  12.341 0.0000000000
94163  -37.801  29.419  12.208 0.0000000000
94140  -37.144  30.028  13.298 0.0000000000
139607  -45.339  17.163  18.209 0.0000000000
85540  -44.937  17.747  18.229 0.0000000000
87187  -44.849  19.383  17.926 0.0000000000
87901  -44.928  20.250  17.817 0.0000000000
94735  -50.742  30.732  22.648 0.0000000000
94736  -51.870  31.449  22.385 0.0000000000
95414  -52.448  32.602  24.100 0.0000000000
95425  -53.327  33.117  22.494 0.0000000000
96143  -53.858  33.193  21.080 0.0000000000
96863  -53.110  33.502  21.111 0.0000000000
96150  -52.539  33.256  20.518 0.0000000000
96158  -51.625  32.410  19.889 0.0000000000
96149  -51.311  32.645  20.808 0.0000000000
96139  -49.814  32.477  21.608 0.0000000000
96136  -46.740  32.497  21.997 0.0000000000
87847  -42.149  20.199  25.591 0.0000000000
87839  -43.972  19.591  26.918 0.0000000000
87131  -43.932  18.665  27.951 0.0000000000
87840  -44.635  19.854  26.987 0.0000000000
84610  -50.370  16.842  21.682 0.0000000000
83712  -47.806  15.361  22.088 0.0000000000
79175  -41.460  10.430  26.908 0.0000000000
79176  -42.208  10.646  26.888 0.0000000000
80078  -42.486  11.153  26.311 0.0000000000
135915  -41.169  11.330  25.768 0.0000000000
80095  -42.831  11.578  25.688 0.0000000000
83699  -39.425  15.463  23.352 0.0000000000
123520  -39.027  16.188  23.328 0.0000000000
133300  -38.425  16.291  23.616 0.0000000000
84581  -37.409  16.901  24.123 0.0000000000
86466  -49.458  18.424  14.169 0.0000000000
87240  -51.415  19.872  11.156 0.0000000000
138066  -51.812  20.548  10.433 0.0000000000
143349  -51.623  21.208  10.614 0.0000000000
90265  -53.134  24.611  9.858 0.0000000000
89449  -46.249  22.811  22.103 0.0000000000
90851  -48.932  24.120  19.797 0.0000000000
90852  -49.825  24.489  19.561 0.0000000000
92763  -55.396  27.218  18.755 0.0000000000
92099  -55.634  27.076  19.022 0.0000000000
92111  -55.577  27.063  18.092 0.0000000000
92110  -55.022  27.104  17.510 0.0000000000
91520  -54.358  26.959  16.943 0.0000000000
92783  -53.358  27.107  16.509 0.0000000000
92121  -53.684  26.839  16.568 0.0000000000
92150  -50.175  26.710  12.662 0.0000000000
92840  -48.990  28.431  9.352 0.0000000000
93501  -48.841  30.067  10.396 0.0000000000
93510  -48.163  30.282  9.764 0.0000000000
94183  -47.259  30.433  9.875 0.0000000000
94171  -46.451  30.145  10.931 0.0000000000
134142  -46.413  28.586  17.879 0.0000000000
93423  -45.980  28.190  17.225 0.0000000000
123442  -45.134  27.873  16.886 0.0000000000
93453  -43.952  27.730  15.569 0.0000000000
142327  -43.435  27.855  15.033 0.0000000000
93467  -42.204  28.866  14.010 0.0000000000
121997  -41.679  28.848  14.592 0.0000000000
93437  -41.380  28.207  16.630 0.0000000000
93450  -40.451  29.159  15.220 0.0000000000
83796  -50.352  15.669  16.924 0.0000000000
139597  -49.291  16.168  16.227 0.0000000000
84708  -49.572  16.623  15.516 0.0000000000
125047  -47.260  18.209  16.268 0.0000000000
85588  -47.788  18.060  15.839 0.0000000000
86465  -48.821  18.677  14.738 0.0000000000
87926  -48.635  20.200  14.656 0.0000000000
91472  -50.991  25.176  23.247 0.0000000000
90838  -51.266  25.079  23.088 0.0000000000
92089  -51.788  26.405  21.913 0.0000000000
92755  -54.146  27.233  21.001 0.0000000000
94064  -51.617  29.345  20.455 0.0000000000
94751  -52.646  30.901  20.555 0.0000000000
94765  -52.232  30.052  20.179 0.0000000000
93399  -52.587  28.349  19.819 0.0000000000
92758  -54.326  27.507  19.806 0.0000000000
93411  -53.211  28.340  18.588 0.0000000000
128907  -52.870  29.300  17.395 0.0000000000
94119  -52.107  30.330  15.444 0.0000000000
94135  -51.479  30.086  15.154 0.0000000000
94134  -50.932  30.012  15.014 0.0000000000
94106  -50.231  29.865  16.836 0.0000000000
120873  -49.333  29.442  16.929 0.0000000000
93426  -48.607  29.171  16.910 0.0000000000
95453  -48.875  30.996  20.112 0.0000000000
122645  -49.190  30.634  19.537 0.0000000000
122407  -49.024  30.294  19.123 0.0000000000
93410  -47.120  28.884  18.017 0.0000000000
94087  -45.291  29.012  18.807 0.0000000000
94068  -43.065  29.900  19.201 0.0000000000
87163  -42.037  19.785  20.860 0.0000000000
88654  -42.636  21.179  21.629 0.0000000000
88650  -42.374  21.184  22.400 0.0000000000
89430  -44.940  21.991  23.112 0.0000000000
88625  -44.224  20.850  25.343 0.0000000000
89441  -47.823  22.838  23.785 0.0000000000
90157  -50.095  23.938  24.522 0.0000000000
90158  -50.343  24.524  24.367 0.0000000000
90828  -50.341  24.714  24.317 0.0000000000
90110  -48.107  23.076  27.755 0.0000000000
90118  -48.705  23.770  27.254 0.0000000000
90791  -49.174  24.112  26.841 0.0000000000
90797  -48.017  24.445  26.529 0.0000000000
90798  -49.192  24.309  26.457 0.0000000000
90144  -49.506  24.265  26.081 0.0000000000
91471  -49.807  25.585  22.815 0.0000000000
121727  -49.110  26.694  21.632 0.0000000000
130124  -48.217  26.832  21.656 0.0000000000
120460  -49.055  28.205  21.403 0.0000000000
94056  -48.988  29.003  21.706 0.0000000000
94052  -49.267  29.656  22.261 0.0000000000
139996  -47.771  29.396  22.537 0.0000000000
84678  -54.973  17.145  17.154 0.0000000000
84700  -54.281  16.785  16.641 0.0000000000
125446  -51.996  15.706  17.422 0.0000000000
84637  -52.375  16.318  19.669 0.0000000000
83765  -49.429  15.601  18.725 0.0000000000
83734  -47.128  15.306  20.212 0.0000000000
83747  -47.512  15.481  19.711 0.0000000000
84646  -45.543  16.491  18.509 0.0000000000
85532  -44.218  17.243  19.037 0.0000000000
86398  -42.159  18.490  20.433 0.0000000000
83683  -48.999  15.556  25.397 0.0000000000
80947  -47.146  12.801  30.038 0.0000000000
81858  -47.724  13.151  29.212 0.0000000000
79162  -43.236  10.669  27.688 0.0000000000
79163  -43.956  10.934  27.872 0.0000000000
80054  -44.646  11.167  28.061 0.0000000000
121735  -45.077  11.445  27.548 0.0000000000
80066  -46.158  11.859  28.195 0.0000000000
80963  -46.791  12.389  28.212 0.0000000000
81867  -47.538  12.960  28.150 0.0000000000
81876  -48.024  13.646  27.551 0.0000000000
81886  -47.182  13.443  26.413 0.0000000000
82762  -48.104  14.383  26.150 0.0000000000
82775  -48.366  14.937  25.425 0.0000000000
131531  -47.508  14.704  24.182 0.0000000000
81924  -45.981  14.115  23.798 0.0000000000
82795  -45.826  14.359  23.033 0.0000000000
81912  -43.309  12.977  23.872 0.0000000000
81929  -43.244  14.020  22.775 0.0000000000
82805  -43.668  14.384  22.192 0.0000000000
128335  -43.986  14.579  21.603 0.0000000000
85522  -41.938  17.746  20.733 0.0000000000
87162  -41.437  19.378  21.335 0.0000000000
86391  -40.501  18.781  22.127 0.0000000000
87156  -40.579  19.601  22.418 0.0000000000
87149  -40.528  20.239  24.565 0.0000000000
85494  -38.905  17.698  23.136 0.0000000000
139681  -39.889  20.101  24.368 0.0000000000
87141  -40.674  19.823  25.558 0.0000000000
120412  -40.840  19.162  26.406 0.0000000000
87129  -39.192  18.893  26.072 0.0000000000
139674  -40.106  18.798  26.602 0.0000000000
86341  -40.935  18.490  27.256 0.0000000000
84772  -58.212  17.436  7.532 0.0000000000
124339  -58.772  18.150  7.908 0.0000000000
83874  -57.342  17.478  6.851 0.0000000000
143921  -56.079  17.979  6.408 0.0000000000
84723  -51.526  16.518  14.441 0.0000000000
84724  -52.244  16.547  14.195 0.0000000000
85614  -50.543  17.799  13.442 0.0000000000
124135  -54.359  17.697  10.561 0.0000000000
85680  -55.188  18.284  6.601 0.0000000000
134373  -53.723  19.431  6.984 0.0000000000
87269  -54.319  20.756  6.973 0.0000000000
86513  -52.993  19.512  7.381 0.0000000000
87968  -52.245  20.672  8.055 0.0000000000
131469  -49.946  22.355  8.830 0.0000000000
87874  -42.651  20.134  20.328 0.0000000000
87880  -43.562  20.496  19.318 0.0000000000
88658  -43.498  21.472  20.578 0.0000000000
124221  -45.381  22.768  20.034 0.0000000000
89457  -45.726  22.824  19.286 0.0000000000
89468  -45.350  22.211  18.632 0.0000000000
88679  -45.812  21.528  17.427 0.0000000000
88685  -46.306  21.539  16.961 0.0000000000
89496  -47.840  22.134  15.760 0.0000000000
143603  -48.868  22.416  14.868 0.0000000000
90842  -51.514  24.899  22.580 0.0000000000
90848  -51.314  24.675  21.516 0.0000000000
125394  -50.380  24.502  20.592 0.0000000000
90865  -49.753  24.492  18.387 0.0000000000
92096  -55.097  26.640  19.606 0.0000000000
91493  -52.663  25.264  18.107 0.0000000000
90216  -49.152  23.926  16.237 0.0000000000
90883  -49.955  24.365  16.096 0.0000000000
90250  -51.186  24.174  12.665 0.0000000000
90932  -53.674  25.127  8.992 0.0000000000
91545  -51.949  25.367  13.013 0.0000000000
91550  -51.852  25.600  11.363 0.0000000000
90946  -53.505  25.041  7.556 0.0000000000
124383  -51.065  25.483  7.714 0.0000000000
92843  -48.692  28.152  8.875 0.0000000000
92164  -48.261  27.824  9.000 0.0000000000
94146  -49.097  29.274  14.100 0.0000000000
94145  -48.221  29.130  14.083 0.0000000000
93470  -45.433  28.394  14.138 0.0000000000
93485  -46.062  28.904  13.360 0.0000000000
93499  -45.798  29.516  12.062 0.0000000000
94181  -44.740  30.475  9.824 0.0000000000
94187  -44.281  30.252  9.661 0.0000000000
93508  -43.765  29.661  9.670 0.0000000000
94179  -43.509  30.231  9.797 0.0000000000
93507  -43.344  29.865  9.722 0.0000000000
122848  -43.426  28.133  11.272 0.0000000000
93479  -37.162  28.786  12.443 0.0000000000
123813  -45.984  32.677  21.856 0.0000000000
124284  -44.531  31.820  20.503 0.0000000000
95452  -44.028  31.334  20.073 0.0000000000
95451  -43.224  31.755  19.654 0.0000000000
94757  -42.788  30.863  19.284 0.0000000000
96170  -42.312  32.606  18.824 0.0000000000
95467  -42.102  30.969  18.851 0.0000000000
94775  -41.538  30.281  18.653 0.0000000000
94787  -40.146  30.053  18.154 0.0000000000
95480  -40.115  30.948  18.073 0.0000000000
94101  -39.674  29.698  17.540 0.0000000000
89405  -47.937  22.348  27.941 0.0000000000
92093  -55.412  26.976  19.921 0.0000000000
92759  -55.321  27.090  20.043 0.0000000000
92773  -55.045  27.168  17.602 0.0000000000
93445  -51.760  28.586  16.255 0.0000000000
94090  -48.545  29.611  18.296 0.0000000000
94180  -43.961  30.378  9.804 0.0000000000
94791  -55.046  32.756  16.843 0.0000000000
95434  -54.197  33.137  20.638 0.0000000000
95445  -54.669  33.133  19.771 0.0000000000
95458  -55.194  33.112  18.431 0.0000000000
95471  -55.272  33.132  17.310 0.0000000000
96126  -53.134  33.482  23.265 0.0000000000
96142  -53.460  33.145  21.827 0.0000000000
96859  -53.378  33.381  21.592 0.0000000000
119896  -59.033  18.029  8.007 0.0000000000
119901  -58.939  18.136  8.050 0.0000000000
131989  -56.903  18.071  6.416 0.0000000000
138043  -53.710  33.403  20.856 0.0000000000
138755  -54.549  33.517  18.155 0.0000000000
143545  -42.065  9.946  28.353 0.0000000000
143742  -47.416  23.537  27.566 0.0000000000
143934  -53.345  31.924  16.537 0.0000000000
