#!ascii label  , from subject sub-v1s16x0051163_ses-1 vox2ras=TkReg
872
85406  43.367  21.608  17.304 0.0000000000
83451  48.985  18.493  11.342 0.0000000000
88277  55.810  25.500  2.936 0.0000000000
81338  54.652  14.790  3.704 0.0000000000
81168  44.607  15.704  19.664 0.0000000000
126626  57.908  24.532  12.761 0.0000000000
82783  53.468  17.668  7.009 0.0000000000
86922  46.188  23.618  7.982 0.0000000000
86112  51.324  22.543  14.118 0.0000000000
84118  46.766  19.272  14.573 0.0000000000
116729  49.428  14.438  16.389 0.0000000000
88897  51.144  26.815  7.890 0.0000000000
86171  48.547  22.276  6.283 0.0000000000
86920  51.812  23.492  8.765 0.0000000000
84185  51.405  20.108  3.844 0.0000000000
88901  47.779  26.076  8.746 0.0000000000
86109  47.965  21.893  16.261 0.0000000000
84771  45.282  20.695  16.194 0.0000000000
81184  46.464  15.056  17.672 0.0000000000
88881  57.152  26.060  8.954 0.0000000000
88883  54.199  26.309  9.978 0.0000000000
115951  53.541  26.201  5.659 0.0000000000
88268  50.012  25.226  5.598 0.0000000000
130100  51.715  24.804  2.623 0.0000000000
84793  48.990  20.751  12.116 0.0000000000
86903  51.835  23.348  10.930 0.0000000000
85463  49.555  21.275  9.673 0.0000000000
82805  55.913  16.750  2.808 0.0000000000
119949  52.702  19.227  4.192 0.0000000000
82069  52.130  17.951  1.184 0.0000000000
82808  50.052  17.740  4.091 0.0000000000
81331  51.634  15.654  5.651 0.0000000000
80551  50.686  14.390  8.864 0.0000000000
123713  40.786  19.735  18.543 0.0000000000
119352  42.964  18.356  17.521 0.0000000000
129928  58.229  24.847  8.194 0.0000000000
81994  51.934  16.505  11.768 0.0000000000
82762  51.306  18.045  9.583 0.0000000000
82759  53.932  17.430  9.882 0.0000000000
128569  56.752  17.296  6.950 0.0000000000
86105  52.912  21.838  17.452 0.0000000000
86097  50.250  21.806  17.800 0.0000000000
85425  49.467  21.396  14.540 0.0000000000
83434  48.102  18.908  12.917 0.0000000000
82687  44.890  17.425  16.440 0.0000000000
81928  47.416  16.400  15.222 0.0000000000
81960  49.150  16.008  13.561 0.0000000000
80502  52.001  14.841  14.909 0.0000000000
84097  39.163  19.943  20.434 0.0000000000
88858  51.869  26.970  11.009 0.0000000000
89522  49.832  27.741  8.200 0.0000000000
88253  48.797  25.669  7.364 0.0000000000
86929  47.351  23.440  7.180 0.0000000000
84163  47.328  19.488  7.201 0.0000000000
87572  53.891  24.193  13.645 0.0000000000
87629  54.404  24.392  9.832 0.0000000000
113725  54.051  24.691  6.014 0.0000000000
84161  50.891  19.932  7.577 0.0000000000
85475  51.543  21.591  6.142 0.0000000000
86955  52.961  21.949  2.180 0.0000000000
85490  50.217  21.262  4.685 0.0000000000
83487  48.024  18.326  6.218 0.0000000000
88874  47.288  26.943  9.668 0.0000000000
89524  48.526  28.296  8.076 0.0000000000
85414  45.539  21.478  16.457 0.0000000000
85416  43.922  21.046  16.837 0.0000000000
88918  55.992  25.998  6.622 0.0000000000
88907  55.315  25.982  7.431 0.0000000000
119299  54.248  26.157  4.771 0.0000000000
88934  52.728  26.259  3.708 0.0000000000
121578  54.094  25.378  1.832 0.0000000000
84801  48.651  20.110  11.700 0.0000000000
85456  49.481  21.424  10.575 0.0000000000
84140  49.325  19.650  10.170 0.0000000000
127419  55.842  15.388  2.744 0.0000000000
82827  54.864  18.405  -0.252 0.0000000000
82062  53.508  15.961  2.372 0.0000000000
82053  52.399  16.247  3.066 0.0000000000
81329  53.644  15.120  4.538 0.0000000000
81314  52.547  14.691  6.599 0.0000000000
80565  53.242  13.512  5.929 0.0000000000
82676  41.594  17.846  19.684 0.0000000000
88237  59.990  25.062  9.547 0.0000000000
87614  58.580  24.573  10.141 0.0000000000
81976  52.517  16.210  12.375 0.0000000000
82007  52.867  17.094  10.929 0.0000000000
81992  54.022  16.662  11.765 0.0000000000
82757  57.004  17.505  9.111 0.0000000000
82030  57.936  16.595  7.140 0.0000000000
135240  57.621  15.916  5.654 0.0000000000
84776  47.197  20.774  15.046 0.0000000000
85420  48.350  21.552  15.519 0.0000000000
84782  47.592  20.342  14.477 0.0000000000
84786  48.479  20.331  13.558 0.0000000000
83428  47.217  18.939  14.159 0.0000000000
81917  43.631  16.700  18.366 0.0000000000
135120  43.824  17.851  17.004 0.0000000000
81919  44.212  16.589  17.729 0.0000000000
80458  47.944  14.482  17.422 0.0000000000
121051  46.916  15.635  16.393 0.0000000000
81220  47.833  15.677  15.494 0.0000000000
81961  48.358  16.503  14.003 0.0000000000
81218  49.400  15.135  15.004 0.0000000000
81258  50.519  15.338  13.944 0.0000000000
80489  50.641  14.656  15.492 0.0000000000
121860  53.338  14.435  16.754 0.0000000000
88896  52.843  26.269  8.734 0.0000000000
88857  52.804  26.864  11.227 0.0000000000
88872  51.493  26.757  10.027 0.0000000000
89518  50.841  27.295  10.677 0.0000000000
113499  50.561  27.212  8.361 0.0000000000
88899  49.457  27.707  7.727 0.0000000000
88912  50.615  27.045  7.002 0.0000000000
87672  48.905  24.125  5.647 0.0000000000
87662  48.584  24.447  6.343 0.0000000000
86172  47.958  22.867  6.836 0.0000000000
85478  47.403  21.336  7.472 0.0000000000
84827  48.161  20.835  6.970 0.0000000000
86869  52.028  22.510  15.388 0.0000000000
113530  54.043  23.402  15.476 0.0000000000
86872  52.594  23.569  13.361 0.0000000000
86911  51.750  23.434  9.915 0.0000000000
86891  53.249  23.984  10.968 0.0000000000
86909  53.190  24.197  9.304 0.0000000000
87641  54.390  24.571  8.332 0.0000000000
131284  52.691  24.009  7.405 0.0000000000
82774  52.452  17.911  8.639 0.0000000000
84153  51.182  19.166  7.909 0.0000000000
83486  51.906  18.868  7.011 0.0000000000
84184  52.013  20.052  3.684 0.0000000000
123716  52.034  20.199  4.713 0.0000000000
84838  51.566  21.056  3.964 0.0000000000
86169  52.097  22.324  4.790 0.0000000000
85488  51.539  21.317  4.020 0.0000000000
86185  51.815  22.137  3.247 0.0000000000
84844  50.839  20.402  4.109 0.0000000000
82048  49.380  16.777  5.305 0.0000000000
82801  48.983  17.647  5.157 0.0000000000
114804  48.341  16.858  6.549 0.0000000000
82785  47.712  17.260  6.878 0.0000000000
87563  56.908  24.195  14.501 0.0000000000
88243  46.749  25.131  9.708 0.0000000000
87631  47.219  25.066  8.910 0.0000000000
86098  48.405  22.281  17.056 0.0000000000
86100  46.781  22.329  16.826 0.0000000000
85423  46.001  20.969  15.873 0.0000000000
84778  45.779  20.194  15.617 0.0000000000
81177  45.315  15.378  18.460 0.0000000000
88882  55.054  26.165  9.749 0.0000000000
114049  53.790  26.070  7.874 0.0000000000
88910  52.532  26.288  7.124 0.0000000000
88921  50.874  26.629  6.392 0.0000000000
88929  51.718  26.411  5.489 0.0000000000
88273  50.677  25.212  4.253 0.0000000000
86950  49.798  23.832  4.377 0.0000000000
86126  50.769  22.200  12.739 0.0000000000
86882  51.937  23.222  12.810 0.0000000000
86134  50.728  22.361  11.836 0.0000000000
86142  50.330  22.280  10.485 0.0000000000
86156  50.545  22.342  8.744 0.0000000000
82799  55.114  17.236  4.627 0.0000000000
83489  53.165  18.173  5.244 0.0000000000
82815  54.158  18.491  2.885 0.0000000000
83513  53.446  19.492  1.167 0.0000000000
83505  51.577  18.895  3.047 0.0000000000
83497  50.477  19.053  4.039 0.0000000000
82064  50.876  17.432  3.265 0.0000000000
82046  50.871  16.039  4.779 0.0000000000
81324  50.133  15.789  6.473 0.0000000000
79720  51.122  13.319  8.178 0.0000000000
85408  41.800  20.958  17.791 0.0000000000
84106  43.006  19.914  17.153 0.0000000000
83415  41.605  18.561  18.552 0.0000000000
82679  42.489  17.493  18.679 0.0000000000
123041  43.662  16.347  19.923 0.0000000000
88866  57.825  26.127  10.552 0.0000000000
88891  58.397  25.854  7.485 0.0000000000
88259  56.919  25.496  6.505 0.0000000000
82733  50.374  17.169  11.239 0.0000000000
83458  50.166  18.219  10.261 0.0000000000
119145  51.042  17.386  10.669 0.0000000000
82760  53.057  17.544  9.496 0.0000000000
82773  53.365  17.603  8.501 0.0000000000
82731  55.213  17.226  10.779 0.0000000000
121705  55.000  17.553  8.765 0.0000000000
82781  55.603  17.407  6.474 0.0000000000
115382  56.476  16.866  5.138 0.0000000000
81328  56.566  15.121  3.901 0.0000000000
80579  55.639  14.063  4.633 0.0000000000
132825  54.131  12.827  5.630 0.0000000000
86863  52.187  21.866  16.760 0.0000000000
116881  51.383  22.313  15.064 0.0000000000
86108  48.708  21.903  16.354 0.0000000000
86114  49.950  21.708  15.231 0.0000000000
86119  50.181  21.628  14.124 0.0000000000
85430  49.616  21.260  13.608 0.0000000000
84794  48.575  20.162  12.649 0.0000000000
83443  48.438  18.738  12.129 0.0000000000
84111  43.633  19.347  16.787 0.0000000000
84115  45.000  19.079  15.976 0.0000000000
83426  45.539  18.511  15.559 0.0000000000
81200  45.501  15.926  17.179 0.0000000000
81930  46.089  16.843  15.976 0.0000000000
82697  46.523  17.895  14.861 0.0000000000
82706  47.416  18.229  13.863 0.0000000000
82718  48.445  17.467  12.886 0.0000000000
82717  49.083  17.076  12.435 0.0000000000
81977  50.219  15.988  12.539 0.0000000000
81257  51.416  15.569  13.213 0.0000000000
81240  53.396  15.651  13.827 0.0000000000
80470  51.906  14.481  16.199 0.0000000000
132840  52.895  14.784  15.253 0.0000000000
85402  40.417  21.148  18.558 0.0000000000
84102  39.797  19.683  19.697 0.0000000000
84088  39.156  19.295  22.116 0.0000000000
114246  53.058  27.562  12.941 0.0000000000
89503  50.783  28.100  11.997 0.0000000000
89528  48.917  28.192  7.863 0.0000000000
88248  48.468  26.205  7.981 0.0000000000
87643  47.406  24.632  7.897 0.0000000000
88261  49.818  25.648  6.381 0.0000000000
87652  48.249  24.709  7.056 0.0000000000
86930  46.690  23.125  7.526 0.0000000000
87586  55.199  24.480  13.011 0.0000000000
86880  53.311  23.994  11.873 0.0000000000
136649  54.358  24.328  11.850 0.0000000000
87602  55.832  24.613  11.459 0.0000000000
114054  56.051  24.700  9.112 0.0000000000
87647  56.137  24.822  7.488 0.0000000000
87678  55.154  24.939  3.991 0.0000000000
84147  49.837  19.600  9.379 0.0000000000
84155  49.867  20.378  8.879 0.0000000000
86163  50.957  22.097  7.635 0.0000000000
84168  52.127  19.339  5.610 0.0000000000
84825  51.470  20.322  6.347 0.0000000000
86928  51.642  23.179  7.520 0.0000000000
86934  52.341  23.339  5.853 0.0000000000
86947  53.122  23.720  4.518 0.0000000000
87692  55.712  23.871  1.061 0.0000000000
87694  53.526  22.683  0.151 0.0000000000
86949  50.521  23.312  3.850 0.0000000000
85491  49.287  21.742  5.565 0.0000000000
84178  49.712  19.689  4.875 0.0000000000
129317  49.159  20.117  5.560 0.0000000000
84834  48.645  20.455  6.258 0.0000000000
84171  47.655  18.822  6.656 0.0000000000
80544  49.504  14.470  10.097 0.0000000000
89525  47.820  27.785  8.682 0.0000000000
126362  48.307  28.685  8.358 0.0000000000
85405  44.199  21.872  17.108 0.0000000000
84766  43.163  20.771  17.168 0.0000000000
88925  55.708  25.773  5.243 0.0000000000
88926  55.107  26.033  5.000 0.0000000000
88933  55.153  26.056  4.268 0.0000000000
88939  54.743  26.104  3.189 0.0000000000
88278  55.647  25.807  2.536 0.0000000000
84134  48.642  19.405  11.513 0.0000000000
84807  48.811  20.038  10.888 0.0000000000
84141  48.957  19.299  10.864 0.0000000000
81337  55.423  14.875  2.935 0.0000000000
81350  55.243  15.642  1.872 0.0000000000
81343  54.575  15.339  2.592 0.0000000000
81344  53.551  15.520  3.488 0.0000000000
80581  53.563  14.482  5.314 0.0000000000
80580  54.518  14.035  4.782 0.0000000000
87568  58.833  24.508  13.481 0.0000000000
87584  59.292  24.598  12.281 0.0000000000
87600  58.918  24.548  11.169 0.0000000000
132523  57.786  24.553  11.782 0.0000000000
81975  53.377  16.327  12.423 0.0000000000
121756  54.109  16.359  12.504 0.0000000000
82756  58.627  17.426  8.395 0.0000000000
82024  58.554  16.902  8.019 0.0000000000
81304  58.059  16.491  7.374 0.0000000000
84783  46.890  20.059  14.710 0.0000000000
84117  47.343  19.622  14.235 0.0000000000
81169  43.703  16.296  19.069 0.0000000000
81178  44.493  15.741  18.888 0.0000000000
80472  48.680  14.388  16.970 0.0000000000
80473  48.004  14.742  16.571 0.0000000000
130119  48.648  14.633  16.267 0.0000000000
81219  48.591  15.397  15.197 0.0000000000
80491  48.995  14.801  15.661 0.0000000000
80490  49.819  14.694  15.560 0.0000000000
131401  51.909  26.467  8.632 0.0000000000
88885  52.185  26.478  9.442 0.0000000000
88886  51.272  26.697  9.015 0.0000000000
88898  50.169  27.401  7.595 0.0000000000
86943  48.885  23.471  5.658 0.0000000000
86936  48.427  23.180  6.243 0.0000000000
85477  48.055  21.866  6.941 0.0000000000
135363  51.822  22.850  14.511 0.0000000000
86868  52.493  23.260  14.506 0.0000000000
86873  51.882  23.126  13.755 0.0000000000
86910  52.502  23.829  9.558 0.0000000000
86919  52.671  23.954  8.714 0.0000000000
86926  52.962  24.150  8.034 0.0000000000
86927  52.307  23.761  7.928 0.0000000000
82784  52.942  17.785  7.797 0.0000000000
83473  52.318  18.208  7.768 0.0000000000
83480  52.615  18.158  7.057 0.0000000000
84176  51.979  20.388  3.960 0.0000000000
84177  51.478  20.788  4.024 0.0000000000
84839  51.054  20.869  4.059 0.0000000000
82041  49.159  16.357  6.231 0.0000000000
82042  48.612  17.170  5.799 0.0000000000
82032  48.775  16.211  7.071 0.0000000000
88888  47.693  26.773  9.071 0.0000000000
115525  47.142  25.959  9.622 0.0000000000
86082  47.264  22.949  17.323 0.0000000000
86101  45.930  22.220  16.849 0.0000000000
84109  45.118  19.904  16.014 0.0000000000
88867  56.803  26.127  9.935 0.0000000000
128956  56.113  26.249  10.650 0.0000000000
134230  56.272  26.080  9.311 0.0000000000
129241  53.964  26.100  6.550 0.0000000000
88908  54.398  26.027  7.439 0.0000000000
88909  53.455  26.124  7.242 0.0000000000
114048  53.063  26.177  7.894 0.0000000000
124657  53.006  26.235  6.426 0.0000000000
88919  52.100  26.429  6.281 0.0000000000
88928  52.572  26.344  5.559 0.0000000000
120263  52.091  25.818  3.117 0.0000000000
88935  51.865  26.167  3.971 0.0000000000
120685  51.351  25.513  3.657 0.0000000000
87680  50.148  24.321  4.008 0.0000000000
87687  50.930  24.521  3.312 0.0000000000
85437  50.149  21.799  12.200 0.0000000000
135951  49.945  21.888  10.550 0.0000000000
86149  49.865  21.863  9.990 0.0000000000
86148  50.407  22.414  9.687 0.0000000000
85462  49.992  21.765  9.208 0.0000000000
82806  55.116  17.360  3.572 0.0000000000
82807  54.261  17.691  4.146 0.0000000000
123047  55.074  17.688  2.285 0.0000000000
82077  53.488  18.333  0.363 0.0000000000
83518  54.467  19.201  -0.180 0.0000000000
82822  52.853  18.510  1.035 0.0000000000
83514  52.314  18.913  2.297 0.0000000000
82823  51.632  18.087  1.646 0.0000000000
82816  50.974  18.111  2.474 0.0000000000
82063  51.524  17.482  2.439 0.0000000000
81340  51.721  15.796  4.687 0.0000000000
82054  51.398  16.434  3.804 0.0000000000
81332  50.499  15.884  5.597 0.0000000000
135837  51.069  15.636  6.341 0.0000000000
81323  51.939  15.350  6.662 0.0000000000
80566  52.541  13.743  6.658 0.0000000000
80559  51.952  14.059  7.479 0.0000000000
84761  41.095  20.447  18.216 0.0000000000
84768  41.783  20.169  17.797 0.0000000000
84104  41.483  19.435  18.143 0.0000000000
82680  41.830  17.843  19.034 0.0000000000
82675  42.358  17.275  19.601 0.0000000000
81913  43.185  16.750  19.504 0.0000000000
81911  43.124  16.950  20.260 0.0000000000
87636  59.803  24.975  8.847 0.0000000000
88878  59.705  25.293  8.849 0.0000000000
88247  58.759  25.373  7.337 0.0000000000
88258  57.709  25.655  6.822 0.0000000000
87656  57.810  25.452  6.829 0.0000000000
82732  51.368  16.945  11.237 0.0000000000
82745  53.289  17.300  10.382 0.0000000000
82746  52.394  17.396  10.359 0.0000000000
126826  53.999  17.501  9.073 0.0000000000
81991  55.129  16.930  11.554 0.0000000000
82730  56.086  17.226  10.857 0.0000000000
82771  57.098  17.340  7.639 0.0000000000
121407  56.259  17.470  8.502 0.0000000000
115792  55.574  17.496  7.728 0.0000000000
82791  57.195  16.961  6.027 0.0000000000
80577  57.347  15.486  5.352 0.0000000000
82045  57.269  15.548  4.945 0.0000000000
80584  56.127  14.525  4.050 0.0000000000
80578  56.648  14.709  4.656 0.0000000000
79734  55.771  13.915  5.123 0.0000000000
86096  51.612  21.634  17.732 0.0000000000
120158  50.939  21.701  17.542 0.0000000000
86106  51.439  21.881  16.358 0.0000000000
86107  50.541  21.822  16.112 0.0000000000
86099  47.618  22.368  16.894 0.0000000000
85426  48.731  21.226  14.775 0.0000000000
85419  49.107  21.635  15.477 0.0000000000
85431  49.000  20.903  14.013 0.0000000000
84120  48.173  19.635  13.195 0.0000000000
84129  48.401  19.490  12.318 0.0000000000
83419  42.933  19.053  17.295 0.0000000000
123011  44.245  17.982  16.609 0.0000000000
83422  44.920  18.222  16.082 0.0000000000
82693  45.589  17.607  15.814 0.0000000000
81176  45.983  15.129  18.219 0.0000000000
81185  45.711  15.459  17.699 0.0000000000
81922  47.136  15.965  15.807 0.0000000000
81923  46.484  16.166  16.176 0.0000000000
81929  46.736  16.639  15.583 0.0000000000
82692  46.318  17.352  15.403 0.0000000000
82691  46.964  17.135  15.004 0.0000000000
82696  47.162  17.652  14.430 0.0000000000
133896  48.255  17.159  13.504 0.0000000000
81979  48.757  16.702  13.178 0.0000000000
81996  49.868  16.655  12.020 0.0000000000
81978  49.463  16.284  12.791 0.0000000000
80503  51.090  14.891  14.774 0.0000000000
81270  50.551  15.611  13.054 0.0000000000
81242  51.684  15.222  14.128 0.0000000000
81256  52.395  15.575  13.597 0.0000000000
81241  52.654  15.205  14.384 0.0000000000
130496  51.652  14.381  16.900 0.0000000000
125460  52.683  14.504  16.078 0.0000000000
80486  53.818  14.792  15.408 0.0000000000
86069  40.507  22.105  18.570 0.0000000000
84758  39.401  20.425  19.616 0.0000000000
85403  39.775  20.840  18.987 0.0000000000
84096  39.848  19.212  20.435 0.0000000000
84092  39.441  19.311  21.269 0.0000000000
89509  52.298  27.277  11.827 0.0000000000
88843  53.206  27.148  12.076 0.0000000000
89494  52.292  27.992  13.118 0.0000000000
116724  51.886  27.741  12.442 0.0000000000
89502  51.227  28.141  12.445 0.0000000000
117282  51.351  27.587  11.705 0.0000000000
88873  50.483  27.203  9.393 0.0000000000
89527  49.203  28.306  8.000 0.0000000000
88914  49.234  26.848  7.476 0.0000000000
88249  47.803  25.376  8.285 0.0000000000
88254  48.113  25.117  7.720 0.0000000000
88260  50.513  26.015  6.037 0.0000000000
88922  50.314  26.611  6.670 0.0000000000
86937  47.901  23.695  6.703 0.0000000000
87663  48.053  24.165  6.650 0.0000000000
122550  47.563  24.185  7.147 0.0000000000
86165  46.632  22.189  7.589 0.0000000000
84829  46.825  20.356  7.670 0.0000000000
86852  54.165  22.711  16.530 0.0000000000
87565  53.963  23.938  14.470 0.0000000000
86866  54.740  23.861  14.992 0.0000000000
87571  54.751  24.347  13.935 0.0000000000
87570  55.975  24.430  13.772 0.0000000000
86893  51.934  23.271  11.878 0.0000000000
86881  52.630  23.650  12.364 0.0000000000
86892  52.576  23.688  11.425 0.0000000000
87618  53.852  24.251  10.473 0.0000000000
87604  54.012  24.276  11.380 0.0000000000
87617  54.636  24.373  10.695 0.0000000000
87603  54.885  24.396  11.534 0.0000000000
87616  55.366  24.516  10.875 0.0000000000
87615  56.277  24.660  10.643 0.0000000000
87628  55.402  24.556  10.008 0.0000000000
87659  54.228  24.723  6.826 0.0000000000
87648  55.137  24.644  7.971 0.0000000000
118010  54.804  24.802  6.239 0.0000000000
87667  55.638  24.940  5.956 0.0000000000
87668  54.921  24.889  5.378 0.0000000000
83467  50.593  18.423  9.680 0.0000000000
83468  49.886  18.884  9.840 0.0000000000
132953  50.303  18.986  9.268 0.0000000000
84154  50.429  19.555  8.585 0.0000000000
115558  50.411  20.310  8.146 0.0000000000
84819  50.256  20.895  8.187 0.0000000000
84826  50.879  20.668  7.252 0.0000000000
83490  52.497  18.767  5.357 0.0000000000
84832  51.552  20.992  5.613 0.0000000000
86162  51.496  22.376  6.734 0.0000000000
127071  52.230  23.603  6.954 0.0000000000
86935  51.996  22.749  6.142 0.0000000000
86948  52.543  22.459  3.363 0.0000000000
86941  52.423  23.016  4.686 0.0000000000
119102  53.335  23.067  2.997 0.0000000000
86953  54.237  23.315  2.358 0.0000000000
86954  53.948  21.924  1.583 0.0000000000
86967  54.893  22.695  0.329 0.0000000000
86191  53.607  21.269  0.984 0.0000000000
86186  51.214  22.352  3.608 0.0000000000
86179  50.140  22.082  4.745 0.0000000000
86187  50.272  22.826  4.425 0.0000000000
84186  50.448  19.717  4.262 0.0000000000
83498  49.542  18.230  4.590 0.0000000000
117906  48.435  18.638  5.789 0.0000000000
83491  49.028  18.626  5.188 0.0000000000
84179  48.788  19.298  5.633 0.0000000000
136409  48.539  19.725  6.089 0.0000000000
84170  48.215  19.071  6.191 0.0000000000
84162  48.066  19.784  6.736 0.0000000000
82034  47.504  16.964  7.457 0.0000000000
82786  47.123  17.600  7.354 0.0000000000
81306  50.707  15.123  8.509 0.0000000000
80552  50.092  14.436  9.507 0.0000000000
86102  45.064  22.080  16.942 0.0000000000
85415  44.733  21.267  16.634 0.0000000000
84772  44.527  20.456  16.459 0.0000000000
88906  56.397  26.034  7.512 0.0000000000
88892  56.315  26.058  8.547 0.0000000000
88927  54.524  26.085  5.753 0.0000000000
117657  53.121  26.309  4.723 0.0000000000
120554  53.835  26.256  3.883 0.0000000000
88279  52.954  25.980  2.702 0.0000000000
88286  52.693  25.088  2.038 0.0000000000
85448  49.465  21.347  11.607 0.0000000000
84800  48.946  20.740  11.109 0.0000000000
84806  49.199  20.645  10.184 0.0000000000
82060  55.949  16.227  2.247 0.0000000000
82813  55.499  17.206  1.695 0.0000000000
81349  55.136  16.533  1.196 0.0000000000
82068  54.825  16.651  1.000 0.0000000000
120261  53.642  16.989  1.315 0.0000000000
120594  52.607  16.878  2.186 0.0000000000
81339  52.499  15.721  4.142 0.0000000000
81330  52.694  15.421  5.190 0.0000000000
81322  52.734  15.127  6.055 0.0000000000
79728  52.763  12.288  5.934 0.0000000000
83412  40.406  18.925  19.650 0.0000000000
83416  40.898  19.060  18.808 0.0000000000
83408  41.029  18.308  20.185 0.0000000000
88233  60.138  25.144  11.261 0.0000000000
87599  60.073  24.843  11.442 0.0000000000
87613  59.737  24.809  10.367 0.0000000000
87626  58.378  24.671  9.150 0.0000000000
82008  52.195  17.015  11.142 0.0000000000
81993  52.923  16.682  11.640 0.0000000000
82006  53.575  17.037  11.057 0.0000000000
126620  53.982  17.248  10.512 0.0000000000
82743  57.121  17.513  9.962 0.0000000000
117719  58.297  17.657  9.091 0.0000000000
82770  58.168  17.120  7.652 0.0000000000
82031  57.732  17.014  6.969 0.0000000000
82038  57.820  16.284  6.247 0.0000000000
128512  57.795  15.990  6.012 0.0000000000
85421  47.566  21.414  15.553 0.0000000000
85427  47.974  21.007  14.910 0.0000000000
84781  48.297  20.618  14.278 0.0000000000
84787  47.872  19.972  13.875 0.0000000000
84121  47.690  19.103  13.669 0.0000000000
82678  43.134  17.288  18.203 0.0000000000
82683  43.408  17.735  17.488 0.0000000000
132375  43.690  17.111  17.774 0.0000000000
121979  44.157  17.309  17.110 0.0000000000
81925  44.949  16.557  16.966 0.0000000000
80459  47.205  14.609  17.917 0.0000000000
81183  47.155  14.999  16.965 0.0000000000
81198  47.532  15.330  16.161 0.0000000000
129201  47.623  16.839  14.585 0.0000000000
81927  48.121  16.067  14.816 0.0000000000
81244  48.974  15.678  14.403 0.0000000000
81243  49.633  15.585  13.909 0.0000000000
136488  49.748  15.324  14.420 0.0000000000
80504  50.214  14.994  14.855 0.0000000000
115165  52.926  14.349  17.649 0.0000000000
129412  53.700  14.404  17.537 0.0000000000
88884  53.157  26.383  9.708 0.0000000000
88870  53.398  26.581  10.616 0.0000000000
88871  52.480  26.624  10.362 0.0000000000
88913  49.959  27.215  7.192 0.0000000000
88252  49.568  26.230  6.991 0.0000000000
87661  49.298  24.794  5.956 0.0000000000
118399  48.370  23.889  6.181 0.0000000000
86164  47.351  22.500  7.275 0.0000000000
84828  47.634  20.350  7.301 0.0000000000
86862  52.754  22.608  15.804 0.0000000000
86861  53.506  22.653  16.244 0.0000000000
86867  53.312  23.408  15.013 0.0000000000
115532  53.237  23.857  13.979 0.0000000000
86902  52.505  23.742  10.495 0.0000000000
86901  53.175  24.030  10.108 0.0000000000
126045  53.701  24.280  9.757 0.0000000000
87640  54.995  24.533  8.966 0.0000000000
87630  53.910  24.463  8.996 0.0000000000
87642  53.664  24.492  8.051 0.0000000000
87660  53.496  24.529  6.673 0.0000000000
82775  51.719  18.170  9.016 0.0000000000
83466  50.982  18.640  8.888 0.0000000000
83474  51.740  18.483  8.234 0.0000000000
84183  52.385  19.698  3.473 0.0000000000
84175  52.162  19.885  4.231 0.0000000000
116921  51.765  20.655  4.608 0.0000000000
85483  51.687  21.309  4.682 0.0000000000
86170  51.828  21.785  5.005 0.0000000000
86177  51.728  21.775  3.940 0.0000000000
86176  52.001  22.073  3.530 0.0000000000
86184  52.349  22.103  2.730 0.0000000000
119488  51.712  22.116  3.425 0.0000000000
85489  51.104  21.286  4.066 0.0000000000
84840  50.093  20.578  4.710 0.0000000000
82056  49.863  16.899  4.657 0.0000000000
82809  49.509  17.395  4.737 0.0000000000
82794  48.066  17.589  6.288 0.0000000000
82033  48.082  16.617  7.295 0.0000000000
87569  57.412  24.423  13.637 0.0000000000
88238  46.484  25.563  10.343 0.0000000000
87632  46.412  24.561  9.231 0.0000000000
87644  46.612  24.308  8.323 0.0000000000
85412  47.165  21.813  16.243 0.0000000000
85413  46.342  21.671  16.308 0.0000000000
85422  46.763  21.222  15.654 0.0000000000
84777  46.470  20.486  15.298 0.0000000000
84113  46.257  19.698  15.069 0.0000000000
118564  45.190  15.399  19.345 0.0000000000
81167  45.995  15.263  19.869 0.0000000000
80431  45.922  15.089  18.918 0.0000000000
80430  46.611  14.812  19.283 0.0000000000
119458  47.281  14.522  18.830 0.0000000000
80446  48.005  14.328  18.344 0.0000000000
80457  48.717  14.207  17.844 0.0000000000
80456  49.449  14.206  17.366 0.0000000000
121007  50.223  14.292  16.889 0.0000000000
88868  55.093  26.347  10.599 0.0000000000
88893  55.344  26.018  8.298 0.0000000000
114051  54.718  26.082  9.099 0.0000000000
114050  53.820  26.152  9.048 0.0000000000
88895  53.596  26.119  8.387 0.0000000000
113993  52.150  26.377  7.892 0.0000000000
88911  51.488  26.628  6.918 0.0000000000
88920  51.398  26.524  6.124 0.0000000000
88930  51.095  26.276  5.669 0.0000000000
115991  52.153  26.347  4.677 0.0000000000
88266  51.353  26.035  4.719 0.0000000000
88267  50.649  25.664  5.214 0.0000000000
87670  50.158  24.968  4.800 0.0000000000
87671  49.548  24.405  4.966 0.0000000000
86942  49.383  23.690  5.015 0.0000000000
86118  50.784  22.073  13.656 0.0000000000
86117  51.333  22.667  13.223 0.0000000000
86125  51.321  22.785  12.321 0.0000000000
86133  51.253  22.885  11.417 0.0000000000
85447  50.118  21.955  11.194 0.0000000000
126078  50.692  22.503  11.078 0.0000000000
86141  51.017  22.893  10.409 0.0000000000
86147  51.019  23.019  9.307 0.0000000000
82793  53.696  17.602  6.044 0.0000000000
82800  53.992  17.636  5.063 0.0000000000
123540  53.445  18.493  4.011 0.0000000000
134476  53.327  19.407  2.835 0.0000000000
82814  54.551  18.896  0.956 0.0000000000
83504  53.456  19.528  1.803 0.0000000000
83496  52.963  19.694  3.012 0.0000000000
84191  53.021  19.622  2.629 0.0000000000
84192  52.252  19.610  3.248 0.0000000000
84193  51.531  19.546  3.575 0.0000000000
83506  50.778  18.495  3.443 0.0000000000
82817  50.590  17.758  3.526 0.0000000000
82055  50.487  16.817  4.172 0.0000000000
82047  50.093  16.319  5.011 0.0000000000
82040  49.802  16.164  5.689 0.0000000000
81316  50.312  15.561  7.635 0.0000000000
80560  51.280  14.276  8.174 0.0000000000
81315  52.034  14.886  7.264 0.0000000000
85407  42.565  21.314  17.524 0.0000000000
84767  42.422  20.457  17.491 0.0000000000
84107  42.285  19.606  17.597 0.0000000000
83420  42.256  18.682  17.886 0.0000000000
83414  42.150  18.076  18.411 0.0000000000
82684  42.676  17.901  17.981 0.0000000000
81918  43.038  16.910  18.906 0.0000000000
88880  58.047  26.074  9.465 0.0000000000
129579  59.873  25.312  10.271 0.0000000000
88879  59.072  25.744  8.972 0.0000000000
113800  57.415  26.053  7.931 0.0000000000
88905  57.733  25.988  7.019 0.0000000000
88917  56.707  25.753  6.445 0.0000000000
88271  55.623  25.547  4.995 0.0000000000
82749  49.735  17.895  10.860 0.0000000000
83459  49.481  18.714  10.526 0.0000000000
82748  50.423  17.676  10.612 0.0000000000
82763  50.863  17.847  10.145 0.0000000000
82747  51.579  17.613  10.184 0.0000000000
135448  51.704  17.286  10.735 0.0000000000
82761  52.090  17.766  9.560 0.0000000000
114562  53.643  17.572  7.779 0.0000000000
82005  54.423  17.108  11.001 0.0000000000
125573  54.763  17.374  10.197 0.0000000000
82744  55.892  17.391  10.103 0.0000000000
82758  55.540  17.480  9.398 0.0000000000
128520  54.612  17.489  9.490 0.0000000000
82772  54.273  17.524  8.213 0.0000000000
82782  54.389  17.500  7.323 0.0000000000
136042  54.270  17.466  6.551 0.0000000000
82792  54.756  17.373  5.693 0.0000000000
82798  56.174  16.561  3.959 0.0000000000
82039  57.534  16.158  5.417 0.0000000000
128385  56.941  15.878  4.473 0.0000000000
82052  56.345  15.881  3.331 0.0000000000
81336  55.960  14.725  3.433 0.0000000000
80585  55.373  14.345  4.044 0.0000000000
79743  54.577  13.348  5.324 0.0000000000
79742  55.112  13.498  5.132 0.0000000000
79735  54.831  13.090  5.600 0.0000000000
86853  48.934  22.491  17.658 0.0000000000
126979  48.997  22.078  17.237 0.0000000000
126849  49.499  21.874  16.627 0.0000000000
86113  50.763  22.003  14.661 0.0000000000
85429  50.207  21.667  13.159 0.0000000000
85438  49.583  21.270  12.630 0.0000000000
85439  49.088  20.748  13.128 0.0000000000
84773  43.748  20.210  16.751 0.0000000000
84110  44.386  19.633  16.390 0.0000000000
82688  43.593  18.436  16.982 0.0000000000
83423  44.291  18.782  16.439 0.0000000000
84114  45.650  19.369  15.515 0.0000000000
83425  46.194  18.748  15.007 0.0000000000
81186  44.832  15.853  17.850 0.0000000000
125677  45.492  16.955  16.345 0.0000000000
81199  46.275  15.621  16.920 0.0000000000
81924  45.806  16.335  16.575 0.0000000000
132374  45.967  18.011  15.236 0.0000000000
83429  46.868  18.463  14.466 0.0000000000
133066  47.844  18.426  13.336 0.0000000000
124270  47.755  17.341  13.955 0.0000000000
82705  47.941  17.795  13.377 0.0000000000
132948  48.198  18.196  12.782 0.0000000000
82735  48.685  17.913  12.152 0.0000000000
82734  49.405  17.509  11.630 0.0000000000
81995  50.877  16.335  11.888 0.0000000000
131514  50.916  15.811  12.566 0.0000000000
81269  51.650  15.978  12.415 0.0000000000
81268  52.204  15.828  12.925 0.0000000000
81267  52.948  15.990  13.072 0.0000000000
126482  50.222  14.459  16.103 0.0000000000
116770  51.025  14.442  16.334 0.0000000000
80488  51.480  14.632  15.521 0.0000000000
121102  52.397  14.396  16.887 0.0000000000
80487  52.194  14.625  15.571 0.0000000000
84762  40.338  20.300  18.702 0.0000000000
84101  40.286  19.588  19.046 0.0000000000
83401  39.940  18.956  22.109 0.0000000000
90048  50.247  28.453  11.834 0.0000000000
136518  50.130  27.707  10.789 0.0000000000
130914  49.796  28.171  11.176 0.0000000000
90069  48.845  28.604  8.057 0.0000000000
88887  48.366  27.300  8.260 0.0000000000
88900  48.918  27.383  7.731 0.0000000000
88262  49.042  25.207  6.713 0.0000000000
134179  47.802  24.608  7.443 0.0000000000
86921  46.872  23.959  7.597 0.0000000000
86157  45.965  22.775  7.805 0.0000000000
85479  46.604  21.324  7.806 0.0000000000
87564  55.654  24.150  14.659 0.0000000000
87585  56.363  24.545  12.913 0.0000000000
86871  53.403  24.026  12.898 0.0000000000
130747  53.977  24.276  12.209 0.0000000000
130455  54.274  24.356  12.991 0.0000000000
87587  54.671  24.386  12.287 0.0000000000
115690  55.531  24.539  12.211 0.0000000000
114204  56.605  24.605  12.090 0.0000000000
87601  57.518  24.611  10.868 0.0000000000
114325  57.289  24.654  9.975 0.0000000000
87627  57.141  24.729  9.089 0.0000000000
114762  55.810  24.716  8.380 0.0000000000
129722  57.138  24.979  7.349 0.0000000000
87657  56.757  25.073  6.850 0.0000000000
87677  55.510  25.224  4.973 0.0000000000
128626  55.626  25.423  4.019 0.0000000000
128351  49.512  20.221  9.602 0.0000000000
85469  49.773  21.118  8.919 0.0000000000
86155  51.102  22.891  8.281 0.0000000000
83484  52.925  18.086  6.231 0.0000000000
83485  52.363  18.563  6.307 0.0000000000
84160  51.415  19.604  6.995 0.0000000000
84169  51.814  19.850  5.875 0.0000000000
85476  50.863  21.251  7.253 0.0000000000
87651  52.808  24.077  6.561 0.0000000000
86933  53.314  24.329  5.786 0.0000000000
136925  52.763  23.783  5.571 0.0000000000
87669  54.026  24.585  4.953 0.0000000000
87679  54.090  24.165  3.603 0.0000000000
87685  55.234  24.354  2.340 0.0000000000
87691  56.135  24.852  1.960 0.0000000000
88291  55.116  24.325  0.705 0.0000000000
87693  53.757  24.076  0.643 0.0000000000
120371  52.524  23.905  1.337 0.0000000000
86193  51.889  22.608  2.541 0.0000000000
86963  52.687  22.536  1.240 0.0000000000
86956  50.922  23.645  3.209 0.0000000000
131705  49.530  22.949  5.144 0.0000000000
86180  49.086  22.620  5.633 0.0000000000
84833  49.323  20.922  5.554 0.0000000000
85484  48.664  21.335  6.326 0.0000000000
83488  47.529  17.986  6.685 0.0000000000
83481  47.101  18.520  7.165 0.0000000000
80572  53.960  13.200  5.440 0.0000000000
79737  53.430  12.420  5.861 0.0000000000
79725  55.575  13.636  5.663 0.0000000000
80447  46.559  14.810  18.454 0.0000000000
81197  48.239  15.028  15.851 0.0000000000
81259  49.872  15.705  13.239 0.0000000000
81312  57.843  16.278  6.598 0.0000000000
81342  55.583  15.964  1.828 0.0000000000
81916  44.143  16.187  18.392 0.0000000000
82061  54.460  15.874  1.709 0.0000000000
82067  55.513  16.699  1.495 0.0000000000
82074  55.190  17.393  0.671 0.0000000000
82075  54.825  17.430  0.300 0.0000000000
82076  54.601  17.762  -0.095 0.0000000000
82821  55.215  18.208  0.472 0.0000000000
82828  54.392  18.794  -0.211 0.0000000000
83411  41.200  18.389  19.310 0.0000000000
83492  48.399  17.965  5.675 0.0000000000
83511  54.703  19.080  -0.160 0.0000000000
83512  54.077  19.631  0.207 0.0000000000
83519  53.864  19.398  0.056 0.0000000000
84813  49.529  20.777  9.441 0.0000000000
85468  50.329  21.534  8.359 0.0000000000
86178  51.384  21.896  3.860 0.0000000000
86192  52.839  21.738  1.801 0.0000000000
86194  51.252  22.782  3.325 0.0000000000
86197  53.876  21.255  -0.001 0.0000000000
86198  53.341  21.333  0.656 0.0000000000
86918  53.265  24.307  8.631 0.0000000000
86960  54.715  22.943  1.129 0.0000000000
86961  54.364  21.523  0.422 0.0000000000
86962  53.531  21.598  0.032 0.0000000000
86968  54.282  21.761  -0.147 0.0000000000
86969  53.969  21.777  -0.261 0.0000000000
87598  60.194  24.854  11.578 0.0000000000
87612  60.208  25.000  10.603 0.0000000000
87624  60.013  25.057  9.551 0.0000000000
87625  59.449  24.779  9.338 0.0000000000
87637  59.320  24.916  8.393 0.0000000000
87638  58.890  25.128  7.511 0.0000000000
87639  56.905  24.849  8.184 0.0000000000
87646  58.077  24.982  7.282 0.0000000000
87649  54.361  24.658  7.595 0.0000000000
87650  53.189  24.370  7.358 0.0000000000
87655  58.448  25.433  6.892 0.0000000000
87658  55.184  24.784  6.979 0.0000000000
87666  56.280  25.169  6.170 0.0000000000
87676  55.929  25.208  5.683 0.0000000000
87684  55.746  25.142  3.028 0.0000000000
87686  51.668  23.759  2.337 0.0000000000
87698  55.858  24.421  1.457 0.0000000000
87699  55.360  23.581  0.720 0.0000000000
87700  54.557  22.850  -0.008 0.0000000000
88242  59.895  25.043  8.995 0.0000000000
88246  59.404  25.050  8.350 0.0000000000
88257  58.255  25.548  6.769 0.0000000000
88265  56.177  25.613  5.886 0.0000000000
88272  55.550  25.756  4.210 0.0000000000
88284  56.223  25.230  2.027 0.0000000000
88285  55.573  25.334  1.689 0.0000000000
88864  59.665  25.471  9.467 0.0000000000
88865  59.067  25.898  9.945 0.0000000000
88894  54.372  26.035  8.307 0.0000000000
88904  58.315  25.586  6.828 0.0000000000
88938  55.458  25.992  3.487 0.0000000000
88940  53.792  26.118  2.945 0.0000000000
88944  54.854  25.932  2.396 0.0000000000
89501  52.552  27.501  12.494 0.0000000000
89510  50.494  27.832  11.407 0.0000000000
113419  57.021  26.006  6.797 0.0000000000
114052  55.555  26.072  9.157 0.0000000000
114053  55.780  26.139  9.906 0.0000000000
115087  58.276  25.954  8.429 0.0000000000
115492  55.405  26.027  5.795 0.0000000000
116321  53.745  24.597  7.316 0.0000000000
121927  49.797  19.059  4.614 0.0000000000
125346  54.708  26.147  3.933 0.0000000000
126702  55.015  13.729  4.789 0.0000000000
127247  56.045  24.890  6.657 0.0000000000
128965  57.566  17.428  8.196 0.0000000000
129091  54.942  26.020  6.619 0.0000000000
130279  59.081  25.530  8.132 0.0000000000
131819  44.120  15.966  19.543 0.0000000000
132212  53.366  14.560  15.917 0.0000000000
133017  39.615  18.968  22.711 0.0000000000
133481  56.711  24.637  11.379 0.0000000000
133876  54.857  25.973  7.893 0.0000000000
134291  39.877  20.145  19.168 0.0000000000
135167  51.248  22.675  7.609 0.0000000000
135255  56.823  26.167  10.622 0.0000000000
135699  55.167  17.959  1.330 0.0000000000
135808  55.256  13.454  5.369 0.0000000000
135931  56.098  25.879  5.878 0.0000000000
135963  56.357  24.689  9.800 0.0000000000
136286  55.314  17.417  1.186 0.0000000000
