#!ascii label  , from subject sub-v1s16x0051163_ses-1 vox2ras=TkReg
285
16828  36.623  -56.127  -4.680 0.0000000000
10561  37.268  -65.999  -17.401 0.0000000000
15150  43.817  -59.352  -7.750 0.0000000000
14347  38.252  -59.494  -11.436 0.0000000000
9791  39.609  -65.921  -11.000 0.0000000000
11968  42.386  -62.423  -10.013 0.0000000000
11216  39.530  -65.267  -9.307 0.0000000000
12029  37.492  -62.855  -14.016 0.0000000000
115451  35.325  -58.305  -12.231 0.0000000000
15986  40.139  -57.558  -6.745 0.0000000000
15190  41.493  -58.919  -10.602 0.0000000000
12733  40.841  -61.806  -13.282 0.0000000000
9837  39.019  -65.972  -15.460 0.0000000000
7154  37.529  -70.091  -11.049 0.0000000000
17666  34.863  -55.450  -0.667 0.0000000000
115702  38.391  -57.272  -2.444 0.0000000000
15940  42.816  -57.779  -3.321 0.0000000000
17760  36.544  -55.231  -9.646 0.0000000000
11956  40.328  -63.183  -8.403 0.0000000000
127441  38.334  -64.997  -16.807 0.0000000000
12040  36.520  -62.346  -14.944 0.0000000000
15995  41.218  -57.704  -7.235 0.0000000000
14308  42.924  -59.405  -9.630 0.0000000000
11225  41.118  -63.614  -11.122 0.0000000000
12717  42.222  -61.489  -12.650 0.0000000000
122884  40.645  -63.773  -13.247 0.0000000000
11259  40.104  -63.737  -14.267 0.0000000000
9808  39.222  -65.802  -12.638 0.0000000000
7822  36.756  -68.783  -11.379 0.0000000000
134069  39.100  -57.960  -1.466 0.0000000000
112886  40.503  -57.610  -2.569 0.0000000000
112884  41.838  -58.155  -2.006 0.0000000000
16043  38.770  -57.305  -10.529 0.0000000000
16045  36.716  -57.231  -10.507 0.0000000000
16939  35.253  -57.138  -13.205 0.0000000000
17789  34.717  -55.392  -11.649 0.0000000000
13442  43.993  -60.244  -7.780 0.0000000000
127862  43.751  -60.183  -9.493 0.0000000000
12691  42.307  -62.965  -8.711 0.0000000000
11214  41.356  -64.339  -9.430 0.0000000000
10489  39.904  -66.047  -9.563 0.0000000000
13521  37.313  -61.018  -12.230 0.0000000000
15206  36.428  -58.806  -11.178 0.0000000000
13522  35.792  -60.379  -12.757 0.0000000000
14366  35.563  -59.683  -13.222 0.0000000000
120705  35.785  -65.101  -14.890 0.0000000000
118163  38.468  -56.991  -5.571 0.0000000000
16027  39.753  -57.548  -9.727 0.0000000000
14328  39.950  -58.569  -11.474 0.0000000000
13485  42.706  -60.288  -11.638 0.0000000000
117938  41.192  -60.004  -12.433 0.0000000000
13503  38.907  -60.181  -12.021 0.0000000000
12010  39.170  -62.502  -13.659 0.0000000000
11275  39.162  -64.799  -15.281 0.0000000000
9850  38.425  -66.345  -17.088 0.0000000000
8489  38.449  -68.229  -11.685 0.0000000000
9131  38.076  -67.632  -12.997 0.0000000000
9823  37.980  -66.731  -14.578 0.0000000000
9824  36.852  -65.723  -14.395 0.0000000000
18507  35.042  -54.436  -2.226 0.0000000000
16811  35.793  -55.910  -2.674 0.0000000000
16810  36.576  -56.487  -2.535 0.0000000000
16818  37.628  -56.533  -3.780 0.0000000000
15954  39.105  -57.088  -4.195 0.0000000000
119855  40.776  -57.335  -4.732 0.0000000000
15984  43.468  -57.750  -5.723 0.0000000000
15100  43.582  -58.216  -4.415 0.0000000000
14259  43.291  -59.124  -5.920 0.0000000000
16909  35.507  -56.394  -10.670 0.0000000000
17704  36.057  -55.756  -4.168 0.0000000000
17705  35.572  -55.013  -4.731 0.0000000000
17715  36.101  -55.722  -5.090 0.0000000000
10568  37.835  -65.715  -17.988 0.0000000000
11282  37.427  -63.917  -17.230 0.0000000000
15151  43.253  -58.554  -7.402 0.0000000000
15139  42.002  -57.972  -7.627 0.0000000000
14295  43.027  -59.034  -8.539 0.0000000000
11226  40.498  -64.191  -11.573 0.0000000000
10522  39.901  -64.812  -12.333 0.0000000000
10538  40.232  -64.107  -13.960 0.0000000000
119609  36.124  -70.222  -10.929 0.0000000000
129897  40.211  -57.974  -1.696 0.0000000000
15193  38.334  -57.873  -10.823 0.0000000000
16044  37.900  -57.104  -10.558 0.0000000000
15194  37.138  -58.016  -10.703 0.0000000000
117445  35.070  -55.936  -12.813 0.0000000000
13453  43.588  -61.158  -8.144 0.0000000000
12676  41.922  -62.514  -8.122 0.0000000000
11970  40.805  -64.434  -8.645 0.0000000000
11969  41.533  -63.934  -8.609 0.0000000000
11200  40.932  -64.972  -8.882 0.0000000000
11215  40.802  -64.864  -9.745 0.0000000000
121043  40.387  -65.468  -9.179 0.0000000000
12011  37.719  -62.353  -13.319 0.0000000000
129351  36.418  -60.815  -12.415 0.0000000000
12012  36.855  -62.108  -13.380 0.0000000000
13548  35.855  -60.755  -14.462 0.0000000000
114200  35.688  -60.102  -14.532 0.0000000000
113969  35.657  -59.182  -13.946 0.0000000000
15987  38.986  -57.364  -6.267 0.0000000000
16852  38.002  -56.839  -6.256 0.0000000000
15171  39.569  -57.667  -10.428 0.0000000000
15191  40.266  -58.265  -10.951 0.0000000000
13469  43.364  -60.693  -10.286 0.0000000000
12703  42.920  -61.352  -10.951 0.0000000000
12732  41.638  -61.860  -13.126 0.0000000000
13501  42.146  -60.544  -12.451 0.0000000000
13518  41.326  -60.910  -12.956 0.0000000000
13502  40.169  -60.038  -12.375 0.0000000000
13519  39.795  -60.925  -12.704 0.0000000000
12734  39.454  -61.778  -13.089 0.0000000000
12009  40.520  -62.606  -13.818 0.0000000000
10539  39.478  -64.801  -14.749 0.0000000000
11260  39.527  -63.918  -14.587 0.0000000000
10552  39.010  -65.537  -15.746 0.0000000000
9849  38.843  -66.098  -16.570 0.0000000000
9838  38.636  -66.312  -16.250 0.0000000000
6441  34.444  -71.482  -8.822 0.0000000000
6453  37.189  -71.044  -10.159 0.0000000000
133528  36.881  -71.295  -9.755 0.0000000000
7153  37.818  -69.855  -10.531 0.0000000000
7805  38.360  -68.670  -10.993 0.0000000000
9130  38.462  -67.606  -12.495 0.0000000000
8477  38.073  -68.631  -11.848 0.0000000000
8479  36.780  -67.891  -11.728 0.0000000000
9132  37.621  -67.393  -12.979 0.0000000000
9118  36.878  -67.330  -12.224 0.0000000000
9809  37.328  -66.610  -13.491 0.0000000000
9793  36.317  -66.300  -12.290 0.0000000000
18500  34.982  -54.052  -1.320 0.0000000000
124401  34.991  -54.947  -1.338 0.0000000000
17684  35.353  -55.168  -2.730 0.0000000000
17675  35.301  -55.456  -2.034 0.0000000000
136813  37.321  -57.329  -1.754 0.0000000000
15936  36.706  -56.996  -1.805 0.0000000000
15935  37.523  -56.973  -2.359 0.0000000000
16809  37.232  -56.495  -3.174 0.0000000000
15944  38.154  -56.851  -3.173 0.0000000000
15943  38.267  -56.747  -4.021 0.0000000000
133985  38.841  -57.057  -3.566 0.0000000000
15941  41.315  -57.456  -3.316 0.0000000000
15953  40.278  -57.302  -4.141 0.0000000000
15952  41.926  -57.415  -3.974 0.0000000000
15968  42.183  -57.451  -4.886 0.0000000000
15951  43.105  -57.775  -4.046 0.0000000000
112883  41.758  -59.552  -3.831 0.0000000000
116236  42.787  -59.215  -4.369 0.0000000000
14235  43.907  -58.138  -5.202 0.0000000000
114698  35.683  -59.017  -11.806 0.0000000000
15195  36.249  -57.976  -10.827 0.0000000000
16054  35.211  -57.519  -11.544 0.0000000000
18602  34.753  -54.551  -10.822 0.0000000000
11262  37.368  -63.480  -15.255 0.0000000000
132028  36.809  -62.508  -14.160 0.0000000000
15169  41.638  -58.630  -9.451 0.0000000000
11983  41.653  -62.991  -10.611 0.0000000000
11982  42.452  -61.907  -11.671 0.0000000000
128069  41.722  -62.447  -12.432 0.0000000000
11240  41.191  -63.259  -12.935 0.0000000000
12008  41.259  -62.575  -13.425 0.0000000000
10523  39.605  -65.145  -13.863 0.0000000000
9821  38.915  -66.146  -14.103 0.0000000000
125463  37.661  -68.787  -11.688 0.0000000000
7807  36.895  -69.867  -11.248 0.0000000000
127646  35.640  -68.708  -10.758 0.0000000000
15922  39.179  -57.605  -2.110 0.0000000000
15934  39.091  -57.301  -2.907 0.0000000000
15075  42.376  -57.905  -2.713 0.0000000000
16907  37.405  -56.491  -10.245 0.0000000000
16896  36.962  -55.829  -10.018 0.0000000000
16062  35.089  -57.378  -12.442 0.0000000000
16055  34.876  -56.746  -11.838 0.0000000000
16932  35.013  -56.575  -12.613 0.0000000000
17797  34.777  -54.988  -12.152 0.0000000000
136317  44.118  -59.917  -7.952 0.0000000000
14307  43.933  -59.756  -8.603 0.0000000000
13452  44.112  -60.501  -8.482 0.0000000000
12674  43.781  -61.263  -8.691 0.0000000000
122781  41.841  -63.765  -9.108 0.0000000000
13504  37.733  -60.318  -11.780 0.0000000000
15205  37.659  -58.751  -11.047 0.0000000000
13505  36.691  -60.307  -11.885 0.0000000000
14349  36.172  -59.656  -11.737 0.0000000000
13506  35.707  -59.696  -12.329 0.0000000000
12750  36.362  -61.783  -13.988 0.0000000000
13534  35.743  -60.510  -13.637 0.0000000000
15213  35.441  -58.784  -13.075 0.0000000000
113651  35.594  -58.439  -13.686 0.0000000000
16089  35.670  -57.725  -13.836 0.0000000000
10562  36.096  -65.180  -16.282 0.0000000000
16842  37.742  -56.596  -5.489 0.0000000000
16843  36.814  -56.199  -5.516 0.0000000000
15192  39.333  -57.919  -10.965 0.0000000000
15204  38.867  -58.590  -11.225 0.0000000000
14326  41.942  -59.466  -11.417 0.0000000000
12716  42.685  -61.113  -12.084 0.0000000000
14344  41.683  -59.638  -12.041 0.0000000000
14327  40.947  -58.972  -11.495 0.0000000000
14345  40.572  -59.293  -12.011 0.0000000000
14346  39.437  -59.320  -11.733 0.0000000000
13520  38.464  -61.014  -12.366 0.0000000000
12735  38.051  -61.788  -12.759 0.0000000000
12027  40.109  -63.200  -14.302 0.0000000000
12028  38.768  -63.125  -14.184 0.0000000000
11261  38.367  -63.740  -14.747 0.0000000000
133548  38.583  -64.516  -15.627 0.0000000000
10560  38.520  -66.035  -17.489 0.0000000000
125476  37.985  -66.509  -17.154 0.0000000000
134252  39.952  -66.188  -9.960 0.0000000000
6440  36.107  -71.187  -9.351 0.0000000000
9117  38.898  -67.520  -10.961 0.0000000000
9792  39.036  -66.663  -11.671 0.0000000000
125168  38.748  -66.693  -12.969 0.0000000000
9145  38.301  -66.986  -13.602 0.0000000000
8478  37.827  -68.142  -12.423 0.0000000000
9146  38.088  -67.007  -13.766 0.0000000000
9822  38.344  -66.526  -14.966 0.0000000000
9839  38.126  -66.576  -15.997 0.0000000000
9840  37.045  -66.014  -16.106 0.0000000000
19334  35.119  -53.579  -2.021 0.0000000000
114564  35.164  -54.525  -3.290 0.0000000000
131054  35.657  -55.471  -3.380 0.0000000000
15923  36.001  -57.168  -1.135 0.0000000000
16797  35.777  -56.405  -1.821 0.0000000000
17692  36.359  -56.102  -3.332 0.0000000000
115078  36.896  -56.271  -3.962 0.0000000000
16841  38.392  -56.822  -4.818 0.0000000000
15970  39.401  -57.249  -5.061 0.0000000000
15942  39.771  -57.310  -3.469 0.0000000000
15969  40.428  -57.442  -5.636 0.0000000000
15985  41.799  -57.596  -6.062 0.0000000000
15126  42.741  -57.847  -6.760 0.0000000000
15125  43.841  -58.298  -6.269 0.0000000000
133926  43.956  -57.975  -5.013 0.0000000000
15099  43.968  -58.027  -5.404 0.0000000000
15138  43.834  -58.842  -7.059 0.0000000000
16908  36.323  -56.463  -10.343 0.0000000000
17774  36.019  -55.575  -10.228 0.0000000000
16910  34.917  -56.069  -11.242 0.0000000000
17775  35.303  -55.007  -10.446 0.0000000000
7123  37.673  -70.238  -10.153 0.0000000000
7140  35.124  -70.505  -10.520 0.0000000000
7820  37.922  -69.358  -11.201 0.0000000000
7821  37.438  -69.487  -11.348 0.0000000000
8490  38.129  -68.157  -12.385 0.0000000000
9851  38.125  -66.195  -17.757 0.0000000000
10553  38.899  -65.547  -16.333 0.0000000000
11201  40.140  -64.870  -8.886 0.0000000000
11241  40.771  -63.271  -13.924 0.0000000000
11281  37.694  -64.987  -17.826 0.0000000000
12675  42.953  -61.972  -8.454 0.0000000000
12690  43.269  -61.697  -9.377 0.0000000000
12736  36.192  -61.241  -13.157 0.0000000000
12751  35.996  -61.117  -13.967 0.0000000000
13441  43.815  -59.448  -7.491 0.0000000000
13454  42.469  -61.694  -7.977 0.0000000000
13468  43.897  -60.889  -9.214 0.0000000000
14236  43.380  -58.855  -4.935 0.0000000000
14258  43.939  -58.281  -5.843 0.0000000000
14348  37.091  -59.604  -11.425 0.0000000000
15152  41.850  -58.326  -8.418 0.0000000000
15967  43.622  -57.848  -4.991 0.0000000000
16046  35.728  -57.315  -10.789 0.0000000000
16067  35.308  -57.969  -13.074 0.0000000000
16923  35.165  -56.865  -11.116 0.0000000000
16933  34.792  -55.874  -12.169 0.0000000000
17776  34.809  -55.275  -10.993 0.0000000000
17796  35.084  -55.319  -12.695 0.0000000000
17805  35.447  -55.572  -13.251 0.0000000000
18574  36.122  -54.622  -9.293 0.0000000000
113864  35.107  -55.852  -1.290 0.0000000000
117010  43.797  -58.696  -6.689 0.0000000000
117957  42.901  -57.546  -5.357 0.0000000000
118785  35.695  -58.210  -11.293 0.0000000000
119887  37.488  -56.445  -4.613 0.0000000000
127699  36.988  -61.644  -12.720 0.0000000000
128807  38.761  -68.076  -10.576 0.0000000000
130107  35.337  -56.326  -13.281 0.0000000000
131215  35.268  -55.688  -10.661 0.0000000000
132228  37.464  -70.422  -10.534 0.0000000000
135612  36.039  -60.214  -12.144 0.0000000000
135685  37.229  -63.973  -18.389 0.0000000000
136052  39.261  -65.510  -14.624 0.0000000000
136621  35.513  -59.093  -12.531 0.0000000000
137058  41.388  -64.515  -8.823 0.0000000000
