#!ascii label  , from subject sub-v1s16x0051161_ses-1 vox2ras=TkReg
1101
78172  -44.202  18.962  14.971 0.0000000000
76184  -51.249  16.000  3.499 0.0000000000
82567  -48.776  25.293  16.622 0.0000000000
126098  -51.495  17.489  12.107 0.0000000000
76021  -51.012  15.464  20.681 0.0000000000
118952  -48.837  22.427  7.630 0.0000000000
82642  -47.246  25.236  9.388 0.0000000000
126256  -42.555  29.147  5.537 0.0000000000
119385  -43.944  15.781  24.083 0.0000000000
76802  -46.846  16.553  12.950 0.0000000000
77553  -49.058  18.155  8.942 0.0000000000
79429  -46.296  20.275  11.615 0.0000000000
85027  -50.741  28.332  17.378 0.0000000000
82590  -51.488  26.327  13.812 0.0000000000
84417  -45.878  28.674  14.146 0.0000000000
83251  -42.526  26.608  11.380 0.0000000000
108842  -45.636  31.467  9.480 0.0000000000
78317  -49.770  18.132  1.761 0.0000000000
120104  -41.107  22.253  16.396 0.0000000000
81238  -46.013  22.925  14.913 0.0000000000
78176  -57.361  18.851  15.565 0.0000000000
76052  -51.994  16.215  16.697 0.0000000000
75279  -46.684  14.477  16.810 0.0000000000
75213  -45.151  14.680  21.146 0.0000000000
78918  -53.237  19.788  3.502 0.0000000000
81330  -51.918  24.253  1.341 0.0000000000
81253  -48.895  23.319  12.508 0.0000000000
82661  -53.170  26.671  7.797 0.0000000000
81312  -47.271  24.520  4.937 0.0000000000
80618  -43.360  22.377  7.690 0.0000000000
82666  -40.694  25.205  5.150 0.0000000000
77444  -45.254  16.996  14.391 0.0000000000
77496  -46.146  17.901  11.907 0.0000000000
78851  -45.276  18.981  13.521 0.0000000000
86348  -49.882  31.131  16.068 0.0000000000
85032  -47.749  28.929  15.614 0.0000000000
85699  -48.086  30.782  13.946 0.0000000000
85709  -45.563  30.345  12.401 0.0000000000
76891  -50.443  16.767  1.662 0.0000000000
81212  -40.613  23.924  17.706 0.0000000000
81836  -42.602  24.662  17.330 0.0000000000
76034  -51.677  15.337  19.058 0.0000000000
124872  -48.872  14.490  17.017 0.0000000000
75242  -48.718  14.295  19.287 0.0000000000
75992  -44.344  16.078  22.686 0.0000000000
76715  -40.394  16.203  18.827 0.0000000000
78158  -39.722  19.150  17.757 0.0000000000
77403  -38.580  17.727  19.021 0.0000000000
77526  -52.545  18.156  9.860 0.0000000000
78884  -48.562  19.441  7.485 0.0000000000
78282  -50.657  18.794  6.345 0.0000000000
79461  -49.706  20.856  5.377 0.0000000000
80055  -51.700  21.833  2.600 0.0000000000
81313  -51.131  23.589  5.041 0.0000000000
81854  -46.896  24.441  15.652 0.0000000000
80564  -47.292  22.688  14.343 0.0000000000
81867  -49.312  23.998  15.283 0.0000000000
82602  -48.816  25.896  11.579 0.0000000000
83264  -52.620  26.726  10.514 0.0000000000
82644  -49.735  26.070  8.884 0.0000000000
82668  -49.744  26.127  6.302 0.0000000000
81935  -46.971  24.722  7.313 0.0000000000
115171  -45.579  23.488  6.546 0.0000000000
81924  -46.030  24.557  8.582 0.0000000000
85093  -41.594  28.635  9.108 0.0000000000
82641  -41.563  25.110  8.951 0.0000000000
110160  -41.632  26.889  6.458 0.0000000000
83882  -40.332  26.692  5.805 0.0000000000
84490  -40.586  28.367  5.362 0.0000000000
76805  -49.033  16.455  12.419 0.0000000000
77524  -50.396  17.520  10.284 0.0000000000
77499  -48.089  17.218  11.100 0.0000000000
78235  -47.072  19.039  9.920 0.0000000000
80004  -47.430  21.046  9.416 0.0000000000
83818  -51.539  26.511  16.387 0.0000000000
82556  -51.141  25.516  16.841 0.0000000000
83826  -50.043  26.846  16.062 0.0000000000
83216  -47.793  26.543  14.746 0.0000000000
82600  -46.488  25.820  12.584 0.0000000000
82629  -45.198  25.381  10.832 0.0000000000
83846  -44.023  27.597  12.962 0.0000000000
85718  -43.797  30.100  11.098 0.0000000000
85757  -43.411  30.863  7.437 0.0000000000
78927  -48.205  20.204  2.947 0.0000000000
79403  -42.677  20.255  15.714 0.0000000000
79968  -44.500  21.208  14.880 0.0000000000
80553  -43.517  22.467  15.429 0.0000000000
81842  -44.441  24.740  16.100 0.0000000000
82547  -46.050  25.766  17.268 0.0000000000
116909  -46.843  26.304  20.390 0.0000000000
83187  -48.117  26.997  18.938 0.0000000000
78188  -54.132  18.268  13.937 0.0000000000
119991  -53.644  17.470  16.227 0.0000000000
76771  -51.411  16.873  14.475 0.0000000000
108728  -49.124  15.449  14.957 0.0000000000
76068  -47.295  15.142  15.099 0.0000000000
76681  -50.160  17.276  21.966 0.0000000000
76657  -46.984  16.757  24.041 0.0000000000
76678  -47.481  17.155  22.191 0.0000000000
75216  -48.029  14.747  21.071 0.0000000000
75239  -45.713  14.263  19.526 0.0000000000
118339  -42.892  17.918  16.293 0.0000000000
76866  -54.741  17.330  5.017 0.0000000000
77556  -52.112  18.374  8.467 0.0000000000
109800  -53.140  18.954  5.764 0.0000000000
109455  -55.593  18.731  2.855 0.0000000000
78944  -53.146  20.210  1.470 0.0000000000
79494  -51.620  21.597  1.129 0.0000000000
80662  -48.919  23.564  0.849 0.0000000000
79977  -46.413  21.457  13.794 0.0000000000
80584  -47.710  22.333  11.892 0.0000000000
81276  -49.168  23.305  9.895 0.0000000000
81877  -52.028  24.574  13.540 0.0000000000
81904  -51.036  24.417  10.801 0.0000000000
81300  -51.335  24.126  7.560 0.0000000000
111791  -53.160  26.152  5.601 0.0000000000
81959  -49.083  25.011  3.450 0.0000000000
81323  -46.488  23.394  1.904 0.0000000000
81912  -43.483  24.245  9.764 0.0000000000
80606  -41.728  22.858  7.735 0.0000000000
120795  -39.948  23.563  5.518 0.0000000000
81922  -39.623  24.396  7.325 0.0000000000
83270  -39.317  26.022  8.841 0.0000000000
78187  -44.662  18.114  14.482 0.0000000000
78197  -45.019  18.194  13.853 0.0000000000
78173  -44.741  19.018  14.388 0.0000000000
86361  -49.595  31.279  15.149 0.0000000000
86374  -48.729  31.274  13.178 0.0000000000
76881  -50.945  16.371  2.496 0.0000000000
75232  -51.227  15.096  19.803 0.0000000000
75253  -50.299  14.520  18.772 0.0000000000
75231  -50.255  14.823  20.336 0.0000000000
76708  -39.679  16.021  19.520 0.0000000000
76714  -39.277  16.888  19.042 0.0000000000
115162  -53.110  18.348  11.976 0.0000000000
77502  -52.383  17.811  11.549 0.0000000000
79450  -48.426  20.231  7.356 0.0000000000
78891  -48.880  19.820  6.803 0.0000000000
80027  -48.806  21.332  6.720 0.0000000000
80037  -49.763  21.739  5.277 0.0000000000
80633  -49.680  22.638  6.321 0.0000000000
82566  -47.403  25.107  16.264 0.0000000000
81231  -48.389  23.845  15.288 0.0000000000
127024  -49.171  24.954  16.443 0.0000000000
82616  -47.878  25.663  11.111 0.0000000000
82633  -50.045  26.343  9.807 0.0000000000
82643  -48.219  25.561  9.129 0.0000000000
82653  -48.755  25.621  8.355 0.0000000000
81916  -47.628  25.180  8.615 0.0000000000
81925  -46.919  24.831  8.153 0.0000000000
81915  -46.729  24.913  8.938 0.0000000000
85100  -42.201  29.593  7.771 0.0000000000
84467  -41.647  27.937  8.179 0.0000000000
84483  -41.906  27.871  5.717 0.0000000000
84482  -41.289  27.611  5.304 0.0000000000
84492  -41.717  28.127  5.286 0.0000000000
76786  -48.583  16.059  13.043 0.0000000000
76820  -48.584  16.788  11.696 0.0000000000
76803  -47.326  16.744  12.293 0.0000000000
78205  -45.987  18.671  11.879 0.0000000000
78214  -46.498  18.418  11.173 0.0000000000
78867  -46.623  19.165  10.572 0.0000000000
79442  -47.170  20.104  9.496 0.0000000000
79436  -46.878  20.575  10.114 0.0000000000
83819  -51.607  27.019  16.419 0.0000000000
118980  -50.869  26.349  16.474 0.0000000000
84407  -50.135  27.373  16.482 0.0000000000
85031  -47.115  28.598  15.121 0.0000000000
83825  -47.863  27.276  15.381 0.0000000000
83837  -46.811  27.400  14.697 0.0000000000
83230  -47.198  26.319  14.028 0.0000000000
83214  -46.095  27.060  14.111 0.0000000000
83242  -45.111  26.386  13.065 0.0000000000
84428  -45.086  28.187  13.708 0.0000000000
86394  -45.906  30.960  11.096 0.0000000000
85719  -44.547  30.379  11.390 0.0000000000
86403  -44.937  31.028  10.087 0.0000000000
85738  -43.227  30.454  9.270 0.0000000000
110659  -45.089  31.508  8.736 0.0000000000
78935  -49.444  18.865  2.224 0.0000000000
79958  -41.748  21.759  16.074 0.0000000000
80552  -42.632  22.017  15.615 0.0000000000
80544  -41.840  22.761  16.029 0.0000000000
82544  -43.233  25.021  17.813 0.0000000000
81841  -43.580  24.568  16.304 0.0000000000
111709  -44.597  25.482  17.529 0.0000000000
82546  -45.308  25.598  17.174 0.0000000000
120861  -45.367  25.781  17.855 0.0000000000
83183  -47.224  25.760  21.452 0.0000000000
83186  -47.169  26.581  19.325 0.0000000000
83808  -48.469  27.225  19.744 0.0000000000
83810  -50.571  27.486  18.970 0.0000000000
84396  -51.247  27.906  19.801 0.0000000000
78200  -55.939  18.815  12.932 0.0000000000
117194  -55.927  18.627  14.514 0.0000000000
77412  -54.131  17.463  17.358 0.0000000000
76738  -52.502  16.840  16.334 0.0000000000
77428  -52.965  17.428  15.255 0.0000000000
76750  -51.609  16.575  15.359 0.0000000000
76093  -50.459  15.952  14.869 0.0000000000
76071  -50.812  15.893  15.503 0.0000000000
75264  -48.003  14.367  17.267 0.0000000000
75303  -47.817  14.727  15.711 0.0000000000
75302  -46.990  14.675  15.888 0.0000000000
76656  -46.177  16.196  24.183 0.0000000000
75994  -46.161  16.226  21.921 0.0000000000
130371  -46.347  15.009  21.590 0.0000000000
76010  -47.555  15.516  21.437 0.0000000000
75215  -47.007  14.643  21.149 0.0000000000
127229  -47.035  14.355  20.354 0.0000000000
130009  -46.080  14.307  20.003 0.0000000000
78166  -41.987  18.681  16.638 0.0000000000
78160  -41.331  18.624  17.100 0.0000000000
77570  -56.306  17.698  5.348 0.0000000000
77541  -49.606  17.674  9.645 0.0000000000
77542  -50.763  17.754  9.424 0.0000000000
77554  -50.047  18.053  8.795 0.0000000000
78294  -51.105  18.953  5.648 0.0000000000
78283  -51.583  18.765  6.182 0.0000000000
78306  -53.316  19.384  4.193 0.0000000000
78308  -56.021  18.897  3.194 0.0000000000
78313  -55.375  19.384  2.764 0.0000000000
78320  -54.201  19.414  2.008 0.0000000000
78937  -53.723  20.531  1.853 0.0000000000
80653  -51.959  23.380  2.031 0.0000000000
80065  -51.897  22.280  1.646 0.0000000000
80664  -51.429  22.858  1.063 0.0000000000
80072  -50.604  22.153  1.119 0.0000000000
81336  -49.987  24.066  0.676 0.0000000000
80561  -44.955  21.863  14.871 0.0000000000
79969  -45.300  21.363  14.522 0.0000000000
79970  -46.121  21.750  14.321 0.0000000000
81246  -48.594  23.220  13.440 0.0000000000
128186  -47.615  22.269  12.983 0.0000000000
80585  -48.431  22.984  11.791 0.0000000000
117743  -48.094  22.715  11.132 0.0000000000
81264  -48.922  23.210  10.930 0.0000000000
83207  -53.014  25.798  16.028 0.0000000000
81859  -52.706  25.667  16.454 0.0000000000
82592  -53.316  25.820  14.691 0.0000000000
81919  -53.632  26.945  9.256 0.0000000000
81894  -53.118  25.808  10.751 0.0000000000
81918  -53.294  25.875  9.416 0.0000000000
81290  -51.269  24.289  8.408 0.0000000000
127119  -52.777  25.101  7.732 0.0000000000
81308  -52.879  25.155  6.314 0.0000000000
81944  -53.321  26.232  6.614 0.0000000000
115572  -48.385  25.210  5.397 0.0000000000
81950  -49.431  25.818  4.992 0.0000000000
81954  -48.363  24.975  4.306 0.0000000000
81324  -47.093  24.069  2.346 0.0000000000
81317  -46.503  23.613  2.943 0.0000000000
80651  -45.542  22.379  2.201 0.0000000000
128595  -46.085  23.545  4.345 0.0000000000
80620  -44.946  22.900  7.013 0.0000000000
80638  -44.682  22.230  5.533 0.0000000000
82612  -43.710  25.877  11.290 0.0000000000
81901  -43.876  24.827  10.289 0.0000000000
82626  -42.478  25.395  10.506 0.0000000000
82652  -41.376  24.927  7.193 0.0000000000
81923  -41.449  24.260  8.205 0.0000000000
125538  -40.979  24.238  6.294 0.0000000000
110468  -40.511  23.088  5.805 0.0000000000
81305  -40.077  24.478  5.325 0.0000000000
110539  -39.738  23.977  6.326 0.0000000000
81933  -39.871  24.621  5.738 0.0000000000
84474  -39.805  27.684  6.744 0.0000000000
83275  -39.457  26.549  8.162 0.0000000000
83879  -38.937  27.312  8.524 0.0000000000
83873  -38.393  27.158  9.271 0.0000000000
76784  -46.417  16.318  13.680 0.0000000000
77474  -46.533  17.247  12.277 0.0000000000
77473  -45.840  17.621  12.639 0.0000000000
125281  -45.753  18.162  12.357 0.0000000000
78855  -45.927  19.563  12.164 0.0000000000
85029  -49.102  28.716  16.624 0.0000000000
85685  -49.127  30.636  15.782 0.0000000000
85690  -48.251  30.538  14.775 0.0000000000
85688  -46.829  29.936  14.186 0.0000000000
85045  -46.144  29.537  13.852 0.0000000000
85711  -47.163  30.767  12.910 0.0000000000
86383  -46.993  30.997  12.057 0.0000000000
113969  -50.365  17.722  1.473 0.0000000000
81215  -40.823  23.426  16.890 0.0000000000
81216  -41.527  23.516  16.544 0.0000000000
81213  -41.302  24.044  17.184 0.0000000000
127306  -51.676  15.708  17.289 0.0000000000
76051  -50.641  15.273  16.775 0.0000000000
127114  -50.514  14.841  17.462 0.0000000000
75265  -49.174  14.365  17.840 0.0000000000
109076  -47.730  14.265  18.249 0.0000000000
75980  -44.105  16.124  23.443 0.0000000000
76006  -43.775  15.570  22.002 0.0000000000
76716  -41.494  16.129  18.380 0.0000000000
77410  -40.672  17.964  17.680 0.0000000000
77404  -40.036  17.330  18.318 0.0000000000
78151  -38.688  18.547  18.610 0.0000000000
78251  -48.551  18.652  8.484 0.0000000000
78269  -49.678  18.625  7.456 0.0000000000
78885  -49.132  19.082  7.024 0.0000000000
78893  -50.187  19.174  5.956 0.0000000000
108631  -50.773  19.909  4.642 0.0000000000
79481  -51.977  20.721  2.993 0.0000000000
79472  -50.412  20.718  4.534 0.0000000000
80046  -50.824  21.758  3.757 0.0000000000
113219  -51.425  23.633  4.067 0.0000000000
81229  -46.440  23.674  15.227 0.0000000000
80563  -46.502  22.423  14.539 0.0000000000
81230  -47.417  23.776  15.258 0.0000000000
81241  -48.574  23.515  14.752 0.0000000000
127264  -49.297  23.642  14.428 0.0000000000
82604  -50.631  26.264  12.674 0.0000000000
83243  -51.888  26.341  12.684 0.0000000000
82619  -51.442  26.445  11.031 0.0000000000
82634  -51.832  26.793  10.053 0.0000000000
82654  -51.749  26.766  8.126 0.0000000000
82660  -51.939  26.672  7.299 0.0000000000
109429  -49.794  25.989  7.662 0.0000000000
81937  -48.946  25.684  6.928 0.0000000000
81949  -47.630  24.800  5.965 0.0000000000
81307  -46.165  24.059  6.074 0.0000000000
81298  -46.156  24.189  6.943 0.0000000000
81297  -45.492  23.652  7.427 0.0000000000
81296  -44.743  23.175  7.847 0.0000000000
83867  -41.600  27.353  10.408 0.0000000000
83262  -41.603  26.536  10.196 0.0000000000
83874  -41.387  27.092  9.425 0.0000000000
83276  -41.530  26.359  7.287 0.0000000000
83281  -41.515  26.173  5.848 0.0000000000
82665  -40.588  25.319  5.183 0.0000000000
83887  -41.309  26.389  5.309 0.0000000000
129170  -40.508  27.183  5.802 0.0000000000
85107  -39.771  28.878  6.037 0.0000000000
76806  -49.970  16.763  12.703 0.0000000000
129743  -50.904  17.425  11.534 0.0000000000
76821  -49.513  16.923  11.846 0.0000000000
77500  -48.991  17.076  10.973 0.0000000000
77540  -48.660  17.791  9.690 0.0000000000
77497  -46.729  17.667  11.482 0.0000000000
77521  -47.622  17.719  10.586 0.0000000000
78237  -48.254  18.407  9.213 0.0000000000
127570  -47.820  19.494  8.558 0.0000000000
78877  -47.619  20.221  8.724 0.0000000000
80009  -47.803  21.087  8.638 0.0000000000
83196  -50.081  25.804  17.022 0.0000000000
82555  -50.078  25.471  16.837 0.0000000000
83197  -50.998  25.872  17.005 0.0000000000
83206  -51.440  25.689  16.474 0.0000000000
83218  -50.773  26.541  15.625 0.0000000000
84410  -48.831  28.084  16.329 0.0000000000
83204  -48.644  26.740  15.375 0.0000000000
82577  -49.318  26.203  14.400 0.0000000000
82588  -48.582  26.010  13.455 0.0000000000
129594  -47.944  25.735  11.786 0.0000000000
109336  -46.962  25.487  10.887 0.0000000000
109101  -46.079  25.404  10.814 0.0000000000
82614  -45.434  25.711  11.534 0.0000000000
83253  -44.036  26.309  11.998 0.0000000000
83239  -42.974  26.995  12.025 0.0000000000
85043  -44.699  28.916  13.141 0.0000000000
85054  -43.756  29.058  12.242 0.0000000000
84444  -42.377  28.151  11.372 0.0000000000
85075  -42.402  29.269  10.453 0.0000000000
85747  -42.533  30.143  8.472 0.0000000000
117744  -43.032  30.617  6.774 0.0000000000
118565  -43.316  19.946  15.372 0.0000000000
78834  -44.393  19.707  14.765 0.0000000000
127118  -43.356  20.555  15.347 0.0000000000
80554  -44.237  21.959  15.165 0.0000000000
116251  -44.252  22.728  15.347 0.0000000000
81850  -43.153  23.894  15.881 0.0000000000
81851  -44.032  24.075  15.753 0.0000000000
81852  -44.959  24.173  15.679 0.0000000000
81853  -45.895  24.319  15.606 0.0000000000
82565  -46.297  25.016  16.051 0.0000000000
82548  -47.128  25.992  17.285 0.0000000000
126393  -45.328  25.906  18.688 0.0000000000
82542  -46.236  26.069  18.088 0.0000000000
83193  -47.411  26.320  17.835 0.0000000000
127562  -48.494  26.456  17.644 0.0000000000
83816  -51.213  26.241  17.187 0.0000000000
83814  -51.815  26.324  17.351 0.0000000000
84405  -52.790  27.185  17.078 0.0000000000
77479  -53.949  18.641  12.440 0.0000000000
77461  -52.452  17.630  13.549 0.0000000000
77422  -55.581  18.195  16.814 0.0000000000
77431  -55.369  18.187  15.947 0.0000000000
77448  -53.994  17.840  14.889 0.0000000000
77447  -53.007  17.673  14.299 0.0000000000
77460  -51.574  17.249  13.705 0.0000000000
76788  -50.305  16.606  13.513 0.0000000000
76108  -49.080  15.876  13.887 0.0000000000
76107  -48.107  15.731  13.655 0.0000000000
76070  -49.442  15.273  15.593 0.0000000000
76069  -48.191  15.189  14.978 0.0000000000
76089  -46.709  15.692  14.449 0.0000000000
76768  -46.071  16.103  14.294 0.0000000000
76658  -48.360  17.177  24.271 0.0000000000
76676  -45.805  16.533  22.672 0.0000000000
76669  -47.130  17.249  23.121 0.0000000000
76670  -48.065  17.487  23.090 0.0000000000
76680  -49.268  17.182  21.943 0.0000000000
76689  -49.942  16.283  21.632 0.0000000000
75218  -49.645  14.930  20.890 0.0000000000
129089  -48.825  14.386  19.922 0.0000000000
109881  -47.138  14.241  18.991 0.0000000000
108848  -46.951  14.241  18.287 0.0000000000
78171  -43.224  18.562  15.766 0.0000000000
78832  -42.914  19.359  15.717 0.0000000000
79397  -41.904  20.357  16.224 0.0000000000
79396  -41.215  20.560  16.540 0.0000000000
79948  -40.405  21.858  16.704 0.0000000000
76857  -53.181  16.257  6.756 0.0000000000
113197  -53.383  16.656  4.767 0.0000000000
76873  -53.169  16.834  3.864 0.0000000000
77525  -51.533  17.661  10.212 0.0000000000
77544  -52.614  18.391  9.185 0.0000000000
78270  -50.877  18.563  7.139 0.0000000000
78272  -53.508  18.879  6.686 0.0000000000
110087  -55.387  18.967  6.178 0.0000000000
78296  -56.247  18.656  4.342 0.0000000000
77582  -56.064  18.545  3.331 0.0000000000
76883  -53.194  17.248  3.151 0.0000000000
77598  -52.350  17.793  1.860 0.0000000000
78319  -51.765  18.151  1.418 0.0000000000
78942  -51.309  19.570  1.221 0.0000000000
79482  -53.039  21.112  1.812 0.0000000000
79495  -52.108  20.750  1.066 0.0000000000
78936  -50.064  19.604  1.696 0.0000000000
79488  -49.752  20.489  1.690 0.0000000000
80063  -48.388  21.723  1.896 0.0000000000
80062  -47.154  22.138  1.653 0.0000000000
118911  -44.947  19.972  14.397 0.0000000000
79418  -45.893  20.695  13.565 0.0000000000
79423  -46.154  20.436  12.628 0.0000000000
80570  -46.895  21.998  14.120 0.0000000000
79985  -47.130  21.686  12.487 0.0000000000
79991  -46.584  21.060  12.006 0.0000000000
79998  -47.182  21.394  10.309 0.0000000000
80599  -47.728  22.019  9.858 0.0000000000
80610  -48.644  22.609  8.538 0.0000000000
81857  -50.230  24.625  16.098 0.0000000000
81876  -50.825  24.184  14.293 0.0000000000
81885  -50.776  24.172  12.892 0.0000000000
113644  -52.801  25.498  11.874 0.0000000000
81886  -52.131  24.738  12.366 0.0000000000
81260  -49.835  23.772  11.301 0.0000000000
81265  -49.997  23.867  10.361 0.0000000000
81289  -49.496  23.347  8.958 0.0000000000
81299  -49.752  23.307  8.025 0.0000000000
118995  -51.015  23.678  6.062 0.0000000000
81320  -52.084  25.190  3.188 0.0000000000
82675  -50.822  26.403  5.595 0.0000000000
127468  -51.416  26.157  3.910 0.0000000000
81960  -51.071  25.320  2.605 0.0000000000
81973  -48.445  24.282  0.965 0.0000000000
126822  -46.911  22.979  1.313 0.0000000000
80639  -45.161  22.649  5.006 0.0000000000
119604  -45.267  24.699  9.697 0.0000000000
81274  -44.036  23.791  9.259 0.0000000000
81285  -43.513  23.223  8.711 0.0000000000
81899  -42.082  24.820  9.889 0.0000000000
81272  -42.145  23.691  9.039 0.0000000000
80617  -42.376  22.417  7.739 0.0000000000
112557  -41.441  22.466  6.913 0.0000000000
80627  -39.924  22.694  5.131 0.0000000000
80626  -39.508  22.396  5.256 0.0000000000
82659  -39.959  25.319  5.729 0.0000000000
110870  -39.543  24.864  8.201 0.0000000000
85781  -43.064  29.494  4.097 0.0000000000
85123  -42.518  29.291  3.637 0.0000000000
85121  -40.951  29.192  4.296 0.0000000000
85113  -39.902  29.246  5.347 0.0000000000
85106  -38.854  29.323  6.544 0.0000000000
114140  -44.327  18.287  14.966 0.0000000000
76882  -51.996  16.714  3.208 0.0000000000
76700  -51.667  16.259  20.948 0.0000000000
76701  -52.330  16.117  20.257 0.0000000000
76022  -51.683  15.644  20.291 0.0000000000
76025  -39.946  15.552  20.061 0.0000000000
124253  -52.331  17.751  12.275 0.0000000000
80018  -48.489  21.279  7.319 0.0000000000
79455  -48.775  20.668  6.696 0.0000000000
80028  -49.261  21.499  6.093 0.0000000000
80632  -49.015  22.093  6.827 0.0000000000
82554  -48.051  25.705  16.835 0.0000000000
81855  -48.115  24.546  15.887 0.0000000000
82631  -47.743  25.564  10.063 0.0000000000
82632  -48.778  25.879  9.640 0.0000000000
85109  -42.461  29.203  6.300 0.0000000000
85108  -42.256  28.710  6.741 0.0000000000
84484  -42.239  28.487  5.692 0.0000000000
76785  -47.675  16.146  12.910 0.0000000000
76804  -48.146  16.445  12.294 0.0000000000
78861  -46.251  19.358  11.322 0.0000000000
79435  -46.506  20.041  10.729 0.0000000000
84404  -52.277  26.970  16.694 0.0000000000
84408  -50.286  27.938  16.903 0.0000000000
84418  -46.520  28.231  14.674 0.0000000000
83836  -45.899  27.785  14.224 0.0000000000
83848  -45.268  27.287  13.799 0.0000000000
86404  -45.743  31.180  10.356 0.0000000000
85730  -45.114  30.815  10.875 0.0000000000
86414  -44.773  31.181  9.381 0.0000000000
77595  -49.520  17.250  1.555 0.0000000000
78312  -49.106  18.137  2.381 0.0000000000
82540  -44.013  25.304  18.366 0.0000000000
82545  -43.841  25.189  17.511 0.0000000000
82541  -44.778  25.650  18.332 0.0000000000
83809  -49.268  27.464  20.032 0.0000000000
113441  -57.711  18.565  14.709 0.0000000000
78191  -56.973  18.768  14.295 0.0000000000
127965  -56.251  18.646  15.264 0.0000000000
76737  -51.990  16.549  16.009 0.0000000000
76072  -51.453  16.072  16.053 0.0000000000
114297  -50.881  15.649  16.197 0.0000000000
75263  -47.209  14.321  17.512 0.0000000000
75280  -47.491  14.466  16.608 0.0000000000
75301  -46.199  14.857  16.089 0.0000000000
75261  -45.778  14.606  17.007 0.0000000000
76655  -45.350  15.985  24.100 0.0000000000
76008  -45.542  15.331  21.687 0.0000000000
75214  -46.073  14.640  21.146 0.0000000000
75227  -46.410  14.405  20.482 0.0000000000
75226  -45.612  14.387  20.377 0.0000000000
76725  -42.014  16.993  17.608 0.0000000000
77416  -41.948  17.925  16.998 0.0000000000
77411  -41.372  17.690  17.465 0.0000000000
107821  -56.534  18.382  5.988 0.0000000000
78905  -51.771  19.346  4.703 0.0000000000
78295  -52.435  19.023  5.175 0.0000000000
78307  -55.197  19.715  3.019 0.0000000000
78919  -54.483  19.941  2.334 0.0000000000
78929  -53.199  20.427  2.599 0.0000000000
127878  -52.116  23.987  1.511 0.0000000000
80659  -51.873  23.474  1.343 0.0000000000
81337  -51.316  23.864  0.842 0.0000000000
80555  -45.054  22.622  15.128 0.0000000000
80562  -45.662  22.162  14.708 0.0000000000
80578  -48.160  22.840  12.662 0.0000000000
81259  -49.132  23.365  11.739 0.0000000000
119108  -52.024  26.507  15.551 0.0000000000
83219  -53.157  26.290  15.976 0.0000000000
83231  -52.748  26.234  14.738 0.0000000000
81928  -53.410  26.607  8.700 0.0000000000
81291  -53.183  25.889  8.012 0.0000000000
81938  -53.303  26.192  7.343 0.0000000000
81318  -47.233  24.330  3.640 0.0000000000
114095  -46.525  23.866  4.117 0.0000000000
80619  -44.197  22.502  7.431 0.0000000000
80630  -44.367  22.119  6.449 0.0000000000
80629  -43.675  22.007  7.072 0.0000000000
80017  -42.827  21.939  7.156 0.0000000000
82611  -42.840  25.934  11.090 0.0000000000
82627  -43.337  25.321  10.742 0.0000000000
83263  -42.123  26.149  10.733 0.0000000000
82667  -41.057  25.147  5.525 0.0000000000
81934  -40.489  24.878  5.210 0.0000000000
81941  -40.364  24.889  5.232 0.0000000000
83880  -39.663  27.107  7.397 0.0000000000
77459  -46.095  16.958  13.110 0.0000000000
77458  -45.456  17.433  13.537 0.0000000000
78198  -45.412  18.141  13.013 0.0000000000
118654  -45.637  18.852  12.644 0.0000000000
79422  -45.679  19.759  13.120 0.0000000000
85679  -49.504  30.371  16.581 0.0000000000
86368  -48.980  31.126  14.285 0.0000000000
86360  -48.838  30.766  15.111 0.0000000000
85689  -47.538  30.259  14.478 0.0000000000
85698  -47.294  30.517  13.729 0.0000000000
86373  -47.857  30.879  13.205 0.0000000000
110661  -48.970  31.562  12.269 0.0000000000
86384  -47.996  31.199  12.341 0.0000000000
86396  -47.630  31.434  11.367 0.0000000000
76192  -50.125  15.986  1.743 0.0000000000
77597  -51.038  17.513  1.458 0.0000000000
81834  -41.306  24.346  17.881 0.0000000000
76035  -52.402  15.879  18.724 0.0000000000
76043  -51.609  15.340  18.175 0.0000000000
76042  -51.126  15.269  17.397 0.0000000000
75267  -50.826  14.779  18.119 0.0000000000
75252  -49.390  14.342  18.665 0.0000000000
130221  -48.445  14.335  17.789 0.0000000000
111040  -48.539  14.276  18.524 0.0000000000
76031  -41.267  15.379  19.158 0.0000000000
76032  -41.923  15.454  18.623 0.0000000000
77405  -40.981  17.013  18.019 0.0000000000
115767  -39.183  17.875  18.546 0.0000000000
78878  -48.231  19.162  8.142 0.0000000000
78268  -48.830  18.820  7.742 0.0000000000
79456  -49.296  20.306  6.129 0.0000000000
78892  -49.501  19.496  6.349 0.0000000000
78903  -49.960  19.976  5.485 0.0000000000
78904  -50.629  19.400  5.304 0.0000000000
80641  -49.973  22.622  5.546 0.0000000000
80647  -50.440  22.483  4.591 0.0000000000
80648  -51.179  22.869  3.400 0.0000000000
116599  -49.246  26.014  12.587 0.0000000000
82603  -50.213  26.253  11.749 0.0000000000
82645  -51.770  26.910  9.062 0.0000000000
129644  -49.854  26.011  8.245 0.0000000000
81926  -48.062  25.261  7.696 0.0000000000
81936  -47.833  25.021  6.785 0.0000000000
81942  -46.895  24.563  6.492 0.0000000000
81288  -46.141  24.365  7.784 0.0000000000
81287  -45.363  23.852  8.263 0.0000000000
84460  -41.492  27.976  9.838 0.0000000000
112399  -41.416  27.791  9.018 0.0000000000
128178  -41.682  27.434  7.471 0.0000000000
110112  -41.484  27.170  8.164 0.0000000000
84481  -40.475  27.816  5.816 0.0000000000
77501  -50.474  17.218  12.099 0.0000000000
124667  -48.983  17.416  10.224 0.0000000000
77522  -48.321  17.500  10.432 0.0000000000
77475  -47.115  17.208  11.778 0.0000000000
78223  -46.911  18.552  10.524 0.0000000000
77520  -47.020  17.950  10.807 0.0000000000
78224  -47.351  18.325  10.210 0.0000000000
77539  -47.910  18.017  9.911 0.0000000000
78236  -47.625  18.681  9.529 0.0000000000
78250  -47.925  18.947  8.819 0.0000000000
78872  -47.449  19.426  9.225 0.0000000000
83195  -50.204  26.131  17.132 0.0000000000
125455  -50.637  25.867  17.021 0.0000000000
126717  -50.695  26.614  16.086 0.0000000000
112460  -51.069  26.224  16.539 0.0000000000
83205  -50.611  26.510  15.820 0.0000000000
85033  -48.336  29.381  15.962 0.0000000000
83838  -47.509  26.918  14.943 0.0000000000
83217  -49.060  26.424  15.184 0.0000000000
82576  -48.150  26.195  14.231 0.0000000000
82586  -46.763  26.050  13.354 0.0000000000
125213  -47.186  25.769  12.801 0.0000000000
113381  -47.226  25.664  11.913 0.0000000000
82615  -46.285  25.632  11.671 0.0000000000
82599  -45.663  25.961  12.392 0.0000000000
83227  -44.753  26.878  13.383 0.0000000000
83241  -44.367  26.644  12.773 0.0000000000
83240  -43.656  26.836  12.416 0.0000000000
83855  -43.555  27.343  12.533 0.0000000000
85696  -45.808  29.998  13.157 0.0000000000
85044  -45.414  29.176  13.519 0.0000000000
85056  -45.110  29.685  12.816 0.0000000000
85067  -44.103  29.785  11.836 0.0000000000
85066  -43.417  29.397  11.534 0.0000000000
84445  -43.115  28.604  11.877 0.0000000000
85065  -42.710  29.012  11.206 0.0000000000
84453  -42.149  28.689  10.821 0.0000000000
85076  -43.131  29.667  10.751 0.0000000000
85748  -43.240  30.681  8.254 0.0000000000
85756  -42.637  30.306  7.462 0.0000000000
78928  -48.665  18.798  3.007 0.0000000000
119415  -43.448  21.736  15.359 0.0000000000
81839  -42.018  24.200  16.844 0.0000000000
81217  -42.298  23.672  16.156 0.0000000000
81840  -42.776  24.372  16.534 0.0000000000
82550  -44.062  25.075  16.812 0.0000000000
81227  -44.604  23.382  15.470 0.0000000000
82564  -45.343  24.887  16.024 0.0000000000
82552  -45.740  25.406  16.589 0.0000000000
82553  -46.721  25.555  16.652 0.0000000000
82538  -45.285  25.766  19.618 0.0000000000
83182  -45.954  26.090  20.018 0.0000000000
83189  -45.924  26.152  19.093 0.0000000000
123639  -46.444  26.329  19.499 0.0000000000
83190  -46.759  26.338  18.667 0.0000000000
120064  -47.728  26.605  18.338 0.0000000000
83191  -49.061  26.745  17.890 0.0000000000
83811  -52.453  26.758  18.125 0.0000000000
84400  -52.297  26.657  17.055 0.0000000000
84401  -53.055  27.800  17.748 0.0000000000
78208  -56.665  18.643  12.182 0.0000000000
108514  -55.097  18.607  13.605 0.0000000000
78199  -54.641  18.644  13.021 0.0000000000
77462  -53.448  18.179  13.357 0.0000000000
77420  -53.696  17.386  16.811 0.0000000000
123276  -54.913  17.798  17.274 0.0000000000
77421  -54.500  17.707  16.577 0.0000000000
77430  -54.340  17.764  15.719 0.0000000000
78174  -55.144  18.209  15.096 0.0000000000
77429  -53.545  17.539  15.625 0.0000000000
77446  -52.193  17.189  14.915 0.0000000000
77445  -52.098  17.346  14.201 0.0000000000
76789  -50.942  16.885  13.828 0.0000000000
76092  -49.779  15.829  14.502 0.0000000000
76769  -49.868  16.179  13.895 0.0000000000
127884  -49.146  15.658  14.436 0.0000000000
76091  -48.543  15.540  14.372 0.0000000000
75283  -49.832  14.720  17.017 0.0000000000
76050  -50.112  15.361  16.069 0.0000000000
75282  -49.246  14.852  16.209 0.0000000000
76090  -47.653  15.492  14.345 0.0000000000
76088  -45.984  15.740  14.883 0.0000000000
127613  -50.496  16.642  21.657 0.0000000000
75968  -47.842  16.375  24.721 0.0000000000
108933  -47.628  17.165  23.901 0.0000000000
76666  -44.924  16.350  23.111 0.0000000000
75995  -47.070  16.503  21.788 0.0000000000
76677  -46.647  16.890  22.356 0.0000000000
77366  -48.914  17.629  22.622 0.0000000000
76679  -48.376  17.234  21.994 0.0000000000
76011  -48.470  15.518  21.318 0.0000000000
76688  -48.882  16.465  21.552 0.0000000000
76012  -49.401  15.478  21.276 0.0000000000
75217  -48.896  14.823  21.000 0.0000000000
75230  -49.270  14.594  20.401 0.0000000000
75229  -48.466  14.512  20.493 0.0000000000
75240  -46.578  14.273  19.693 0.0000000000
75241  -47.422  14.283  19.760 0.0000000000
75251  -46.269  14.228  18.741 0.0000000000
76734  -43.305  17.120  16.650 0.0000000000
77418  -43.557  17.792  15.950 0.0000000000
78167  -42.573  18.672  16.212 0.0000000000
121187  -41.584  19.222  16.713 0.0000000000
78827  -42.153  19.481  16.280 0.0000000000
78153  -39.881  18.295  17.974 0.0000000000
78159  -40.521  18.936  17.423 0.0000000000
79393  -39.679  20.754  17.289 0.0000000000
79395  -40.421  20.861  16.807 0.0000000000
79946  -39.844  21.464  17.035 0.0000000000
80541  -39.664  22.475  17.227 0.0000000000
76850  -54.058  16.644  7.044 0.0000000000
76874  -54.973  17.583  3.900 0.0000000000
125594  -50.911  17.496  10.915 0.0000000000
77555  -51.038  18.071  8.655 0.0000000000
77543  -51.741  17.966  9.270 0.0000000000
78271  -52.105  18.689  6.716 0.0000000000
78284  -55.317  19.178  5.291 0.0000000000
122639  -56.247  18.779  5.224 0.0000000000
77581  -54.715  17.807  3.173 0.0000000000
77589  -53.857  18.059  2.586 0.0000000000
77588  -52.507  17.292  2.643 0.0000000000
78326  -53.345  19.387  1.662 0.0000000000
77603  -52.572  18.522  1.633 0.0000000000
78325  -52.171  19.131  1.351 0.0000000000
80056  -52.193  21.444  2.410 0.0000000000
80073  -52.618  21.272  1.554 0.0000000000
79489  -50.997  20.565  1.092 0.0000000000
114790  -50.589  21.244  1.134 0.0000000000
80071  -49.294  22.472  1.306 0.0000000000
80064  -49.529  21.433  1.546 0.0000000000
80658  -48.001  22.790  1.344 0.0000000000
79404  -43.972  20.342  15.026 0.0000000000
79412  -44.757  20.548  14.624 0.0000000000
79976  -45.823  21.202  14.091 0.0000000000
79413  -45.371  20.642  14.214 0.0000000000
79984  -46.561  21.192  13.015 0.0000000000
80571  -47.468  22.396  13.807 0.0000000000
79992  -47.111  21.612  11.485 0.0000000000
129326  -47.111  21.518  10.867 0.0000000000
80592  -48.234  22.722  10.327 0.0000000000
80600  -48.440  22.696  9.424 0.0000000000
81843  -50.057  24.959  16.507 0.0000000000
81844  -51.170  25.264  16.667 0.0000000000
118659  -52.226  24.611  14.647 0.0000000000
81869  -51.919  24.671  15.623 0.0000000000
83255  -52.508  26.206  12.171 0.0000000000
82605  -52.994  25.950  12.827 0.0000000000
82620  -52.688  26.091  11.208 0.0000000000
81905  -52.694  25.230  10.335 0.0000000000
81893  -52.368  24.925  11.304 0.0000000000
81892  -50.859  24.278  11.776 0.0000000000
81277  -50.492  24.024  9.403 0.0000000000
80621  -49.957  23.227  7.022 0.0000000000
125229  -51.647  24.209  6.843 0.0000000000
81314  -52.585  24.988  5.317 0.0000000000
81952  -52.619  25.834  4.369 0.0000000000
82669  -51.450  26.544  6.531 0.0000000000
81955  -49.545  25.591  4.216 0.0000000000
81951  -50.915  26.274  4.472 0.0000000000
82683  -50.504  25.695  3.567 0.0000000000
82684  -51.655  25.854  3.511 0.0000000000
116600  -49.758  24.975  2.592 0.0000000000
81967  -50.383  24.764  1.526 0.0000000000
81966  -49.006  24.616  1.526 0.0000000000
81329  -47.126  23.591  1.359 0.0000000000
80656  -46.274  22.900  1.572 0.0000000000
129887  -46.310  22.477  1.611 0.0000000000
80053  -45.742  22.275  1.823 0.0000000000
81306  -45.656  23.344  5.595 0.0000000000
80631  -45.091  22.722  6.082 0.0000000000
80026  -44.156  21.815  5.268 0.0000000000
81903  -45.837  25.058  10.091 0.0000000000
81902  -44.839  24.966  10.254 0.0000000000
81913  -44.464  24.452  9.738 0.0000000000
81273  -43.047  23.612  9.253 0.0000000000
83271  -41.491  26.129  9.306 0.0000000000
82625  -41.745  25.673  10.001 0.0000000000
81283  -41.547  23.524  8.048 0.0000000000
81271  -41.700  23.926  8.728 0.0000000000
81284  -42.460  23.061  8.524 0.0000000000
80016  -42.051  21.984  7.128 0.0000000000
80616  -39.957  23.098  5.344 0.0000000000
80615  -39.489  22.725  5.760 0.0000000000
81282  -39.461  23.703  7.886 0.0000000000
113569  -39.510  24.227  8.458 0.0000000000
83280  -40.300  25.823  5.399 0.0000000000
108200  -39.892  26.241  6.588 0.0000000000
82651  -39.647  25.653  7.714 0.0000000000
82639  -39.069  25.820  9.641 0.0000000000
85128  -41.968  29.308  3.144 0.0000000000
85122  -41.880  28.928  4.115 0.0000000000
85127  -41.212  29.518  3.504 0.0000000000
85779  -39.421  30.263  3.923 0.0000000000
85112  -39.072  29.661  5.767 0.0000000000
77457  -45.014  17.620  14.234 0.0000000000
86369  -49.876  31.624  14.332 0.0000000000
86398  -49.976  31.925  11.652 0.0000000000
76892  -51.469  17.069  2.183 0.0000000000
81209  -40.226  24.041  18.623 0.0000000000
81829  -41.031  24.345  18.583 0.0000000000
76027  -52.038  15.650  19.643 0.0000000000
75254  -51.084  14.842  18.904 0.0000000000
75244  -50.538  14.668  19.482 0.0000000000
75243  -49.617  14.441  19.562 0.0000000000
76026  -40.452  15.554  19.569 0.0000000000
77503  -53.312  18.533  11.140 0.0000000000
108318  -52.483  17.915  10.697 0.0000000000
81856  -49.143  24.467  15.909 0.0000000000
82618  -50.103  26.316  10.784 0.0000000000
82617  -48.801  25.917  10.491 0.0000000000
85099  -41.909  28.719  7.948 0.0000000000
84475  -41.938  27.754  6.792 0.0000000000
108615  -41.493  27.147  5.550 0.0000000000
84491  -41.224  28.155  5.117 0.0000000000
76819  -47.756  16.950  11.706 0.0000000000
124654  -47.114  19.577  9.657 0.0000000000
79441  -46.813  19.740  10.029 0.0000000000
83824  -47.158  27.875  15.167 0.0000000000
83215  -46.916  26.788  14.412 0.0000000000
83229  -46.370  26.530  13.833 0.0000000000
82585  -45.956  26.212  13.205 0.0000000000
83228  -45.540  26.721  13.625 0.0000000000
83847  -44.558  27.451  13.385 0.0000000000
85721  -46.135  30.792  11.852 0.0000000000
85720  -45.325  30.592  11.644 0.0000000000
85729  -44.315  30.604  10.597 0.0000000000
85728  -43.539  30.304  10.262 0.0000000000
85739  -44.124  30.808  9.754 0.0000000000
86413  -44.137  31.035  8.778 0.0000000000
86422  -43.892  31.090  7.990 0.0000000000
78934  -48.937  19.698  2.513 0.0000000000
79959  -42.265  21.083  15.881 0.0000000000
79960  -43.021  21.127  15.491 0.0000000000
81225  -42.813  23.055  15.675 0.0000000000
81837  -43.307  24.884  17.027 0.0000000000
82551  -44.889  25.268  16.643 0.0000000000
83184  -47.672  26.829  20.182 0.0000000000
83813  -49.605  27.143  18.482 0.0000000000
78201  -56.930  18.671  13.053 0.0000000000
78190  -56.074  18.724  13.732 0.0000000000
78189  -55.002  18.427  14.307 0.0000000000
76739  -53.095  17.167  16.626 0.0000000000
76752  -52.968  17.283  15.976 0.0000000000
76751  -52.345  17.017  15.663 0.0000000000
76749  -50.994  16.314  14.891 0.0000000000
116085  -49.977  15.611  15.242 0.0000000000
75281  -48.369  14.589  16.339 0.0000000000
76067  -46.485  15.245  15.323 0.0000000000
76007  -44.656  15.512  21.834 0.0000000000
75993  -45.206  16.111  22.339 0.0000000000
75996  -47.914  16.567  21.574 0.0000000000
76009  -46.827  15.591  21.608 0.0000000000
75228  -47.689  14.452  20.506 0.0000000000
76727  -43.325  16.341  17.148 0.0000000000
77417  -42.564  17.452  16.896 0.0000000000
127434  -42.365  18.102  16.572 0.0000000000
78825  -41.011  19.410  16.996 0.0000000000
77563  -55.293  17.282  6.448 0.0000000000
77576  -56.474  18.325  4.298 0.0000000000
124407  -55.053  19.466  4.198 0.0000000000
77590  -54.744  19.008  2.364 0.0000000000
78321  -54.703  19.636  2.305 0.0000000000
78938  -54.022  20.160  1.881 0.0000000000
112464  -51.521  22.433  2.625 0.0000000000
80066  -52.334  21.739  1.787 0.0000000000
110977  -51.966  22.550  1.706 0.0000000000
80663  -50.373  23.240  0.888 0.0000000000
81245  -48.085  23.061  14.150 0.0000000000
80572  -47.949  22.758  13.434 0.0000000000
80591  -47.550  22.086  10.816 0.0000000000
82568  -52.228  25.872  16.865 0.0000000000
82569  -53.105  25.972  16.309 0.0000000000
81860  -53.389  25.805  15.484 0.0000000000
81878  -52.949  24.981  14.242 0.0000000000
82635  -53.166  26.653  10.090 0.0000000000
81906  -53.501  26.351  9.912 0.0000000000
81917  -51.547  24.606  9.867 0.0000000000
81927  -52.544  25.144  8.906 0.0000000000
81301  -52.895  25.233  7.153 0.0000000000
82674  -49.275  25.900  5.716 0.0000000000
118579  -48.622  24.732  2.461 0.0000000000
81958  -47.923  24.646  2.977 0.0000000000
80652  -45.904  22.979  2.031 0.0000000000
80646  -45.859  23.178  3.365 0.0000000000
82628  -44.268  25.369  10.823 0.0000000000
81900  -42.952  24.716  10.233 0.0000000000
124014  -41.467  25.771  8.048 0.0000000000
81295  -41.117  23.227  6.656 0.0000000000
81294  -40.154  23.929  5.524 0.0000000000
83269  -38.856  26.582  9.225 0.0000000000
84459  -38.148  27.742  9.002 0.0000000000
85030  -49.548  29.246  16.973 0.0000000000
85678  -48.848  29.874  16.306 0.0000000000
85684  -48.466  30.242  15.538 0.0000000000
85683  -47.842  29.900  15.228 0.0000000000
85036  -47.240  29.499  14.841 0.0000000000
85035  -46.559  29.107  14.518 0.0000000000
85697  -46.551  30.281  13.451 0.0000000000
85710  -46.350  30.577  12.651 0.0000000000
86395  -46.711  31.172  11.235 0.0000000000
126629  -46.400  31.288  10.621 0.0000000000
86405  -46.439  31.551  9.956 0.0000000000
124117  -41.126  22.943  16.473 0.0000000000
81835  -41.914  24.460  17.624 0.0000000000
76044  -52.247  16.030  17.629 0.0000000000
113620  -51.309  15.697  16.705 0.0000000000
75266  -50.061  14.504  17.953 0.0000000000
75981  -44.739  16.094  23.772 0.0000000000
75991  -43.514  15.941  22.903 0.0000000000
76005  -42.905  15.493  22.148 0.0000000000
78152  -39.237  18.650  18.241 0.0000000000
78252  -49.386  18.421  8.230 0.0000000000
78281  -49.916  18.829  6.669 0.0000000000
78917  -51.847  19.994  3.785 0.0000000000
125330  -51.114  20.444  3.968 0.0000000000
108186  -51.253  21.090  3.461 0.0000000000
123236  -50.107  21.434  4.744 0.0000000000
118095  -51.886  23.860  3.024 0.0000000000
81325  -52.037  24.413  2.184 0.0000000000
81239  -46.906  23.119  14.814 0.0000000000
81240  -47.779  23.304  14.735 0.0000000000
81247  -49.626  23.656  13.342 0.0000000000
120130  -51.544  26.351  11.897 0.0000000000
83254  -52.322  26.388  11.298 0.0000000000
82646  -53.144  27.111  9.423 0.0000000000
82655  -53.231  27.117  8.684 0.0000000000
123016  -50.254  26.277  6.939 0.0000000000
81943  -48.571  25.456  6.200 0.0000000000
81948  -46.801  24.398  5.731 0.0000000000
81311  -46.268  23.906  5.087 0.0000000000
80608  -43.905  22.861  8.137 0.0000000000
83250  -41.913  26.890  10.960 0.0000000000
124004  -41.432  26.533  8.561 0.0000000000
111204  -41.442  25.631  6.284 0.0000000000
83287  -41.099  25.660  5.236 0.0000000000
83286  -40.808  25.952  5.241 0.0000000000
83886  -40.966  26.804  5.431 0.0000000000
84480  -39.453  28.551  6.757 0.0000000000
77476  -50.933  17.149  13.007 0.0000000000
108243  -50.091  17.291  11.196 0.0000000000
77523  -49.566  17.385  10.437 0.0000000000
77498  -47.359  17.448  11.222 0.0000000000
78883  -48.070  19.836  8.012 0.0000000000
79445  -48.052  20.691  8.012 0.0000000000
80010  -48.225  21.657  8.180 0.0000000000
83194  -48.758  26.132  17.256 0.0000000000
109271  -52.153  26.506  16.034 0.0000000000
82578  -50.552  26.307  14.553 0.0000000000
84409  -47.946  27.967  15.701 0.0000000000
82589  -49.835  26.144  13.557 0.0000000000
82587  -47.594  25.982  13.414 0.0000000000
82601  -48.025  25.800  12.525 0.0000000000
82630  -46.729  25.299  10.099 0.0000000000
82598  -44.841  26.141  12.211 0.0000000000
82613  -44.582  25.825  11.432 0.0000000000
83252  -43.245  26.432  11.719 0.0000000000
84427  -44.325  28.163  13.138 0.0000000000
85708  -44.807  30.101  12.137 0.0000000000
84436  -44.159  28.749  12.735 0.0000000000
84426  -43.661  28.174  12.560 0.0000000000
83854  -42.986  27.723  12.019 0.0000000000
83861  -42.397  27.290  11.514 0.0000000000
84452  -41.788  28.103  10.664 0.0000000000
85084  -41.759  28.744  10.147 0.0000000000
85085  -42.077  29.386  9.633 0.0000000000
85727  -42.798  29.880  9.955 0.0000000000
85737  -42.494  29.913  9.231 0.0000000000
85094  -42.010  29.468  8.713 0.0000000000
125987  -42.375  29.687  6.993 0.0000000000
85764  -42.633  30.040  6.376 0.0000000000
78833  -43.698  19.321  15.261 0.0000000000
79961  -43.775  21.148  15.204 0.0000000000
81226  -43.721  23.288  15.568 0.0000000000
81228  -45.506  23.497  15.325 0.0000000000
83817  -52.183  26.258  17.050 0.0000000000
84402  -54.037  27.846  18.287 0.0000000000
129031  -54.795  18.807  12.399 0.0000000000
77478  -52.821  17.997  12.775 0.0000000000
77477  -51.913  17.513  12.922 0.0000000000
76787  -49.486  16.298  13.254 0.0000000000
76770  -50.557  16.371  14.285 0.0000000000
76106  -47.212  15.926  13.631 0.0000000000
75304  -48.712  14.982  15.580 0.0000000000
76783  -45.774  16.664  13.892 0.0000000000
77443  -44.652  17.455  14.943 0.0000000000
77426  -43.839  18.425  15.401 0.0000000000
76014  -50.789  16.073  21.366 0.0000000000
76644  -48.737  16.491  25.056 0.0000000000
111706  -49.153  17.246  24.589 0.0000000000
77357  -48.926  17.616  23.609 0.0000000000
76667  -45.561  16.418  23.510 0.0000000000
76668  -46.353  16.831  23.274 0.0000000000
77367  -49.514  17.947  23.046 0.0000000000
77375  -49.570  17.677  22.383 0.0000000000
76013  -50.230  15.407  21.099 0.0000000000
116241  -48.164  14.321  19.852 0.0000000000
109880  -47.940  14.229  19.128 0.0000000000
75262  -46.432  14.314  17.744 0.0000000000
126524  -45.069  14.283  19.859 0.0000000000
75238  -44.924  14.241  19.218 0.0000000000
75250  -44.795  14.394  18.294 0.0000000000
109882  -45.472  14.240  18.788 0.0000000000
108849  -45.644  14.326  18.040 0.0000000000
77427  -44.117  17.685  15.520 0.0000000000
79950  -41.641  21.019  16.232 0.0000000000
79949  -41.087  21.375  16.446 0.0000000000
80543  -40.514  22.718  16.745 0.0000000000
113822  -40.206  23.262  17.191 0.0000000000
81211  -39.769  23.486  17.825 0.0000000000
76865  -52.361  15.956  5.519 0.0000000000
76858  -54.351  16.987  6.090 0.0000000000
111093  -53.318  16.451  5.775 0.0000000000
76864  -52.302  16.073  4.597 0.0000000000
125837  -52.016  16.206  3.937 0.0000000000
108665  -51.640  17.562  11.170 0.0000000000
78253  -50.360  18.335  8.062 0.0000000000
122318  -51.251  18.369  8.003 0.0000000000
111640  -54.329  18.892  7.212 0.0000000000
113283  -56.488  18.314  4.943 0.0000000000
129385  -56.137  18.496  3.587 0.0000000000
77599  -53.510  18.618  2.026 0.0000000000
78318  -51.167  18.353  1.286 0.0000000000
114725  -50.352  18.685  1.531 0.0000000000
79490  -53.375  20.774  1.731 0.0000000000
79496  -52.802  20.707  1.346 0.0000000000
78943  -52.296  20.079  1.208 0.0000000000
79487  -48.739  20.755  2.343 0.0000000000
78845  -45.336  19.874  13.935 0.0000000000
79978  -47.072  21.785  13.455 0.0000000000
79997  -46.700  20.975  10.972 0.0000000000
80609  -47.968  21.880  8.999 0.0000000000
81858  -51.750  25.004  16.367 0.0000000000
81868  -50.467  24.340  15.374 0.0000000000
81254  -49.776  23.720  12.244 0.0000000000
83244  -52.677  26.163  13.301 0.0000000000
81879  -53.142  25.605  13.972 0.0000000000
116094  -52.825  25.243  13.097 0.0000000000
81319  -52.130  24.818  3.501 0.0000000000
82670  -53.059  26.627  6.974 0.0000000000
112200  -52.748  26.494  6.051 0.0000000000
124332  -52.367  26.396  4.990 0.0000000000
82679  -52.022  26.190  4.144 0.0000000000
82685  -52.118  25.737  3.693 0.0000000000
81961  -51.839  25.244  2.874 0.0000000000
81968  -51.562  24.773  1.752 0.0000000000
81975  -50.971  24.384  0.923 0.0000000000
81974  -49.518  24.378  0.880 0.0000000000
81335  -48.597  24.131  0.773 0.0000000000
81965  -47.873  24.361  1.606 0.0000000000
81334  -47.851  24.086  0.912 0.0000000000
80657  -47.745  23.724  0.955 0.0000000000
80640  -45.698  23.187  4.537 0.0000000000
80644  -44.665  22.103  4.341 0.0000000000
123589  -46.524  25.028  9.564 0.0000000000
81914  -45.934  24.774  9.323 0.0000000000
81275  -45.126  24.177  9.099 0.0000000000
81286  -44.469  23.471  8.589 0.0000000000
81911  -42.598  24.199  9.621 0.0000000000
81910  -41.825  24.317  9.174 0.0000000000
80607  -43.125  22.735  8.224 0.0000000000
80015  -41.571  21.950  6.585 0.0000000000
80628  -40.657  22.453  5.782 0.0000000000
80022  -40.317  22.071  5.016 0.0000000000
80605  -39.356  23.096  6.990 0.0000000000
119993  -39.708  24.987  6.932 0.0000000000
83261  -38.534  26.230  10.043 0.0000000000
86415  -46.570  31.833  9.154 0.0000000000
86432  -44.094  31.293  7.394 0.0000000000
124452  -43.797  31.147  6.539 0.0000000000
85765  -43.192  30.548  5.908 0.0000000000
85773  -42.891  29.797  5.275 0.0000000000
85124  -43.070  29.472  2.916 0.0000000000
117529  -42.513  29.116  4.592 0.0000000000
85116  -42.112  28.597  4.970 0.0000000000
85115  -41.505  28.557  4.791 0.0000000000
85114  -40.709  28.824  4.903 0.0000000000
85780  -40.315  29.889  3.700 0.0000000000
85120  -40.071  29.587  4.580 0.0000000000
81331  -51.928  24.736  2.184 0.0000000000
81870  -53.038  25.190  15.457 0.0000000000
81871  -53.246  25.421  14.769 0.0000000000
82570  -53.322  26.176  16.106 0.0000000000
82579  -53.227  26.101  15.293 0.0000000000
82591  -53.114  26.002  14.125 0.0000000000
82647  -53.398  27.000  9.627 0.0000000000
83226  -44.114  27.064  12.997 0.0000000000
83272  -53.026  27.063  9.884 0.0000000000
83860  -41.937  27.550  11.045 0.0000000000
85055  -44.430  29.401  12.496 0.0000000000
124661  -53.345  25.951  16.211 0.0000000000
