#!ascii label  , from subject sub-v1s16x0051161_ses-1 vox2ras=TkReg
859
122014  -12.879  -13.564  59.427 0.0000000000
61145  -30.306  -1.057  48.401 0.0000000000
108227  -35.177  -1.036  41.322 0.0000000000
58295  -27.699  -5.068  52.283 0.0000000000
67464  -38.726  5.495  32.512 0.0000000000
65708  -33.268  3.736  36.522 0.0000000000
61967  -32.775  -0.827  53.266 0.0000000000
58330  -30.549  -5.199  50.391 0.0000000000
69217  -43.126  7.713  35.169 0.0000000000
70066  -46.228  8.627  33.601 0.0000000000
70942  -48.730  9.462  31.625 0.0000000000
65653  -35.556  3.507  44.451 0.0000000000
64787  -32.266  2.534  40.262 0.0000000000
67412  -37.084  5.048  41.422 0.0000000000
69174  -37.428  7.455  39.424 0.0000000000
57261  -21.380  -5.251  51.614 0.0000000000
46248  -10.955  -15.360  63.542 0.0000000000
62065  -33.888  -1.554  44.815 0.0000000000
62057  -38.018  0.074  45.468 0.0000000000
58363  -23.549  -4.539  48.340 0.0000000000
56263  -27.070  -7.464  47.504 0.0000000000
70108  -48.812  8.335  26.462 0.0000000000
71818  -51.739  10.665  29.665 0.0000000000
66565  -35.327  4.519  34.404 0.0000000000
124376  -39.977  8.124  36.770 0.0000000000
50914  -14.093  -11.913  55.677 0.0000000000
41535  -8.695  -21.091  62.006 0.0000000000
70059  -44.743  8.160  34.609 0.0000000000
114337  -36.432  5.081  43.495 0.0000000000
55213  -19.665  -7.220  51.093 0.0000000000
47331  -12.338  -14.358  61.216 0.0000000000
61183  -30.560  -1.572  43.499 0.0000000000
62039  -32.124  -0.541  46.826 0.0000000000
58326  -25.529  -4.239  50.078 0.0000000000
122298  -25.353  -5.630  47.292 0.0000000000
57288  -27.535  -6.472  49.601 0.0000000000
60236  -30.114  -2.614  50.112 0.0000000000
57326  -29.681  -5.635  48.014 0.0000000000
60259  -28.841  -2.621  47.344 0.0000000000
59298  -26.875  -4.269  53.802 0.0000000000
127521  -24.913  -3.618  51.858 0.0000000000
118301  -43.943  6.819  28.611 0.0000000000
69261  -46.644  7.700  27.197 0.0000000000
71806  -50.828  10.702  30.596 0.0000000000
64803  -32.086  3.138  38.410 0.0000000000
121261  -34.481  4.411  35.413 0.0000000000
70033  -37.865  8.269  37.868 0.0000000000
54154  -17.625  -8.476  53.797 0.0000000000
54128  -16.780  -8.657  55.785 0.0000000000
53051  -15.288  -9.204  57.084 0.0000000000
52021  -15.069  -10.929  54.164 0.0000000000
42473  -9.641  -20.120  59.855 0.0000000000
61997  -31.617  -0.563  50.724 0.0000000000
62006  -32.666  -0.094  49.283 0.0000000000
109527  -33.823  0.237  51.144 0.0000000000
57236  -29.733  -6.660  53.537 0.0000000000
56199  -29.331  -7.174  51.067 0.0000000000
57253  -31.863  -5.877  52.733 0.0000000000
60233  -31.292  -3.007  52.107 0.0000000000
68330  -40.661  6.489  33.720 0.0000000000
68338  -42.533  6.651  32.705 0.0000000000
69236  -44.074  7.251  32.071 0.0000000000
113270  -45.560  7.717  30.512 0.0000000000
70085  -46.877  8.245  29.974 0.0000000000
70071  -47.162  8.846  32.422 0.0000000000
63900  -34.756  1.707  43.259 0.0000000000
63020  -33.415  0.426  40.951 0.0000000000
64778  -33.581  2.711  42.237 0.0000000000
66523  -33.686  4.533  40.489 0.0000000000
119964  -34.882  4.566  38.745 0.0000000000
68304  -35.928  5.394  38.160 0.0000000000
68291  -36.946  5.829  39.625 0.0000000000
116997  -20.840  -6.305  53.769 0.0000000000
54168  -18.935  -7.949  52.276 0.0000000000
70101  -53.986  8.400  27.810 0.0000000000
46239  -9.392  -16.080  63.954 0.0000000000
61196  -32.385  -2.228  42.882 0.0000000000
61185  -35.113  -2.103  42.824 0.0000000000
108872  -34.819  -0.675  47.143 0.0000000000
62055  -35.697  -1.213  45.185 0.0000000000
63002  -36.237  0.102  43.120 0.0000000000
64769  -36.299  1.959  44.807 0.0000000000
113803  -29.914  -7.606  49.093 0.0000000000
59294  -23.334  -3.215  53.575 0.0000000000
58323  -22.657  -4.485  50.200 0.0000000000
70972  -49.071  9.172  29.142 0.0000000000
70989  -50.093  8.964  28.082 0.0000000000
70992  -52.369  9.272  27.860 0.0000000000
71830  -53.427  10.391  28.948 0.0000000000
47377  -12.743  -14.698  56.305 0.0000000000
120305  -11.809  -15.633  58.119 0.0000000000
66572  -36.965  4.692  33.117 0.0000000000
68313  -36.428  6.453  36.654 0.0000000000
68317  -37.528  6.514  35.472 0.0000000000
68323  -39.385  6.533  34.447 0.0000000000
69210  -41.356  7.895  36.049 0.0000000000
49694  -13.487  -12.206  57.442 0.0000000000
45193  -10.782  -16.934  60.074 0.0000000000
44194  -9.353  -18.264  62.887 0.0000000000
43306  -8.565  -18.591  63.031 0.0000000000
48482  -12.827  -13.695  60.954 0.0000000000
61149  -29.692  -1.197  46.993 0.0000000000
62051  -30.790  -0.840  45.754 0.0000000000
120706  -31.141  -0.531  47.171 0.0000000000
58309  -26.719  -4.355  51.137 0.0000000000
57275  -26.873  -5.513  49.932 0.0000000000
57262  -28.007  -5.847  51.018 0.0000000000
61144  -29.942  -1.707  48.825 0.0000000000
60250  -29.473  -2.322  48.495 0.0000000000
117040  -29.674  -1.569  47.914 0.0000000000
61156  -28.740  -2.302  46.551 0.0000000000
58284  -27.998  -5.398  53.975 0.0000000000
58274  -27.345  -4.721  54.475 0.0000000000
58283  -27.219  -4.603  53.029 0.0000000000
59316  -26.260  -3.928  51.551 0.0000000000
111750  -46.076  7.625  27.949 0.0000000000
122292  -34.698  -1.419  40.840 0.0000000000
124895  -34.206  -0.920  40.421 0.0000000000
65694  -32.623  3.567  37.991 0.0000000000
64828  -31.944  2.761  36.384 0.0000000000
66559  -33.985  4.235  36.034 0.0000000000
53099  -17.267  -9.221  53.356 0.0000000000
53085  -16.871  -8.750  55.012 0.0000000000
53098  -16.606  -9.590  53.722 0.0000000000
53084  -15.831  -9.923  54.886 0.0000000000
52023  -16.143  -10.390  53.374 0.0000000000
61987  -31.739  -0.886  51.587 0.0000000000
61988  -32.312  -0.174  51.228 0.0000000000
62921  -33.516  0.149  52.566 0.0000000000
56170  -31.175  -6.976  54.269 0.0000000000
57237  -30.662  -6.925  53.447 0.0000000000
57238  -32.125  -6.197  53.680 0.0000000000
60230  -32.340  -2.700  54.086 0.0000000000
59307  -31.812  -3.338  52.771 0.0000000000
61132  -31.924  -1.834  52.735 0.0000000000
61140  -31.064  -1.372  51.101 0.0000000000
69221  -41.788  7.204  34.728 0.0000000000
68331  -41.499  6.579  33.541 0.0000000000
69227  -42.866  7.062  33.924 0.0000000000
70060  -45.566  8.487  34.288 0.0000000000
69229  -44.350  7.595  33.505 0.0000000000
69233  -45.363  7.913  32.654 0.0000000000
69238  -45.177  7.613  31.242 0.0000000000
69234  -46.085  8.150  32.179 0.0000000000
70074  -46.519  8.311  31.438 0.0000000000
70070  -46.511  8.537  32.755 0.0000000000
64775  -35.162  2.169  43.862 0.0000000000
64779  -34.094  2.232  42.787 0.0000000000
65655  -34.818  3.651  43.325 0.0000000000
66515  -36.501  5.060  41.674 0.0000000000
130156  -34.941  4.908  41.769 0.0000000000
66517  -35.682  5.027  41.320 0.0000000000
124297  -34.362  4.872  40.058 0.0000000000
66524  -36.050  4.900  40.263 0.0000000000
67430  -36.008  4.876  39.623 0.0000000000
112315  -37.035  5.113  40.811 0.0000000000
58280  -21.706  -4.703  53.171 0.0000000000
57221  -21.555  -5.523  54.778 0.0000000000
57233  -20.804  -5.909  52.899 0.0000000000
55205  -19.450  -7.355  51.956 0.0000000000
70994  -55.663  8.791  28.317 0.0000000000
70995  -56.515  9.101  28.004 0.0000000000
46240  -10.100  -15.841  63.941 0.0000000000
62064  -31.806  -1.033  44.554 0.0000000000
115917  -31.383  -1.682  43.219 0.0000000000
61174  -32.309  -1.618  43.841 0.0000000000
61184  -33.751  -2.333  43.107 0.0000000000
61176  -34.504  -2.086  43.872 0.0000000000
127484  -34.301  -0.426  49.187 0.0000000000
62030  -33.908  -0.567  47.789 0.0000000000
108875  -34.666  -0.547  48.116 0.0000000000
62045  -38.139  -0.157  45.882 0.0000000000
62043  -36.375  -0.839  46.401 0.0000000000
109831  -37.523  -0.245  45.093 0.0000000000
118366  -36.620  -0.432  43.758 0.0000000000
62068  -37.114  -0.105  44.397 0.0000000000
63892  -36.581  1.047  44.498 0.0000000000
63879  -37.067  1.022  45.037 0.0000000000
57324  -26.090  -6.271  47.223 0.0000000000
56212  -30.317  -6.842  50.726 0.0000000000
56230  -29.301  -7.311  49.813 0.0000000000
57277  -30.293  -6.756  49.943 0.0000000000
119909  -29.917  -7.200  47.399 0.0000000000
60222  -24.532  -2.725  54.392 0.0000000000
59336  -23.787  -3.972  49.874 0.0000000000
59324  -23.526  -3.971  50.759 0.0000000000
128107  -23.248  -4.208  49.630 0.0000000000
57306  -22.265  -5.201  48.542 0.0000000000
70076  -48.078  9.094  31.130 0.0000000000
122225  -47.805  8.586  29.085 0.0000000000
70963  -48.987  9.330  30.014 0.0000000000
71817  -50.975  10.486  29.812 0.0000000000
70965  -50.476  9.831  29.392 0.0000000000
71827  -51.209  10.123  29.086 0.0000000000
70990  -50.894  9.124  27.873 0.0000000000
71828  -52.014  10.269  28.953 0.0000000000
70976  -52.655  9.705  28.449 0.0000000000
71819  -52.443  10.782  29.577 0.0000000000
113652  -32.746  1.129  40.881 0.0000000000
63027  -32.071  -0.117  39.900 0.0000000000
66577  -36.527  4.248  32.600 0.0000000000
66571  -36.308  4.457  33.374 0.0000000000
68305  -36.398  6.070  38.160 0.0000000000
68311  -36.045  5.999  37.447 0.0000000000
69198  -37.013  7.215  37.732 0.0000000000
69201  -39.195  8.085  36.834 0.0000000000
69206  -37.769  7.419  36.624 0.0000000000
69207  -38.739  7.558  36.341 0.0000000000
68318  -38.747  6.680  35.051 0.0000000000
69212  -39.237  7.181  35.701 0.0000000000
128102  -40.381  7.115  35.227 0.0000000000
69209  -40.536  7.885  36.318 0.0000000000
51987  -14.656  -10.535  56.383 0.0000000000
51976  -13.861  -10.838  57.431 0.0000000000
51966  -13.674  -10.782  58.146 0.0000000000
117183  -13.809  -11.571  57.047 0.0000000000
48537  -13.414  -13.228  56.069 0.0000000000
49729  -13.737  -12.666  55.645 0.0000000000
44222  -11.343  -17.392  57.390 0.0000000000
45194  -11.341  -16.292  59.390 0.0000000000
44215  -10.578  -17.796  58.662 0.0000000000
41546  -9.254  -20.904  60.840 0.0000000000
117543  -9.659  -19.223  60.261 0.0000000000
42468  -9.144  -20.266  61.642 0.0000000000
43307  -8.882  -18.542  63.191 0.0000000000
42460  -8.512  -19.979  62.504 0.0000000000
57226  -33.527  -5.387  55.087 0.0000000000
70049  -44.161  8.792  36.063 0.0000000000
69218  -44.001  7.853  34.868 0.0000000000
70055  -44.533  8.403  35.306 0.0000000000
66507  -35.816  4.493  44.056 0.0000000000
57273  -21.065  -5.711  50.172 0.0000000000
56198  -20.437  -6.154  51.497 0.0000000000
48467  -12.043  -13.927  62.927 0.0000000000
120867  -11.781  -14.875  62.007 0.0000000000
61164  -30.120  -1.145  45.215 0.0000000000
62052  -31.720  -0.783  45.363 0.0000000000
113189  -32.416  -0.713  45.894 0.0000000000
63871  -38.075  0.690  45.922 0.0000000000
58345  -25.000  -4.533  49.177 0.0000000000
130568  -24.625  -5.308  47.529 0.0000000000
58365  -25.669  -5.183  48.777 0.0000000000
57308  -26.578  -5.835  48.979 0.0000000000
57309  -27.477  -6.836  48.897 0.0000000000
59328  -30.365  -3.846  50.401 0.0000000000
115898  -30.094  -5.672  49.048 0.0000000000
59344  -29.477  -3.689  48.720 0.0000000000
59343  -29.243  -3.813  48.052 0.0000000000
59367  -28.371  -3.291  46.180 0.0000000000
59289  -26.198  -3.119  54.222 0.0000000000
108589  -24.961  -3.384  53.177 0.0000000000
110062  -25.723  -3.625  53.055 0.0000000000
59326  -25.167  -3.814  50.697 0.0000000000
68351  -42.685  6.359  29.374 0.0000000000
70107  -48.008  8.074  26.564 0.0000000000
71786  -49.983  10.501  32.352 0.0000000000
71805  -50.108  10.209  30.905 0.0000000000
64802  -31.784  2.489  38.827 0.0000000000
66568  -34.023  3.912  34.162 0.0000000000
66561  -35.170  4.760  35.301 0.0000000000
70011  -38.032  9.030  39.196 0.0000000000
70019  -37.685  8.320  38.781 0.0000000000
70020  -38.360  8.810  38.341 0.0000000000
55181  -18.721  -7.514  54.873 0.0000000000
54130  -17.956  -7.637  55.148 0.0000000000
54115  -16.639  -8.460  56.452 0.0000000000
53062  -16.251  -9.162  56.137 0.0000000000
124864  -15.396  -10.218  55.438 0.0000000000
52009  -14.709  -11.127  54.724 0.0000000000
49746  -14.237  -12.379  54.122 0.0000000000
49763  -14.801  -12.386  53.502 0.0000000000
62014  -31.096  -0.524  49.275 0.0000000000
121357  -31.395  -0.368  48.522 0.0000000000
62005  -31.684  -0.306  49.809 0.0000000000
123232  -33.071  0.072  50.070 0.0000000000
57235  -28.742  -6.067  53.287 0.0000000000
57263  -28.741  -6.597  51.400 0.0000000000
57251  -29.549  -6.857  52.554 0.0000000000
121798  -30.366  -6.947  51.788 0.0000000000
57265  -30.849  -5.992  51.070 0.0000000000
58285  -32.700  -4.753  53.304 0.0000000000
58297  -31.865  -4.845  52.075 0.0000000000
58311  -30.826  -4.602  50.988 0.0000000000
113337  -30.462  -3.029  50.792 0.0000000000
128197  -30.709  -1.485  50.556 0.0000000000
57209  -28.864  -5.893  55.159 0.0000000000
67459  -39.297  5.973  33.140 0.0000000000
67465  -39.617  5.801  32.233 0.0000000000
67466  -40.377  6.142  32.428 0.0000000000
67467  -40.988  6.268  32.146 0.0000000000
68341  -41.872  6.307  31.086 0.0000000000
69228  -43.632  7.281  33.743 0.0000000000
68339  -43.187  6.781  32.206 0.0000000000
112613  -42.741  6.535  31.169 0.0000000000
68348  -43.974  6.969  30.371 0.0000000000
68353  -44.347  7.091  29.527 0.0000000000
69248  -46.016  7.810  29.771 0.0000000000
69252  -46.440  7.959  28.975 0.0000000000
69244  -46.285  8.112  30.647 0.0000000000
70075  -47.254  8.695  31.492 0.0000000000
70072  -47.888  9.237  31.994 0.0000000000
70919  -47.626  9.433  33.791 0.0000000000
70921  -49.272  9.895  32.926 0.0000000000
63013  -35.089  0.381  42.140 0.0000000000
124897  -34.006  0.430  41.342 0.0000000000
63012  -34.155  0.858  41.893 0.0000000000
63907  -33.641  1.814  42.163 0.0000000000
64784  -33.043  2.573  41.519 0.0000000000
66513  -34.826  4.420  42.503 0.0000000000
125351  -33.570  3.505  41.798 0.0000000000
64783  -32.590  3.070  40.632 0.0000000000
65672  -33.077  4.113  39.220 0.0000000000
65682  -33.257  4.001  38.359 0.0000000000
66551  -34.012  4.067  37.887 0.0000000000
66552  -34.446  4.301  37.486 0.0000000000
67437  -35.355  4.795  38.302 0.0000000000
67438  -36.304  5.486  38.674 0.0000000000
68292  -37.072  6.700  39.119 0.0000000000
69166  -37.750  7.318  40.432 0.0000000000
70010  -37.726  8.246  39.729 0.0000000000
56168  -20.198  -7.040  54.009 0.0000000000
56190  -20.375  -6.297  52.307 0.0000000000
56178  -19.872  -7.101  53.260 0.0000000000
55191  -19.409  -7.447  53.668 0.0000000000
54155  -18.251  -8.134  53.468 0.0000000000
62083  -34.810  -2.126  41.816 0.0000000000
129331  -35.472  -1.558  42.012 0.0000000000
62029  -32.887  -0.501  47.481 0.0000000000
62040  -33.071  -0.651  46.455 0.0000000000
109795  -33.842  -0.786  46.092 0.0000000000
62041  -34.678  -0.902  46.173 0.0000000000
62054  -34.398  -1.216  45.442 0.0000000000
62074  -35.543  -1.746  43.505 0.0000000000
112666  -35.865  -1.302  42.533 0.0000000000
62085  -35.926  -0.189  42.452 0.0000000000
63001  -35.329  0.746  42.860 0.0000000000
63891  -35.908  1.575  44.224 0.0000000000
64757  -36.012  3.074  45.177 0.0000000000
64749  -37.233  2.636  46.180 0.0000000000
115733  -36.624  3.108  45.719 0.0000000000
56211  -28.730  -6.914  50.605 0.0000000000
108371  -28.675  -7.410  49.223 0.0000000000
56249  -28.342  -7.855  48.311 0.0000000000
56251  -30.272  -7.416  48.605 0.0000000000
55237  -29.648  -8.187  47.781 0.0000000000
59293  -22.651  -3.609  54.061 0.0000000000
58293  -22.235  -4.183  52.731 0.0000000000
59303  -23.592  -3.458  52.698 0.0000000000
115843  -22.412  -4.329  51.806 0.0000000000
58306  -21.981  -4.827  51.227 0.0000000000
57287  -21.482  -5.508  49.510 0.0000000000
70089  -47.201  8.316  29.093 0.0000000000
70090  -47.532  8.389  28.440 0.0000000000
70098  -48.512  8.508  27.370 0.0000000000
70964  -49.742  9.564  29.710 0.0000000000
70973  -49.889  9.325  28.896 0.0000000000
70099  -49.410  8.678  27.252 0.0000000000
70100  -50.272  8.775  27.138 0.0000000000
71002  -51.100  8.842  27.051 0.0000000000
71003  -51.972  8.888  27.094 0.0000000000
110243  -53.396  9.047  28.151 0.0000000000
70977  -53.671  9.589  28.594 0.0000000000
47358  -12.455  -14.226  57.970 0.0000000000
46282  -12.273  -14.833  58.771 0.0000000000
46292  -12.205  -15.047  57.601 0.0000000000
62093  -33.552  -0.340  40.513 0.0000000000
67463  -38.056  5.209  32.733 0.0000000000
67443  -35.158  5.002  36.756 0.0000000000
67446  -35.375  5.290  36.051 0.0000000000
67447  -35.723  5.318  35.542 0.0000000000
69205  -36.991  7.175  37.003 0.0000000000
68314  -37.255  6.825  36.216 0.0000000000
67449  -37.004  6.029  35.034 0.0000000000
67453  -37.225  5.669  34.435 0.0000000000
68322  -38.536  6.198  34.222 0.0000000000
68328  -39.089  6.193  33.792 0.0000000000
68324  -40.319  6.757  34.546 0.0000000000
69220  -40.992  7.155  34.975 0.0000000000
69216  -42.277  7.989  35.763 0.0000000000
118370  -13.631  -12.372  60.320 0.0000000000
50872  -13.598  -11.315  58.875 0.0000000000
49678  -13.147  -12.856  58.958 0.0000000000
48527  -12.997  -13.858  56.575 0.0000000000
47387  -13.198  -14.215  55.649 0.0000000000
47349  -12.317  -14.940  59.858 0.0000000000
124464  -11.711  -15.582  60.748 0.0000000000
46261  -11.202  -16.010  61.372 0.0000000000
43328  -10.142  -18.426  59.325 0.0000000000
44204  -10.136  -17.579  60.769 0.0000000000
45174  -9.808  -16.748  63.268 0.0000000000
45173  -9.189  -17.399  63.535 0.0000000000
45172  -8.899  -17.487  63.489 0.0000000000
40649  -8.149  -20.973  62.281 0.0000000000
42459  -8.224  -20.483  62.332 0.0000000000
49665  -13.360  -13.015  60.093 0.0000000000
48493  -12.917  -13.683  60.352 0.0000000000
121356  -30.303  -0.853  47.545 0.0000000000
62038  -30.501  -0.754  46.654 0.0000000000
62027  -30.896  -0.571  48.018 0.0000000000
58310  -27.446  -4.967  51.474 0.0000000000
58328  -27.204  -5.160  50.690 0.0000000000
58296  -27.992  -5.255  53.095 0.0000000000
129678  -27.382  -4.890  53.759 0.0000000000
58294  -26.883  -4.283  52.103 0.0000000000
62094  -34.338  -0.385  40.921 0.0000000000
65695  -33.309  3.805  37.483 0.0000000000
65707  -32.555  3.313  37.058 0.0000000000
65718  -32.566  3.262  35.976 0.0000000000
65719  -33.259  3.692  35.517 0.0000000000
53112  -16.941  -10.004  52.978 0.0000000000
61133  -32.320  -1.048  52.756 0.0000000000
114895  -32.340  -0.569  52.042 0.0000000000
61981  -32.860  -0.365  52.649 0.0000000000
56171  -31.809  -7.003  54.742 0.0000000000
124811  -31.731  -6.785  54.163 0.0000000000
56180  -32.346  -6.605  54.572 0.0000000000
61129  -32.407  -1.700  53.500 0.0000000000
60229  -31.924  -2.653  53.284 0.0000000000
61138  -31.935  -1.215  52.239 0.0000000000
56159  -31.471  -7.016  55.205 0.0000000000
120154  -42.286  7.521  35.124 0.0000000000
68326  -42.063  6.909  34.082 0.0000000000
69222  -42.616  7.261  34.588 0.0000000000
70065  -45.492  8.183  33.450 0.0000000000
69230  -44.952  7.832  33.276 0.0000000000
121456  -45.484  7.834  31.884 0.0000000000
70069  -45.939  8.286  32.934 0.0000000000
64767  -35.026  3.072  43.991 0.0000000000
65656  -35.308  3.828  43.820 0.0000000000
66518  -36.452  4.985  40.880 0.0000000000
120793  -35.716  4.978  40.631 0.0000000000
57249  -21.270  -5.296  52.569 0.0000000000
70979  -55.836  9.617  28.351 0.0000000000
47320  -11.350  -14.609  63.666 0.0000000000
47319  -10.527  -15.090  64.124 0.0000000000
124462  -32.702  -1.103  44.871 0.0000000000
61175  -33.418  -1.861  44.183 0.0000000000
62018  -34.702  -0.501  48.900 0.0000000000
108662  -35.297  -0.513  49.129 0.0000000000
62984  -37.578  0.110  44.871 0.0000000000
62992  -37.099  0.328  44.496 0.0000000000
63880  -37.730  0.458  45.327 0.0000000000
58381  -23.341  -4.922  47.927 0.0000000000
58382  -24.068  -4.826  47.903 0.0000000000
57278  -30.544  -6.251  50.325 0.0000000000
58343  -23.471  -4.244  49.048 0.0000000000
58362  -22.834  -4.677  48.593 0.0000000000
70081  -48.242  9.016  30.316 0.0000000000
70952  -48.865  9.395  30.817 0.0000000000
63921  -32.152  1.606  40.259 0.0000000000
63920  -31.857  0.790  39.783 0.0000000000
66575  -34.962  3.818  33.112 0.0000000000
66570  -35.517  4.256  33.620 0.0000000000
66566  -36.122  4.739  34.146 0.0000000000
69187  -36.833  6.743  38.312 0.0000000000
69188  -37.278  7.554  38.376 0.0000000000
69208  -39.661  7.681  36.255 0.0000000000
69213  -40.082  7.352  35.705 0.0000000000
50915  -14.386  -11.173  56.031 0.0000000000
108907  -14.333  -10.303  57.070 0.0000000000
50902  -14.149  -10.981  56.717 0.0000000000
50901  -14.064  -11.602  56.410 0.0000000000
44216  -11.041  -17.236  58.152 0.0000000000
108955  -9.096  -21.615  61.309 0.0000000000
41526  -8.411  -20.663  62.411 0.0000000000
66508  -36.562  5.006  44.365 0.0000000000
56227  -20.511  -6.458  49.836 0.0000000000
48473  -12.633  -13.614  61.435 0.0000000000
48468  -12.628  -13.118  62.082 0.0000000000
47326  -12.141  -14.028  61.991 0.0000000000
61171  -29.521  -1.589  44.711 0.0000000000
125904  -31.460  -0.654  46.278 0.0000000000
58346  -25.986  -4.972  49.565 0.0000000000
56248  -26.762  -6.688  48.181 0.0000000000
59327  -29.794  -3.473  49.533 0.0000000000
60249  -29.074  -2.970  48.168 0.0000000000
59356  -28.829  -3.372  47.448 0.0000000000
58393  -28.772  -4.773  46.736 0.0000000000
124539  -28.630  -3.764  46.770 0.0000000000
111320  -28.502  -2.961  46.717 0.0000000000
61162  -28.782  -2.081  45.732 0.0000000000
115732  -27.102  -4.059  55.036 0.0000000000
120797  -26.916  -4.053  54.385 0.0000000000
59290  -26.824  -3.286  54.607 0.0000000000
109392  -26.634  -3.622  54.079 0.0000000000
59297  -26.253  -3.622  53.616 0.0000000000
58308  -25.987  -3.924  50.833 0.0000000000
59315  -25.486  -3.725  51.557 0.0000000000
58325  -24.693  -3.965  49.920 0.0000000000
68352  -43.534  6.699  29.457 0.0000000000
116605  -32.070  3.101  39.117 0.0000000000
64815  -31.720  2.455  37.830 0.0000000000
66563  -33.938  4.047  35.040 0.0000000000
66564  -34.603  4.294  34.673 0.0000000000
70849  -38.563  9.432  39.715 0.0000000000
70862  -39.940  9.289  38.352 0.0000000000
54141  -18.107  -7.860  54.314 0.0000000000
54140  -17.444  -8.232  54.654 0.0000000000
54129  -17.332  -8.104  55.461 0.0000000000
52022  -15.553  -10.402  54.089 0.0000000000
52010  -15.206  -10.533  54.801 0.0000000000
51998  -14.842  -10.710  55.549 0.0000000000
50936  -14.726  -11.617  53.936 0.0000000000
61996  -30.912  -0.920  50.158 0.0000000000
130033  -33.393  0.236  51.423 0.0000000000
62946  -33.071  0.231  50.895 0.0000000000
57264  -28.638  -6.027  52.305 0.0000000000
117507  -30.956  -6.718  52.673 0.0000000000
57252  -30.266  -7.044  52.766 0.0000000000
57266  -31.277  -6.011  51.925 0.0000000000
58276  -33.158  -4.593  54.219 0.0000000000
57239  -32.899  -5.649  54.113 0.0000000000
59308  -32.260  -4.275  52.686 0.0000000000
119808  -31.773  -3.875  52.207 0.0000000000
59318  -31.253  -3.971  51.603 0.0000000000
59317  -30.701  -3.652  51.064 0.0000000000
60232  -30.807  -3.002  51.386 0.0000000000
57223  -29.658  -6.365  54.548 0.0000000000
57222  -28.757  -6.052  54.235 0.0000000000
67460  -40.111  6.200  33.066 0.0000000000
68332  -42.308  6.723  33.378 0.0000000000
68337  -41.747  6.448  32.683 0.0000000000
113974  -41.595  6.338  31.844 0.0000000000
68342  -42.297  6.487  31.973 0.0000000000
69223  -43.431  7.416  34.438 0.0000000000
69224  -44.188  7.663  34.207 0.0000000000
69231  -43.798  7.272  32.926 0.0000000000
68343  -43.607  6.851  31.231 0.0000000000
68347  -43.144  6.598  30.309 0.0000000000
69237  -44.429  7.264  31.241 0.0000000000
69243  -44.777  7.343  30.414 0.0000000000
69247  -45.166  7.455  29.611 0.0000000000
129780  -46.704  8.484  32.073 0.0000000000
63908  -34.428  1.281  42.575 0.0000000000
66511  -35.537  4.655  43.144 0.0000000000
124938  -34.640  4.917  40.931 0.0000000000
112390  -34.264  4.303  41.829 0.0000000000
65661  -33.780  4.298  41.237 0.0000000000
65660  -33.162  3.711  40.991 0.0000000000
65664  -32.983  3.998  40.114 0.0000000000
66532  -34.650  4.720  39.351 0.0000000000
66531  -33.723  4.576  39.642 0.0000000000
66543  -34.023  4.396  38.752 0.0000000000
66544  -34.664  4.393  38.116 0.0000000000
67431  -36.436  5.306  39.303 0.0000000000
116677  -36.705  5.999  38.856 0.0000000000
112324  -37.352  6.528  39.983 0.0000000000
69159  -38.218  7.744  41.322 0.0000000000
69167  -37.950  8.236  40.503 0.0000000000
57220  -21.226  -6.070  54.374 0.0000000000
56169  -20.840  -6.607  54.631 0.0000000000
56209  -20.098  -6.619  51.087 0.0000000000
56197  -19.969  -6.726  51.756 0.0000000000
55199  -19.366  -7.428  52.836 0.0000000000
55198  -18.821  -7.828  53.175 0.0000000000
46238  -8.957  -16.085  63.799 0.0000000000
61195  -31.406  -2.233  42.619 0.0000000000
62016  -32.256  -0.253  48.402 0.0000000000
108873  -33.860  -0.624  46.838 0.0000000000
62056  -36.645  -0.825  45.497 0.0000000000
62042  -35.654  -0.918  46.261 0.0000000000
62066  -35.059  -1.661  44.526 0.0000000000
114841  -36.057  -1.221  44.081 0.0000000000
62075  -36.260  -0.876  43.106 0.0000000000
64768  -35.550  2.596  44.488 0.0000000000
64750  -37.904  1.729  46.430 0.0000000000
130437  -37.822  2.649  46.818 0.0000000000
65647  -37.048  3.657  46.034 0.0000000000
56250  -29.919  -7.967  48.486 0.0000000000
57310  -30.104  -6.292  48.587 0.0000000000
58281  -22.169  -4.123  53.664 0.0000000000
59302  -22.745  -3.645  53.180 0.0000000000
129335  -24.444  -3.457  52.739 0.0000000000
59304  -24.312  -3.603  52.045 0.0000000000
59313  -23.318  -3.853  51.711 0.0000000000
58307  -22.703  -4.380  50.874 0.0000000000
58322  -22.162  -4.794  50.266 0.0000000000
116159  -21.652  -5.222  50.011 0.0000000000
70087  -48.338  8.911  29.485 0.0000000000
70091  -48.286  8.694  28.475 0.0000000000
70953  -49.604  9.690  30.494 0.0000000000
70954  -50.293  10.066  30.144 0.0000000000
70092  -49.214  8.898  28.229 0.0000000000
70991  -51.581  9.169  27.675 0.0000000000
124736  -52.939  8.720  27.461 0.0000000000
71829  -52.803  10.293  28.919 0.0000000000
113722  -54.103  10.116  28.806 0.0000000000
47366  -12.533  -14.437  57.065 0.0000000000
116692  -12.357  -15.222  56.758 0.0000000000
66578  -37.356  4.702  32.409 0.0000000000
67457  -37.609  5.151  33.275 0.0000000000
67440  -34.982  4.631  37.499 0.0000000000
66557  -34.546  4.495  36.783 0.0000000000
67441  -35.528  5.235  37.479 0.0000000000
67444  -35.712  5.738  36.701 0.0000000000
67445  -35.944  5.931  35.992 0.0000000000
69199  -37.476  7.677  37.425 0.0000000000
68315  -38.221  6.972  35.790 0.0000000000
68316  -36.718  6.291  35.776 0.0000000000
68321  -37.837  6.237  34.764 0.0000000000
67458  -38.442  5.689  33.390 0.0000000000
69214  -40.809  7.445  35.636 0.0000000000
69215  -41.571  7.522  35.388 0.0000000000
50884  -13.573  -11.457  57.870 0.0000000000
49679  -13.400  -12.132  58.402 0.0000000000
49666  -13.536  -12.229  59.427 0.0000000000
49693  -13.095  -12.839  57.922 0.0000000000
48528  -13.258  -12.987  56.979 0.0000000000
113965  -11.838  -15.579  59.094 0.0000000000
46270  -11.840  -15.599  60.050 0.0000000000
45187  -11.243  -16.207  60.471 0.0000000000
45186  -10.469  -16.843  61.340 0.0000000000
112961  -10.205  -19.971  58.726 0.0000000000
42478  -10.064  -19.218  59.032 0.0000000000
44203  -9.507  -18.309  61.738 0.0000000000
44210  -9.824  -18.348  60.492 0.0000000000
44195  -9.763  -17.601  61.819 0.0000000000
45180  -9.696  -17.336  62.807 0.0000000000
44186  -9.194  -17.986  63.447 0.0000000000
43313  -8.619  -19.093  62.821 0.0000000000
44185  -8.910  -18.168  63.465 0.0000000000
44184  -8.540  -18.002  63.180 0.0000000000
40648  -8.080  -21.455  61.947 0.0000000000
41524  -8.076  -20.983  62.280 0.0000000000
61158  -29.880  -1.078  46.102 0.0000000000
58327  -26.384  -4.619  50.355 0.0000000000
57276  -27.752  -6.160  50.309 0.0000000000
61142  -30.109  -1.883  49.525 0.0000000000
60243  -29.743  -2.470  49.265 0.0000000000
60260  -29.229  -2.270  47.836 0.0000000000
61148  -29.176  -1.898  47.187 0.0000000000
61157  -29.201  -1.622  46.369 0.0000000000
58275  -28.091  -5.331  54.829 0.0000000000
58282  -26.494  -4.021  53.028 0.0000000000
61206  -34.303  -2.247  41.038 0.0000000000
114264  -31.924  2.828  37.179 0.0000000000
64827  -31.557  2.172  36.832 0.0000000000
53086  -17.009  -8.928  54.163 0.0000000000
117322  -16.442  -9.383  54.540 0.0000000000
53075  -16.348  -9.299  55.381 0.0000000000
53097  -16.030  -9.855  54.071 0.0000000000
110555  -15.452  -11.144  53.489 0.0000000000
62920  -32.994  0.076  51.810 0.0000000000
62938  -33.740  0.318  51.839 0.0000000000
109125  -30.392  -6.753  54.093 0.0000000000
109745  -31.388  -6.656  53.485 0.0000000000
59299  -32.437  -3.697  53.532 0.0000000000
60231  -31.637  -2.569  52.610 0.0000000000
61136  -31.005  -2.276  51.556 0.0000000000
61137  -31.520  -1.877  52.004 0.0000000000
57224  -30.522  -6.662  54.889 0.0000000000
68325  -41.224  6.819  34.275 0.0000000000
69225  -44.882  7.974  33.898 0.0000000000
69232  -44.587  7.585  32.764 0.0000000000
110201  -44.860  7.588  31.985 0.0000000000
69239  -45.850  7.979  31.323 0.0000000000
64774  -34.536  2.703  43.413 0.0000000000
65658  -34.142  3.372  42.632 0.0000000000
121618  -36.480  5.097  42.513 0.0000000000
66514  -35.610  5.017  42.173 0.0000000000
112266  -35.315  4.880  39.982 0.0000000000
66533  -35.419  4.752  39.149 0.0000000000
67421  -36.596  5.126  40.157 0.0000000000
67422  -37.232  5.632  40.423 0.0000000000
116745  -21.927  -4.785  54.928 0.0000000000
58272  -21.749  -4.746  54.144 0.0000000000
57234  -21.283  -5.499  53.665 0.0000000000
54176  -18.707  -8.646  51.790 0.0000000000
70993  -54.493  8.827  28.340 0.0000000000
70102  -55.196  8.096  28.190 0.0000000000
70103  -56.224  8.260  27.995 0.0000000000
61173  -31.239  -1.236  43.996 0.0000000000
127755  -33.408  -0.287  48.939 0.0000000000
108797  -33.189  -0.370  48.420 0.0000000000
62017  -33.995  -0.486  48.694 0.0000000000
108818  -36.662  -0.757  47.039 0.0000000000
62044  -37.282  -0.632  46.054 0.0000000000
62067  -36.743  -0.720  44.551 0.0000000000
62991  -36.542  0.423  43.957 0.0000000000
65641  -38.160  3.242  47.249 0.0000000000
116717  -29.885  -7.226  51.113 0.0000000000
110324  -29.790  -7.200  50.391 0.0000000000
56231  -30.050  -7.163  49.432 0.0000000000
57325  -29.354  -5.789  47.406 0.0000000000
56265  -30.291  -6.937  47.947 0.0000000000
60221  -23.948  -2.909  54.007 0.0000000000
59325  -24.345  -3.776  50.637 0.0000000000
126258  -24.042  -3.702  51.314 0.0000000000
58324  -23.079  -4.227  50.139 0.0000000000
58342  -22.759  -4.474  49.565 0.0000000000
58341  -22.092  -5.032  49.322 0.0000000000
57321  -22.668  -5.201  48.016 0.0000000000
70080  -47.506  8.659  30.588 0.0000000000
70086  -47.665  8.610  29.777 0.0000000000
70974  -50.697  9.505  28.632 0.0000000000
70975  -51.610  9.649  28.344 0.0000000000
46317  -12.934  -15.100  55.697 0.0000000000
124817  -12.604  -15.356  56.198 0.0000000000
63028  -32.591  0.445  40.467 0.0000000000
66576  -35.777  3.951  32.877 0.0000000000
67456  -36.959  5.083  33.864 0.0000000000
68312  -36.599  6.677  37.538 0.0000000000
70034  -38.750  8.464  37.554 0.0000000000
69200  -38.257  7.982  37.062 0.0000000000
128136  -38.106  6.619  35.266 0.0000000000
68319  -39.723  6.922  35.139 0.0000000000
116282  -41.192  8.267  36.671 0.0000000000
53060  -14.958  -9.885  56.731 0.0000000000
53050  -14.583  -9.603  57.379 0.0000000000
51977  -13.952  -10.045  57.883 0.0000000000
49712  -13.743  -12.316  56.490 0.0000000000
48547  -13.571  -13.371  55.040 0.0000000000
45214  -11.477  -16.510  57.746 0.0000000000
46281  -11.513  -16.115  58.551 0.0000000000
124957  -11.229  -16.643  58.541 0.0000000000
45203  -10.897  -17.092  59.044 0.0000000000
43321  -9.284  -19.231  61.714 0.0000000000
43314  -8.998  -19.037  62.780 0.0000000000
43312  -8.204  -19.363  62.535 0.0000000000
57225  -33.170  -6.267  55.228 0.0000000000
60224  -32.865  -1.948  54.356 0.0000000000
70054  -43.213  8.370  35.901 0.0000000000
128653  -43.822  8.203  35.430 0.0000000000
65654  -36.131  4.136  44.814 0.0000000000
67403  -37.465  5.154  42.748 0.0000000000
57248  -20.814  -5.690  51.997 0.0000000000
57260  -20.933  -5.653  51.117 0.0000000000
56210  -20.508  -6.202  50.691 0.0000000000
47325  -11.648  -14.729  62.842 0.0000000000
128735  -11.270  -15.379  62.786 0.0000000000
61172  -30.326  -1.280  44.333 0.0000000000
62063  -31.006  -0.956  44.852 0.0000000000
62053  -33.363  -0.937  45.589 0.0000000000
58364  -24.179  -4.437  48.566 0.0000000000
57307  -24.948  -5.042  48.158 0.0000000000
111703  -25.860  -5.737  48.055 0.0000000000
57290  -30.358  -5.769  49.699 0.0000000000
58329  -30.213  -4.568  49.843 0.0000000000
58347  -29.940  -4.639  49.216 0.0000000000
58367  -29.666  -4.836  48.446 0.0000000000
129727  -29.392  -2.944  48.874 0.0000000000
58366  -29.163  -4.515  47.548 0.0000000000
60272  -28.428  -2.716  45.940 0.0000000000
60223  -25.380  -2.724  54.473 0.0000000000
59296  -25.546  -3.265  53.720 0.0000000000
59305  -25.126  -3.586  52.410 0.0000000000
59306  -26.021  -3.812  52.299 0.0000000000
59314  -24.726  -3.669  51.355 0.0000000000
58344  -24.215  -4.128  49.263 0.0000000000
68346  -42.246  6.331  30.214 0.0000000000
70932  -49.357  9.828  32.053 0.0000000000
70943  -49.453  9.756  31.255 0.0000000000
71794  -49.882  10.230  31.590 0.0000000000
71808  -52.418  11.031  30.397 0.0000000000
64794  -31.967  2.513  39.636 0.0000000000
63926  -31.718  1.686  39.341 0.0000000000
70021  -39.270  8.924  37.998 0.0000000000
70035  -39.673  8.493  37.331 0.0000000000
70022  -40.046  8.869  37.749 0.0000000000
70046  -40.642  8.526  37.234 0.0000000000
55172  -17.906  -7.574  55.900 0.0000000000
53061  -15.634  -9.533  56.447 0.0000000000
53074  -15.831  -9.757  55.766 0.0000000000
51999  -15.247  -10.136  56.080 0.0000000000
120588  -14.430  -11.317  55.342 0.0000000000
50925  -14.271  -11.782  54.733 0.0000000000
122081  -30.779  -0.684  48.718 0.0000000000
62015  -31.776  -0.177  49.043 0.0000000000
61998  -32.373  -0.038  50.316 0.0000000000
62954  -33.723  -0.267  49.452 0.0000000000
57250  -28.105  -5.638  51.696 0.0000000000
56200  -29.429  -7.053  51.688 0.0000000000
126978  -32.470  -5.450  53.218 0.0000000000
57254  -32.384  -4.980  52.692 0.0000000000
58312  -31.300  -5.099  51.453 0.0000000000
60237  -30.574  -2.173  50.845 0.0000000000
117334  -30.440  -1.662  50.088 0.0000000000
114877  -30.484  -1.159  49.290 0.0000000000
67470  -38.873  5.291  31.594 0.0000000000
68336  -40.911  6.318  32.968 0.0000000000
68333  -43.058  6.942  33.175 0.0000000000
69250  -44.741  7.194  28.685 0.0000000000
69251  -45.595  7.539  28.784 0.0000000000
70079  -46.898  8.405  30.826 0.0000000000
70067  -46.989  8.981  33.274 0.0000000000
70930  -47.746  9.353  32.899 0.0000000000
70931  -48.605  9.560  32.493 0.0000000000
62095  -34.800  -0.021  41.508 0.0000000000
63915  -33.272  1.253  41.464 0.0000000000
63914  -32.575  2.038  40.892 0.0000000000
65671  -32.408  3.340  39.713 0.0000000000
65681  -32.539  3.623  38.818 0.0000000000
66556  -33.917  4.119  37.032 0.0000000000
116300  -35.969  4.976  38.869 0.0000000000
67413  -37.492  5.444  41.181 0.0000000000
68279  -37.702  6.237  40.801 0.0000000000
69158  -38.050  6.792  41.220 0.0000000000
70005  -38.009  8.950  40.088 0.0000000000
56179  -20.367  -6.586  53.132 0.0000000000
56189  -19.920  -6.905  52.546 0.0000000000
55190  -18.792  -7.704  54.030 0.0000000000
54167  -18.449  -8.421  52.638 0.0000000000
54166  -17.883  -8.812  52.973 0.0000000000
61197  -33.652  -2.568  42.028 0.0000000000
62028  -31.761  -0.390  47.724 0.0000000000
62084  -35.552  -0.556  41.864 0.0000000000
63901  -35.630  1.114  43.566 0.0000000000
64759  -37.468  1.426  45.724 0.0000000000
64758  -36.732  2.244  45.465 0.0000000000
56229  -28.374  -6.907  49.940 0.0000000000
57289  -30.281  -6.707  49.224 0.0000000000
56264  -30.285  -7.797  47.947 0.0000000000
55247  -28.549  -8.295  47.447 0.0000000000
58273  -22.216  -4.210  54.556 0.0000000000
58292  -21.809  -4.794  52.159 0.0000000000
60228  -24.777  -3.055  53.841 0.0000000000
59295  -24.196  -3.228  53.325 0.0000000000
59312  -22.814  -3.825  52.407 0.0000000000
57274  -21.526  -5.242  50.731 0.0000000000
57305  -21.641  -5.642  48.706 0.0000000000
69253  -46.879  8.088  28.148 0.0000000000
69262  -47.551  8.210  27.481 0.0000000000
70110  -50.521  8.586  26.283 0.0000000000
70978  -54.834  9.442  28.579 0.0000000000
71831  -54.942  10.270  28.802 0.0000000000
116581  -12.780  -13.504  58.390 0.0000000000
48502  -12.571  -14.067  58.867 0.0000000000
46305  -12.311  -15.917  56.451 0.0000000000
46291  -11.964  -15.851  57.183 0.0000000000
62102  -33.653  -0.997  40.109 0.0000000000
63033  -31.470  0.832  38.895 0.0000000000
66560  -34.765  4.712  36.048 0.0000000000
67451  -35.918  4.985  34.923 0.0000000000
67448  -36.305  5.647  35.317 0.0000000000
67452  -36.596  5.341  34.621 0.0000000000
67454  -37.762  5.670  33.983 0.0000000000
68329  -39.812  6.380  33.797 0.0000000000
50859  -13.756  -11.654  59.991 0.0000000000
48513  -12.831  -13.626  57.458 0.0000000000
49745  -13.900  -12.502  54.885 0.0000000000
121777  -13.887  -13.012  54.333 0.0000000000
47350  -12.613  -14.232  59.703 0.0000000000
47340  -12.557  -14.280  60.518 0.0000000000
47339  -12.220  -15.011  60.631 0.0000000000
47330  -11.849  -15.242  61.324 0.0000000000
46254  -11.245  -15.706  62.173 0.0000000000
43335  -10.469  -18.548  58.393 0.0000000000
44211  -10.370  -17.664  59.646 0.0000000000
46253  -10.489  -16.426  62.418 0.0000000000
46247  -10.522  -16.047  63.235 0.0000000000
45165  -9.543  -16.499  63.658 0.0000000000
45164  -9.103  -16.763  63.694 0.0000000000
120866  -8.844  -16.750  63.533 0.0000000000
128495  -8.885  -22.236  61.582 0.0000000000
40656  -8.399  -21.772  61.834 0.0000000000
41525  -8.244  -20.716  62.433 0.0000000000
44221  -10.878  -17.964  57.870 0.0000000000
57212  -31.705  -6.827  56.047 0.0000000000
64816  -32.148  3.130  37.713 0.0000000000
