#!ascii label  , from subject sub-v1s16x0051161_ses-1 vox2ras=TkReg
779
54716  27.061  -9.064  45.952 0.0000000000
64746  41.163  2.033  29.607 0.0000000000
58550  31.788  -3.989  36.508 0.0000000000
52629  12.394  -10.692  53.983 0.0000000000
54624  24.792  -8.435  51.455 0.0000000000
63177  33.690  0.061  35.551 0.0000000000
55606  18.156  -7.492  50.748 0.0000000000
51661  16.388  -11.140  52.221 0.0000000000
54648  21.228  -7.900  51.021 0.0000000000
63968  44.569  1.333  28.203 0.0000000000
57521  29.353  -5.976  46.106 0.0000000000
55707  30.383  -7.555  42.278 0.0000000000
54696  30.837  -8.790  46.415 0.0000000000
66339  45.851  4.084  29.268 0.0000000000
64769  49.698  2.871  26.586 0.0000000000
64730  38.608  2.263  32.479 0.0000000000
61601  38.883  -0.906  30.804 0.0000000000
62389  35.402  -0.282  32.242 0.0000000000
59546  34.420  -3.426  35.377 0.0000000000
49484  26.442  -13.236  48.230 0.0000000000
49398  9.809  -12.988  55.651 0.0000000000
49364  5.536  -13.585  57.237 0.0000000000
48092  3.241  -14.285  61.034 0.0000000000
53659  25.989  -10.574  48.906 0.0000000000
51686  22.880  -11.707  49.847 0.0000000000
59504  29.580  -4.019  40.216 0.0000000000
55723  33.065  -7.144  40.547 0.0000000000
65578  53.870  2.834  26.613 0.0000000000
64751  42.869  1.972  28.790 0.0000000000
63208  41.735  0.539  29.347 0.0000000000
55662  28.042  -7.119  46.059 0.0000000000
55675  29.149  -7.857  45.365 0.0000000000
53689  29.220  -9.090  45.891 0.0000000000
105933  42.559  3.458  30.904 0.0000000000
107422  45.266  4.427  30.810 0.0000000000
111588  43.768  3.474  29.770 0.0000000000
65561  45.404  3.211  28.318 0.0000000000
43976  2.966  -18.296  60.638 0.0000000000
63949  36.853  1.061  32.081 0.0000000000
63933  36.177  1.406  34.111 0.0000000000
60595  31.875  -1.987  35.687 0.0000000000
60612  33.173  -2.247  34.353 0.0000000000
117009  33.181  -3.508  35.331 0.0000000000
57595  33.075  -5.110  37.692 0.0000000000
51663  14.108  -11.461  52.639 0.0000000000
50551  14.709  -12.391  53.560 0.0000000000
50540  12.783  -12.634  54.283 0.0000000000
122089  12.104  -13.166  55.826 0.0000000000
108283  10.739  -12.128  54.808 0.0000000000
108357  6.733  -12.065  56.743 0.0000000000
49351  4.035  -14.215  58.845 0.0000000000
53630  25.071  -10.040  50.263 0.0000000000
52696  24.731  -11.335  48.791 0.0000000000
53649  23.728  -10.117  49.743 0.0000000000
54608  20.694  -8.603  52.196 0.0000000000
53613  21.574  -9.554  51.653 0.0000000000
54741  32.454  -8.329  43.302 0.0000000000
54767  31.973  -7.978  41.872 0.0000000000
63927  35.491  1.042  35.359 0.0000000000
63161  33.091  -0.166  37.676 0.0000000000
61513  31.137  -1.365  37.176 0.0000000000
53615  18.696  -9.359  51.208 0.0000000000
52654  17.897  -10.392  52.300 0.0000000000
53636  17.027  -9.229  50.705 0.0000000000
53598  15.323  -9.586  51.857 0.0000000000
54597  14.021  -9.264  53.896 0.0000000000
54646  22.683  -8.411  50.522 0.0000000000
117963  21.569  -6.359  50.922 0.0000000000
55604  20.529  -7.319  50.986 0.0000000000
58474  31.154  -5.246  45.351 0.0000000000
58506  30.446  -5.101  42.870 0.0000000000
56584  29.815  -6.692  44.257 0.0000000000
54728  30.524  -8.244  44.293 0.0000000000
121200  50.270  4.449  27.201 0.0000000000
66361  47.624  3.706  27.750 0.0000000000
117456  47.252  2.265  27.381 0.0000000000
64738  40.167  2.340  30.630 0.0000000000
63210  40.172  1.029  29.918 0.0000000000
117631  38.628  0.837  30.695 0.0000000000
61602  37.565  -0.809  31.236 0.0000000000
125997  36.523  -2.006  32.524 0.0000000000
63190  34.537  0.212  33.461 0.0000000000
60630  34.940  -2.311  33.396 0.0000000000
51721  26.571  -11.324  46.499 0.0000000000
120364  28.895  -11.208  46.488 0.0000000000
65534  41.376  3.330  32.762 0.0000000000
52615  10.384  -10.173  55.144 0.0000000000
51624  8.331  -12.004  55.271 0.0000000000
122060  7.412  -13.931  55.886 0.0000000000
46997  7.022  -15.462  57.163 0.0000000000
45929  4.923  -15.908  57.979 0.0000000000
46976  3.217  -15.925  59.285 0.0000000000
46958  1.715  -16.326  61.772 0.0000000000
45883  0.925  -16.698  63.796 0.0000000000
53667  26.400  -9.471  47.348 0.0000000000
51712  25.598  -11.678  47.389 0.0000000000
49486  24.566  -12.673  48.831 0.0000000000
113778  22.313  -9.983  50.437 0.0000000000
59526  29.971  -3.863  37.807 0.0000000000
56615  29.879  -6.449  41.195 0.0000000000
56645  30.395  -6.444  39.182 0.0000000000
56643  32.225  -6.465  38.424 0.0000000000
104904  30.416  -10.252  47.567 0.0000000000
117985  55.281  1.495  26.498 0.0000000000
118054  51.712  3.455  26.300 0.0000000000
118959  53.124  1.435  25.970 0.0000000000
105206  41.935  2.016  29.248 0.0000000000
63960  42.234  1.232  28.975 0.0000000000
63961  41.460  1.332  29.308 0.0000000000
55663  27.537  -7.785  46.100 0.0000000000
55676  28.311  -7.832  45.739 0.0000000000
53690  28.332  -9.348  45.712 0.0000000000
65544  42.412  3.149  30.171 0.0000000000
65543  43.124  3.501  30.459 0.0000000000
64745  42.511  2.610  29.472 0.0000000000
65553  43.326  2.773  29.169 0.0000000000
43968  2.062  -18.539  61.285 0.0000000000
64726  37.369  1.933  33.895 0.0000000000
64722  36.897  1.726  34.654 0.0000000000
115526  31.719  -2.756  35.838 0.0000000000
60594  32.253  -2.739  35.355 0.0000000000
58559  32.627  -3.743  35.972 0.0000000000
58548  32.901  -4.165  36.503 0.0000000000
58542  32.458  -4.786  37.118 0.0000000000
52642  13.027  -10.766  53.352 0.0000000000
50565  13.650  -12.041  52.964 0.0000000000
51651  12.577  -11.587  53.582 0.0000000000
50555  11.697  -12.209  54.452 0.0000000000
51637  11.308  -11.516  54.453 0.0000000000
54644  24.625  -9.109  50.786 0.0000000000
53631  24.140  -9.527  50.152 0.0000000000
54609  20.337  -8.538  52.801 0.0000000000
59486  31.948  -3.846  43.478 0.0000000000
108112  33.456  -8.138  43.680 0.0000000000
62350  32.393  -0.537  37.204 0.0000000000
62345  31.697  -0.767  38.509 0.0000000000
54628  18.751  -8.607  50.711 0.0000000000
53634  18.117  -9.180  50.658 0.0000000000
121928  17.559  -8.940  50.594 0.0000000000
54610  16.061  -8.306  51.718 0.0000000000
54596  15.177  -8.402  52.982 0.0000000000
122492  14.285  -9.531  53.007 0.0000000000
56516  23.075  -6.211  51.374 0.0000000000
117886  19.423  -6.428  51.170 0.0000000000
56519  20.121  -6.426  51.087 0.0000000000
55605  19.559  -7.278  50.838 0.0000000000
54649  19.293  -8.084  50.761 0.0000000000
57530  30.411  -5.641  44.964 0.0000000000
56585  29.544  -6.548  45.107 0.0000000000
54713  29.653  -8.449  45.502 0.0000000000
54729  29.872  -7.972  44.804 0.0000000000
107538  31.041  -8.481  45.106 0.0000000000
54727  31.386  -8.454  44.347 0.0000000000
54711  31.360  -8.574  45.966 0.0000000000
66327  45.926  4.478  30.146 0.0000000000
122150  48.156  4.270  27.973 0.0000000000
66349  47.396  4.163  28.413 0.0000000000
63976  45.184  1.859  27.875 0.0000000000
64757  46.581  2.775  27.567 0.0000000000
63975  45.871  1.526  27.729 0.0000000000
64734  39.568  2.398  31.424 0.0000000000
64739  39.338  1.919  30.831 0.0000000000
64735  38.761  2.008  31.570 0.0000000000
63193  36.237  0.693  32.196 0.0000000000
63198  36.818  0.557  31.686 0.0000000000
61590  36.130  -0.640  31.874 0.0000000000
61589  36.889  -1.055  31.665 0.0000000000
61578  36.281  -1.466  32.153 0.0000000000
63928  34.854  0.733  35.643 0.0000000000
63935  34.885  0.746  34.781 0.0000000000
63187  33.778  -0.018  34.723 0.0000000000
59561  33.433  -3.158  34.720 0.0000000000
60631  33.783  -1.804  33.712 0.0000000000
59574  34.935  -2.768  34.080 0.0000000000
60629  35.682  -2.454  33.557 0.0000000000
50620  26.299  -12.370  47.079 0.0000000000
119919  27.775  -12.574  47.137 0.0000000000
65531  40.034  2.940  33.073 0.0000000000
65536  39.842  2.703  32.222 0.0000000000
64733  40.397  2.770  31.517 0.0000000000
52655  17.174  -10.903  52.191 0.0000000000
51647  16.736  -11.227  52.906 0.0000000000
117850  10.561  -13.222  56.098 0.0000000000
49377  11.678  -13.274  56.477 0.0000000000
126023  10.372  -13.429  56.747 0.0000000000
49379  9.673  -13.566  56.378 0.0000000000
52604  8.992  -10.214  55.892 0.0000000000
52616  9.461  -10.670  55.183 0.0000000000
52605  8.323  -10.629  56.287 0.0000000000
50505  5.999  -13.159  56.832 0.0000000000
50525  6.613  -13.009  56.228 0.0000000000
49381  6.186  -13.968  56.531 0.0000000000
47013  6.803  -15.068  56.602 0.0000000000
47014  6.178  -14.868  56.713 0.0000000000
45928  5.725  -15.899  57.755 0.0000000000
48127  5.040  -14.799  57.479 0.0000000000
49323  3.744  -13.765  60.568 0.0000000000
117078  3.448  -15.251  59.090 0.0000000000
48100  2.896  -15.027  60.547 0.0000000000
115095  2.400  -16.329  60.388 0.0000000000
48093  2.775  -14.879  61.560 0.0000000000
54661  26.803  -9.272  48.808 0.0000000000
54674  26.687  -8.832  47.938 0.0000000000
52694  26.121  -10.457  47.929 0.0000000000
52711  26.157  -10.317  47.076 0.0000000000
52695  25.531  -11.086  48.376 0.0000000000
52697  23.937  -11.358  49.127 0.0000000000
51698  24.450  -11.787  48.604 0.0000000000
51699  23.793  -11.892  49.035 0.0000000000
126327  22.186  -8.025  50.661 0.0000000000
120776  22.321  -9.130  50.540 0.0000000000
53633  21.828  -9.331  50.909 0.0000000000
52667  21.903  -10.606  51.473 0.0000000000
62408  39.237  -0.292  30.427 0.0000000000
62407  40.578  -0.547  30.346 0.0000000000
114031  39.725  -0.744  30.605 0.0000000000
60553  30.247  -2.499  39.627 0.0000000000
123319  29.814  -2.882  38.442 0.0000000000
114141  29.560  -4.362  38.812 0.0000000000
56602  30.036  -6.782  42.561 0.0000000000
57557  29.948  -5.827  42.410 0.0000000000
56614  30.213  -7.157  41.661 0.0000000000
55715  32.514  -7.620  41.261 0.0000000000
55726  30.889  -7.278  40.317 0.0000000000
55732  31.310  -7.050  39.636 0.0000000000
55739  31.015  -6.765  38.962 0.0000000000
56633  32.497  -6.761  39.076 0.0000000000
56642  33.199  -6.379  38.715 0.0000000000
123693  29.888  -10.599  47.106 0.0000000000
64764  54.615  2.039  26.530 0.0000000000
66374  49.854  3.961  26.926 0.0000000000
66373  50.590  3.985  26.747 0.0000000000
64768  50.558  2.825  26.343 0.0000000000
63986  52.297  1.540  26.007 0.0000000000
62446  52.624  -0.334  26.405 0.0000000000
56503  18.253  -6.300  51.954 0.0000000000
55607  17.477  -7.681  50.922 0.0000000000
63969  43.764  1.632  28.465 0.0000000000
63221  43.972  0.812  28.552 0.0000000000
63222  43.069  1.062  28.652 0.0000000000
56563  28.678  -6.479  46.259 0.0000000000
56575  28.908  -7.093  45.617 0.0000000000
54714  28.698  -8.518  45.663 0.0000000000
53688  30.091  -8.901  46.153 0.0000000000
66322  44.052  4.178  31.644 0.0000000000
119708  43.853  3.879  30.778 0.0000000000
65542  44.517  3.953  30.286 0.0000000000
66328  45.184  4.048  29.812 0.0000000000
65560  45.929  3.607  28.482 0.0000000000
65562  44.228  3.059  28.898 0.0000000000
109541  44.484  2.291  28.298 0.0000000000
43983  3.691  -17.866  60.160 0.0000000000
119276  38.693  2.471  33.385 0.0000000000
63942  38.021  1.780  32.103 0.0000000000
64731  37.830  2.072  33.034 0.0000000000
63944  36.564  1.205  32.624 0.0000000000
63945  35.858  0.878  32.810 0.0000000000
62366  32.621  -0.797  35.546 0.0000000000
62378  32.849  -0.944  34.838 0.0000000000
117972  32.482  -2.101  34.985 0.0000000000
59562  32.771  -2.797  34.838 0.0000000000
59547  33.724  -3.475  35.212 0.0000000000
58547  33.636  -3.914  36.492 0.0000000000
58535  33.945  -4.598  38.011 0.0000000000
48258  26.047  -13.446  48.677 0.0000000000
51662  15.006  -11.212  52.313 0.0000000000
108846  15.345  -11.622  52.698 0.0000000000
50564  14.558  -11.957  52.842 0.0000000000
50552  13.967  -12.406  53.410 0.0000000000
49415  13.802  -12.934  54.835 0.0000000000
49418  11.445  -12.629  54.969 0.0000000000
50521  9.828  -12.357  55.145 0.0000000000
52596  7.643  -10.686  57.462 0.0000000000
125561  5.946  -12.138  58.442 0.0000000000
49349  5.115  -13.244  58.020 0.0000000000
49350  4.593  -13.758  58.427 0.0000000000
50472  4.851  -13.043  58.843 0.0000000000
49322  4.305  -13.326  60.142 0.0000000000
49315  3.608  -13.578  61.456 0.0000000000
53647  25.712  -10.501  49.696 0.0000000000
52683  25.220  -10.861  49.131 0.0000000000
53648  24.667  -10.330  49.724 0.0000000000
52684  24.256  -10.781  49.344 0.0000000000
52685  23.493  -10.809  49.552 0.0000000000
54626  20.731  -8.216  51.404 0.0000000000
54625  21.384  -8.644  51.279 0.0000000000
54607  21.103  -8.773  52.045 0.0000000000
109184  39.018  -1.547  31.621 0.0000000000
59495  30.370  -3.546  41.614 0.0000000000
54756  31.532  -8.255  42.628 0.0000000000
54768  31.136  -7.998  41.809 0.0000000000
54755  32.406  -8.131  42.517 0.0000000000
55706  32.896  -7.801  42.034 0.0000000000
66370  53.024  4.014  26.992 0.0000000000
43970  0.399  -18.475  62.963 0.0000000000
63915  35.536  1.050  36.764 0.0000000000
63159  34.296  0.445  36.847 0.0000000000
63167  33.660  0.113  36.389 0.0000000000
62357  32.455  -0.648  36.341 0.0000000000
61527  31.444  -1.631  36.430 0.0000000000
117120  30.826  -2.701  36.700 0.0000000000
53614  19.508  -8.905  51.953 0.0000000000
53583  18.879  -9.394  53.421 0.0000000000
121383  18.163  -10.004  51.587 0.0000000000
52669  17.505  -10.383  51.528 0.0000000000
52670  16.685  -10.642  51.602 0.0000000000
54630  16.516  -8.770  51.036 0.0000000000
54631  15.928  -9.156  51.428 0.0000000000
52656  15.238  -10.440  51.950 0.0000000000
53599  14.675  -9.964  52.269 0.0000000000
53585  13.563  -9.975  53.344 0.0000000000
53586  12.894  -10.134  53.871 0.0000000000
55619  24.159  -8.001  50.946 0.0000000000
122892  23.180  -7.140  50.836 0.0000000000
55621  22.548  -7.496  50.695 0.0000000000
55622  21.822  -7.658  50.757 0.0000000000
117956  21.398  -5.780  51.262 0.0000000000
56518  20.899  -6.381  50.995 0.0000000000
107990  19.998  -7.918  51.104 0.0000000000
107011  20.221  -8.433  51.783 0.0000000000
58485  31.886  -4.795  44.763 0.0000000000
58497  31.681  -4.613  43.937 0.0000000000
58486  31.165  -5.195  44.434 0.0000000000
57549  30.135  -5.871  43.236 0.0000000000
56593  29.996  -6.791  43.432 0.0000000000
55689  29.620  -7.298  44.882 0.0000000000
55688  30.011  -7.594  43.954 0.0000000000
113246  30.489  -8.100  43.581 0.0000000000
54742  31.533  -8.412  43.530 0.0000000000
121630  32.274  -8.475  44.150 0.0000000000
66347  49.524  4.840  28.220 0.0000000000
66360  48.934  4.335  27.709 0.0000000000
65569  48.443  3.566  27.264 0.0000000000
65559  46.752  3.530  27.947 0.0000000000
64756  47.431  3.124  27.390 0.0000000000
107056  40.862  2.396  30.115 0.0000000000
122923  40.831  1.421  29.594 0.0000000000
63951  39.850  1.726  30.312 0.0000000000
63952  39.291  1.109  30.438 0.0000000000
62409  38.506  -0.267  30.618 0.0000000000
63948  37.523  1.158  31.684 0.0000000000
62410  37.769  -0.228  30.887 0.0000000000
122101  38.169  -0.674  30.905 0.0000000000
119362  37.611  -1.472  31.635 0.0000000000
60648  37.201  -2.162  32.853 0.0000000000
63934  35.536  1.068  34.447 0.0000000000
63940  34.958  0.706  33.890 0.0000000000
63195  34.848  0.021  32.746 0.0000000000
62384  33.736  -0.854  33.728 0.0000000000
61568  34.289  -1.299  33.209 0.0000000000
62390  34.830  -0.804  32.713 0.0000000000
60650  35.717  -2.013  32.761 0.0000000000
52723  26.987  -10.914  46.118 0.0000000000
51728  27.672  -10.912  45.977 0.0000000000
51720  27.237  -11.543  46.273 0.0000000000
50627  28.320  -12.248  46.953 0.0000000000
115807  42.290  3.499  31.636 0.0000000000
65545  41.006  2.817  30.761 0.0000000000
53573  11.677  -9.869  54.894 0.0000000000
53562  11.213  -9.609  55.396 0.0000000000
53574  11.142  -10.147  54.932 0.0000000000
52632  10.063  -10.981  54.814 0.0000000000
51639  9.824  -11.727  54.856 0.0000000000
50522  9.159  -12.677  55.354 0.0000000000
51613  7.342  -11.688  56.352 0.0000000000
126300  7.860  -12.604  55.480 0.0000000000
49399  8.143  -13.613  55.680 0.0000000000
48160  7.969  -14.256  56.029 0.0000000000
46996  7.815  -15.284  57.381 0.0000000000
44962  4.877  -17.074  59.071 0.0000000000
46987  4.316  -15.454  58.226 0.0000000000
45924  3.729  -16.333  58.846 0.0000000000
44950  4.321  -17.414  59.580 0.0000000000
44952  2.887  -17.246  59.829 0.0000000000
44943  2.361  -17.718  60.375 0.0000000000
45896  1.388  -17.237  61.629 0.0000000000
48081  2.103  -15.240  63.194 0.0000000000
45889  1.076  -16.963  62.573 0.0000000000
44937  0.590  -17.849  62.592 0.0000000000
54697  26.983  -8.396  46.244 0.0000000000
54686  26.623  -8.454  47.072 0.0000000000
110289  26.608  -9.082  46.507 0.0000000000
52724  26.555  -10.453  46.416 0.0000000000
51722  26.021  -11.805  46.867 0.0000000000
50621  25.549  -12.180  47.473 0.0000000000
51713  25.140  -11.617  48.035 0.0000000000
50622  24.953  -11.935  47.970 0.0000000000
50613  25.006  -12.422  48.248 0.0000000000
53632  23.081  -9.391  50.152 0.0000000000
53650  22.951  -10.305  49.893 0.0000000000
52678  22.537  -10.727  50.228 0.0000000000
122950  21.882  -10.099  51.002 0.0000000000
52666  22.156  -10.781  50.766 0.0000000000
51676  22.515  -11.477  50.380 0.0000000000
63209  40.951  0.661  29.546 0.0000000000
61508  30.508  -1.753  38.425 0.0000000000
109989  30.340  -2.662  37.299 0.0000000000
118249  30.528  -3.980  37.259 0.0000000000
123055  30.479  -4.495  42.496 0.0000000000
58514  30.084  -4.284  41.900 0.0000000000
58523  29.532  -4.909  40.522 0.0000000000
55717  30.771  -7.557  41.221 0.0000000000
56625  29.896  -6.334  40.420 0.0000000000
58529  29.492  -4.842  39.505 0.0000000000
124860  30.229  -5.934  38.648 0.0000000000
56650  31.164  -5.960  37.874 0.0000000000
57597  31.635  -5.310  37.406 0.0000000000
57590  32.705  -5.872  38.038 0.0000000000
53679  28.878  -9.964  45.953 0.0000000000
53678  29.689  -9.581  46.372 0.0000000000
53677  30.430  -9.233  46.737 0.0000000000
53665  31.366  -9.239  47.636 0.0000000000
54695  31.404  -8.707  46.639 0.0000000000
63983  56.323  1.388  26.541 0.0000000000
66371  52.318  3.931  26.626 0.0000000000
65579  53.066  3.414  26.500 0.0000000000
108450  50.989  2.106  26.308 0.0000000000
64766  52.775  2.229  25.985 0.0000000000
64765  53.620  2.170  26.159 0.0000000000
63985  54.268  1.340  26.156 0.0000000000
63236  54.562  0.262  26.096 0.0000000000
54715  27.741  -8.658  45.792 0.0000000000
53691  27.493  -9.543  45.776 0.0000000000
64737  41.635  2.665  29.944 0.0000000000
43969  1.146  -18.489  61.916 0.0000000000
59534  31.323  -3.226  36.359 0.0000000000
59549  32.096  -3.351  35.836 0.0000000000
58549  32.316  -4.268  36.627 0.0000000000
57603  31.845  -4.638  36.927 0.0000000000
52643  11.973  -11.284  54.129 0.0000000000
51652  11.995  -11.880  54.068 0.0000000000
55623  18.757  -7.789  50.647 0.0000000000
54650  18.010  -8.301  50.578 0.0000000000
56520  18.701  -6.843  50.961 0.0000000000
57531  29.681  -5.972  45.389 0.0000000000
54712  30.546  -8.586  45.713 0.0000000000
112752  30.310  -8.312  45.070 0.0000000000
66338  46.501  4.428  29.630 0.0000000000
66337  47.350  4.583  29.478 0.0000000000
66350  46.607  4.102  28.818 0.0000000000
111004  45.857  2.332  27.710 0.0000000000
44949  5.003  -17.356  59.685 0.0000000000
104739  39.176  2.434  32.062 0.0000000000
63199  36.076  0.128  31.868 0.0000000000
61579  35.528  -1.177  32.385 0.0000000000
63176  34.275  0.412  35.154 0.0000000000
59560  34.251  -3.181  34.621 0.0000000000
60611  34.113  -2.659  33.926 0.0000000000
49493  26.114  -12.710  47.661 0.0000000000
49492  26.776  -12.900  47.649 0.0000000000
64729  39.294  2.623  32.819 0.0000000000
48126  5.562  -14.498  57.072 0.0000000000
46999  5.517  -15.282  57.353 0.0000000000
48099  3.328  -14.426  60.100 0.0000000000
120973  26.573  -10.084  49.642 0.0000000000
53658  26.419  -9.867  48.471 0.0000000000
51685  23.328  -11.502  49.480 0.0000000000
50600  23.265  -12.170  49.632 0.0000000000
54647  21.888  -8.468  50.779 0.0000000000
59503  30.093  -3.364  40.796 0.0000000000
60548  30.461  -2.667  40.473 0.0000000000
60549  29.893  -3.218  39.926 0.0000000000
59511  29.538  -3.830  39.336 0.0000000000
55724  32.159  -7.439  40.587 0.0000000000
55731  32.195  -7.087  39.810 0.0000000000
56632  33.124  -6.792  39.598 0.0000000000
65566  54.312  3.102  27.324 0.0000000000
64755  54.986  2.420  27.172 0.0000000000
65583  49.356  3.423  26.829 0.0000000000
65582  50.167  3.412  26.587 0.0000000000
56504  17.506  -6.604  52.302 0.0000000000
57474  19.029  -6.023  51.739 0.0000000000
63207  42.552  0.463  29.117 0.0000000000
65538  43.188  3.785  31.457 0.0000000000
65552  44.552  3.639  29.514 0.0000000000
65551  45.120  3.569  28.919 0.0000000000
64750  43.714  2.358  28.672 0.0000000000
43975  3.842  -18.296  60.895 0.0000000000
64725  38.127  2.303  34.032 0.0000000000
64727  36.731  1.626  33.799 0.0000000000
63937  36.994  1.641  33.150 0.0000000000
63938  36.299  1.324  33.305 0.0000000000
61540  32.402  -1.409  35.267 0.0000000000
59548  32.747  -3.307  35.263 0.0000000000
122728  33.900  -3.661  35.805 0.0000000000
58558  33.302  -3.737  35.827 0.0000000000
108402  33.319  -4.459  37.169 0.0000000000
50553  13.233  -12.336  53.557 0.0000000000
50539  13.515  -12.698  54.116 0.0000000000
49416  13.047  -12.980  54.817 0.0000000000
49397  10.618  -12.726  55.383 0.0000000000
50471  5.411  -12.586  58.580 0.0000000000
50458  5.215  -12.560  59.286 0.0000000000
50447  4.149  -13.093  60.984 0.0000000000
119141  25.444  -9.922  50.835 0.0000000000
53629  26.083  -10.343  50.449 0.0000000000
54754  33.188  -7.970  42.807 0.0000000000
44931  -0.384  -18.547  64.583 0.0000000000
63916  34.890  0.719  36.444 0.0000000000
63168  33.060  -0.224  36.798 0.0000000000
62358  31.794  -0.999  36.754 0.0000000000
60579  31.295  -2.359  36.288 0.0000000000
60580  30.843  -2.039  36.866 0.0000000000
53597  18.710  -9.633  52.350 0.0000000000
53635  17.516  -9.463  50.737 0.0000000000
52668  17.882  -9.845  50.969 0.0000000000
53616  17.026  -9.956  50.966 0.0000000000
55591  17.059  -7.207  51.717 0.0000000000
55608  16.727  -7.949  51.334 0.0000000000
54611  15.445  -8.707  52.114 0.0000000000
53617  16.096  -10.069  51.456 0.0000000000
53572  13.276  -9.575  54.242 0.0000000000
55602  23.768  -7.245  51.076 0.0000000000
56527  23.346  -6.750  51.128 0.0000000000
56517  22.217  -6.040  51.108 0.0000000000
56528  22.740  -6.692  50.907 0.0000000000
56529  22.028  -6.844  50.795 0.0000000000
54627  19.419  -8.565  51.129 0.0000000000
57540  29.885  -6.038  44.595 0.0000000000
57539  30.404  -5.655  44.086 0.0000000000
110411  29.956  -6.172  43.876 0.0000000000
126537  30.899  -8.330  43.738 0.0000000000
54710  32.213  -8.514  45.329 0.0000000000
66320  45.854  4.823  31.624 0.0000000000
66348  48.791  4.697  28.483 0.0000000000
65570  45.922  3.078  27.897 0.0000000000
63962  40.464  1.923  29.941 0.0000000000
63953  38.687  1.446  30.962 0.0000000000
63201  38.901  0.300  30.448 0.0000000000
63202  38.216  0.321  30.733 0.0000000000
63943  37.281  1.528  32.426 0.0000000000
62397  36.895  -0.217  31.356 0.0000000000
63197  37.531  0.426  31.165 0.0000000000
61588  38.227  -1.240  31.245 0.0000000000
61577  37.040  -1.751  32.097 0.0000000000
63926  36.151  1.407  35.050 0.0000000000
63186  34.345  0.356  34.282 0.0000000000
63189  35.136  0.547  33.048 0.0000000000
61555  33.223  -1.305  34.242 0.0000000000
62377  33.425  -0.566  34.423 0.0000000000
115202  34.414  -2.030  33.400 0.0000000000
60651  34.938  -1.662  32.921 0.0000000000
105995  42.029  3.497  32.473 0.0000000000
65540  41.331  3.209  31.759 0.0000000000
110290  18.182  -10.043  53.396 0.0000000000
51649  15.480  -11.976  53.401 0.0000000000
119064  12.382  -9.872  54.506 0.0000000000
53563  9.787  -9.861  55.704 0.0000000000
122170  10.498  -9.579  55.684 0.0000000000
52631  10.817  -10.772  54.737 0.0000000000
52617  8.642  -11.083  55.474 0.0000000000
51623  9.119  -11.534  54.999 0.0000000000
50541  9.054  -12.180  55.071 0.0000000000
51607  7.164  -11.274  57.359 0.0000000000
52606  7.741  -10.993  56.731 0.0000000000
49401  7.157  -13.383  55.814 0.0000000000
50524  7.325  -12.806  55.737 0.0000000000
49400  7.697  -13.207  55.602 0.0000000000
47012  7.482  -15.134  56.778 0.0000000000
45921  5.970  -16.306  58.306 0.0000000000
45922  5.162  -16.517  58.460 0.0000000000
45910  5.585  -16.803  59.076 0.0000000000
48115  4.451  -14.633  58.073 0.0000000000
46988  3.748  -15.690  58.703 0.0000000000
44963  4.246  -16.861  58.879 0.0000000000
45911  3.387  -16.754  59.298 0.0000000000
44951  3.576  -17.367  59.594 0.0000000000
45912  2.781  -16.532  59.767 0.0000000000
45902  1.951  -16.674  60.932 0.0000000000
45901  2.365  -17.043  60.290 0.0000000000
44944  1.783  -17.524  60.858 0.0000000000
48080  2.651  -14.686  62.550 0.0000000000
46946  1.571  -16.040  62.837 0.0000000000
45890  0.359  -17.653  63.744 0.0000000000
55652  26.984  -7.687  46.795 0.0000000000
53680  26.425  -9.746  46.640 0.0000000000
52712  25.838  -11.100  47.558 0.0000000000
52725  26.060  -11.096  46.904 0.0000000000
50614  24.385  -12.122  48.600 0.0000000000
49473  25.259  -13.253  48.852 0.0000000000
55620  23.384  -7.760  50.691 0.0000000000
54645  23.710  -8.634  50.485 0.0000000000
51669  22.203  -11.544  51.268 0.0000000000
62422  40.387  0.112  29.921 0.0000000000
61503  31.078  -1.200  38.889 0.0000000000
59516  29.674  -3.616  38.507 0.0000000000
113444  30.078  -2.401  38.039 0.0000000000
60562  29.886  -3.097  37.884 0.0000000000
59525  30.214  -3.376  37.418 0.0000000000
58498  30.912  -5.089  43.631 0.0000000000
59487  31.140  -4.330  43.110 0.0000000000
57558  29.761  -5.771  41.645 0.0000000000
58507  29.991  -5.051  42.151 0.0000000000
58515  29.715  -4.971  41.381 0.0000000000
57568  29.646  -5.734  40.849 0.0000000000
55733  30.800  -6.872  39.586 0.0000000000
56635  30.373  -6.731  39.977 0.0000000000
56636  29.962  -6.232  39.753 0.0000000000
57582  29.832  -5.769  39.244 0.0000000000
56644  31.425  -6.457  38.360 0.0000000000
118391  30.758  -6.304  38.444 0.0000000000
117263  30.930  -5.345  37.590 0.0000000000
56649  31.878  -6.034  37.846 0.0000000000
57596  32.328  -5.462  37.577 0.0000000000
52722  28.521  -10.784  46.082 0.0000000000
52721  29.359  -10.499  46.499 0.0000000000
52720  30.081  -9.941  46.935 0.0000000000
53666  30.727  -9.539  47.342 0.0000000000
53676  31.070  -8.970  47.039 0.0000000000
54684  31.714  -8.799  47.171 0.0000000000
64763  56.084  1.769  27.004 0.0000000000
63984  55.395  1.029  26.272 0.0000000000
66346  50.378  4.970  27.883 0.0000000000
65581  50.975  3.426  26.373 0.0000000000
66372  51.400  4.030  26.652 0.0000000000
65580  52.365  3.019  26.098 0.0000000000
65554  42.998  3.133  29.749 0.0000000000
43977  2.406  -18.168  60.586 0.0000000000
64721  37.677  2.081  34.723 0.0000000000
51650  13.325  -11.517  52.987 0.0000000000
121190  13.050  -12.050  53.266 0.0000000000
50554  12.500  -12.230  53.890 0.0000000000
50445  5.271  -12.308  59.995 0.0000000000
59489  31.511  -3.473  42.737 0.0000000000
124716  32.845  -8.397  43.911 0.0000000000
62344  32.409  -0.446  38.100 0.0000000000
62351  31.683  -0.846  37.602 0.0000000000
55592  16.366  -7.548  52.146 0.0000000000
55593  15.741  -7.951  52.551 0.0000000000
54612  14.871  -9.134  52.551 0.0000000000
57473  19.788  -5.795  51.613 0.0000000000
66326  46.852  4.712  30.512 0.0000000000
106794  48.093  4.628  28.858 0.0000000000
64758  45.257  2.652  28.019 0.0000000000
63974  46.489  1.946  27.550 0.0000000000
63191  33.950  -0.152  33.922 0.0000000000
50629  26.707  -12.047  46.584 0.0000000000
50619  27.061  -12.568  46.997 0.0000000000
49491  27.564  -12.951  47.703 0.0000000000
65528  40.264  3.068  33.952 0.0000000000
65530  40.818  3.233  33.324 0.0000000000
65535  40.629  3.012  32.447 0.0000000000
52641  17.447  -10.776  53.066 0.0000000000
49396  11.386  -13.020  55.715 0.0000000000
125149  11.152  -13.219  56.255 0.0000000000
49378  10.993  -13.303  56.725 0.0000000000
48124  9.215  -14.228  57.089 0.0000000000
53554  9.454  -9.547  56.429 0.0000000000
111729  6.238  -12.530  56.991 0.0000000000
49380  6.817  -13.789  56.068 0.0000000000
48144  6.784  -14.419  56.299 0.0000000000
46998  6.254  -15.403  57.114 0.0000000000
46986  6.474  -15.786  57.723 0.0000000000
49336  3.875  -13.957  59.706 0.0000000000
48106  3.546  -14.632  59.300 0.0000000000
48107  3.108  -15.137  59.672 0.0000000000
46977  2.706  -15.762  60.035 0.0000000000
46968  2.327  -15.763  60.998 0.0000000000
45884  0.051  -17.324  64.831 0.0000000000
49487  23.938  -12.467  49.162 0.0000000000
52653  21.739  -10.274  52.314 0.0000000000
51660  21.997  -11.184  52.089 0.0000000000
62423  39.644  0.291  30.196 0.0000000000
120649  39.899  -0.256  30.256 0.0000000000
61500  30.823  -2.001  40.152 0.0000000000
60561  30.076  -2.365  38.798 0.0000000000
60554  29.754  -3.033  39.098 0.0000000000
56603  29.900  -6.433  41.892 0.0000000000
55716  31.523  -7.663  41.044 0.0000000000
55725  31.563  -7.352  40.264 0.0000000000
56634  31.740  -6.820  38.999 0.0000000000
105268  28.904  -11.728  46.884 0.0000000000
51718  29.451  -11.157  46.958 0.0000000000
64767  51.424  2.844  26.138 0.0000000000
63238  52.251  0.596  26.156 0.0000000000
63237  53.398  0.478  26.063 0.0000000000
56521  17.815  -6.945  51.301 0.0000000000
56574  29.209  -6.376  45.719 0.0000000000
66329  44.510  4.226  31.071 0.0000000000
109487  44.868  2.997  28.435 0.0000000000
44942  4.446  -17.778  60.286 0.0000000000
63194  35.525  0.337  32.424 0.0000000000
62365  33.207  -0.410  35.145 0.0000000000
61556  32.761  -1.555  34.707 0.0000000000
58541  34.100  -4.005  37.321 0.0000000000
48257  26.727  -13.767  48.881 0.0000000000
120567  15.714  -11.294  52.339 0.0000000000
49417  12.224  -12.930  55.047 0.0000000000
113984  12.132  -12.548  54.526 0.0000000000
50487  6.403  -11.866  57.750 0.0000000000
50488  5.728  -12.684  57.636 0.0000000000
49365  5.004  -14.077  57.670 0.0000000000
49335  4.372  -13.505  59.271 0.0000000000
50459  4.793  -12.894  59.685 0.0000000000
52686  22.886  -11.080  49.823 0.0000000000
53595  21.393  -9.337  52.652 0.0000000000
117077  39.577  -1.237  31.104 0.0000000000
54757  30.761  -8.050  42.409 0.0000000000
65567  53.628  3.606  27.126 0.0000000000
63990  49.204  2.246  26.861 0.0000000000
63989  50.102  2.130  26.640 0.0000000000
106969  36.049  1.359  36.072 0.0000000000
118355  35.383  0.968  36.078 0.0000000000
63166  34.238  0.447  35.993 0.0000000000
63178  33.081  -0.291  35.939 0.0000000000
61541  32.015  -1.205  35.950 0.0000000000
53596  19.511  -8.920  53.065 0.0000000000
54629  17.196  -8.467  50.750 0.0000000000
124137  16.520  -9.471  51.051 0.0000000000
51670  15.837  -10.847  51.866 0.0000000000
52657  14.487  -10.755  52.349 0.0000000000
53600  14.125  -10.207  52.676 0.0000000000
52658  13.726  -10.800  52.755 0.0000000000
57472  20.596  -5.722  51.439 0.0000000000
55603  21.315  -7.089  50.895 0.0000000000
55699  30.341  -7.657  43.014 0.0000000000
54743  30.852  -8.259  43.115 0.0000000000
66359  49.681  4.448  27.496 0.0000000000
65568  49.233  3.947  27.217 0.0000000000
64770  48.915  2.966  26.754 0.0000000000
63947  38.210  1.488  31.477 0.0000000000
63954  38.116  0.962  31.076 0.0000000000
126654  38.272  -1.707  31.783 0.0000000000
61576  37.832  -1.919  32.281 0.0000000000
63939  35.634  1.011  33.570 0.0000000000
62383  34.318  -0.413  33.268 0.0000000000
60649  36.405  -2.290  33.114 0.0000000000
53692  26.823  -9.672  46.081 0.0000000000
52734  27.204  -10.278  45.901 0.0000000000
51719  28.168  -11.599  46.361 0.0000000000
50628  27.519  -12.180  46.613 0.0000000000
104906  41.840  3.203  30.833 0.0000000000
51648  16.000  -11.495  52.831 0.0000000000
52630  11.638  -10.547  54.492 0.0000000000
51638  10.526  -11.449  54.698 0.0000000000
124008  9.597  -11.224  54.891 0.0000000000
51612  7.931  -11.419  55.819 0.0000000000
50504  7.083  -12.331  56.094 0.0000000000
51625  7.614  -12.150  55.694 0.0000000000
50523  8.401  -12.780  55.390 0.0000000000
115230  8.956  -13.276  55.700 0.0000000000
48142  8.723  -14.020  56.200 0.0000000000
114535  8.227  -14.745  56.719 0.0000000000
48143  7.435  -14.634  56.313 0.0000000000
44948  5.719  -17.023  60.072 0.0000000000
47000  4.826  -15.278  57.716 0.0000000000
48116  3.838  -14.948  58.648 0.0000000000
45923  4.263  -16.146  58.485 0.0000000000
43984  2.972  -17.836  60.122 0.0000000000
43978  1.746  -18.135  60.943 0.0000000000
44936  1.150  -17.987  61.633 0.0000000000
49316  3.161  -14.141  61.993 0.0000000000
46945  2.207  -15.456  62.137 0.0000000000
56564  27.516  -7.221  46.549 0.0000000000
49485  25.703  -12.857  48.152 0.0000000000
50601  22.785  -12.070  50.143 0.0000000000
62421  41.171  -0.032  29.745 0.0000000000
61507  30.982  -1.164  37.989 0.0000000000
61514  30.571  -1.851  37.601 0.0000000000
59535  30.651  -3.317  36.904 0.0000000000
121355  31.079  -3.843  36.811 0.0000000000
59490  30.757  -3.839  42.336 0.0000000000
59496  29.808  -4.145  41.103 0.0000000000
54769  30.656  -7.739  41.856 0.0000000000
117051  30.298  -6.991  40.773 0.0000000000
57575  29.630  -5.687  40.030 0.0000000000
57591  29.855  -5.142  38.562 0.0000000000
58536  29.791  -4.364  38.255 0.0000000000
56651  30.514  -5.646  38.091 0.0000000000
113001  30.321  -4.753  37.752 0.0000000000
58543  31.151  -4.601  37.144 0.0000000000
57589  33.583  -5.518  38.298 0.0000000000
52733  28.018  -10.183  45.731 0.0000000000
52710  31.021  -9.855  47.989 0.0000000000
54694  32.018  -8.598  46.461 0.0000000000
66357  52.684  4.580  27.346 0.0000000000
113071  51.885  2.164  26.038 0.0000000000
115961  53.139  2.764  26.183 0.0000000000
125185  4.642  -16.375  58.432 0.0000000000
