#!ascii label  , from subject sub-v1s16x0051161_ses-1 vox2ras=TkReg
1530
17217  32.528  -50.454  -7.654 0.6000000238
107667  33.870  -50.052  -7.374 0.5000000000
19509  31.966  -47.330  -7.848 0.6999999881
19515  31.626  -47.850  -8.538 0.6000000238
18750  31.597  -48.589  -9.281 0.6000000238
19523  31.611  -46.979  -9.196 0.6000000238
18738  32.341  -48.630  -7.561 0.6999999881
112518  31.985  -49.040  -7.843 0.6000000238
18742  31.721  -48.969  -8.367 0.5000000000
17961  31.584  -49.446  -9.172 0.5000000000
18753  31.747  -48.301  -10.165 0.6000000238
126649  31.824  -47.627  -10.316 0.6000000238
18737  32.985  -49.014  -7.345 0.5000000000
17947  33.065  -49.863  -7.444 0.5000000000
17218  32.017  -50.369  -7.929 0.6000000238
19525  32.158  -47.157  -10.782 0.6000000238
16488  35.594  -51.121  -7.773 0.5000000000
17214  35.585  -50.284  -7.716 0.5000000000
21053  31.818  -45.186  -8.856 0.6000000238
21060  31.712  -45.459  -9.604 0.6999999881
21045  32.681  -45.757  -7.310 0.6000000238
20289  32.346  -46.493  -7.587 0.6999999881
21049  31.938  -45.666  -8.321 0.6000000238
20295  31.710  -46.112  -8.874 0.6000000238
20306  31.677  -46.270  -9.796 0.6000000238
19507  33.008  -47.967  -7.115 0.6000000238
108722  32.248  -47.910  -7.491 0.6999999881
20305  31.978  -46.432  -10.582 0.6000000238
18736  33.956  -48.675  -7.149 0.5000000000
19496  33.709  -47.256  -6.911 0.5000000000
20308  32.406  -46.612  -11.290 0.6000000238
17215  34.732  -50.142  -7.462 0.5000000000
20317  32.781  -46.642  -11.965 0.6000000238
17945  35.350  -49.517  -7.542 0.5000000000
19540  33.109  -47.231  -12.126 0.6000000238
21074  33.307  -45.860  -13.045 0.6999999881
20316  33.318  -46.665  -12.621 0.6000000238
106334  33.810  -45.947  -13.473 0.6999999881
19546  34.008  -47.081  -13.037 0.6000000238
20322  34.380  -46.488  -13.564 0.6000000238
20321  35.247  -46.898  -13.870 0.6000000238
21092  40.135  -46.007  -18.192 0.5000000000
21903  39.602  -44.971  -18.573 0.6999999881
20341  39.928  -46.426  -18.100 0.6000000238
122223  38.495  -45.115  -18.491 0.8000000119
21100  37.881  -45.660  -18.161 0.6999999881
22695  32.065  -43.768  -9.527 0.6000000238
122035  31.875  -44.257  -10.066 0.6999999881
109478  32.555  -45.133  -7.513 0.6999999881
21850  32.189  -44.899  -8.112 0.6999999881
21855  32.045  -44.351  -8.832 0.6000000238
21064  31.862  -45.681  -10.388 0.6999999881
22709  32.063  -44.332  -10.697 0.6999999881
21044  33.223  -45.729  -6.917 0.6000000238
21844  32.983  -45.008  -7.056 0.6000000238
21868  32.306  -44.451  -11.562 0.8000000119
20280  34.305  -46.653  -6.743 0.5000000000
21043  34.015  -45.783  -6.673 0.5000000000
21876  32.536  -44.989  -12.226 0.8000000119
21066  32.410  -45.416  -11.658 0.6000000238
20279  35.158  -46.945  -6.754 0.5000000000
19495  34.557  -47.443  -6.850 0.5000000000
21075  32.777  -45.824  -12.351 0.6000000238
105132  36.244  -49.634  -7.894 0.5000000000
21081  32.851  -44.970  -12.969 0.8000000119
21080  33.523  -45.275  -13.555 0.8000000119
21083  34.694  -45.217  -14.467 0.6999999881
21885  33.904  -44.808  -14.178 0.6999999881
21890  35.206  -44.784  -14.989 0.6999999881
21079  34.194  -45.640  -13.921 0.6999999881
119771  35.902  -45.023  -15.210 0.6000000238
21088  35.617  -45.598  -14.740 0.6000000238
20328  34.964  -46.042  -14.151 0.6000000238
21094  37.959  -44.981  -16.366 0.6999999881
118560  36.590  -45.621  -15.261 0.6999999881
20333  36.458  -46.185  -14.900 0.6000000238
21894  39.687  -45.034  -17.574 0.6999999881
21086  38.749  -46.586  -16.508 0.6000000238
21102  40.155  -45.480  -18.390 0.8000000119
118197  40.123  -45.420  -18.336 0.8000000119
21093  39.222  -45.963  -16.981 0.6000000238
22752  39.442  -43.991  -18.751 0.8999999762
21899  37.112  -44.749  -18.144 0.6999999881
108092  38.373  -43.402  -18.906 0.8000000119
22703  32.294  -42.979  -9.983 0.6000000238
109750  32.307  -43.060  -10.669 0.6999999881
23578  32.508  -42.414  -10.559 0.6999999881
22686  32.283  -43.635  -8.816 0.6000000238
23584  32.415  -42.723  -11.390 0.6000000238
23551  33.674  -42.744  -7.577 0.4000000060
21849  32.804  -44.231  -7.542 0.6000000238
22685  32.646  -43.187  -8.376 0.6000000238
22708  32.242  -43.618  -11.101 0.6999999881
22679  33.530  -43.600  -7.189 0.6000000238
22720  32.372  -43.500  -11.933 0.8000000119
112541  35.089  -44.204  -6.421 0.4000000060
21842  34.570  -44.962  -6.465 0.5000000000
21843  33.682  -44.958  -6.730 0.6000000238
110683  32.522  -44.240  -12.455 0.8000000119
110120  35.036  -45.949  -6.539 0.5000000000
112953  32.738  -44.103  -13.127 0.8000000119
109468  35.725  -46.545  -6.666 0.4000000060
21881  33.230  -44.392  -13.641 0.8000000119
19505  36.242  -47.991  -7.403 0.5000000000
21884  34.459  -44.402  -14.735 0.8000000119
22738  35.311  -43.482  -15.491 0.8000000119
124534  35.012  -44.133  -15.185 0.6999999881
22734  33.633  -43.756  -14.383 0.8000000119
21888  36.919  -44.221  -15.980 0.8000000119
21889  35.830  -44.301  -15.454 0.6999999881
22741  37.300  -43.442  -16.424 0.8999999762
113911  38.149  -44.269  -16.661 0.8999999762
22737  36.227  -43.667  -15.821 0.6999999881
112335  36.704  -44.924  -15.618 0.6999999881
21902  39.977  -44.873  -18.363 0.8999999762
21893  39.962  -44.452  -18.210 0.8999999762
23621  35.606  -42.952  -18.008 0.8000000119
22749  35.233  -43.706  -17.661 0.8000000119
22748  36.645  -43.797  -18.276 0.8000000119
21900  35.735  -44.459  -17.669 0.8000000119
24483  32.850  -41.815  -10.441 0.6999999881
24494  33.191  -41.365  -11.389 0.6000000238
22694  32.406  -42.969  -9.185 0.6000000238
24471  33.064  -41.792  -9.605 0.5000000000
24495  32.720  -41.618  -11.937 0.6999999881
24454  34.096  -41.797  -8.390 0.4000000060
23558  33.503  -42.195  -8.239 0.5000000000
23559  32.884  -42.304  -8.834 0.6000000238
126092  32.506  -42.072  -11.917 0.6999999881
23550  34.551  -42.508  -7.385 0.5000000000
23591  32.484  -42.632  -12.307 0.6999999881
23539  35.662  -42.984  -6.652 0.5000000000
109549  34.192  -44.054  -6.678 0.6000000238
22671  36.575  -43.307  -6.438 0.4000000060
22672  35.676  -43.705  -6.430 0.4000000060
24520  33.287  -41.595  -14.378 0.8000000119
22729  32.898  -43.472  -13.606 0.8000000119
112638  36.224  -44.237  -6.300 0.4000000060
23603  33.912  -42.925  -14.911 0.8000000119
23604  33.132  -42.584  -14.206 0.8000000119
20278  36.493  -46.629  -6.791 0.3000000119
23615  35.793  -42.132  -16.077 0.8000000119
23607  35.154  -42.628  -15.635 0.8000000119
22733  34.457  -43.640  -15.056 0.8000000119
110403  34.621  -43.015  -15.309 0.8000000119
24526  37.793  -41.947  -17.093 0.8999999762
23613  38.386  -42.849  -17.259 0.8999999762
23619  39.290  -42.284  -17.960 0.8999999762
22747  39.608  -43.208  -18.226 0.8999999762
23618  39.620  -42.498  -18.508 0.8999999762
121007  35.506  -42.136  -18.160 0.8000000119
110065  34.786  -43.150  -17.606 0.8000000119
22746  39.569  -43.456  -18.457 0.8999999762
23624  39.363  -42.867  -19.088 0.8999999762
23620  36.811  -42.873  -18.550 0.8000000119
23625  38.275  -42.495  -19.173 0.8000000119
24482  33.489  -41.469  -10.386 0.6000000238
25321  34.139  -40.967  -11.167 0.6000000238
126226  34.237  -40.462  -11.656 0.6000000238
24481  34.415  -41.284  -10.130 0.6000000238
24468  35.791  -41.420  -9.412 0.4000000060
24469  34.999  -41.384  -9.326 0.4000000060
116067  34.214  -41.523  -9.140 0.4000000060
24470  33.676  -41.546  -9.618 0.5000000000
24500  33.065  -41.104  -12.346 0.6999999881
24443  34.813  -41.932  -7.921 0.4000000060
24501  32.633  -41.770  -12.654 0.6999999881
24442  36.069  -41.907  -7.902 0.5000000000
124711  35.465  -41.924  -7.861 0.4000000060
23605  32.821  -41.721  -13.619 0.6999999881
24441  37.034  -41.860  -8.063 0.5000000000
25359  33.546  -40.766  -14.405 0.8000000119
25368  34.842  -40.881  -15.541 0.8000000119
23609  33.661  -42.166  -14.846 0.8000000119
126108  36.412  -41.091  -16.425 0.8000000119
114820  37.228  -41.040  -16.914 0.8999999762
23614  36.880  -42.485  -16.463 0.8999999762
24533  38.160  -40.604  -17.683 0.8999999762
24531  39.543  -41.835  -18.639 0.8999999762
25376  39.499  -41.302  -19.093 1.0000000000
24539  35.705  -41.337  -18.477 0.8000000119
24541  39.368  -41.406  -19.316 1.0000000000
125120  36.019  -42.499  -18.326 0.8000000119
24542  38.919  -41.121  -19.586 1.0000000000
24538  38.013  -41.622  -19.387 0.8000000119
109644  36.893  -41.090  -19.105 0.8000000119
25335  34.716  -40.320  -11.433 0.6000000238
26210  34.388  -39.977  -11.984 0.6000000238
25320  34.964  -40.839  -10.820 0.6000000238
25302  36.076  -41.205  -10.062 0.4000000060
25303  35.322  -41.184  -10.128 0.4000000060
24467  36.568  -41.564  -9.536 0.4000000060
24510  32.996  -41.057  -13.179 0.6999999881
110656  36.942  -41.773  -9.037 0.5000000000
24479  37.520  -42.053  -10.453 0.4000000060
25352  33.411  -40.475  -13.651 0.8000000119
24519  34.006  -41.406  -15.127 0.8000000119
26230  33.889  -39.876  -14.275 0.8000000119
26236  35.235  -39.521  -15.631 0.8000000119
26245  36.183  -39.608  -16.349 0.8000000119
24527  35.719  -41.203  -16.084 0.8000000119
26250  38.058  -39.804  -17.914 0.8999999762
109466  38.835  -40.324  -18.538 1.0000000000
25381  39.245  -40.576  -19.212 1.0000000000
25380  39.179  -40.756  -19.436 1.0000000000
25382  36.091  -40.460  -18.849 0.8000000119
24534  34.832  -41.613  -17.888 0.8000000119
25384  38.817  -40.141  -19.907 1.0000000000
26257  37.506  -40.233  -19.656 0.8000000119
24543  38.089  -40.861  -19.645 0.8000000119
26197  35.391  -40.077  -11.133 0.6000000238
26223  34.033  -39.856  -12.625 0.6999999881
26222  34.631  -39.255  -12.393 0.6999999881
25318  36.361  -40.672  -10.434 0.5000000000
25319  35.662  -40.695  -10.603 0.5000000000
26227  34.345  -39.172  -13.089 0.8000000119
27213  34.751  -38.524  -12.813 0.8000000119
24480  36.834  -41.478  -10.131 0.4000000060
26228  33.832  -39.801  -13.378 0.8000000119
24493  38.466  -42.105  -11.215 0.4000000060
25316  37.913  -41.574  -10.780 0.4000000060
25358  34.163  -40.427  -15.017 0.8000000119
122048  34.794  -40.148  -15.435 0.8000000119
25367  35.506  -40.316  -15.893 0.8000000119
25372  37.130  -40.139  -17.007 0.8999999762
27247  36.447  -38.720  -16.702 0.8000000119
27257  38.002  -39.030  -18.284 1.0000000000
26249  38.911  -39.674  -19.276 1.0000000000
110404  37.738  -38.278  -18.438 1.0000000000
27256  38.727  -38.724  -19.714 1.0000000000
27271  38.330  -38.137  -20.403 1.0000000000
26258  36.690  -39.576  -19.527 0.8999999762
24540  35.010  -40.755  -18.253 0.8000000119
25383  35.343  -39.873  -18.644 0.8999999762
27272  37.306  -38.617  -20.211 1.0000000000
107527  35.757  -38.988  -19.193 1.0000000000
28248  38.305  -37.337  -20.686 1.0000000000
29128  38.292  -36.270  -21.097 1.0000000000
107054  38.146  -36.952  -21.058 1.0000000000
29129  37.369  -36.390  -21.171 1.0000000000
30026  38.224  -35.525  -21.373 1.0000000000
29134  38.086  -35.767  -21.531 1.0000000000
27190  35.755  -38.105  -11.211 0.6999999881
27203  35.462  -38.579  -11.549 0.6999999881
28153  35.859  -37.267  -11.083 0.6999999881
26195  36.413  -38.883  -10.648 0.6000000238
26196  35.760  -38.979  -11.104 0.6000000238
27204  35.094  -38.584  -12.117 0.6999999881
112346  36.011  -39.853  -10.760 0.6000000238
117693  37.625  -39.711  -10.521 0.5000000000
123389  35.072  -37.305  -12.908 0.8000000119
25315  38.469  -40.732  -11.060 0.4000000060
27221  34.590  -38.496  -13.534 0.8000000119
117607  34.430  -39.204  -14.526 0.8000000119
26237  34.487  -39.639  -15.039 0.8000000119
27233  34.918  -38.771  -15.145 0.8000000119
27232  35.646  -38.756  -15.942 0.8000000119
26244  37.109  -39.328  -17.213 0.8999999762
29101  35.801  -36.898  -16.498 0.8000000119
122537  37.177  -38.678  -17.498 0.8999999762
28231  36.509  -37.264  -17.372 1.0000000000
28230  37.431  -37.561  -18.448 1.0000000000
30009  36.069  -35.673  -17.737 1.0000000000
28239  38.344  -37.768  -19.617 1.0000000000
30008  37.061  -36.117  -18.899 1.0000000000
110203  38.130  -37.210  -19.549 1.0000000000
30018  38.175  -35.903  -20.605 1.0000000000
122965  38.320  -36.894  -20.863 1.0000000000
27264  36.160  -38.101  -19.789 1.0000000000
30789  38.097  -35.144  -20.751 1.0000000000
28250  36.707  -37.265  -20.476 1.0000000000
30027  36.977  -35.656  -21.405 1.0000000000
30798  38.243  -34.868  -21.631 1.0000000000
30033  38.086  -35.265  -21.758 1.0000000000
28167  35.443  -37.802  -11.725 0.6999999881
27188  36.846  -38.038  -10.509 0.5000000000
27189  36.151  -38.049  -10.844 0.6999999881
28179  35.094  -37.879  -12.525 0.6999999881
114657  37.236  -38.843  -10.423 0.5000000000
28188  34.864  -37.829  -13.248 0.8000000119
112755  35.008  -36.976  -13.610 0.8000000119
28200  34.771  -37.760  -14.017 0.6999999881
114540  35.050  -37.014  -14.475 0.8000000119
117421  35.384  -38.090  -15.576 0.8000000119
28208  35.026  -37.768  -14.885 0.8000000119
28218  35.949  -37.876  -16.387 0.6999999881
28207  35.432  -37.336  -15.665 0.6999999881
112017  35.646  -36.055  -16.673 0.8999999762
29992  35.078  -34.862  -16.078 0.8000000119
30768  34.823  -34.056  -16.014 0.8000000119
114409  34.783  -32.344  -15.227 0.8000000119
110916  34.713  -33.112  -15.832 0.8000000119
29112  36.294  -36.456  -17.527 1.0000000000
30767  35.231  -34.379  -16.876 0.8999999762
31517  35.001  -33.510  -16.839 0.8999999762
32229  34.783  -32.196  -16.107 0.8000000119
30777  35.829  -34.851  -17.889 1.0000000000
30019  36.853  -35.363  -19.118 1.0000000000
29120  38.260  -36.719  -20.287 1.0000000000
31544  38.131  -34.465  -20.992 1.0000000000
30028  35.519  -35.985  -20.340 1.0000000000
31536  36.446  -33.623  -19.370 1.0000000000
30034  36.919  -34.994  -21.617 1.0000000000
32265  38.101  -33.509  -21.293 1.0000000000
31555  38.543  -33.376  -22.257 1.0000000000
28152  36.514  -37.248  -10.636 0.6999999881
29049  36.970  -36.472  -10.456 0.6999999881
29050  36.212  -36.427  -10.814 0.6999999881
29060  35.743  -36.391  -11.327 0.6999999881
28151  37.334  -37.293  -10.433 0.6000000238
29068  35.402  -36.433  -12.015 0.6999999881
111422  37.672  -38.073  -10.446 0.5000000000
121322  35.195  -36.621  -12.804 0.6999999881
27187  38.063  -38.843  -10.502 0.5000000000
29962  35.304  -35.794  -12.569 0.8000000119
29075  35.160  -36.018  -13.434 0.6999999881
29088  35.106  -36.208  -14.245 0.6999999881
29096  35.181  -36.342  -14.975 0.6999999881
29991  35.276  -35.630  -16.025 0.6999999881
29095  35.375  -36.448  -15.747 0.6999999881
31512  34.748  -33.891  -15.153 0.8000000119
32218  34.920  -32.463  -14.485 0.8000000119
32911  35.288  -31.155  -13.943 0.8000000119
32912  35.021  -31.740  -14.644 0.8000000119
32924  34.934  -31.554  -15.499 0.8000000119
119604  34.890  -32.755  -16.708 0.8999999762
32933  35.115  -30.814  -15.780 0.8000000119
32234  35.019  -32.104  -17.026 1.0000000000
32934  34.991  -31.445  -16.365 0.8000000119
31522  35.601  -33.945  -17.934 1.0000000000
30790  36.646  -34.553  -19.274 1.0000000000
32252  36.147  -32.529  -19.290 1.0000000000
31557  36.977  -34.324  -21.886 1.0000000000
109817  35.319  -35.205  -20.560 1.0000000000
111717  36.496  -31.693  -19.812 1.0000000000
119199  37.498  -32.460  -20.754 1.0000000000
32276  38.755  -32.635  -22.074 1.0000000000
113020  38.246  -34.108  -22.194 1.0000000000
32975  38.212  -31.790  -21.434 1.0000000000
114655  37.540  -35.678  -10.427 0.6999999881
29944  36.626  -35.656  -10.614 0.6999999881
30708  36.386  -34.779  -10.830 0.6000000238
116368  35.808  -34.849  -11.488 0.6000000238
109851  35.451  -34.938  -12.306 0.6000000238
29969  35.206  -35.118  -13.193 0.6999999881
29970  35.065  -35.325  -14.039 0.6999999881
30752  34.916  -34.604  -14.592 0.6999999881
32217  35.166  -32.097  -13.882 0.8000000119
34673  35.686  -29.646  -13.804 0.8000000119
33830  35.386  -30.268  -14.341 0.8000000119
33837  35.263  -30.137  -15.236 0.8000000119
110217  35.166  -30.807  -16.537 0.8000000119
33853  35.276  -30.060  -16.224 0.8000000119
111441  35.384  -32.073  -17.935 1.0000000000
32943  35.235  -31.307  -17.326 1.0000000000
32954  35.635  -31.550  -18.498 1.0000000000
112657  35.314  -30.434  -17.127 0.8999999762
121033  35.921  -31.009  -19.044 1.0000000000
33878  35.936  -30.295  -18.933 1.0000000000
30799  35.282  -34.436  -20.800 1.0000000000
33898  36.915  -30.797  -20.432 1.0000000000
32277  38.046  -32.878  -22.604 1.0000000000
31556  37.246  -33.551  -22.221 1.0000000000
32988  39.147  -31.774  -22.692 1.0000000000
29945  35.985  -35.616  -11.063 0.6999999881
30731  35.659  -34.101  -12.004 0.6000000238
31483  35.565  -33.329  -12.495 0.6999999881
31490  35.094  -33.777  -13.643 0.6999999881
31489  35.278  -33.370  -13.212 0.6999999881
31500  34.876  -33.820  -14.317 0.6999999881
32206  35.421  -32.539  -13.073 0.8000000119
33823  35.624  -30.396  -13.539 0.6999999881
35527  35.839  -28.811  -13.912 0.6999999881
35540  35.719  -28.473  -14.648 0.6999999881
120863  35.544  -28.874  -15.187 0.6999999881
34709  35.492  -29.096  -16.445 0.8000000119
125894  35.530  -28.789  -15.739 0.6999999881
107539  35.497  -30.755  -18.073 0.8999999762
33866  35.531  -29.949  -17.850 1.0000000000
118370  35.871  -28.308  -17.703 1.0000000000
31545  35.414  -33.725  -21.162 1.0000000000
109956  37.102  -34.274  -10.535 0.6000000238
30722  36.535  -34.028  -10.845 0.6000000238
30723  36.072  -34.074  -11.287 0.6000000238
31476  36.447  -33.416  -11.107 0.6000000238
32198  36.389  -32.627  -11.446 0.6000000238
32199  35.868  -32.540  -12.176 0.6000000238
32897  36.122  -31.064  -12.438 0.6999999881
33816  36.020  -30.417  -12.844 0.6999999881
34672  36.117  -29.200  -13.219 0.6999999881
121119  36.508  -27.683  -13.290 0.6999999881
35539  36.085  -27.832  -13.988 0.6999999881
42789  43.344  -20.687  -13.696 0.3000000119
36491  35.891  -27.482  -15.768 0.6999999881
36480  35.907  -27.660  -14.885 0.6999999881
42810  43.889  -20.300  -14.164 0.3000000119
35567  35.648  -28.253  -16.154 0.8000000119
30010  31.505  -35.823  -17.575 0.8999999762
34726  35.648  -29.061  -17.562 1.0000000000
30791  33.014  -34.365  -18.681 1.0000000000
31546  34.208  -33.750  -19.981 1.0000000000
109674  33.364  -35.061  -18.881 1.0000000000
34753  36.719  -29.792  -20.115 1.0000000000
33897  38.751  -30.108  -22.285 1.0000000000
111516  39.029  -31.107  -22.236 1.0000000000
32284  38.813  -32.412  -22.722 1.0000000000
32278  36.514  -32.719  -22.168 1.0000000000
33915  39.176  -30.963  -23.131 1.0000000000
32185  37.982  -32.802  -10.705 0.6000000238
32186  37.073  -32.859  -10.866 0.6000000238
32877  37.572  -32.186  -10.947 0.6000000238
32888  37.567  -31.489  -11.171 0.6000000238
106886  38.122  -30.320  -11.362 0.6000000238
33807  37.522  -30.729  -11.411 0.6999999881
33808  36.946  -30.523  -11.763 0.6999999881
32890  36.334  -31.728  -11.880 0.6000000238
34655  36.859  -29.952  -12.038 0.6999999881
36473  42.169  -27.444  -13.490 0.3000000119
37292  42.334  -26.643  -13.437 0.3000000119
107806  36.626  -28.809  -12.625 0.6999999881
36464  36.922  -27.256  -12.875 0.6999999881
40895  42.886  -21.872  -13.161 0.3000000119
41841  42.761  -21.116  -13.279 0.4000000060
42790  42.536  -20.359  -13.576 0.4000000060
29114  31.132  -36.540  -17.347 0.6999999881
124952  30.795  -35.894  -17.373 0.6999999881
44711  42.885  -18.349  -16.308 0.3000000119
43724  43.677  -19.583  -14.615 0.3000000119
111115  36.359  -26.218  -15.072 0.6999999881
30792  32.142  -34.174  -18.060 0.8999999762
107741  42.969  -19.527  -14.373 0.3000000119
36501  35.881  -27.624  -16.619 0.8000000119
44670  42.976  -18.996  -14.894 0.3000000119
43725  42.372  -19.303  -14.334 0.3000000119
36513  35.996  -27.707  -17.400 0.8000000119
36532  36.183  -27.855  -18.242 1.0000000000
110583  34.426  -33.043  -20.396 1.0000000000
35610  36.579  -28.901  -19.696 1.0000000000
123110  35.567  -33.145  -21.516 1.0000000000
34752  37.814  -29.161  -21.419 1.0000000000
32989  37.993  -32.074  -23.008 1.0000000000
117596  38.848  -29.920  -23.046 1.0000000000
126507  38.643  -31.298  -23.332 1.0000000000
34775  38.358  -29.287  -23.054 1.0000000000
34653  38.486  -29.531  -11.439 0.6999999881
35524  42.064  -28.279  -13.589 0.3000000119
115150  41.596  -27.825  -12.912 0.4000000060
120129  37.760  -28.956  -11.665 0.6999999881
34662  37.058  -29.268  -12.080 0.6999999881
35515  37.312  -28.360  -12.127 0.6999999881
37293  41.750  -26.999  -12.862 0.4000000060
36463  37.278  -27.629  -12.379 0.6999999881
37277  41.944  -26.204  -12.819 0.3000000119
107217  41.360  -26.537  -12.318 0.5000000000
37262  37.550  -26.863  -12.364 0.6999999881
107994  37.493  -26.067  -12.650 0.6999999881
38156  42.126  -25.380  -12.763 0.5000000000
37279  37.057  -26.445  -13.049 0.6999999881
39992  42.142  -23.600  -12.490 0.4000000060
39978  40.969  -23.744  -11.752 0.6000000238
40878  41.851  -22.282  -12.455 0.5000000000
37294  36.795  -25.963  -13.650 0.6999999881
110591  42.917  -22.647  -13.119 0.3000000119
37309  36.511  -26.158  -14.209 0.6999999881
119843  39.988  -18.038  -15.053 0.4000000060
42771  41.369  -20.974  -12.715 0.4000000060
36490  36.131  -26.992  -15.194 0.6999999881
29116  30.151  -35.624  -17.275 0.6999999881
45655  41.217  -17.698  -15.806 0.4000000060
42770  42.116  -20.846  -13.065 0.4000000060
42791  41.663  -20.314  -13.296 0.4000000060
29115  30.365  -36.350  -17.142 0.6000000238
45654  42.064  -17.981  -16.068 0.3000000119
44692  41.650  -18.257  -15.347 0.3000000119
43704  41.993  -19.737  -13.802 0.4000000060
42792  40.788  -20.307  -13.084 0.4000000060
37319  36.202  -26.670  -15.804 0.6999999881
112297  36.508  -25.403  -15.509 0.6999999881
30778  31.789  -35.027  -17.800 0.6999999881
126002  40.462  -18.439  -14.696 0.4000000060
112883  41.131  -19.658  -13.614 0.4000000060
37332  36.086  -27.020  -16.368 0.8000000119
44691  42.505  -18.496  -15.515 0.3000000119
44671  42.057  -18.756  -14.803 0.3000000119
43726  41.565  -19.122  -14.182 0.4000000060
36500  36.135  -27.027  -17.069 0.8000000119
31537  33.426  -33.837  -19.149 1.0000000000
36512  36.305  -27.141  -17.912 0.8999999762
35597  36.501  -28.058  -19.348 1.0000000000
123090  36.951  -31.090  -22.669 1.0000000000
35620  38.163  -28.840  -22.511 1.0000000000
35609  37.359  -28.301  -20.936 1.0000000000
33922  38.342  -30.201  -23.329 1.0000000000
34768  37.299  -29.210  -22.948 1.0000000000
34652  39.466  -29.705  -11.466 0.6000000238
108794  40.007  -29.121  -11.599 0.6000000238
35505  39.263  -28.863  -11.472 0.6000000238
36445  39.187  -27.991  -11.506 0.6999999881
35514  40.980  -28.122  -12.315 0.5000000000
124645  40.404  -27.938  -11.800 0.6000000238
35506  38.494  -28.553  -11.528 0.6999999881
36461  41.191  -27.299  -12.339 0.5000000000
36462  40.674  -27.470  -11.934 0.4000000060
35507  37.933  -28.240  -11.708 0.6999999881
36447  37.797  -27.623  -11.938 0.6999999881
37278  40.759  -26.781  -11.924 0.6000000238
37261  38.367  -26.908  -11.779 0.6999999881
123396  40.999  -26.116  -11.960 0.6000000238
38157  41.598  -24.944  -12.217 0.6000000238
39137  41.037  -24.580  -11.772 0.6000000238
38158  38.425  -25.460  -11.979 0.6999999881
38159  37.752  -25.337  -12.585 0.6999999881
39153  41.622  -24.061  -12.129 0.5000000000
40862  40.665  -22.949  -11.816 0.6000000238
39980  39.627  -23.676  -11.735 0.6000000238
38176  37.386  -25.004  -13.165 0.6000000238
44695  38.514  -18.572  -15.053 0.4000000060
41823  42.147  -21.558  -12.792 0.4000000060
40879  41.096  -22.245  -12.104 0.4000000060
40863  39.870  -23.027  -11.812 0.5000000000
39994  39.179  -23.290  -12.019 0.6000000238
38177  36.944  -25.085  -13.783 0.6999999881
45657  39.441  -17.650  -15.506 0.4000000060
40880  40.161  -22.185  -12.096 0.5000000000
124646  36.671  -25.631  -14.029 0.6999999881
44693  40.807  -18.070  -15.204 0.4000000060
44694  39.211  -18.241  -14.985 0.5000000000
42772  40.536  -20.883  -12.672 0.4000000060
107462  39.856  -20.490  -12.988 0.4000000060
108955  36.600  -25.393  -14.573 0.6999999881
30779  31.246  -34.304  -17.707 0.8999999762
44672  41.193  -18.577  -14.699 0.4000000060
43705  40.201  -19.723  -13.497 0.4000000060
112515  36.470  -25.448  -16.397 0.6999999881
113460  36.376  -26.014  -15.864 0.6999999881
43727  40.559  -18.976  -14.086 0.4000000060
31538  32.682  -33.498  -18.487 0.8999999762
112784  33.429  -33.023  -19.281 0.8999999762
32990  35.720  -31.808  -21.744 1.0000000000
32267  33.837  -32.272  -19.872 1.0000000000
32266  34.888  -32.421  -20.976 1.0000000000
33916  35.021  -30.914  -21.323 1.0000000000
32976  34.319  -31.600  -20.482 1.0000000000
36548  37.730  -28.028  -22.030 1.0000000000
106487  36.965  -27.383  -22.295 0.8999999762
36558  37.424  -27.852  -22.228 1.0000000000
35628  37.890  -28.633  -22.698 1.0000000000
109038  35.916  -30.006  -22.118 1.0000000000
36559  37.070  -27.982  -22.491 1.0000000000
35630  36.086  -28.365  -22.244 0.8999999762
35504  39.894  -28.287  -11.586 0.6000000238
36444  39.932  -27.182  -11.594 0.6999999881
107481  39.039  -27.287  -11.521 0.6999999881
37259  40.400  -26.058  -11.678 0.6999999881
38143  39.171  -25.700  -11.613 0.6999999881
38141  41.000  -25.422  -11.838 0.6000000238
38142  40.361  -25.039  -11.607 0.6000000238
111785  39.540  -24.959  -11.609 0.6999999881
39140  38.878  -24.960  -11.780 0.6000000238
39154  38.305  -24.585  -12.286 0.6000000238
39155  37.713  -24.641  -12.851 0.6000000238
45659  38.142  -17.631  -16.038 0.3000000119
39138  40.508  -24.263  -11.646 0.6000000238
39979  40.247  -23.646  -11.674 0.6000000238
39996  37.899  -23.979  -12.857 0.6000000238
44696  37.992  -18.338  -15.620 0.4000000060
44712  37.497  -18.176  -16.339 0.4000000060
40881  39.430  -22.606  -12.155 0.6000000238
40882  38.704  -22.705  -12.539 0.6000000238
39171  37.409  -24.381  -13.373 0.6000000238
41842  39.170  -21.096  -12.847 0.4000000060
39172  37.065  -24.152  -14.019 0.6000000238
44676  37.907  -19.050  -15.179 0.5000000000
42793  39.100  -20.498  -13.245 0.4000000060
115189  36.846  -24.013  -14.804 0.6000000238
44675  38.376  -19.149  -14.653 0.5000000000
43728  39.578  -19.222  -13.963 0.4000000060
39203  36.618  -24.661  -16.097 0.6000000238
43729  38.694  -19.598  -14.071 0.4000000060
43707  38.736  -20.231  -13.627 0.4000000060
125769  32.087  -33.515  -18.050 0.8999999762
37345  36.375  -26.403  -17.578 0.8999999762
38225  36.465  -25.577  -17.301 0.8000000119
123151  32.667  -32.719  -18.581 0.8999999762
32253  33.018  -32.145  -19.003 0.8999999762
32977  33.349  -31.473  -19.551 0.8999999762
36545  36.991  -27.370  -20.371 1.0000000000
37373  37.349  -27.153  -21.597 1.0000000000
34769  35.471  -29.108  -21.780 0.8999999762
110527  36.110  -27.042  -22.204 1.0000000000
36560  35.346  -27.538  -21.976 1.0000000000
35621  34.303  -28.718  -21.202 0.8999999762
37387  35.356  -26.287  -22.616 1.0000000000
37378  34.726  -26.857  -22.245 0.8999999762
37260  39.741  -26.230  -11.548 0.6999999881
46735  38.737  -16.683  -16.730 0.3000000119
122575  38.323  -17.150  -16.503 0.3000000119
40883  38.127  -23.257  -12.879 0.6000000238
43760  37.435  -18.966  -15.925 0.5000000000
43746  37.102  -19.780  -16.344 0.4000000060
41843  38.553  -21.800  -12.993 0.5000000000
41844  37.885  -21.729  -13.708 0.5000000000
40030  37.163  -23.360  -14.381 0.5000000000
42794  38.449  -20.926  -13.444 0.5000000000
40914  37.493  -22.602  -13.970 0.5000000000
42826  37.454  -20.464  -15.085 0.5000000000
42795  37.830  -20.988  -14.008 0.5000000000
39187  36.651  -24.677  -15.161 0.6000000238
43730  37.912  -19.786  -14.637 0.5000000000
42811  38.195  -20.330  -14.014 0.5000000000
41879  37.202  -21.222  -15.565 0.5000000000
41860  37.212  -21.922  -15.207 0.5000000000
39211  36.557  -24.688  -17.015 0.6000000238
113979  36.550  -25.782  -18.225 0.8999999762
125840  36.717  -26.728  -19.406 0.8999999762
36531  36.504  -27.282  -18.903 0.8999999762
37364  37.040  -26.438  -20.391 0.8999999762
37376  37.109  -26.864  -21.997 0.8999999762
110927  37.188  -26.212  -21.244 0.8999999762
122558  34.286  -30.181  -20.762 0.8999999762
33899  33.771  -30.778  -20.139 0.8999999762
34770  34.148  -29.421  -20.883 0.8999999762
37377  36.272  -26.662  -22.151 0.8000000119
37386  35.826  -26.067  -22.471 0.6999999881
36549  34.259  -28.021  -21.372 0.8999999762
45675  37.718  -17.452  -16.720 0.3000000119
45686  37.448  -17.214  -17.488 0.4000000060
45687  36.947  -17.796  -18.064 0.3000000119
44731  37.112  -17.982  -17.166 0.3000000119
44732  36.775  -18.670  -17.845 0.4000000060
44713  36.979  -18.996  -16.899 0.4000000060
40012  37.561  -23.463  -13.507 0.6000000238
42845  36.866  -20.638  -16.813 0.4000000060
41859  37.470  -21.922  -14.417 0.5000000000
111609  36.950  -21.330  -16.443 0.5000000000
41878  37.485  -21.198  -14.677 0.5000000000
40045  36.961  -23.302  -15.318 0.5000000000
40931  37.036  -22.625  -15.745 0.5000000000
114157  36.773  -23.957  -15.737 0.5000000000
40940  36.895  -22.610  -16.589 0.5000000000
40054  36.867  -23.262  -16.227 0.5000000000
41894  36.873  -22.012  -16.796 0.5000000000
114269  36.661  -23.927  -17.522 0.6000000238
115469  36.719  -23.913  -18.388 0.6999999881
38231  36.752  -25.275  -18.954 0.6999999881
120166  36.798  -24.548  -18.991 0.6999999881
124471  36.910  -24.961  -19.469 0.8000000119
112812  36.748  -26.047  -19.195 0.8000000119
38237  37.032  -25.519  -20.030 0.8999999762
38253  36.337  -26.132  -22.159 0.6999999881
34771  33.122  -29.172  -20.385 0.8999999762
35622  33.150  -28.456  -20.820 0.8999999762
45701  37.241  -17.000  -18.357 0.3000000119
43794  36.620  -19.178  -18.425 0.4000000060
45702  36.797  -17.677  -18.964 0.3000000119
43779  36.664  -19.691  -17.821 0.4000000060
44755  36.679  -18.476  -18.659 0.3000000119
42862  36.671  -20.612  -17.580 0.4000000060
42872  36.547  -19.881  -18.615 0.4000000060
121103  36.564  -20.445  -18.190 0.4000000060
104916  36.507  -20.689  -18.775 0.4000000060
41906  36.728  -21.513  -17.306 0.4000000060
119538  36.618  -22.012  -17.869 0.4000000060
109617  36.666  -23.236  -17.868 0.5000000000
107328  36.722  -22.485  -17.392 0.5000000000
114817  36.824  -23.879  -19.258 0.6000000238
39228  37.015  -24.661  -19.892 0.8000000119
38245  37.099  -25.322  -20.837 0.6999999881
38255  36.452  -25.418  -22.220 0.6999999881
36561  33.951  -27.410  -21.679 0.8999999762
36550  33.284  -27.809  -21.278 0.8999999762
38258  34.526  -25.819  -23.196 0.8999999762
118234  33.540  -25.902  -23.019 0.8000000119
37379  33.450  -26.866  -22.182 0.8000000119
38266  33.655  -25.396  -23.443 0.8000000119
45715  36.664  -17.633  -19.843 0.3000000119
44778  36.595  -18.421  -19.478 0.3000000119
43807  36.567  -19.203  -19.102 0.3000000119
43816  36.510  -19.261  -20.020 0.4000000060
111465  36.506  -20.040  -19.359 0.4000000060
42882  36.493  -20.909  -19.513 0.5000000000
106356  36.561  -21.997  -18.374 0.5000000000
109632  36.696  -23.035  -19.616 0.5000000000
107948  36.572  -21.866  -19.739 0.5000000000
40960  36.579  -22.403  -18.886 0.5000000000
116445  36.939  -23.934  -20.069 0.6000000238
124904  37.004  -24.590  -20.592 0.6999999881
108542  36.789  -23.986  -20.894 0.6999999881
119200  36.523  -24.116  -22.663 0.6999999881
38256  35.978  -25.620  -22.825 0.6999999881
39241  36.329  -24.918  -22.985 0.6999999881
38257  35.447  -25.687  -23.180 0.8000000119
39242  35.676  -24.908  -23.647 0.6999999881
46759  37.064  -16.790  -19.342 0.3000000119
46774  36.730  -16.878  -20.388 0.3000000119
45735  36.547  -17.686  -20.547 0.4000000060
44799  36.523  -18.346  -20.269 0.3000000119
108802  36.487  -20.275  -20.179 0.4000000060
123564  36.501  -21.060  -20.226 0.4000000060
42888  36.476  -20.737  -20.912 0.3000000119
41924  36.511  -21.614  -20.709 0.5000000000
40967  36.596  -22.516  -20.491 0.6000000238
40970  36.492  -22.221  -21.239 0.5000000000
120303  36.723  -23.316  -20.443 0.6999999881
122248  36.576  -23.133  -21.274 0.6000000238
113837  36.623  -24.035  -21.740 0.6999999881
39231  36.805  -24.876  -21.449 0.6999999881
115088  36.496  -23.421  -22.135 0.6999999881
44813  36.451  -18.220  -20.981 0.3000000119
112414  36.429  -19.721  -20.965 0.3000000119
112432  36.371  -18.905  -21.402 0.3000000119
42895  36.360  -20.446  -21.693 0.3000000119
43826  36.294  -19.616  -21.890 0.3000000119
41930  36.413  -21.442  -21.658 0.3000000119
116174  36.287  -20.976  -22.348 0.4000000060
40977  36.408  -22.535  -22.146 0.5000000000
41939  36.271  -21.730  -22.674 0.5000000000
115141  36.410  -23.354  -22.980 0.6000000238
46787  36.661  -16.461  -21.181 0.4000000060
45750  36.481  -17.363  -21.255 0.3000000119
121874  36.494  -16.771  -21.825 0.3000000119
110961  36.327  -18.151  -21.750 0.3000000119
109210  36.233  -18.869  -22.208 0.3000000119
43840  36.133  -19.540  -22.724 0.3000000119
42907  36.198  -20.284  -22.536 0.4000000060
42917  35.997  -20.152  -23.408 0.4000000060
40981  36.242  -22.545  -23.214 0.6000000238
41949  36.091  -21.055  -23.288 0.4000000060
112749  36.100  -21.884  -23.486 0.5000000000
40091  36.059  -23.303  -23.852 0.6000000238
39246  33.731  -24.744  -23.902 0.6999999881
38259  32.723  -25.636  -23.171 0.8000000119
46801  36.626  -16.019  -21.881 0.4000000060
45762  36.340  -17.415  -22.186 0.3000000119
44825  36.174  -18.174  -22.610 0.3000000119
43852  36.064  -18.898  -23.044 0.3000000119
125935  35.963  -19.494  -23.430 0.4000000060
42918  35.632  -20.791  -24.357 0.4000000060
41950  35.770  -21.650  -24.091 0.4000000060
40982  35.910  -22.447  -23.976 0.5000000000
39244  35.590  -23.990  -24.204 0.6000000238
40991  35.452  -22.194  -24.415 0.4000000060
40092  34.666  -23.632  -24.513 0.6999999881
40103  34.528  -22.922  -24.657 0.4000000060
40104  33.743  -23.121  -24.702 0.5000000000
40093  33.558  -23.937  -24.359 0.6000000238
118132  32.780  -24.977  -23.625 0.6999999881
121397  32.878  -24.401  -24.011 0.6999999881
49116  36.910  -15.049  -21.865 0.3000000119
46812  36.391  -16.598  -22.667 0.3000000119
45773  36.160  -17.484  -23.128 0.3000000119
44833  36.002  -18.303  -23.557 0.3000000119
113061  35.834  -19.100  -23.943 0.4000000060
43853  35.706  -19.886  -24.189 0.3000000119
109666  35.560  -19.558  -25.083 0.3000000119
108047  35.367  -20.357  -25.072 0.3000000119
43861  35.119  -20.318  -25.888 0.3000000119
41958  35.164  -21.565  -24.807 0.4000000060
42924  35.036  -20.898  -25.401 0.3000000119
112488  34.761  -21.155  -25.256 0.3000000119
41959  34.327  -21.696  -24.985 0.3000000119
40993  33.953  -22.411  -24.882 0.3000000119
41960  33.257  -21.773  -25.111 0.4000000060
40994  32.856  -22.466  -24.939 0.5000000000
40094  32.302  -23.816  -24.272 0.5000000000
47915  36.570  -15.628  -22.689 0.3000000119
115349  36.370  -16.091  -23.374 0.3000000119
46824  36.143  -16.819  -23.739 0.3000000119
45774  35.955  -17.708  -24.228 0.3000000119
44845  35.644  -18.979  -25.684 0.3000000119
43867  35.265  -19.573  -26.274 0.3000000119
42925  34.809  -20.667  -25.707 0.3000000119
42926  33.846  -21.013  -25.221 0.3000000119
40105  32.623  -23.175  -24.632 0.5000000000
40995  31.558  -22.437  -24.903 0.5000000000
40095  31.144  -23.691  -24.255 0.5000000000
47924  36.448  -15.317  -23.663 0.3000000119
46836  36.200  -16.132  -24.235 0.3000000119
45786  35.915  -17.052  -25.030 0.3000000119
107676  35.835  -18.190  -25.504 0.3000000119
44850  35.557  -18.793  -26.548 0.3000000119
42932  34.701  -20.004  -26.226 0.3000000119
42927  32.656  -21.201  -25.320 0.4000000060
41961  31.645  -21.666  -25.249 0.4000000060
110019  29.794  -21.540  -25.178 0.4000000060
40106  31.421  -23.081  -24.594 0.5000000000
120498  30.366  -22.296  -24.891 0.4000000060
49136  36.748  -14.740  -22.822 0.3000000119
49157  36.644  -14.371  -23.652 0.3000000119
47937  36.034  -16.108  -25.168 0.3000000119
44851  35.013  -19.238  -26.979 0.3000000119
44852  33.733  -19.316  -26.472 0.3000000119
42933  33.998  -20.441  -25.664 0.3000000119
116403  32.816  -20.604  -25.531 0.4000000060
49179  36.378  -14.805  -24.461 0.3000000119
47936  36.250  -15.520  -24.564 0.3000000119
47953  36.113  -15.273  -25.328 0.3000000119
119308  35.910  -15.989  -25.909 0.3000000119
46848  35.853  -16.788  -26.065 0.3000000119
120527  35.734  -17.352  -27.012 0.3000000119
45794  35.853  -17.883  -26.558 0.3000000119
45805  35.544  -17.894  -27.417 0.3000000119
49192  36.270  -14.487  -25.117 0.3000000119
49193  36.025  -14.617  -25.857 0.3000000119
47964  35.826  -15.419  -26.283 0.3000000119
116395  35.687  -16.398  -26.846 0.3000000119
45795  35.391  -18.467  -27.269 0.3000000119
44859  34.844  -18.585  -27.448 0.3000000119
44860  34.124  -18.770  -27.001 0.3000000119
47972  35.525  -15.609  -27.245 0.3000000119
49205  35.727  -14.742  -26.714 0.4000000060
46867  35.342  -16.429  -27.768 0.3000000119
46859  35.308  -17.302  -27.793 0.3000000119
49212  35.382  -14.816  -27.710 0.4000000060
47973  35.132  -15.826  -28.224 0.4000000060
108310  35.673  -14.116  -27.057 0.3000000119
27270  38.769  -38.841  -20.128 1.0000000000
26261  38.385  -39.209  -20.247 0.8999999762
38265  34.705  -25.229  -23.707 0.8000000119
39245  34.780  -24.473  -24.223 0.8000000119
20290  31.934  -46.381  -8.094 0.6000000238
21067  32.130  -45.106  -10.921 0.6000000238
18726  34.757  -48.145  -7.036 0.5000000000
19506  35.508  -48.296  -7.259 0.5000000000
123860  32.698  -43.663  -7.940 0.6000000238
22740  39.074  -43.851  -17.444 0.8999999762
22680  33.018  -43.310  -7.736 0.5000000000
21841  35.585  -44.925  -6.317 0.4000000060
22673  34.970  -43.431  -6.633 0.5000000000
21042  36.066  -45.851  -6.486 0.4000000060
23600  32.649  -42.568  -13.229 0.6999999881
22742  36.038  -42.977  -15.969 0.8999999762
25336  33.739  -40.571  -12.011 0.6999999881
23540  34.985  -42.835  -6.901 0.5000000000
23538  36.317  -42.674  -6.774 0.5000000000
113486  33.114  -41.075  -13.857 0.8000000119
112493  36.652  -45.084  -6.336 0.4000000060
23608  34.339  -42.327  -15.297 0.8000000119
118058  36.286  -41.676  -8.735 0.4000000060
25317  37.239  -40.877  -10.444 0.4000000060
111710  37.385  -42.163  -9.839 0.4000000060
112974  34.284  -39.176  -13.821 0.8000000119
108942  39.048  -39.285  -20.015 1.0000000000
116321  37.931  -40.477  -10.679 0.5000000000
117714  36.746  -39.795  -10.498 0.5000000000
29111  37.217  -36.849  -18.607 1.0000000000
28247  38.414  -37.960  -20.314 1.0000000000
30806  38.197  -34.688  -22.041 1.0000000000
31543  38.455  -34.229  -21.954 1.0000000000
30762  34.916  -34.681  -15.360 0.8000000119
31523  35.345  -32.917  -17.827 1.0000000000
32903  35.674  -31.075  -13.113 0.6999999881
105166  35.414  -29.724  -17.006 0.8000000119
34739  35.953  -29.441  -18.690 1.0000000000
32889  36.938  -31.221  -11.517 0.6000000238
32896  36.558  -30.990  -11.951 0.6999999881
40011  42.817  -23.550  -13.076 0.4000000060
30022  32.623  -35.039  -18.293 1.0000000000
122960  42.434  -22.243  -12.800 0.4000000060
39152  42.319  -24.423  -12.731 0.4000000060
39993  41.551  -23.092  -12.130 0.5000000000
44674  38.993  -18.854  -14.486 0.4000000060
44673  39.781  -18.601  -14.514 0.4000000060
35629  37.657  -28.762  -22.840 1.0000000000
41826  39.958  -21.312  -12.529 0.5000000000
37388  34.073  -26.319  -22.646 0.8000000119
42827  37.148  -20.508  -15.937 0.5000000000
110118  36.758  -23.230  -17.065 0.5000000000
39218  36.634  -24.787  -18.048 0.6999999881
106432  36.606  -22.590  -18.162 0.5000000000
109614  36.665  -23.198  -18.675 0.5000000000
41920  36.511  -21.536  -18.887 0.5000000000
40088  36.218  -24.156  -23.554 0.6999999881
40983  35.352  -23.004  -24.397 0.6000000238
44834  35.802  -18.609  -24.622 0.3000000119
19551  36.235  -47.320  -14.244 0.5000000000
20326  36.954  -46.942  -14.855 0.5000000000
20332  37.680  -46.534  -15.571 0.5000000000
18767  35.942  -48.548  -13.483 0.5000000000
18774  36.689  -48.227  -14.197 0.5000000000
18762  34.627  -48.605  -12.726 0.5000000000
19544  35.623  -47.725  -13.618 0.5000000000
18755  33.363  -48.767  -11.846 0.4000000060
18763  33.897  -48.320  -12.369 0.5000000000
18756  32.704  -48.325  -11.394 0.4000000060
19528  33.271  -47.928  -11.925 0.5000000000
26246  31.950  -39.574  -16.748 0.6999999881
125752  31.581  -39.946  -16.390 0.6999999881
26253  33.000  -39.772  -17.391 0.8000000119
26252  33.744  -39.545  -17.831 0.8000000119
25378  33.580  -40.417  -17.538 0.8000000119
26259  34.599  -39.301  -18.432 0.8999999762
26247  31.339  -39.322  -16.383 0.6999999881
106167  33.100  -38.952  -17.666 0.8999999762
27266  33.888  -38.733  -18.218 0.8999999762
27265  34.837  -38.464  -18.875 0.8999999762
27249  31.398  -38.138  -16.944 0.6000000238
27248  31.790  -38.757  -16.888 0.8000000119
107528  34.051  -38.062  -18.610 0.8999999762
28240  34.962  -37.584  -19.330 0.8999999762
29130  35.435  -36.730  -19.896 0.8999999762
113699  40.127  -32.870  -11.593 0.5000000000
31463  38.331  -33.588  -10.639 0.5000000000
30706  38.518  -34.429  -10.640 0.6000000238
114806  37.728  -34.804  -10.469 0.5000000000
30707  37.849  -34.135  -10.513 0.5000000000
28232  31.445  -37.430  -17.269 0.6000000238
108754  32.302  -37.622  -17.619 0.8999999762
27258  33.162  -38.058  -18.048 0.8999999762
27259  32.434  -38.440  -17.434 0.8999999762
28241  33.751  -37.422  -18.615 0.8999999762
29121  34.297  -36.951  -19.124 0.8999999762
114873  39.614  -31.197  -11.369 0.5000000000
32887  38.893  -31.304  -11.161 0.5000000000
32885  40.363  -31.073  -11.811 0.5000000000
32886  39.284  -31.955  -11.149 0.5000000000
32876  38.362  -31.917  -10.956 0.5000000000
32895  40.751  -31.709  -12.279 0.5000000000
32196  39.626  -32.575  -11.242 0.5000000000
29113  32.058  -36.666  -17.682 0.8999999762
28242  32.897  -37.140  -18.095 0.8999999762
29122  33.486  -36.674  -18.606 0.8999999762
109159  34.186  -35.491  -19.511 0.8999999762
33805  40.510  -30.285  -11.991 0.5000000000
109435  38.958  -30.489  -11.296 0.5000000000
111606  40.999  -30.862  -12.524 0.5000000000
29123  32.776  -36.415  -18.154 0.8999999762
30021  33.242  -35.821  -18.618 0.8999999762
30029  34.016  -34.583  -19.598 0.8999999762
34651  40.125  -29.801  -11.675 0.5000000000
34661  40.618  -29.471  -12.078 0.5000000000
33814  40.965  -30.069  -12.478 0.5000000000
121702  40.958  -28.896  -12.388 0.4000000060
30780  30.389  -34.352  -17.536 0.6000000238
31526  29.959  -33.634  -17.551 0.6000000238
31524  31.567  -33.542  -17.823 0.8000000119
32241  31.143  -32.856  -17.753 0.6999999881
32256  30.596  -32.214  -17.950 0.6999999881
32257  29.775  -32.344  -17.883 0.6999999881
118556  29.237  -31.173  -18.485 0.6999999881
32255  31.440  -32.165  -18.111 0.8000000119
31539  31.992  -32.891  -18.061 0.8000000119
33881  30.453  -30.939  -18.524 0.6999999881
117715  29.747  -30.720  -18.691 0.6999999881
33903  30.435  -30.204  -19.009 0.6999999881
32955  32.513  -31.409  -18.862 0.8000000119
33879  31.991  -30.728  -18.863 0.8000000119
108313  30.844  -29.671  -19.481 0.6999999881
33902  31.378  -30.155  -19.120 0.6999999881
34754  32.365  -29.369  -19.928 0.8000000119
32978  32.820  -30.699  -19.383 0.8000000119
34755  31.545  -29.528  -19.650 0.6999999881
120881  32.415  -28.837  -20.414 0.8000000119
36552  31.431  -27.923  -21.270 0.6000000238
33900  33.221  -29.919  -19.970 0.8000000119
110891  31.798  -27.325  -21.827 0.6000000238
37381  30.961  -26.883  -22.166 0.6000000238
36551  32.369  -27.856  -21.266 0.8000000119
37380  31.843  -26.616  -22.387 0.6000000238
37390  31.094  -26.235  -22.661 0.6000000238
36562  32.842  -27.360  -21.729 0.6999999881
38267  31.740  -25.205  -23.432 0.6000000238
38260  31.896  -25.968  -22.907 0.6000000238
39247  31.981  -24.444  -23.894 0.6000000238
122505  32.519  -26.914  -22.158 0.6999999881
37389  32.838  -26.312  -22.622 0.6999999881
17964  31.695  -49.115  -10.019 0.4000000060
18752  32.146  -48.741  -10.779 0.5000000000
19529  32.665  -47.400  -11.501 0.5000000000
19538  34.359  -47.839  -12.820 0.5000000000
18768  35.093  -48.135  -13.123 0.5000000000
35525  41.496  -28.751  -12.988 0.3000000119
32254  32.229  -32.115  -18.443 0.8000000119
17981  35.310  -48.813  -13.071 0.5000000000
110172  32.451  -39.223  -17.181 0.8000000119
31462  39.047  -33.749  -10.848 0.5000000000
32956  31.722  -31.444  -18.467 0.8000000119
33880  31.174  -30.807  -18.628 0.6999999881
33901  32.233  -30.045  -19.391 0.8000000119
35612  30.864  -29.222  -19.990 0.6999999881
105737  31.988  -28.358  -20.790 0.6999999881
26194  38.365  -39.672  -10.750 0.4000000060
26193  39.110  -39.849  -11.277 0.4000000060
27186  38.931  -38.834  -11.005 0.4000000060
28150  38.269  -37.385  -10.540 0.5000000000
115103  39.856  -39.238  -11.851 0.4000000060
112218  38.881  -35.814  -10.778 0.5000000000
116620  38.247  -35.970  -10.495 0.5000000000
115194  38.996  -37.178  -10.907 0.5000000000
28149  39.020  -37.909  -10.951 0.4000000060
108032  38.385  -38.186  -10.618 0.4000000060
27202  39.790  -38.403  -11.732 0.4000000060
28166  39.659  -37.558  -11.515 0.4000000060
28165  40.480  -38.125  -12.360 0.4000000060
29942  39.041  -35.032  -10.831 0.5000000000
29047  38.606  -36.568  -10.666 0.5000000000
29961  40.615  -35.630  -12.376 0.4000000060
29968  40.969  -36.142  -12.904 0.4000000060
29989  43.301  -35.809  -15.376 0.4000000060
29981  42.275  -36.063  -14.320 0.4000000060
29967  41.397  -36.167  -13.329 0.4000000060
29093  43.616  -36.915  -15.571 0.4000000060
29086  42.529  -37.207  -14.535 0.4000000060
30721  39.611  -34.747  -11.263 0.5000000000
29954  39.540  -35.563  -11.264 0.5000000000
29953  40.114  -35.156  -11.764 0.4000000060
30787  46.189  -34.181  -19.345 0.3000000119
29059  40.090  -36.128  -11.884 0.4000000060
120055  46.140  -34.870  -19.078 0.3000000119
116739  41.576  -35.389  -13.512 0.4000000060
30016  46.195  -35.935  -18.755 0.3000000119
30006  45.333  -35.697  -17.582 0.3000000119
30007  44.847  -35.717  -17.090 0.3000000119
29996  43.814  -35.759  -15.970 0.4000000060
112098  42.501  -35.227  -14.555 0.4000000060
29119  45.694  -36.489  -18.012 0.3000000119
30720  40.099  -34.339  -11.674 0.4000000060
30729  41.142  -34.377  -12.901 0.4000000060
30730  40.618  -34.619  -12.332 0.4000000060
30797  46.041  -33.497  -19.291 0.3000000119
31521  44.988  -33.423  -17.821 0.3000000119
30788  45.755  -34.141  -18.774 0.3000000119
30775  45.277  -34.103  -18.028 0.3000000119
30765  44.494  -34.734  -16.826 0.3000000119
31516  43.943  -34.227  -16.374 0.4000000060
30760  43.522  -34.746  -15.732 0.4000000060
30017  45.613  -35.086  -18.239 0.3000000119
30776  45.046  -34.838  -17.516 0.3000000119
30766  44.029  -34.987  -16.288 0.3000000119
111629  39.620  -34.019  -11.222 0.4000000060
32233  43.830  -32.318  -16.732 0.3000000119
125031  42.971  -32.506  -15.693 0.3000000119
119889  42.946  -33.180  -15.523 0.4000000060
124407  42.305  -32.745  -14.508 0.4000000060
31499  41.974  -33.269  -14.023 0.4000000060
31488  41.459  -33.708  -13.256 0.4000000060
31535  44.961  -32.651  -17.964 0.3000000119
31515  44.442  -33.117  -17.261 0.3000000119
32227  43.370  -32.839  -16.110 0.3000000119
31498  42.498  -33.425  -14.760 0.4000000060
109144  43.874  -33.357  -16.561 0.3000000119
31510  43.447  -33.720  -15.929 0.4000000060
31511  42.949  -34.052  -15.280 0.4000000060
108161  41.912  -34.119  -13.962 0.4000000060
119948  44.753  -34.012  -17.379 0.3000000119
123615  44.307  -33.896  -16.864 0.3000000119
30750  42.442  -34.354  -14.558 0.4000000060
32902  41.542  -31.097  -13.298 0.4000000060
116669  41.566  -31.909  -13.400 0.4000000060
32205  40.628  -32.523  -12.163 0.4000000060
32909  42.562  -31.254  -15.040 0.3000000119
32210  41.538  -32.761  -13.345 0.4000000060
31482  40.531  -33.297  -12.111 0.4000000060
32922  42.792  -31.930  -15.449 0.4000000060
111363  42.395  -32.050  -14.696 0.4000000060
32204  41.048  -33.057  -12.690 0.4000000060
123939  29.971  -29.423  -19.863 0.6000000238
110039  30.784  -27.518  -21.653 0.5000000000
35624  30.502  -28.718  -20.586 0.5000000000
36563  29.869  -27.717  -21.468 0.5000000000
37391  30.198  -26.383  -22.473 0.5000000000
118539  31.173  -25.674  -23.083 0.5000000000
38268  30.639  -25.090  -23.417 0.5000000000
39248  30.904  -24.400  -23.852 0.4000000060
45807  33.681  -18.054  -27.365 0.3000000119
45816  32.421  -17.190  -27.429 0.3000000119
45808  32.124  -17.746  -27.076 0.3000000119
46868  35.042  -16.728  -28.329 0.3000000119
45814  34.883  -17.314  -28.215 0.3000000119
45815  33.957  -17.350  -27.915 0.3000000119
45817  30.993  -17.215  -27.262 0.3000000119
45818  30.008  -17.024  -26.991 0.3000000119
47980  34.750  -15.505  -28.750 0.3000000119
47974  34.534  -16.083  -28.587 0.3000000119
46869  34.245  -16.696  -28.309 0.3000000119
46870  32.687  -16.517  -27.846 0.3000000119
111657  31.433  -15.602  -28.024 0.3000000119
46871  30.875  -16.371  -27.480 0.3000000119
46860  30.046  -16.167  -26.905 0.3000000119
47955  30.535  -15.617  -26.192 0.3000000119
49213  35.047  -15.150  -28.555 0.3000000119
47981  34.055  -15.432  -28.959 0.3000000119
47975  33.111  -15.836  -28.401 0.3000000119
117851  31.893  -15.138  -28.386 0.3000000119
116452  30.562  -15.510  -27.575 0.3000000119
47965  30.454  -15.320  -27.042 0.3000000119
49220  34.591  -14.842  -29.096 0.3000000119
47982  32.844  -15.041  -28.811 0.3000000119
47976  30.957  -14.955  -28.114 0.3000000119
49206  31.038  -14.602  -27.774 0.3000000119
49221  33.671  -14.723  -29.308 0.3000000119
49222  32.615  -14.338  -29.170 0.3000000119
49214  31.415  -14.268  -28.296 0.3000000119
49227  34.132  -14.123  -29.610 0.3000000119
49228  33.349  -13.996  -29.666 0.3000000119
49229  32.554  -13.744  -29.528 0.3000000119
49223  31.811  -13.768  -29.009 0.3000000119
50354  32.963  -13.426  -30.081 0.3000000119
110661  33.737  -13.491  -30.105 0.3000000119
29074  41.187  -37.204  -13.179 0.4000000060
112785  39.815  -40.040  -11.855 0.4000000060
29073  41.669  -37.304  -13.670 0.4000000060
30025  46.802  -35.571  -19.640 0.3000000119
29127  46.748  -37.002  -19.292 0.3000000119
119473  46.194  -37.271  -18.481 0.3000000119
29110  45.252  -36.946  -17.334 0.3000000119
29100  44.150  -36.985  -16.136 0.3000000119
125121  46.570  -34.612  -19.629 0.3000000119
31534  45.492  -33.231  -18.528 0.3000000119
32240  44.477  -32.087  -17.448 0.3000000119
32251  45.446  -32.221  -18.628 0.3000000119
33829  41.886  -30.605  -13.813 0.4000000060
32910  42.039  -31.391  -14.121 0.4000000060
32921  43.027  -31.176  -15.903 0.3000000119
32932  43.550  -31.523  -16.444 0.3000000119
33813  41.480  -30.220  -13.124 0.4000000060
33904  29.481  -30.035  -19.240 0.6000000238
49219  35.135  -14.390  -28.542 0.3000000119
50348  34.708  -13.998  -29.257 0.3000000119
50353  34.285  -13.471  -29.863 0.3000000119
30796  46.662  -33.873  -19.866 0.3000000119
29960  41.111  -35.231  -12.975 0.4000000060
119576  41.146  -32.255  -12.773 0.4000000060
125182  30.607  -15.056  -27.600 0.3000000119
47983  31.798  -14.521  -28.573 0.3000000119
50360  33.940  -13.043  -30.503 0.3000000119
25334  39.243  -40.932  -11.544 0.3000000119
21901  34.672  -44.265  -17.289 0.6999999881
21896  34.100  -44.772  -16.878 0.6999999881
25333  40.209  -40.763  -12.219 0.3000000119
21840  37.412  -44.267  -6.337 0.3000000119
23610  32.637  -42.959  -16.513 0.6999999881
23583  38.689  -43.255  -11.130 0.3000000119
22744  33.278  -43.641  -16.761 0.6999999881
22743  33.893  -44.035  -17.004 0.6999999881
24492  39.454  -42.393  -11.777 0.3000000119
22750  34.384  -43.609  -17.338 0.6999999881
24491  40.313  -43.362  -12.336 0.3000000119
25347  41.513  -40.434  -13.309 0.3000000119
24499  41.641  -41.938  -13.301 0.3000000119
112374  40.601  -41.659  -12.517 0.3000000119
27211  41.615  -38.949  -13.358 0.3000000119
27212  41.125  -38.612  -13.024 0.3000000119
23537  37.179  -42.665  -6.746 0.3000000119
24452  37.623  -41.940  -8.887 0.4000000060
24528  33.090  -42.105  -16.946 0.6999999881
23582  39.643  -43.948  -11.593 0.3000000119
23577  38.446  -43.141  -10.798 0.3000000119
23616  33.488  -42.883  -17.012 0.6999999881
126306  33.821  -43.449  -17.103 0.6999999881
23581  40.523  -44.710  -12.204 0.3000000119
23590  41.561  -43.665  -13.042 0.3000000119
24498  43.000  -42.614  -14.271 0.3000000119
26208  40.696  -39.714  -12.618 0.3000000119
28175  41.629  -38.510  -13.392 0.3000000119
24529  32.771  -41.410  -16.866 0.6999999881
22702  40.231  -44.509  -11.812 0.3000000119
23576  39.170  -43.639  -11.130 0.3000000119
22719  41.667  -44.866  -12.686 0.3000000119
23623  33.973  -42.054  -17.410 0.6999999881
23588  43.908  -45.219  -14.088 0.3000000119
28198  42.225  -38.401  -14.261 0.3000000119
27201  40.862  -38.887  -12.802 0.3000000119
27225  42.324  -39.569  -14.102 0.3000000119
28199  41.907  -38.648  -14.017 0.3000000119
24535  33.389  -41.288  -17.271 0.6999999881
22701  41.385  -44.673  -11.693 0.3000000119
108533  34.181  -41.051  -17.708 0.6999999881
23573  43.785  -44.063  -12.440 0.3000000119
22706  42.893  -45.164  -12.584 0.3000000119
28206  42.737  -38.971  -14.621 0.3000000119
23574  42.674  -44.077  -11.577 0.3000000119
26251  34.374  -40.169  -18.045 0.6999999881
28205  43.286  -38.333  -15.227 0.3000000119
33828  42.378  -30.431  -14.573 0.3000000119
20343  37.204  -46.108  -17.643 0.5000000000
21096  34.480  -45.581  -16.745 0.6999999881
21095  35.802  -46.035  -17.165 0.6000000238
121303  34.846  -46.298  -16.624 0.6000000238
21101  36.317  -45.308  -17.639 0.6000000238
22739  31.975  -43.488  -15.958 0.6999999881
23547  37.719  -42.211  -7.267 0.3000000119
23617  32.336  -41.929  -16.486 0.6999999881
24440  38.244  -41.871  -7.919 0.4000000060
24530  32.183  -41.038  -16.548 0.6999999881
24465  39.016  -42.437  -9.459 0.4000000060
24466  38.081  -42.571  -9.791 0.4000000060
122623  32.449  -39.894  -17.020 0.6999999881
23575  40.152  -43.872  -11.019 0.3000000119
24463  40.595  -42.504  -9.984 0.3000000119
24462  41.639  -41.627  -9.829 0.3000000119
25379  32.775  -40.595  -17.061 0.6999999881
21895  35.089  -45.046  -17.220 0.6000000238
24477  41.733  -42.941  -10.609 0.3000000119
19550  37.599  -47.903  -14.908 0.5000000000
105177  39.204  -47.893  -17.155 0.5000000000
19555  39.162  -48.273  -16.725 0.5000000000
17983  31.578  -49.652  -13.600 0.4000000060
17249  30.198  -50.628  -12.754 0.5000000000
20331  39.091  -47.496  -16.676 0.4000000060
19556  38.374  -47.617  -15.720 0.5000000000
20337  39.247  -47.358  -17.410 0.5000000000
119422  28.590  -51.523  -12.416 0.4000000060
125420  27.898  -51.914  -12.244 0.4000000060
17257  30.971  -50.193  -13.071 0.5000000000
20338  37.623  -47.069  -17.423 0.4000000060
16526  27.861  -51.252  -12.223 0.4000000060
119085  27.184  -51.750  -12.071 0.4000000060
17250  29.444  -50.203  -12.542 0.4000000060
17984  30.884  -49.252  -13.006 0.5000000000
17976  30.187  -49.766  -12.679 0.4000000060
18769  32.037  -49.053  -14.149 0.5000000000
19559  32.977  -47.178  -15.480 0.4000000060
126167  34.086  -47.285  -15.941 0.4000000060
20334  33.579  -46.819  -15.933 0.4000000060
16516  27.184  -50.918  -11.980 0.4000000060
118998  24.932  -49.585  -11.524 0.4000000060
110385  28.805  -49.837  -12.339 0.4000000060
109255  26.097  -47.875  -11.522 0.4000000060
18764  30.115  -48.904  -12.584 0.5000000000
18757  26.863  -47.963  -11.542 0.4000000060
18770  31.441  -48.728  -13.579 0.5000000000
115582  27.987  -46.165  -11.464 0.4000000060
20312  27.155  -46.489  -11.485 0.4000000060
18778  31.867  -48.307  -14.095 0.5000000000
19554  31.932  -47.589  -14.381 0.5000000000
21068  28.094  -45.329  -11.480 0.4000000060
21870  28.251  -44.457  -11.561 0.4000000060
19553  32.481  -47.421  -14.956 0.5000000000
20340  33.964  -46.176  -16.358 0.5000000000
17242  24.653  -50.297  -11.464 0.4000000060
114135  25.610  -49.124  -11.549 0.4000000060
122472  26.297  -48.571  -11.563 0.4000000060
120306  29.419  -48.646  -12.321 0.4000000060
106726  27.196  -48.739  -11.668 0.4000000060
18771  30.764  -48.222  -12.942 0.5000000000
20310  28.540  -46.715  -11.586 0.4000000060
19532  27.401  -47.331  -11.519 0.4000000060
19547  31.418  -47.823  -13.670 0.5000000000
20330  31.968  -46.792  -14.813 0.5000000000
21869  28.940  -44.303  -11.661 0.4000000060
20335  32.817  -46.424  -15.699 0.6000000238
21089  33.257  -46.085  -16.088 0.6000000238
17970  25.644  -49.965  -11.601 0.4000000060
17978  28.773  -49.016  -12.156 0.4000000060
121851  26.610  -49.483  -11.669 0.4000000060
17969  27.491  -49.382  -11.798 0.4000000060
19530  28.959  -47.363  -11.827 0.4000000060
19548  30.881  -47.264  -13.197 0.5000000000
20309  29.252  -46.566  -11.809 0.4000000060
111702  28.753  -45.916  -11.558 0.4000000060
20324  31.410  -46.860  -14.003 0.5000000000
117957  28.890  -45.037  -11.582 0.4000000060
21097  33.448  -45.357  -16.416 0.6000000238
21090  32.725  -45.635  -15.893 0.6000000238
21084  32.163  -46.021  -15.303 0.6000000238
16517  26.158  -51.506  -11.820 0.4000000060
17240  27.342  -50.077  -11.859 0.4000000060
113368  28.583  -48.187  -11.913 0.4000000060
110587  27.742  -48.101  -11.658 0.4000000060
19541  30.351  -47.494  -12.660 0.5000000000
110995  29.957  -48.081  -12.437 0.5000000000
19542  29.722  -47.238  -12.215 0.5000000000
20318  30.374  -46.671  -12.684 0.5000000000
20319  29.833  -46.433  -12.155 0.5000000000
21082  31.125  -45.982  -13.917 0.5000000000
20325  30.883  -46.512  -13.384 0.5000000000
122611  30.599  -45.775  -13.103 0.5000000000
21077  29.564  -45.678  -11.894 0.4000000060
110469  31.600  -46.072  -14.611 0.6000000238
21877  30.022  -44.282  -12.516 0.5000000000
21878  29.520  -44.675  -11.938 0.4000000060
21897  33.300  -44.437  -16.609 0.6000000238
21898  32.684  -44.807  -16.144 0.6000000238
121475  31.332  -45.449  -14.393 0.6000000238
21076  30.129  -45.192  -12.420 0.5000000000
21085  31.676  -45.315  -14.980 0.6000000238
21886  31.220  -44.677  -14.495 0.6000000238
21882  30.922  -45.212  -13.836 0.5000000000
21891  32.090  -44.306  -15.827 0.6000000238
22745  32.599  -43.968  -16.355 0.6000000238
24525  30.817  -41.152  -15.369 0.5000000000
23612  31.145  -42.037  -15.345 0.6000000238
23606  30.761  -42.484  -14.684 0.5000000000
23611  31.807  -42.512  -15.964 0.6000000238
117304  30.915  -43.249  -14.631 0.6000000238
23601  30.498  -42.889  -13.992 0.5000000000
121564  30.321  -43.315  -13.432 0.5000000000
21892  31.651  -44.540  -15.256 0.6000000238
21887  30.756  -44.519  -13.801 0.5000000000
21883  30.481  -44.836  -13.145 0.5000000000
22732  29.906  -43.390  -12.729 0.5000000000
122698  31.091  -40.696  -15.775 0.5000000000
25369  31.004  -39.939  -15.918 0.5000000000
25374  32.087  -40.278  -16.668 0.6000000238
24524  31.554  -41.427  -15.978 0.6000000238
22731  30.402  -44.019  -13.264 0.5000000000
110043  31.351  -43.089  -15.302 0.6000000238
19561  38.603  -48.101  -17.218 0.4000000060
21099  39.622  -45.811  -18.385 0.5000000000
20342  39.032  -46.667  -18.117 0.4000000060
120058  31.634  -43.885  -15.494 0.6000000238
18780  38.507  -49.342  -16.503 0.5000000000
19549  38.948  -48.671  -15.958 0.5000000000
19560  39.148  -48.289  -17.045 0.5000000000
17251  28.691  -50.589  -12.422 0.4000000060
124898  28.404  -50.152  -12.258 0.4000000060
19533  26.423  -47.156  -11.489 0.4000000060
119738  27.318  -45.696  -11.490 0.4000000060
17968  28.133  -49.692  -12.044 0.4000000060
18765  29.265  -48.006  -12.155 0.4000000060
17241  26.428  -50.461  -11.734 0.4000000060
22735  31.233  -43.894  -14.932 0.6000000238
105728  24.685  -48.941  -11.514 0.3000000119
120350  26.213  -46.229  -11.532 0.3000000119
19534  25.534  -47.426  -11.523 0.3000000119
115377  26.547  -45.479  -11.564 0.3000000119
119145  25.677  -46.770  -11.506 0.3000000119
115422  25.266  -46.186  -11.598 0.3000000119
17216  33.296  -50.668  -7.459 0.5000000000
17252  27.994  -50.512  -12.157 0.4000000060
17946  34.424  -49.434  -7.336 0.5000000000
17948  32.342  -49.579  -7.696 0.6000000238
17949  31.879  -49.690  -8.048 0.6000000238
17974  35.014  -49.396  -12.771 0.5000000000
17977  29.447  -49.396  -12.434 0.4000000060
18727  33.977  -47.900  -6.943 0.5000000000
18739  31.889  -48.304  -7.847 0.6999999881
18758  25.346  -48.261  -11.536 0.3000000119
18783  38.903  -48.655  -16.965 0.5000000000
19494  35.388  -47.703  -6.988 0.5000000000
19497  33.070  -47.079  -7.057 0.6000000238
19508  32.535  -47.215  -7.358 0.6999999881
19526  31.702  -47.023  -10.066 0.6000000238
19531  28.218  -47.426  -11.630 0.4000000060
19539  33.656  -47.515  -12.490 0.6000000238
19545  34.762  -47.368  -13.329 0.6000000238
20281  33.480  -46.489  -6.881 0.5000000000
20282  32.845  -46.463  -7.157 0.6000000238
20311  27.889  -46.829  -11.490 0.4000000060
20323  33.741  -46.425  -13.173 0.6000000238
20327  35.832  -46.463  -14.413 0.5000000000
20329  32.456  -46.765  -15.276 0.6000000238
20336  39.481  -46.962  -17.639 0.5000000000
20339  34.581  -46.987  -16.314 0.4000000060
21048  32.247  -45.732  -7.790 0.6999999881
21063  32.227  -45.903  -11.105 0.6000000238
21087  37.746  -45.731  -15.941 0.5000000000
21091  32.170  -45.098  -15.565 0.6000000238
21098  40.263  -45.823  -18.265 0.8000000119
21848  33.410  -44.352  -6.987 0.6000000238
21854  32.412  -43.984  -8.242 0.6000000238
21862  31.820  -44.649  -9.514 0.6999999881
21866  31.822  -44.904  -10.205 0.6999999881
21904  38.365  -44.331  -18.655 0.8000000119
22678  34.290  -43.130  -6.972 0.6000000238
22704  32.099  -43.660  -10.340 0.6999999881
22707  41.403  -44.852  -12.411 0.3000000119
22717  43.808  -45.202  -13.633 0.3000000119
22718  42.725  -45.206  -13.144 0.3000000119
22730  32.572  -43.415  -12.791 0.8000000119
22736  30.753  -43.811  -14.121 0.6000000238
22751  34.174  -42.955  -17.366 0.6999999881
23548  36.634  -42.260  -7.241 0.5000000000
23549  35.555  -42.371  -7.290 0.5000000000
23552  33.083  -42.691  -8.108 0.5000000000
23557  34.087  -42.163  -7.844 0.4000000060
23564  39.362  -43.067  -10.367 0.4000000060
23565  38.545  -43.017  -10.463 0.3000000119
23566  38.030  -42.699  -10.421 0.3000000119
23567  32.624  -42.284  -9.725 0.6000000238
23589  42.871  -44.408  -13.662 0.3000000119
23599  43.899  -43.787  -14.455 0.3000000119
23622  34.779  -42.466  -17.705 0.8000000119
23626  36.623  -42.007  -18.702 0.8000000119
24453  35.447  -41.646  -8.504 0.4000000060
24455  33.502  -41.785  -8.932 0.4000000060
24478  38.098  -42.623  -10.813 0.4000000060
24523  34.943  -41.776  -15.662 0.8000000119
24532  38.647  -41.440  -17.737 0.8999999762
24536  39.667  -42.043  -19.055 1.0000000000
24537  39.204  -41.915  -19.346 1.0000000000
25348  33.454  -40.449  -12.862 0.6999999881
25373  36.335  -40.549  -16.407 0.8000000119
25375  31.569  -40.568  -16.228 0.6000000238
25377  39.215  -41.041  -18.540 1.0000000000
26209  35.086  -39.422  -11.695 0.6000000238
26220  41.955  -39.615  -12.852 0.3000000119
26221  41.582  -39.681  -13.348 0.3000000119
26256  39.010  -39.892  -19.769 1.0000000000
26260  39.010  -39.359  -20.065 1.0000000000
27220  42.008  -39.369  -14.168 0.3000000119
27226  34.618  -38.522  -14.312 0.8000000119
27246  36.799  -38.065  -17.383 0.8999999762
27260  31.861  -38.070  -17.246 0.6000000238
28176  41.002  -38.023  -12.959 0.4000000060
28177  40.239  -37.197  -12.073 0.4000000060
28178  35.295  -37.180  -12.267 0.6999999881
28238  38.381  -37.248  -20.390 1.0000000000
28249  37.696  -37.692  -20.633 1.0000000000
29046  39.442  -36.557  -11.233 0.5000000000
29048  37.830  -36.562  -10.420 0.5000000000
29067  40.695  -36.719  -12.568 0.4000000060
29087  41.989  -37.286  -14.139 0.4000000060
29094  42.994  -37.123  -15.098 0.4000000060
29099  44.708  -37.041  -16.713 0.3000000119
29943  38.340  -35.281  -10.553 0.6000000238
29955  35.579  -35.661  -11.736 0.6000000238
29982  41.794  -36.148  -13.841 0.4000000060
29983  35.069  -35.477  -14.877 0.6999999881
29990  42.760  -35.975  -14.844 0.4000000060
29995  44.388  -35.748  -16.476 0.3000000119
29997  35.475  -35.233  -16.825 0.8999999762
30020  34.268  -36.283  -19.312 0.8999999762
30705  39.183  -34.394  -10.922 0.4000000060
30737  41.541  -34.616  -13.436 0.4000000060
30738  35.301  -34.154  -12.945 0.6999999881
30739  35.046  -34.471  -13.798 0.6999999881
30751  41.964  -35.078  -14.064 0.4000000060
30761  42.893  -34.980  -15.088 0.4000000060
31464  37.537  -33.549  -10.614 0.6000000238
31465  36.902  -33.620  -10.726 0.6000000238
31474  40.092  -33.617  -11.607 0.4000000060
31475  39.600  -33.273  -11.176 0.5000000000
31477  35.956  -33.336  -11.715 0.6000000238
31481  40.867  -33.821  -12.566 0.4000000060
31525  30.783  -33.595  -17.635 0.6000000238
32184  38.932  -32.822  -10.836 0.5000000000
32195  40.115  -31.978  -11.580 0.5000000000
32197  36.940  -31.993  -11.242 0.6000000238
32211  35.038  -33.032  -13.909 0.6999999881
32216  41.946  -32.357  -14.020 0.4000000060
32228  42.635  -32.629  -15.133 0.4000000060
32242  30.342  -32.928  -17.663 0.6999999881
32923  35.145  -30.931  -14.900 0.8000000119
32957  30.908  -31.509  -18.276 0.6999999881
32958  29.966  -31.528  -18.257 0.6999999881
32998  39.026  -31.731  -23.187 1.0000000000
33806  39.885  -30.425  -11.529 0.5000000000
33815  36.475  -30.437  -12.255 0.6999999881
34654  37.508  -29.886  -11.642 0.6999999881
34660  41.207  -29.489  -12.703 0.5000000000
34663  36.417  -29.699  -12.586 0.6999999881
34664  35.942  -29.867  -13.198 0.6999999881
34680  35.513  -29.376  -14.658 0.8000000119
34692  35.414  -29.401  -15.571 0.6999999881
34767  38.618  -29.504  -22.751 1.0000000000
35516  36.792  -28.017  -12.722 0.6999999881
35526  36.300  -28.390  -13.278 0.6999999881
35553  35.664  -28.258  -15.384 0.6999999881
35580  35.720  -28.335  -16.969 0.8000000119
35598  36.055  -28.610  -18.474 1.0000000000
35611  31.524  -28.894  -20.327 0.6999999881
35623  31.182  -28.388  -20.853 0.6000000238
36446  38.455  -27.764  -11.619 0.6999999881
36553  30.618  -28.094  -21.156 0.5000000000
37331  36.304  -26.313  -16.613 0.6999999881
37355  36.517  -26.565  -18.486 0.8999999762
38144  38.620  -26.149  -11.763 0.6999999881
38145  38.018  -26.122  -12.163 0.6999999881
38160  37.216  -25.637  -13.158 0.6000000238
38252  36.882  -25.881  -21.672 0.8999999762
39139  39.882  -24.291  -11.604 0.6000000238
39239  36.553  -24.694  -22.181 0.6999999881
39981  39.084  -24.176  -11.802 0.6000000238
39995  38.529  -23.649  -12.367 0.6000000238
40896  38.035  -22.579  -13.244 0.5000000000
40915  37.206  -22.625  -14.824 0.5000000000
40992  34.817  -22.310  -24.702 0.4000000060
41824  41.464  -21.705  -12.456 0.4000000060
41825  40.762  -21.521  -12.379 0.5000000000
41827  39.314  -21.922  -12.477 0.5000000000
41840  43.488  -21.425  -13.520 0.3000000119
42812  37.759  -20.529  -14.447 0.5000000000
43703  43.182  -20.025  -14.044 0.3000000119
43706  39.355  -19.931  -13.530 0.4000000060
43723  44.361  -19.978  -14.598 0.3000000119
43745  37.458  -19.723  -15.478 0.5000000000
43761  36.835  -19.967  -17.117 0.4000000060
105013  35.035  -48.818  -7.274 0.5000000000
105655  36.559  -21.279  -18.136 0.4000000060
105716  35.966  -47.234  -6.925 0.4000000060
106193  36.460  -18.885  -20.722 0.3000000119
106472  36.003  -48.821  -7.641 0.5000000000
106800  28.015  -48.865  -11.843 0.4000000060
107253  38.225  -31.024  -11.183 0.5000000000
107917  37.027  -21.969  -16.088 0.5000000000
107996  41.225  -31.570  -12.836 0.4000000060
108781  41.502  -25.773  -12.277 0.5000000000
109143  32.335  -35.782  -17.949 1.0000000000
110167  31.745  -46.932  -8.462 0.6000000238
110798  43.239  -32.035  -16.075 0.3000000119
111696  32.532  -46.098  -11.697 0.6000000238
111802  36.554  -41.647  -16.463 0.8999999762
112178  30.827  -35.147  -17.539 0.6999999881
112505  36.700  -23.919  -16.642 0.5000000000
113379  33.636  -49.401  -7.332 0.5000000000
113632  36.253  -26.956  -14.477 0.6999999881
113708  35.209  -35.849  -15.417 0.6999999881
114312  32.207  -47.924  -10.852 0.6000000238
114367  35.228  -36.986  -15.130 0.8000000119
114630  30.155  -45.954  -12.384 0.5000000000
114874  35.551  -37.008  -11.638 0.6999999881
115006  31.602  -47.742  -9.580 0.6000000238
115162  38.905  -17.242  -16.067 0.3000000119
115297  34.703  -41.611  -8.619 0.4000000060
115615  37.031  -35.027  -10.448 0.6999999881
116404  35.771  -31.763  -12.643 0.6999999881
117255  34.759  -33.112  -14.812 0.8000000119
117583  32.649  -41.949  -11.272 0.6000000238
117602  42.314  -22.895  -12.618 0.5000000000
118475  41.737  -38.481  -13.605 0.3000000119
118477  29.121  -31.825  -18.175 0.6999999881
118961  35.453  -31.715  -13.327 0.6999999881
119223  39.157  -26.576  -11.558 0.6999999881
119764  36.553  -26.899  -13.628 0.6999999881
121056  36.785  -24.659  -14.433 0.6000000238
121183  40.488  -28.635  -11.898 0.5000000000
122543  40.423  -33.929  -12.071 0.4000000060
122725  42.215  -33.783  -14.316 0.4000000060
123974  35.632  -44.262  -6.351 0.4000000060
124066  37.654  -21.448  -14.183 0.5000000000
124069  33.582  -28.953  -20.741 0.8999999762
125076  39.873  -25.604  -11.545 0.6000000238
125174  35.101  -35.300  -15.536 0.8000000119
125400  28.275  -50.954  -12.347 0.4000000060
125447  34.966  -50.765  -7.517 0.5000000000
125621  29.008  -48.468  -12.141 0.4000000060
126022  26.799  -45.979  -11.502 0.3000000119
126232  42.622  -19.777  -14.000 0.3000000119
