#!ascii label  , from subject sub-v1s16x0051168_ses-1 vox2ras=TkReg
1895
10932  -51.532  -64.939  -38.939 0.1000000015
10266  -50.404  -65.904  -37.921 0.1000000015
9604  -50.057  -67.078  -36.567 0.1000000015
139245  -49.554  -65.613  -37.825 0.1000000015
9618  -48.401  -66.449  -37.096 0.1000000015
10280  -48.363  -65.345  -38.232 0.1000000015
9617  -47.553  -66.776  -37.323 0.1000000015
10278  -46.811  -66.010  -38.684 0.1000000015
10292  -46.573  -66.015  -39.400 0.1000000015
9053  -46.414  -67.410  -38.498 0.1000000015
122808  -46.060  -67.099  -39.234 0.1000000015
10304  -46.715  -65.875  -40.209 0.1000000015
9642  -46.196  -66.520  -39.914 0.1000000015
9062  -46.006  -67.816  -39.167 0.1000000015
9649  -45.833  -66.879  -40.997 0.1000000015
9658  -45.705  -66.821  -43.425 0.1000000015
9061  -45.737  -67.296  -39.930 0.1000000015
9073  -45.484  -67.549  -41.795 0.1000000015
9070  -45.480  -67.720  -40.718 0.1000000015
12388  -52.043  -62.619  -39.965 0.1000000015
10931  -50.502  -64.657  -38.649 0.1000000015
11639  -51.416  -64.057  -39.172 0.1000000015
131464  -50.012  -65.172  -38.247 0.1000000015
127224  -50.689  -63.043  -40.168 0.1000000015
11654  -50.150  -63.908  -39.151 0.1000000015
10930  -49.490  -64.475  -38.793 0.1000000015
10947  -49.500  -64.037  -39.650 0.1000000015
10294  -48.105  -65.103  -39.034 0.1000000015
10945  -48.098  -65.123  -40.083 0.1000000015
9650  -46.397  -66.277  -40.790 0.1000000015
10971  -44.746  -63.851  -42.089 0.1000000015
123745  -44.774  -64.329  -43.546 0.1000000015
10982  -45.584  -64.580  -44.083 0.1000000015
9666  -45.774  -66.248  -44.033 0.1000000015
9659  -46.400  -66.265  -43.330 0.1000000015
9655  -46.418  -66.366  -41.832 0.1000000015
9654  -45.917  -66.923  -42.404 0.1000000015
13141  -54.963  -62.145  -40.788 0.1000000015
13151  -52.711  -60.838  -41.898 0.2000000030
13901  -53.464  -60.537  -41.555 0.2000000030
12399  -52.909  -62.054  -40.376 0.1000000015
13150  -52.107  -61.507  -42.468 0.1000000015
125439  -51.823  -61.958  -41.254 0.1000000015
12409  -51.606  -62.161  -42.994 0.1000000015
12398  -51.149  -62.593  -40.601 0.1000000015
12336  -45.706  -62.202  -35.920 0.1000000015
12348  -46.094  -62.586  -36.611 0.1000000015
11684  -50.553  -63.303  -42.613 0.1000000015
118817  -49.990  -63.720  -41.674 0.1000000015
10965  -49.317  -64.236  -40.788 0.1000000015
11609  -44.693  -63.077  -36.948 0.1000000015
12347  -45.563  -63.019  -37.110 0.1000000015
11621  -45.907  -63.294  -37.841 0.1000000015
11652  -46.371  -63.327  -39.580 0.1000000015
11653  -47.021  -63.157  -39.889 0.1000000015
11670  -46.558  -63.367  -40.611 0.1000000015
10964  -48.859  -64.777  -41.636 0.1000000015
10305  -47.416  -65.477  -40.639 0.1000000015
11636  -46.153  -63.334  -38.684 0.1000000015
11651  -45.585  -63.486  -39.273 0.1000000015
129539  -45.863  -63.475  -40.063 0.1000000015
124154  -46.241  -63.489  -41.590 0.1000000015
11681  -46.291  -63.503  -42.562 0.1000000015
116767  -47.058  -63.419  -42.992 0.1000000015
11694  -47.120  -63.814  -43.536 0.1000000015
10306  -48.200  -65.180  -41.181 0.1000000015
10316  -46.885  -65.850  -41.231 0.1000000015
11668  -45.044  -63.630  -40.032 0.1000000015
11680  -45.486  -63.621  -42.089 0.1000000015
11689  -46.273  -63.672  -43.445 0.1000000015
126678  -47.020  -64.466  -43.834 0.1000000015
10335  -47.031  -65.385  -43.686 0.1000000015
10972  -45.029  -63.825  -42.963 0.1000000015
10977  -45.548  -63.893  -43.642 0.1000000015
10978  -46.267  -64.080  -43.916 0.1000000015
127990  -46.157  -65.482  -44.161 0.1000000015
10326  -47.053  -65.870  -42.505 0.1000000015
14721  -53.684  -59.527  -42.754 0.1000000015
13915  -53.697  -60.070  -42.154 0.2000000030
13903  -55.654  -61.555  -41.125 0.1000000015
14708  -56.618  -60.130  -41.175 0.2000000030
13904  -56.524  -61.368  -41.045 0.2000000030
13922  -53.324  -59.987  -43.260 0.1000000015
13158  -52.354  -60.964  -43.313 0.1000000015
13074  -45.818  -61.094  -34.860 0.1000000015
13157  -51.872  -61.679  -43.480 0.1000000015
11693  -50.389  -63.251  -43.490 0.1000000015
12358  -46.458  -62.907  -37.333 0.1000000015
12373  -46.732  -63.065  -38.148 0.1000000015
11637  -46.907  -63.069  -39.058 0.1000000015
11683  -50.031  -63.793  -42.879 0.1000000015
12385  -47.566  -62.645  -39.603 0.1000000015
11671  -47.433  -62.921  -40.670 0.1000000015
11682  -47.044  -63.286  -41.814 0.1000000015
12414  -47.816  -62.996  -42.611 0.1000000015
121814  -48.008  -63.701  -43.351 0.1000000015
10337  -48.334  -64.577  -43.378 0.1000000015
10973  -48.959  -64.724  -42.655 0.1000000015
10336  -47.840  -65.004  -43.548 0.1000000015
16398  -54.466  -57.188  -42.778 0.1000000015
16399  -55.381  -57.241  -42.668 0.1000000015
15570  -53.734  -57.792  -43.009 0.1000000015
15571  -54.366  -57.874  -42.934 0.1000000015
116045  -54.966  -58.464  -42.412 0.2000000030
14724  -55.932  -58.532  -41.854 0.2000000030
123809  -56.629  -58.893  -41.302 0.2000000030
14709  -57.248  -60.025  -40.832 0.2000000030
13925  -53.071  -59.844  -43.624 0.1000000015
15575  -53.155  -59.165  -43.398 0.1000000015
135634  -52.202  -59.991  -43.805 0.1000000015
13919  -51.442  -61.018  -43.808 0.1000000015
13084  -46.200  -61.576  -35.504 0.1000000015
13090  -47.343  -61.653  -36.590 0.1000000015
135396  -47.920  -61.344  -36.991 0.1000000015
13102  -48.239  -61.495  -37.598 0.1000000015
13160  -51.816  -61.277  -43.716 0.1000000015
12421  -50.571  -62.536  -43.627 0.1000000015
13073  -44.934  -61.235  -34.695 0.1000000015
12337  -46.558  -61.976  -36.209 0.1000000015
12349  -46.961  -62.398  -36.876 0.1000000015
12375  -48.124  -62.181  -38.922 0.1000000015
12397  -48.185  -62.359  -40.928 0.1000000015
13137  -48.876  -61.879  -41.545 0.1000000015
12407  -49.168  -62.050  -42.800 0.1000000015
12416  -49.589  -62.369  -43.599 0.1000000015
11696  -50.084  -63.114  -43.840 0.1000000015
13828  -44.559  -60.563  -34.275 0.1000000015
12406  -48.388  -62.426  -42.190 0.1000000015
12415  -48.663  -62.710  -43.239 0.1000000015
12419  -49.297  -62.839  -43.661 0.1000000015
10985  -49.267  -63.862  -43.439 0.1000000015
13827  -43.756  -60.348  -34.489 0.1000000015
14620  -43.579  -59.566  -34.429 0.1000000015
14637  -43.222  -59.148  -34.968 0.1000000015
126987  -43.571  -58.877  -34.423 0.1000000015
16373  -53.871  -56.855  -40.571 0.1000000015
16387  -54.199  -56.844  -42.006 0.1000000015
16372  -53.258  -57.310  -41.141 0.1000000015
15557  -52.605  -57.979  -41.716 0.1000000015
17247  -55.560  -56.470  -41.812 0.1000000015
16400  -56.574  -57.326  -42.075 0.2000000030
14720  -52.498  -58.681  -42.692 0.1000000015
15569  -53.104  -57.953  -42.699 0.1000000015
15572  -57.296  -57.226  -41.538 0.2000000030
15556  -51.878  -58.631  -40.681 0.1000000015
14707  -51.983  -58.805  -41.687 0.1000000015
14604  -46.213  -59.229  -33.698 0.1000000015
13818  -45.832  -59.925  -33.914 0.1000000015
14622  -46.639  -59.661  -34.217 0.1000000015
13831  -47.095  -60.108  -34.814 0.1000000015
13841  -46.672  -60.831  -35.156 0.1000000015
13842  -47.467  -60.474  -35.545 0.1000000015
13850  -47.854  -60.823  -36.373 0.1000000015
14693  -51.278  -59.256  -40.017 0.1000000015
14706  -51.377  -59.302  -41.064 0.1000000015
14729  -52.211  -59.479  -43.379 0.1000000015
13920  -51.656  -60.240  -43.573 0.1000000015
13103  -48.882  -61.057  -37.896 0.1000000015
13117  -49.053  -61.199  -38.560 0.1000000015
13116  -48.816  -61.610  -39.291 0.1000000015
118455  -50.292  -60.603  -41.720 0.1000000015
13913  -50.953  -60.345  -42.683 0.1000000015
116975  -45.831  -58.827  -33.390 0.1000000015
12360  -47.914  -62.145  -38.028 0.1000000015
119197  -48.533  -61.641  -38.355 0.1000000015
13127  -49.337  -61.204  -40.012 0.1000000015
13138  -49.229  -61.381  -40.943 0.1000000015
13148  -49.628  -61.326  -42.055 0.1000000015
127111  -49.970  -61.688  -43.377 0.1000000015
13156  -50.749  -61.385  -43.710 0.1000000015
14603  -45.465  -59.370  -33.574 0.1000000015
13817  -45.005  -60.022  -33.777 0.1000000015
14602  -44.686  -59.311  -33.611 0.1000000015
14601  -43.967  -59.090  -33.921 0.1000000015
15461  -43.423  -58.360  -34.777 0.1000000015
15478  -43.175  -58.627  -35.611 0.1000000015
136926  -54.730  -56.588  -41.663 0.1000000015
15544  -52.409  -57.902  -40.307 0.1000000015
16359  -53.400  -56.873  -39.379 0.1000000015
17248  -56.525  -56.508  -41.583 0.1000000015
15535  -52.098  -57.773  -39.243 0.1000000015
137337  -52.356  -57.265  -38.760 0.1000000015
17235  -55.820  -56.549  -40.578 0.1000000015
16390  -56.947  -56.720  -41.753 0.1000000015
15534  -51.407  -58.273  -38.800 0.1000000015
15543  -51.671  -58.493  -39.659 0.1000000015
16391  -57.691  -56.860  -41.139 0.2000000030
14605  -46.968  -58.941  -33.911 0.1000000015
13843  -48.162  -60.027  -35.937 0.1000000015
13889  -50.523  -59.835  -39.600 0.1000000015
14705  -50.891  -59.763  -40.460 0.1000000015
17237  -57.793  -56.429  -40.239 0.1000000015
16374  -58.092  -56.584  -40.426 0.2000000030
14623  -47.403  -59.315  -34.563 0.1000000015
13091  -48.532  -60.774  -37.124 0.1000000015
13865  -49.228  -60.374  -37.613 0.1000000015
125801  -49.404  -60.904  -39.125 0.1000000015
13877  -49.862  -60.211  -38.923 0.1000000015
116428  -50.397  -60.310  -40.552 0.1000000015
16277  -44.975  -57.966  -33.143 0.1000000015
15442  -44.438  -58.519  -33.537 0.1000000015
15441  -43.776  -58.208  -34.046 0.1000000015
16275  -43.889  -57.332  -33.954 0.1000000015
16297  -43.607  -57.607  -34.529 0.1000000015
129429  -43.434  -57.756  -35.250 0.1000000015
16346  -52.076  -56.975  -38.131 0.1000000015
17219  -52.799  -56.872  -38.565 0.1000000015
138889  -53.476  -56.716  -38.684 0.1000000015
16345  -51.495  -57.265  -37.786 0.1000000015
16358  -52.910  -57.233  -39.686 0.1000000015
17220  -54.219  -56.597  -38.252 0.1000000015
17234  -54.798  -56.645  -40.558 0.1000000015
16357  -51.755  -57.543  -38.459 0.1000000015
17233  -54.054  -56.710  -39.447 0.1000000015
17236  -56.897  -56.476  -40.540 0.1000000015
14666  -50.167  -59.210  -37.868 0.1000000015
15516  -51.143  -57.976  -38.054 0.1000000015
17222  -56.141  -56.582  -39.446 0.1000000015
15444  -47.204  -58.160  -33.638 0.1000000015
15462  -47.670  -58.533  -34.307 0.1000000015
14624  -48.134  -58.899  -34.950 0.1000000015
14639  -48.497  -59.263  -35.639 0.1000000015
13852  -49.028  -60.023  -36.930 0.1000000015
14665  -49.575  -59.631  -37.405 0.1000000015
15533  -50.751  -58.744  -38.352 0.1000000015
16278  -46.577  -57.665  -33.030 0.1000000015
13851  -48.481  -60.256  -36.532 0.1000000015
14679  -50.336  -59.504  -38.649 0.1000000015
17224  -58.736  -56.129  -39.306 0.1000000015
15424  -45.773  -58.198  -33.115 0.1000000015
16255  -45.590  -57.324  -32.822 0.1000000015
16254  -44.737  -57.180  -33.101 0.1000000015
138117  -44.248  -57.041  -33.537 0.1000000015
17969  -44.062  -56.143  -34.314 0.1000000015
17161  -43.785  -56.887  -34.402 0.1000000015
17987  -44.089  -55.723  -34.936 0.1000000015
17206  -52.374  -56.620  -37.665 0.1000000015
135761  -53.193  -56.564  -37.834 0.1000000015
121972  -51.808  -56.773  -37.558 0.1000000015
16332  -51.270  -56.912  -37.161 0.1000000015
121931  -54.864  -56.412  -37.306 0.1000000015
17221  -55.032  -56.666  -39.377 0.1000000015
15515  -50.524  -58.422  -37.613 0.1000000015
16344  -50.872  -57.623  -37.363 0.1000000015
122374  -55.430  -56.559  -38.344 0.1000000015
16279  -47.472  -57.351  -33.392 0.1000000015
14654  -49.366  -59.286  -36.717 0.1000000015
15514  -49.922  -58.870  -37.171 0.1000000015
15496  -50.261  -58.080  -36.905 0.1000000015
17208  -55.958  -56.388  -37.530 0.1000000015
17223  -57.241  -56.477  -39.568 0.1000000015
16257  -47.005  -56.835  -32.813 0.1000000015
15445  -47.909  -57.747  -34.081 0.1000000015
15463  -48.337  -58.093  -34.723 0.1000000015
15479  -48.832  -58.365  -35.419 0.1000000015
14640  -49.137  -58.916  -36.054 0.1000000015
17209  -57.163  -56.295  -37.894 0.1000000015
17124  -46.417  -56.217  -32.429 0.1000000015
17932  -45.295  -55.043  -32.356 0.1000000015
17123  -45.527  -55.946  -32.442 0.1000000015
18772  -44.718  -54.946  -32.889 0.1000000015
17143  -44.506  -56.486  -33.268 0.1000000015
115962  -44.500  -55.218  -33.375 0.1000000015
17970  -44.260  -55.215  -34.144 0.1000000015
18785  -44.524  -54.348  -33.434 0.1000000015
17194  -51.093  -56.465  -36.590 0.1000000015
18007  -51.493  -55.970  -36.503 0.1000000015
17195  -51.853  -56.362  -36.975 0.1000000015
17207  -53.820  -56.355  -37.084 0.1000000015
17193  -50.575  -56.547  -36.201 0.1000000015
17196  -54.479  -56.165  -36.408 0.1000000015
16314  -49.412  -57.523  -35.570 0.1000000015
16315  -50.085  -57.001  -35.945 0.1000000015
129194  -47.306  -56.068  -32.617 0.1000000015
17125  -47.757  -56.545  -33.204 0.1000000015
16298  -48.560  -57.360  -34.507 0.1000000015
134154  -49.394  -58.218  -35.955 0.1000000015
127608  -56.591  -56.489  -38.564 0.1000000015
130111  -57.810  -56.283  -38.987 0.1000000015
17945  -46.809  -55.445  -32.193 0.1000000015
18773  -46.196  -54.691  -31.941 0.1000000015
18757  -45.379  -54.014  -32.185 0.1000000015
136482  -44.851  -54.414  -32.666 0.1000000015
19630  -44.762  -53.706  -32.741 0.1000000015
20479  -44.648  -52.873  -32.863 0.1000000015
19654  -44.400  -53.593  -34.034 0.1000000015
117649  -52.825  -56.286  -36.968 0.1000000015
18009  -53.526  -55.926  -36.310 0.1000000015
17180  -54.321  -55.822  -35.929 0.1000000015
17955  -48.449  -55.131  -33.163 0.1000000015
17162  -48.818  -56.625  -34.389 0.1000000015
17163  -49.386  -56.318  -34.874 0.1000000015
17178  -50.224  -56.270  -35.755 0.1000000015
18774  -47.187  -54.721  -32.037 0.1000000015
17946  -47.667  -55.326  -32.492 0.1000000015
17144  -48.477  -56.060  -33.737 0.1000000015
16313  -48.853  -57.662  -35.050 0.1000000015
17197  -55.439  -56.215  -36.605 0.1000000015
18758  -46.794  -54.036  -31.807 0.1000000015
130138  -46.071  -53.871  -31.819 0.1000000015
19620  -46.463  -53.296  -31.737 0.1000000015
19619  -45.689  -53.234  -31.880 0.1000000015
20463  -46.124  -52.554  -31.791 0.1000000015
20462  -45.496  -52.580  -32.051 0.1000000015
21249  -45.829  -51.791  -32.098 0.1000000015
20480  -45.063  -52.181  -32.491 0.1000000015
121702  -45.007  -51.397  -33.068 0.1000000015
17179  -50.835  -55.867  -36.143 0.1000000015
136835  -52.162  -55.131  -36.218 0.1000000015
17991  -52.962  -55.274  -36.090 0.1000000015
18821  -53.338  -54.649  -35.708 0.1000000015
17989  -50.864  -55.036  -35.927 0.1000000015
17164  -49.842  -56.055  -35.300 0.1000000015
125868  -47.524  -54.091  -32.001 0.1000000015
19632  -48.157  -53.626  -32.265 0.1000000015
19631  -47.300  -53.421  -31.849 0.1000000015
21251  -47.223  -51.145  -31.968 0.1000000015
21264  -45.834  -50.870  -32.419 0.1000000015
22043  -45.387  -50.744  -32.925 0.1000000015
17990  -51.521  -55.393  -36.274 0.1000000015
17972  -50.285  -55.559  -35.545 0.1000000015
18775  -48.674  -54.197  -32.889 0.1000000015
18776  -49.155  -53.827  -33.397 0.1000000015
17956  -49.055  -55.307  -34.064 0.1000000015
17145  -49.067  -55.958  -34.403 0.1000000015
134809  -50.280  -54.707  -35.243 0.1000000015
20481  -47.787  -52.752  -32.004 0.1000000015
20465  -47.449  -51.946  -31.900 0.1000000015
21250  -46.493  -51.044  -32.099 0.1000000015
22045  -46.317  -50.222  -32.272 0.1000000015
22853  -46.153  -49.465  -32.526 0.1000000015
18819  -51.598  -54.579  -36.083 0.1000000015
18818  -50.906  -54.337  -35.790 0.1000000015
135363  -49.071  -52.722  -32.954 0.1000000015
19633  -48.878  -53.389  -32.877 0.1000000015
18786  -49.096  -54.514  -33.676 0.1000000015
19655  -49.581  -53.900  -34.072 0.1000000015
128369  -50.020  -54.056  -34.760 0.1000000015
128797  -48.522  -52.780  -32.469 0.1000000015
22032  -47.030  -50.332  -31.960 0.1000000015
22840  -46.792  -49.591  -32.089 0.1000000015
126390  -48.167  -48.170  -31.577 0.1000000015
19640  -49.478  -53.089  -33.574 0.1000000015
19656  -50.140  -53.209  -34.578 0.1000000015
21265  -48.687  -51.406  -32.471 0.1000000015
21252  -47.978  -51.280  -32.060 0.1000000015
22033  -47.870  -50.402  -31.940 0.1000000015
23605  -47.834  -48.919  -31.703 0.1000000015
128527  -48.865  -48.093  -31.437 0.1000000015
21266  -49.297  -51.507  -32.978 0.1000000015
22034  -48.489  -50.802  -32.224 0.1000000015
22035  -48.753  -50.189  -32.060 0.1000000015
22843  -49.208  -49.408  -31.821 0.1000000015
22842  -48.305  -49.566  -31.770 0.1000000015
23606  -48.639  -48.785  -31.576 0.1000000015
24459  -49.458  -47.547  -31.370 0.1000000015
128700  -50.074  -47.982  -31.548 0.1000000015
22046  -49.192  -50.773  -32.593 0.1000000015
138008  -49.749  -49.028  -31.887 0.1000000015
23607  -49.474  -48.505  -31.589 0.1000000015
23609  -50.777  -47.874  -31.771 0.1000000015
9603  -48.897  -67.078  -36.611 0.1000000015
10265  -48.792  -65.732  -37.648 0.1000000015
10264  -47.924  -65.947  -37.677 0.1000000015
10929  -48.757  -64.850  -38.720 0.1000000015
9633  -47.182  -66.326  -37.970 0.1000000015
9044  -46.907  -67.171  -37.780 0.1000000015
10293  -47.244  -65.514  -39.451 0.1000000015
11655  -50.837  -63.528  -39.489 0.1000000015
12387  -51.212  -62.951  -39.859 0.1000000015
11672  -50.048  -63.531  -40.228 0.1000000015
10946  -48.810  -64.564  -39.620 0.1000000015
129863  -48.674  -64.793  -40.668 0.1000000015
10981  -44.916  -64.911  -43.958 0.1000000015
10334  -45.408  -65.509  -44.126 0.1000000015
13140  -53.524  -61.362  -40.783 0.1000000015
13139  -52.538  -61.411  -41.148 0.1000000015
13902  -54.244  -60.776  -41.103 0.2000000030
12408  -51.045  -62.575  -42.004 0.1000000015
12359  -47.240  -62.599  -37.661 0.1000000015
11669  -45.682  -63.552  -40.907 0.1000000015
11688  -45.676  -63.633  -43.062 0.1000000015
11690  -47.887  -63.331  -43.190 0.1000000015
138261  -46.381  -64.701  -44.099 0.1000000015
10318  -48.393  -65.192  -42.298 0.1000000015
10983  -47.795  -64.259  -43.548 0.1000000015
10327  -47.886  -65.484  -42.978 0.1000000015
14722  -54.085  -58.837  -42.876 0.1000000015
13916  -54.563  -59.755  -41.733 0.2000000030
14723  -55.648  -59.931  -41.364 0.2000000030
14731  -53.432  -59.335  -43.252 0.1000000015
12418  -51.399  -62.044  -43.611 0.1000000015
10980  -49.460  -64.165  -43.029 0.1000000015
12374  -47.434  -62.638  -38.550 0.1000000015
138612  -47.852  -62.515  -40.259 0.1000000015
12405  -47.764  -62.792  -41.660 0.1000000015
10984  -48.641  -63.879  -43.442 0.1000000015
136553  -52.742  -59.037  -43.317 0.1000000015
13101  -47.618  -61.962  -37.277 0.1000000015
13155  -50.360  -62.096  -43.675 0.1000000015
13829  -45.415  -60.569  -34.283 0.1000000015
12386  -48.244  -62.193  -39.868 0.1000000015
13126  -48.780  -61.780  -40.412 0.1000000015
11695  -49.453  -63.266  -43.676 0.1000000015
13840  -43.029  -60.019  -34.996 0.1000000015
16386  -53.554  -57.401  -42.350 0.1000000015
14719  -51.586  -59.468  -42.442 0.1000000015
14680  -51.012  -59.060  -39.143 0.1000000015
13900  -50.885  -59.964  -41.431 0.1000000015
118672  -51.019  -60.796  -43.610 0.1000000015
14678  -49.752  -59.926  -38.129 0.1000000015
13888  -49.872  -60.555  -39.791 0.1000000015
139371  -58.136  -56.280  -39.673 0.1000000015
17142  -44.100  -56.630  -33.838 0.1000000015
17175  -43.790  -56.501  -34.977 0.1000000015
17122  -45.089  -56.547  -32.755 0.1000000015
16330  -49.876  -57.742  -36.267 0.1000000015
16331  -50.583  -57.196  -36.624 0.1000000015
19639  -44.531  -53.458  -33.330 0.1000000015
20492  -44.631  -52.063  -33.272 0.1000000015
17971  -49.649  -55.508  -34.844 0.1000000015
20399  -57.711  -52.088  -25.385 0.5000000000
17071  -61.124  -57.542  -27.903 0.5000000000
134584  -61.286  -57.172  -27.380 0.5000000000
20398  -56.805  -52.043  -25.592 0.5000000000
20417  -57.156  -52.757  -26.078 0.5000000000
19555  -58.144  -52.885  -25.876 0.5000000000
17056  -62.164  -57.158  -27.750 0.5000000000
21185  -54.699  -51.369  -25.487 0.5000000000
20397  -55.921  -52.020  -25.804 0.5000000000
20416  -56.261  -52.696  -26.267 0.5000000000
17057  -62.357  -56.946  -27.919 0.5000000000
20415  -55.398  -52.625  -26.520 0.5000000000
20396  -55.049  -51.964  -26.018 0.5000000000
19568  -55.814  -53.192  -27.003 0.5000000000
20414  -54.544  -52.460  -26.774 0.4000000060
16234  -61.214  -58.521  -30.385 0.5000000000
17100  -61.441  -57.594  -30.036 0.5000000000
16235  -61.504  -57.821  -30.830 0.5000000000
17935  -61.334  -56.057  -31.743 0.5000000000
129954  -61.711  -54.998  -32.279 0.4000000060
19623  -62.043  -53.278  -32.218 0.4000000060
17868  -58.271  -56.117  -24.989 0.1000000015
130697  -60.316  -56.660  -26.825 0.5000000000
21187  -56.407  -51.470  -25.130 0.5000000000
19571  -58.782  -53.633  -26.475 0.4000000060
21173  -55.117  -50.935  -24.812 0.5000000000
21186  -55.542  -51.434  -25.314 0.5000000000
21975  -53.699  -50.492  -25.001 0.5000000000
22771  -53.165  -49.918  -23.813 0.5000000000
21966  -53.163  -50.161  -24.495 0.5000000000
21184  -53.847  -51.228  -25.616 0.5000000000
22770  -52.372  -49.752  -24.371 0.4000000060
21965  -52.678  -50.296  -25.159 0.3000000119
21202  -54.179  -51.847  -26.201 0.5000000000
20413  -53.774  -52.147  -26.958 0.4000000060
19567  -55.010  -52.955  -27.292 0.4000000060
21183  -52.996  -50.983  -25.771 0.3000000119
18716  -57.433  -54.006  -27.714 0.6999999881
130213  -58.174  -54.337  -27.912 0.5000000000
21974  -52.150  -50.522  -26.044 0.3000000119
21201  -53.376  -51.578  -26.381 0.3000000119
20423  -54.317  -52.532  -27.585 0.4000000060
19582  -56.465  -53.602  -27.522 0.5000000000
18729  -57.656  -54.242  -28.578 0.6000000238
17910  -59.484  -54.923  -28.569 0.6000000238
17900  -60.587  -55.386  -28.065 0.6000000238
16200  -62.093  -57.289  -28.196 0.5000000000
133799  -61.292  -57.980  -29.481 0.3000000119
21200  -52.658  -51.162  -26.630 0.3000000119
20422  -53.704  -51.996  -27.582 0.3000000119
20432  -55.283  -53.017  -28.478 0.4000000060
137593  -57.103  -53.850  -29.067 0.5000000000
18730  -58.454  -54.604  -29.075 0.6000000238
17926  -59.466  -55.314  -30.051 0.6000000238
17085  -61.402  -56.997  -29.717 0.5000000000
21218  -53.368  -51.541  -27.945 0.4000000060
124738  -54.519  -52.034  -28.641 0.4000000060
18737  -56.493  -53.451  -29.089 0.5000000000
19601  -57.034  -53.520  -29.624 0.5000000000
17927  -60.301  -56.072  -30.309 0.5000000000
17099  -61.043  -56.654  -30.591 0.5000000000
130954  -53.201  -50.829  -28.215 0.4000000060
21229  -54.805  -51.584  -29.088 0.4000000060
20443  -55.982  -52.471  -29.514 0.5000000000
19610  -57.571  -53.575  -30.257 0.5000000000
19611  -58.439  -53.842  -30.815 0.4000000060
18749  -59.557  -55.136  -30.731 0.5000000000
17933  -60.185  -55.772  -31.013 0.5000000000
21230  -55.593  -51.719  -29.476 0.4000000060
21231  -56.381  -51.750  -29.833 0.5000000000
20451  -58.068  -52.892  -30.681 0.5000000000
18760  -60.045  -54.376  -31.610 0.4000000060
18761  -60.688  -55.325  -31.662 0.5000000000
22025  -57.812  -51.147  -30.147 0.5000000000
20452  -58.726  -52.177  -30.817 0.4000000060
19622  -60.735  -53.499  -31.808 0.4000000060
129753  -61.248  -54.296  -32.123 0.4000000060
21240  -58.689  -51.291  -30.509 0.3000000119
20467  -59.545  -52.447  -31.176 0.4000000060
139942  -60.336  -52.764  -31.507 0.3000000119
21253  -60.813  -51.850  -31.236 0.3000000119
20469  -62.747  -52.255  -32.068 0.3000000119
16154  -57.977  -56.813  -23.974 0.1000000015
17002  -58.770  -56.378  -23.467 0.1000000015
17021  -58.416  -56.168  -24.266 0.1000000015
17870  -59.992  -55.435  -24.294 0.4000000060
17883  -59.479  -56.021  -25.506 0.4000000060
17891  -59.446  -56.269  -26.189 0.4000000060
17892  -61.124  -56.302  -26.336 0.4000000060
17893  -62.115  -55.980  -26.726 0.5000000000
17042  -61.838  -56.799  -27.239 0.5000000000
20384  -57.286  -51.494  -24.950 0.5000000000
20385  -58.132  -51.660  -24.745 0.5000000000
20400  -58.676  -52.226  -25.157 0.5000000000
19556  -59.266  -53.070  -25.638 0.4000000060
17043  -62.135  -56.700  -27.664 0.5000000000
21967  -54.536  -50.559  -24.485 0.5000000000
21174  -55.939  -51.039  -24.580 0.5000000000
21175  -56.777  -51.126  -24.422 0.5000000000
21956  -54.552  -50.363  -23.769 0.5000000000
117031  -53.855  -50.253  -24.176 0.5000000000
18718  -61.371  -55.283  -27.369 0.6000000238
22760  -52.526  -49.388  -23.460 0.4000000060
22759  -51.778  -49.145  -23.866 0.2000000030
121606  -51.141  -48.685  -24.271 0.2000000030
22769  -51.574  -49.318  -24.709 0.3000000119
21988  -51.708  -50.115  -26.703 0.3000000119
21998  -52.103  -50.157  -27.400 0.4000000060
22789  -51.376  -49.459  -26.394 0.3000000119
23550  -50.758  -48.048  -25.546 0.3000000119
23562  -51.263  -48.145  -26.805 0.4000000060
22799  -52.195  -49.403  -27.765 0.4000000060
23572  -51.770  -48.551  -27.461 0.3000000119
22006  -52.645  -50.182  -27.966 0.4000000060
22015  -54.553  -50.718  -29.049 0.4000000060
22016  -55.318  -50.901  -29.394 0.4000000060
137573  -52.604  -48.428  -28.037 0.3000000119
22807  -53.820  -49.354  -28.543 0.3000000119
127766  -55.866  -50.273  -29.449 0.3000000119
21232  -56.973  -51.017  -29.852 0.4000000060
22817  -55.986  -49.409  -29.321 0.3000000119
22018  -57.695  -50.312  -29.809 0.3000000119
21241  -59.638  -51.548  -30.817 0.3000000119
22818  -56.829  -49.207  -29.447 0.2000000030
22819  -57.691  -49.390  -29.609 0.2000000030
22026  -59.719  -50.576  -30.400 0.3000000119
122658  -60.656  -51.092  -30.686 0.3000000119
23587  -58.132  -48.519  -29.586 0.1000000015
22821  -59.823  -49.004  -29.629 0.2000000030
22027  -61.199  -50.393  -30.315 0.4000000060
26091  -58.792  -45.891  -30.220 0.1000000015
17003  -59.565  -55.836  -23.145 0.1000000015
17855  -59.197  -55.705  -23.874 0.1000000015
17856  -60.260  -55.343  -23.632 0.2000000030
17871  -61.548  -55.212  -24.628 0.5000000000
17884  -60.982  -55.775  -25.439 0.4000000060
137622  -61.976  -56.007  -26.175 0.4000000060
20374  -58.397  -51.624  -24.072 0.5000000000
20386  -59.044  -52.008  -24.492 0.4000000060
20401  -59.746  -52.561  -24.893 0.4000000060
19557  -60.587  -53.384  -25.471 0.4000000060
18699  -62.474  -54.660  -25.808 0.5000000000
17894  -62.382  -55.155  -25.908 0.5000000000
21957  -55.369  -50.595  -24.040 0.5000000000
21164  -56.260  -50.767  -23.884 0.5000000000
21166  -57.567  -51.307  -24.277 0.4000000060
18711  -62.217  -55.293  -26.502 0.4000000060
22761  -53.193  -49.620  -23.035 0.4000000060
21937  -54.468  -50.198  -22.952 0.4000000060
22739  -52.639  -48.951  -22.587 0.4000000060
23516  -52.017  -48.307  -22.473 0.3000000119
23536  -51.983  -48.782  -23.132 0.3000000119
23535  -51.341  -48.482  -23.495 0.3000000119
23515  -51.039  -47.734  -22.987 0.2000000030
23544  -50.692  -48.090  -24.712 0.2000000030
24368  -50.776  -46.772  -22.697 0.1000000015
24394  -50.407  -47.358  -24.362 0.3000000119
26041  -49.969  -45.454  -24.071 0.1000000015
24399  -50.505  -47.406  -25.178 0.3000000119
24410  -51.171  -47.338  -26.657 0.3000000119
26052  -50.175  -46.003  -24.903 0.2000000030
25216  -50.499  -46.659  -25.542 0.2000000030
25228  -51.546  -46.674  -27.134 0.2000000030
137714  -53.154  -47.978  -28.239 0.2000000030
23577  -54.207  -48.349  -28.584 0.2000000030
25237  -52.339  -46.870  -27.724 0.2000000030
24428  -53.705  -47.580  -28.371 0.2000000030
23578  -55.046  -48.220  -28.907 0.2000000030
25238  -53.336  -46.680  -28.203 0.2000000030
124007  -54.283  -46.751  -28.443 0.1000000015
23585  -56.417  -48.499  -29.359 0.2000000030
23586  -57.232  -48.616  -29.507 0.2000000030
25244  -54.777  -46.117  -28.542 0.1000000015
24431  -55.971  -46.943  -28.934 0.1000000015
123228  -57.452  -47.801  -29.532 0.1000000015
128686  -58.501  -47.710  -29.574 0.1000000015
25251  -55.849  -45.451  -29.113 0.1000000015
133839  -57.034  -46.208  -29.443 0.1000000015
24441  -58.020  -47.013  -29.533 0.1000000015
26089  -56.661  -45.690  -29.534 0.1000000015
25254  -58.461  -46.397  -29.794 0.1000000015
26099  -58.155  -45.449  -30.574 0.1000000015
26902  -57.612  -44.888  -30.927 0.1000000015
17841  -60.658  -55.485  -22.764 0.3000000119
17857  -61.922  -54.830  -23.486 0.3000000119
18666  -62.608  -54.035  -22.415 0.3000000119
17872  -62.744  -54.474  -24.644 0.3000000119
17885  -62.195  -55.564  -25.930 0.4000000060
19495  -61.429  -53.511  -22.294 0.3000000119
19536  -62.868  -53.871  -23.782 0.3000000119
18700  -62.764  -54.410  -25.210 0.5000000000
117520  -58.561  -52.319  -22.653 0.4000000060
20375  -59.354  -51.976  -23.844 0.5000000000
20388  -61.021  -52.945  -24.170 0.4000000060
19543  -60.910  -53.072  -24.729 0.4000000060
19558  -62.180  -53.768  -25.326 0.5000000000
22741  -54.346  -50.040  -22.034 0.4000000060
127442  -55.764  -50.587  -23.245 0.4000000060
134064  -56.420  -50.850  -23.217 0.5000000000
21165  -56.979  -51.026  -23.692 0.5000000000
22729  -54.041  -48.984  -20.820 0.4000000060
22735  -53.700  -49.400  -21.676 0.4000000060
22740  -53.774  -49.827  -22.578 0.4000000060
123580  -55.151  -50.460  -22.457 0.5000000000
129380  -53.504  -48.682  -21.219 0.4000000060
22734  -53.081  -48.797  -21.804 0.4000000060
23507  -53.780  -48.078  -20.641 0.4000000060
24354  -53.824  -47.211  -20.600 0.3000000119
23510  -52.504  -48.206  -21.850 0.3000000119
24364  -52.560  -47.299  -21.317 0.3000000119
24370  -51.939  -47.613  -21.946 0.3000000119
25159  -52.443  -46.266  -21.282 0.3000000119
24363  -51.846  -46.782  -21.609 0.2000000030
26000  -51.093  -45.299  -21.971 0.1000000015
25174  -50.577  -45.750  -22.627 0.1000000015
127415  -50.213  -44.546  -23.860 0.1000000015
134693  -50.114  -45.380  -24.698 0.1000000015
135377  -50.925  -45.685  -26.363 0.2000000030
26835  -50.371  -43.982  -24.512 0.1000000015
26847  -50.452  -44.328  -25.385 0.1000000015
26064  -51.372  -45.838  -26.902 0.2000000030
26859  -50.835  -44.359  -26.240 0.2000000030
124303  -51.676  -45.110  -27.226 0.2000000030
130113  -52.838  -46.034  -27.944 0.1000000015
135026  -52.468  -45.113  -27.804 0.1000000015
26081  -54.346  -45.473  -28.534 0.1000000015
26879  -53.938  -44.734  -28.543 0.1000000015
26082  -55.130  -45.498  -28.743 0.1000000015
26892  -55.588  -44.692  -29.444 0.1000000015
26901  -56.621  -44.673  -30.558 0.1000000015
27725  -56.148  -44.068  -31.005 0.1000000015
26914  -56.989  -44.387  -31.299 0.1000000015
27739  -57.231  -44.072  -32.005 0.1000000015
27753  -57.266  -43.717  -32.596 0.1000000015
120727  -57.581  -43.623  -33.129 0.1000000015
27765  -57.842  -43.304  -33.747 0.1000000015
124193  -61.442  -54.787  -21.029 0.3000000119
16974  -61.435  -55.360  -20.920 0.2000000030
18647  -61.816  -53.988  -21.360 0.3000000119
19515  -60.083  -53.202  -22.331 0.4000000060
19494  -59.514  -53.629  -21.543 0.3000000119
21930  -55.369  -50.724  -21.592 0.3000000119
21144  -55.985  -50.932  -22.324 0.4000000060
133129  -57.026  -51.942  -21.894 0.4000000060
19493  -58.568  -53.363  -21.504 0.3000000119
22730  -54.708  -49.362  -20.429 0.3000000119
21929  -54.850  -50.304  -21.376 0.3000000119
20343  -57.433  -52.542  -21.530 0.4000000060
19492  -57.920  -53.242  -21.074 0.3000000119
23500  -55.357  -48.186  -19.890 0.3000000119
23508  -54.580  -48.520  -20.224 0.3000000119
24355  -54.509  -47.695  -20.256 0.3000000119
121852  -55.220  -47.366  -20.187 0.3000000119
25147  -54.541  -46.875  -20.477 0.3000000119
24353  -53.168  -46.752  -20.906 0.3000000119
25160  -53.293  -45.938  -21.050 0.3000000119
25990  -52.768  -45.493  -21.368 0.2000000030
26792  -52.622  -44.764  -21.744 0.1000000015
26801  -52.476  -43.997  -22.339 0.1000000015
27629  -53.141  -43.403  -22.642 0.1000000015
25999  -50.732  -44.780  -22.499 0.1000000015
28475  -51.933  -42.598  -23.138 0.1000000015
27626  -50.926  -43.677  -23.310 0.1000000015
27637  -50.925  -42.964  -23.718 0.1000000015
27673  -50.459  -43.364  -25.143 0.1000000015
27683  -51.029  -43.742  -26.549 0.2000000030
28533  -50.995  -42.816  -26.572 0.2000000030
27695  -51.422  -43.609  -27.110 0.2000000030
26873  -52.437  -44.230  -27.912 0.1000000015
28546  -51.863  -42.586  -27.775 0.1000000015
27704  -52.797  -43.692  -28.274 0.1000000015
27706  -54.333  -44.126  -28.912 0.1000000015
28555  -53.244  -43.102  -28.710 0.1000000015
27713  -53.955  -43.359  -29.090 0.1000000015
27715  -55.175  -44.026  -29.891 0.1000000015
27714  -54.559  -43.659  -29.518 0.1000000015
27724  -55.437  -43.671  -30.680 0.1000000015
27738  -56.489  -43.857  -31.645 0.1000000015
27752  -56.529  -43.343  -32.286 0.1000000015
137794  -55.947  -42.696  -32.214 0.1000000015
27764  -56.955  -43.099  -32.946 0.1000000015
28591  -56.404  -42.528  -32.785 0.1000000015
138406  -57.293  -42.991  -33.390 0.1000000015
28600  -56.899  -42.457  -33.350 0.1000000015
28606  -57.771  -42.461  -34.171 0.1000000015
28601  -57.366  -42.583  -33.706 0.1000000015
28607  -58.396  -42.268  -34.744 0.1000000015
16961  -61.385  -56.513  -20.155 0.2000000030
16973  -61.387  -56.337  -20.954 0.2000000030
128881  -61.160  -56.194  -18.941 0.2000000030
18637  -61.184  -54.543  -20.492 0.3000000119
17787  -60.778  -54.782  -17.515 0.2000000030
18623  -61.074  -54.638  -19.076 0.3000000119
21133  -55.747  -51.209  -21.089 0.3000000119
21134  -56.410  -51.567  -21.615 0.3000000119
18635  -58.833  -53.799  -20.588 0.3000000119
22731  -55.368  -49.791  -20.026 0.3000000119
21927  -54.891  -49.984  -20.683 0.3000000119
124629  -55.451  -50.579  -20.513 0.3000000119
21129  -56.299  -51.677  -20.558 0.3000000119
20342  -56.795  -52.175  -21.014 0.3000000119
20331  -57.323  -52.773  -20.562 0.3000000119
137744  -55.800  -48.750  -19.722 0.3000000119
20330  -56.838  -52.247  -20.032 0.3000000119
20322  -57.501  -52.821  -19.591 0.3000000119
19480  -57.939  -53.381  -20.104 0.2000000030
127809  -58.670  -53.673  -19.586 0.2000000030
24344  -55.978  -47.771  -19.953 0.2000000030
24356  -55.854  -47.150  -20.382 0.3000000119
25148  -55.403  -46.545  -20.701 0.3000000119
25982  -54.635  -46.079  -20.867 0.3000000119
25146  -53.873  -46.420  -20.748 0.3000000119
25991  -54.020  -45.762  -21.057 0.2000000030
26794  -54.809  -44.824  -21.855 0.2000000030
26803  -54.463  -44.321  -22.193 0.1000000015
27630  -54.129  -43.585  -22.611 0.1000000015
28477  -53.763  -42.699  -23.002 0.1000000015
28486  -54.619  -42.283  -23.335 0.1000000015
29304  -55.820  -41.184  -24.063 0.1000000015
28485  -53.116  -42.076  -23.152 0.1000000015
29291  -53.830  -41.813  -23.324 0.1000000015
29986  -53.991  -40.939  -23.624 0.1000000015
29997  -55.435  -40.599  -24.083 0.1000000015
30749  -56.353  -39.761  -24.425 0.1000000015
30751  -57.933  -39.452  -24.723 0.1000000015
28483  -51.645  -41.927  -23.492 0.1000000015
29289  -52.051  -41.264  -23.569 0.1000000015
30735  -52.861  -39.997  -23.802 0.1000000015
30748  -54.554  -39.588  -24.053 0.1000000015
127851  -55.836  -39.142  -24.387 0.1000000015
31503  -56.563  -38.975  -24.516 0.1000000015
28503  -50.728  -42.455  -24.230 0.1000000015
29287  -51.174  -41.137  -24.367 0.1000000015
28522  -50.548  -42.543  -24.896 0.1000000015
29332  -50.988  -41.779  -26.616 0.2000000030
28545  -51.371  -42.206  -27.217 0.1000000015
29348  -51.720  -41.834  -27.773 0.1000000015
130670  -52.497  -42.860  -28.248 0.1000000015
133517  -53.544  -42.687  -29.188 0.1000000015
28562  -54.101  -42.764  -29.776 0.1000000015
28571  -55.064  -42.898  -31.061 0.1000000015
28578  -55.430  -42.390  -31.741 0.1000000015
29393  -55.816  -41.845  -32.509 0.1000000015
29402  -56.458  -41.794  -33.243 0.1000000015
18572  -58.685  -53.436  -16.074 0.2000000030
18596  -61.240  -54.064  -15.948 0.2000000030
18622  -61.007  -54.473  -19.196 0.3000000119
18636  -60.572  -54.169  -20.607 0.3000000119
18573  -59.892  -53.971  -15.435 0.2000000030
19453  -60.684  -53.550  -16.810 0.2000000030
19467  -60.893  -53.981  -18.063 0.3000000119
18621  -59.854  -53.992  -19.430 0.3000000119
21921  -56.011  -50.321  -19.570 0.3000000119
21118  -56.025  -50.967  -19.774 0.3000000119
21119  -56.560  -51.539  -19.690 0.3000000119
20321  -57.368  -52.171  -19.146 0.3000000119
22722  -56.244  -49.466  -19.505 0.3000000119
118758  -56.791  -50.310  -19.160 0.3000000119
21922  -56.810  -50.972  -19.147 0.3000000119
21103  -57.391  -51.583  -18.855 0.3000000119
24346  -58.194  -48.399  -19.765 0.2000000030
23502  -57.584  -48.910  -19.414 0.3000000119
19466  -58.213  -53.272  -19.099 0.2000000030
120743  -59.338  -53.525  -18.370 0.2000000030
24345  -56.981  -48.100  -19.901 0.2000000030
24357  -56.584  -47.360  -20.374 0.2000000030
24358  -57.579  -47.589  -20.359 0.2000000030
25149  -56.268  -46.696  -20.874 0.3000000119
25150  -57.129  -46.871  -20.988 0.3000000119
25161  -56.001  -46.126  -21.328 0.3000000119
127033  -54.692  -45.412  -21.430 0.2000000030
25162  -56.725  -46.171  -21.538 0.2000000030
25993  -56.230  -45.542  -22.001 0.2000000030
26001  -56.081  -44.883  -22.515 0.2000000030
27632  -55.868  -44.054  -22.931 0.1000000015
137536  -51.729  -39.470  -24.884 0.1000000015
30746  -52.966  -39.335  -24.067 0.1000000015
30747  -53.889  -38.994  -24.046 0.1000000015
31500  -54.064  -38.043  -24.440 0.1000000015
30012  -50.850  -40.997  -25.224 0.1000000015
30767  -51.342  -39.606  -25.497 0.1000000015
31523  -51.768  -38.896  -25.410 0.1000000015
31525  -53.184  -37.740  -24.991 0.1000000015
120312  -50.901  -40.675  -25.935 0.1000000015
30026  -51.085  -39.990  -26.290 0.1000000015
30794  -51.345  -39.397  -27.039 0.1000000015
31550  -51.580  -38.731  -26.853 0.1000000015
32277  -52.588  -37.681  -26.801 0.1000000015
118043  -50.997  -40.907  -26.581 0.1000000015
30040  -51.339  -40.418  -27.348 0.1000000015
30801  -51.672  -39.660  -27.918 0.1000000015
30802  -52.119  -39.730  -28.776 0.1000000015
134040  -51.619  -41.144  -27.832 0.1000000015
29360  -52.057  -41.543  -28.345 0.1000000015
136522  -52.371  -41.257  -28.877 0.1000000015
137446  -52.920  -40.926  -29.700 0.1000000015
29366  -52.859  -41.381  -29.409 0.1000000015
28561  -53.439  -42.031  -29.563 0.1000000015
28569  -53.878  -41.871  -30.241 0.1000000015
28577  -54.847  -42.040  -31.257 0.1000000015
118744  -55.691  -52.445  -17.065 0.3000000119
20282  -57.216  -52.024  -15.932 0.3000000119
20284  -58.779  -52.618  -16.253 0.3000000119
19443  -59.162  -52.862  -16.097 0.2000000030
19452  -59.410  -53.099  -16.943 0.2000000030
20283  -57.991  -51.988  -16.158 0.3000000119
20302  -58.412  -52.131  -16.294 0.3000000119
19451  -58.671  -52.508  -16.898 0.3000000119
22723  -57.481  -50.004  -18.917 0.3000000119
21908  -57.723  -50.636  -18.476 0.3000000119
21096  -58.216  -51.306  -16.510 0.3000000119
131128  -58.633  -53.067  -18.021 0.2000000030
23503  -58.812  -49.078  -19.073 0.2000000030
22709  -58.365  -50.036  -17.722 0.3000000119
24347  -59.508  -48.616  -19.453 0.2000000030
24359  -58.756  -47.845  -20.228 0.2000000030
25151  -58.126  -47.073  -20.943 0.2000000030
25163  -57.635  -46.282  -21.587 0.3000000119
25994  -57.163  -45.682  -22.239 0.2000000030
30807  -52.593  -39.671  -29.590 0.1000000015
30053  -53.088  -40.457  -30.034 0.1000000015
124840  -53.713  -41.031  -30.548 0.1000000015
29374  -54.294  -41.596  -30.881 0.1000000015
21101  -54.360  -51.217  -18.273 0.1000000015
21095  -54.946  -51.085  -17.389 0.2000000030
120628  -55.503  -51.656  -16.882 0.3000000119
20281  -56.234  -51.979  -16.312 0.3000000119
21078  -56.065  -51.247  -16.209 0.3000000119
21886  -56.848  -50.722  -15.870 0.3000000119
21909  -58.145  -50.705  -17.233 0.3000000119
21902  -57.966  -50.674  -16.144 0.3000000119
22700  -58.844  -49.036  -17.238 0.3000000119
22699  -58.189  -49.523  -16.582 0.3000000119
126505  -58.179  -50.201  -16.642 0.3000000119
23491  -59.579  -48.740  -17.668 0.2000000030
24348  -60.846  -48.537  -18.929 0.1000000015
24361  -61.381  -48.162  -19.331 0.1000000015
25152  -59.293  -47.342  -20.727 0.2000000030
25164  -58.679  -46.482  -21.453 0.2000000030
25165  -59.851  -46.893  -21.212 0.2000000030
21885  -55.883  -50.502  -16.269 0.3000000119
22682  -56.474  -49.896  -16.089 0.3000000119
22683  -57.256  -50.038  -15.939 0.3000000119
24320  -58.951  -48.106  -16.920 0.3000000119
23466  -57.594  -49.591  -16.170 0.3000000119
23477  -59.519  -48.179  -17.060 0.2000000030
23478  -60.329  -47.877  -17.297 0.2000000030
24334  -60.124  -47.805  -17.280 0.1000000015
24349  -61.422  -48.123  -18.549 0.1000000015
24350  -61.722  -47.682  -19.319 0.1000000015
133582  -61.654  -47.770  -19.842 0.1000000015
25153  -60.616  -47.676  -20.339 0.1000000015
127040  -55.200  -48.979  -16.689 0.3000000119
129748  -54.875  -48.354  -16.909 0.2000000030
23464  -56.090  -49.140  -16.333 0.3000000119
23465  -56.969  -49.359  -16.116 0.3000000119
23475  -56.600  -48.625  -16.486 0.3000000119
139934  -58.123  -48.333  -16.782 0.3000000119
23476  -57.635  -48.905  -16.421 0.3000000119
119311  -58.171  -46.899  -17.820 0.2000000030
25118  -57.974  -47.662  -17.129 0.2000000030
25973  -58.380  -45.286  -19.215 0.1000000015
25964  -58.305  -46.048  -18.598 0.1000000015
26778  -58.022  -44.541  -19.406 0.1000000015
25138  -59.324  -45.976  -18.928 0.1000000015
25139  -60.619  -46.759  -18.662 0.1000000015
25140  -61.454  -47.698  -18.506 0.1000000015
25974  -60.156  -45.399  -19.517 0.1000000015
130239  -61.232  -46.465  -19.240 0.1000000015
117852  -61.894  -47.065  -19.482 0.1000000015
24317  -55.016  -47.669  -17.132 0.2000000030
24318  -56.115  -47.874  -16.909 0.2000000030
25129  -57.155  -46.736  -17.874 0.2000000030
24319  -57.204  -48.137  -16.824 0.2000000030
25963  -57.426  -45.993  -18.480 0.1000000015
26777  -57.137  -44.344  -19.264 0.1000000015
131485  -58.911  -44.858  -19.456 0.1000000015
25975  -61.374  -45.647  -19.691 0.1000000015
130988  -58.566  -43.808  -19.486 0.1000000015
26779  -59.555  -44.272  -19.550 0.1000000015
27613  -60.357  -43.584  -19.306 0.1000000015
26780  -60.654  -44.612  -19.696 0.1000000015
28456  -58.569  -42.969  -19.138 0.1000000015
28457  -59.635  -42.886  -18.877 0.1000000015
18709  -58.391  -54.125  -27.269 0.4000000060
19570  -57.499  -53.554  -26.765 0.5000000000
19569  -56.598  -53.245  -26.703 0.5000000000
18710  -59.770  -54.346  -27.029 0.5000000000
19572  -60.131  -53.840  -26.265 0.4000000060
16210  -61.366  -57.650  -28.493 0.5000000000
18717  -59.373  -54.653  -27.807 0.6000000238
17912  -62.074  -56.836  -28.255 0.5000000000
16223  -61.543  -57.523  -28.806 0.3000000119
16246  -60.328  -58.747  -30.712 0.5000000000
17901  -62.046  -56.318  -27.800 0.5000000000
17070  -59.194  -57.332  -28.064 0.5000000000
19581  -55.510  -53.271  -27.800 0.4000000060
17086  -61.543  -57.475  -29.268 0.4000000060
17114  -61.395  -56.958  -30.916 0.5000000000
17947  -61.739  -55.415  -32.350 0.4000000060
20468  -61.590  -52.563  -31.714 0.3000000119
17869  -59.199  -55.759  -24.613 0.2000000030
19580  -54.888  -52.970  -27.921 0.3000000119
18728  -56.814  -53.793  -28.412 0.4000000060
21973  -51.555  -49.978  -25.992 0.3000000119
21209  -52.695  -50.917  -27.541 0.4000000060
20430  -54.029  -52.061  -28.144 0.4000000060
19589  -56.008  -53.417  -28.443 0.5000000000
18738  -57.689  -54.193  -29.564 0.6000000238
17918  -59.540  -55.190  -29.339 0.6000000238
17911  -60.761  -55.836  -28.599 0.5000000000
17920  -61.700  -57.201  -28.834 0.5000000000
20442  -55.171  -52.439  -29.020 0.4000000060
19599  -55.828  -53.033  -29.096 0.4000000060
18739  -58.556  -54.672  -29.842 0.6000000238
17919  -60.794  -56.314  -29.391 0.5000000000
21219  -53.966  -51.387  -28.576 0.4000000060
18747  -58.098  -54.264  -30.229 0.5000000000
18748  -58.793  -54.597  -30.473 0.4000000060
22007  -53.837  -50.401  -28.625 0.4000000060
138093  -53.234  -50.073  -28.334 0.3000000119
22017  -56.115  -50.959  -29.664 0.5000000000
20449  -56.672  -52.491  -29.966 0.5000000000
20450  -57.344  -52.653  -30.340 0.5000000000
18759  -59.209  -54.420  -31.140 0.4000000060
138162  -59.830  -54.976  -31.274 0.5000000000
21239  -57.127  -51.848  -30.212 0.5000000000
19621  -59.439  -53.524  -31.399 0.4000000060
120631  -57.903  -51.994  -30.539 0.4000000060
18719  -62.118  -56.091  -27.220 0.5000000000
129727  -55.097  -50.414  -23.333 0.5000000000
138443  -61.157  -54.621  -26.716 0.5000000000
23534  -50.763  -47.978  -23.875 0.2000000030
22776  -51.344  -49.397  -25.573 0.3000000119
22798  -51.654  -49.468  -27.185 0.4000000060
23551  -51.047  -48.687  -26.072 0.3000000119
24409  -50.721  -47.320  -25.959 0.3000000119
24422  -51.667  -47.571  -27.312 0.3000000119
122958  -52.215  -47.781  -27.742 0.3000000119
22806  -52.925  -49.359  -28.221 0.3000000119
22816  -55.224  -50.030  -29.218 0.3000000119
22808  -54.526  -49.768  -28.877 0.3000000119
127423  -54.565  -48.963  -28.782 0.3000000119
23576  -53.411  -48.514  -28.353 0.2000000030
22809  -55.168  -49.155  -29.059 0.3000000119
126163  -56.743  -50.082  -29.568 0.3000000119
23584  -55.679  -48.605  -29.169 0.2000000030
133181  -58.378  -49.788  -29.811 0.3000000119
124779  -58.562  -50.453  -30.120 0.4000000060
22820  -58.739  -49.134  -29.697 0.2000000030
22830  -59.243  -49.742  -29.961 0.3000000119
22831  -60.424  -49.700  -29.971 0.2000000030
139259  -56.891  -48.146  -29.494 0.2000000030
23588  -59.214  -48.270  -29.579 0.2000000030
25264  -59.507  -46.287  -30.062 0.1000000015
26090  -57.649  -45.919  -29.853 0.1000000015
116179  -58.557  -51.856  -23.319 0.4000000060
21146  -57.689  -51.452  -23.482 0.4000000060
20387  -60.072  -52.384  -24.286 0.5000000000
19544  -61.890  -53.391  -24.638 0.4000000060
19573  -61.666  -54.260  -26.071 0.5000000000
138929  -53.250  -49.341  -22.331 0.4000000060
139244  -51.565  -47.844  -22.493 0.3000000119
24369  -51.346  -47.180  -22.210 0.2000000030
25173  -50.376  -46.421  -23.253 0.2000000030
128902  -50.168  -45.850  -23.425 0.1000000015
25158  -51.279  -46.204  -21.940 0.1000000015
25227  -50.934  -46.489  -26.385 0.2000000030
129183  -50.310  -45.229  -25.238 0.2000000030
26074  -51.991  -45.947  -27.505 0.2000000030
24429  -54.625  -47.468  -28.611 0.2000000030
24430  -55.811  -47.857  -29.141 0.2000000030
137105  -53.401  -46.079  -28.191 0.1000000015
132226  -53.946  -46.100  -28.369 0.1000000015
124758  -55.125  -46.756  -28.636 0.1000000015
132127  -55.316  -47.396  -28.823 0.2000000030
24440  -56.567  -47.675  -29.345 0.2000000030
25245  -55.562  -46.152  -28.771 0.1000000015
26880  -54.717  -44.847  -28.767 0.1000000015
25252  -56.321  -46.217  -29.139 0.1000000015
25253  -56.984  -46.889  -29.340 0.1000000015
133874  -59.173  -47.616  -29.581 0.1000000015
133625  -57.613  -46.464  -29.567 0.1000000015
24442  -59.160  -46.980  -29.666 0.1000000015
26893  -56.280  -45.008  -29.765 0.1000000015
26098  -57.090  -45.322  -30.224 0.1000000015
17842  -61.711  -55.093  -22.395 0.3000000119
18648  -61.826  -54.207  -21.519 0.3000000119
17824  -62.037  -54.427  -21.736 0.3000000119
19496  -62.420  -53.898  -22.193 0.3000000119
17843  -62.507  -54.323  -22.665 0.3000000119
18683  -62.936  -54.032  -23.352 0.3000000119
18688  -63.039  -54.083  -24.307 0.3000000119
134077  -61.185  -53.012  -23.628 0.3000000119
20376  -60.320  -52.451  -23.696 0.3000000119
18646  -60.709  -53.730  -21.657 0.3000000119
20359  -60.794  -52.855  -23.039 0.3000000119
19535  -62.013  -53.412  -24.024 0.3000000119
20357  -57.719  -52.030  -22.514 0.4000000060
19513  -58.111  -52.824  -21.932 0.4000000060
19514  -58.992  -52.966  -22.210 0.4000000060
20358  -59.568  -52.305  -23.047 0.4000000060
21145  -56.903  -51.343  -22.715 0.4000000060
22736  -54.339  -49.739  -21.123 0.4000000060
24365  -53.262  -47.472  -20.913 0.3000000119
25989  -51.901  -45.503  -21.594 0.2000000030
26791  -51.606  -44.562  -22.088 0.1000000015
26799  -50.595  -44.298  -23.197 0.1000000015
26813  -50.554  -43.751  -23.781 0.1000000015
130876  -51.152  -45.074  -26.601 0.2000000030
27658  -50.533  -43.158  -24.351 0.1000000015
27682  -50.677  -43.544  -25.937 0.2000000030
26860  -51.321  -44.374  -26.881 0.1000000015
26872  -51.862  -44.321  -27.470 0.1000000015
26080  -53.430  -45.464  -28.254 0.1000000015
26878  -53.099  -44.547  -28.262 0.1000000015
27705  -53.590  -43.924  -28.634 0.1000000015
26881  -55.298  -44.956  -28.967 0.1000000015
26891  -54.970  -44.382  -29.195 0.1000000015
26900  -55.850  -44.367  -30.215 0.1000000015
27737  -55.818  -43.293  -31.541 0.1000000015
17814  -61.335  -55.502  -20.168 0.2000000030
18624  -61.138  -54.726  -20.344 0.2000000030
22721  -55.345  -48.949  -19.898 0.3000000119
140295  -51.778  -43.833  -22.610 0.1000000015
26802  -53.438  -44.202  -22.177 0.1000000015
28476  -52.750  -42.665  -22.959 0.1000000015
27627  -51.461  -43.288  -23.120 0.1000000015
133592  -51.383  -42.551  -23.488 0.1000000015
28484  -52.363  -41.953  -23.242 0.1000000015
28482  -51.090  -41.987  -23.905 0.1000000015
28532  -50.612  -42.703  -25.696 0.1000000015
27696  -52.022  -43.465  -27.752 0.1000000015
126278  -52.189  -42.198  -28.204 0.1000000015
27723  -54.767  -43.273  -30.285 0.1000000015
16952  -61.320  -56.168  -19.525 0.2000000030
16938  -60.729  -55.908  -18.391 0.2000000030
17803  -60.993  -55.215  -18.537 0.2000000030
17804  -61.210  -55.449  -19.380 0.3000000119
19468  -61.054  -54.276  -18.086 0.2000000030
21128  -55.926  -51.211  -20.245 0.3000000119
23501  -56.370  -48.625  -19.654 0.3000000119
26793  -53.753  -45.073  -21.568 0.1000000015
25992  -55.473  -45.116  -21.930 0.2000000030
26804  -55.431  -44.481  -22.388 0.1000000015
27638  -54.788  -43.024  -22.977 0.1000000015
117745  -55.393  -41.883  -23.707 0.1000000015
136675  -54.555  -41.603  -23.559 0.1000000015
29998  -56.128  -40.503  -24.281 0.1000000015
29987  -55.003  -41.091  -23.830 0.1000000015
29290  -52.982  -41.290  -23.418 0.1000000015
29985  -53.187  -40.532  -23.647 0.1000000015
29996  -54.711  -40.338  -23.944 0.1000000015
30736  -53.745  -39.949  -23.855 0.1000000015
127348  -55.438  -39.834  -24.209 0.1000000015
30750  -57.162  -39.632  -24.591 0.1000000015
31504  -57.362  -38.810  -24.625 0.1000000015
29288  -51.490  -41.376  -23.855 0.1000000015
29984  -52.451  -40.569  -23.731 0.1000000015
29983  -51.714  -40.686  -24.046 0.1000000015
29995  -52.141  -39.849  -24.228 0.1000000015
31501  -54.952  -38.810  -24.226 0.1000000015
32246  -56.776  -38.143  -24.643 0.1000000015
29320  -50.658  -41.902  -25.431 0.1000000015
29994  -51.342  -40.219  -24.780 0.1000000015
29331  -50.725  -42.102  -26.094 0.1000000015
29347  -51.298  -41.362  -27.232 0.1000000015
28560  -52.778  -42.143  -28.826 0.1000000015
28570  -54.474  -42.429  -30.599 0.1000000015
18593  -57.466  -53.832  -16.659 0.2000000030
19423  -59.781  -53.418  -15.795 0.2000000030
18574  -60.874  -54.045  -15.239 0.2000000030
19422  -57.627  -52.844  -16.205 0.3000000119
19424  -60.841  -53.876  -15.215 0.2000000030
129826  -57.147  -49.338  -19.276 0.3000000119
21104  -57.955  -51.190  -18.106 0.3000000119
20308  -58.207  -51.821  -17.621 0.3000000119
126014  -58.101  -52.658  -18.481 0.3000000119
22724  -58.153  -49.577  -18.811 0.3000000119
25983  -55.412  -45.767  -21.366 0.2000000030
137710  -56.006  -44.485  -22.730 0.2000000030
27631  -55.084  -43.773  -22.658 0.1000000015
31498  -52.301  -39.017  -24.654 0.1000000015
31499  -53.105  -38.528  -24.453 0.1000000015
132170  -54.976  -37.902  -24.442 0.1000000015
30781  -51.384  -39.074  -26.200 0.1000000015
31524  -52.429  -38.302  -25.221 0.1000000015
31539  -51.946  -38.288  -26.209 0.1000000015
30048  -51.885  -40.610  -28.377 0.1000000015
30049  -52.488  -40.564  -29.285 0.1000000015
29367  -53.322  -41.288  -29.934 0.1000000015
20301  -56.485  -52.735  -16.468 0.3000000119
21079  -56.818  -51.474  -15.889 0.3000000119
21080  -57.553  -51.241  -15.945 0.3000000119
23490  -58.953  -49.206  -18.178 0.3000000119
23504  -59.957  -48.804  -18.458 0.2000000030
26002  -56.771  -45.120  -22.715 0.2000000030
21117  -54.382  -52.049  -18.763 0.1000000015
21901  -55.075  -50.385  -16.877 0.2000000030
135756  -55.442  -50.993  -16.687 0.3000000119
21887  -57.559  -50.576  -15.932 0.3000000119
119555  -58.512  -48.631  -16.880 0.3000000119
23492  -60.310  -48.367  -17.577 0.2000000030
23505  -60.939  -48.300  -18.097 0.2000000030
24360  -60.105  -48.120  -19.887 0.1000000015
22698  -55.550  -49.738  -16.481 0.3000000119
24333  -59.084  -47.694  -17.170 0.2000000030
23479  -60.997  -47.976  -17.401 0.2000000030
24336  -61.217  -48.004  -17.756 0.1000000015
25131  -60.896  -47.801  -17.718 0.1000000015
120901  -60.043  -47.113  -18.058 0.1000000015
25130  -59.159  -46.972  -17.924 0.1000000015
128248  -55.644  -48.436  -16.695 0.3000000119
25972  -57.653  -45.236  -19.103 0.1000000015
25116  -55.656  -47.076  -17.524 0.2000000030
25117  -56.712  -47.353  -17.352 0.2000000030
25971  -56.968  -45.206  -18.935 0.1000000015
27612  -59.284  -43.388  -19.328 0.1000000015
16244  -57.921  -57.726  -31.675 0.3000000119
16245  -59.010  -58.307  -31.107 0.3000000119
16300  -53.922  -57.694  -34.426 0.2000000030
14625  -52.986  -59.710  -34.100 0.2000000030
17132  -56.983  -56.970  -31.912 0.4000000060
123747  -56.035  -56.647  -32.942 0.3000000119
133694  -59.840  -58.898  -31.686 0.4000000060
16261  -57.351  -57.427  -32.528 0.3000000119
17147  -55.220  -56.659  -33.310 0.3000000119
15408  -60.790  -59.010  -31.120 0.4000000060
16262  -58.185  -58.058  -32.550 0.4000000060
17165  -55.148  -57.014  -34.129 0.3000000119
15465  -53.546  -58.331  -34.676 0.2000000030
15428  -59.098  -58.821  -32.580 0.4000000060
16303  -56.936  -57.498  -34.046 0.4000000060
16247  -61.308  -58.574  -31.216 0.4000000060
17166  -56.073  -57.218  -34.349 0.3000000119
16316  -54.120  -57.981  -35.303 0.3000000119
15429  -59.804  -59.086  -32.552 0.4000000060
16286  -58.486  -58.595  -33.317 0.4000000060
119835  -56.625  -57.624  -34.853 0.3000000119
16317  -55.098  -57.751  -35.621 0.4000000060
16248  -61.517  -57.812  -31.672 0.4000000060
16304  -57.896  -58.314  -34.063 0.4000000060
16318  -56.232  -57.799  -35.539 0.3000000119
17115  -61.489  -56.978  -31.448 0.4000000060
15450  -59.888  -59.175  -33.286 0.4000000060
15449  -59.236  -59.041  -33.301 0.4000000060
133495  -57.433  -58.026  -34.716 0.4000000060
15419  -61.256  -58.430  -32.294 0.4000000060
16305  -58.796  -58.910  -34.074 0.4000000060
16319  -57.350  -58.232  -35.506 0.3000000119
131840  -61.624  -56.993  -32.095 0.4000000060
15451  -60.585  -58.844  -33.484 0.4000000060
133822  -59.509  -59.111  -33.991 0.4000000060
15466  -58.394  -58.787  -34.989 0.4000000060
16287  -61.191  -58.315  -33.077 0.4000000060
15469  -60.575  -58.605  -34.259 0.4000000060
15468  -60.045  -59.057  -34.611 0.4000000060
15467  -59.322  -59.108  -34.824 0.4000000060
16336  -57.544  -58.725  -36.194 0.3000000119
16263  -61.548  -57.376  -32.558 0.4000000060
15483  -59.260  -59.302  -35.777 0.4000000060
15482  -58.405  -59.107  -36.003 0.3000000119
15499  -56.921  -58.764  -36.706 0.2000000030
17133  -61.801  -56.169  -32.575 0.3000000119
16306  -61.027  -58.054  -33.877 0.4000000060
16288  -61.355  -57.326  -33.543 0.4000000060
16307  -61.154  -57.152  -34.304 0.4000000060
15484  -59.929  -58.897  -35.534 0.4000000060
15500  -58.224  -59.371  -36.772 0.2000000030
15519  -57.727  -59.538  -37.465 0.2000000030
14668  -56.038  -59.741  -38.133 0.3000000119
18777  -62.310  -55.101  -32.959 0.3000000119
17149  -61.689  -56.555  -33.237 0.3000000119
17167  -61.473  -56.209  -34.318 0.3000000119
15502  -59.810  -58.787  -36.546 0.3000000119
14670  -58.333  -59.877  -38.094 0.2000000030
15501  -59.188  -59.452  -36.829 0.2000000030
14669  -57.445  -59.992  -38.328 0.2000000030
14681  -55.689  -60.493  -38.590 0.2000000030
123462  -62.283  -54.580  -32.799 0.3000000119
17957  -61.984  -55.616  -33.551 0.3000000119
16321  -60.458  -58.238  -35.161 0.4000000060
15520  -58.681  -59.642  -37.537 0.1000000015
18762  -62.184  -53.971  -32.646 0.3000000119
18787  -62.300  -54.567  -33.957 0.3000000119
17183  -61.112  -56.413  -35.217 0.2000000030
16320  -60.343  -57.637  -36.345 0.2000000030
13119  -55.347  -61.501  -38.922 0.2000000030
17184  -61.344  -55.175  -35.659 0.2000000030
125285  -61.142  -55.462  -36.584 0.2000000030
16337  -60.114  -57.063  -37.573 0.1000000015
15536  -59.296  -58.947  -38.012 0.1000000015
14683  -57.673  -60.618  -38.998 0.1000000015
13878  -56.528  -61.338  -39.559 0.1000000015
19634  -62.655  -53.022  -32.578 0.2000000030
17975  -61.711  -54.901  -34.781 0.3000000119
21254  -62.438  -51.632  -31.404 0.2000000030
18778  -62.632  -53.660  -33.149 0.3000000119
18827  -61.599  -54.079  -35.971 0.2000000030
16338  -60.810  -55.804  -37.371 0.1000000015
125647  -58.925  -58.878  -38.742 0.1000000015
13880  -57.791  -60.630  -39.360 0.1000000015
13879  -57.238  -60.927  -39.604 0.1000000015
18788  -62.441  -53.768  -34.094 0.2000000030
127972  -62.159  -53.411  -34.875 0.2000000030
17999  -61.134  -54.538  -36.677 0.1000000015
18014  -61.017  -54.906  -37.365 0.1000000015
15537  -59.706  -57.371  -38.353 0.1000000015
16360  -59.283  -57.447  -39.109 0.1000000015
14685  -58.682  -59.735  -39.049 0.1000000015
13890  -56.760  -61.476  -40.421 0.1000000015
13128  -55.483  -62.560  -40.412 0.1000000015
19646  -62.449  -53.131  -33.928 0.1000000015
18806  -61.604  -53.726  -35.662 0.2000000030
17998  -60.730  -54.647  -37.053 0.1000000015
17212  -60.004  -55.918  -38.646 0.1000000015
16375  -58.777  -56.782  -39.908 0.1000000015
14695  -58.278  -59.137  -39.827 0.1000000015
13143  -56.103  -62.077  -40.755 0.1000000015
11674  -54.608  -63.500  -40.160 0.1000000015
18013  -60.178  -54.962  -37.751 0.1000000015
15560  -58.328  -57.234  -40.445 0.1000000015
15558  -57.172  -58.544  -41.030 0.1000000015
25996  -59.281  -46.023  -21.943 0.2000000030
21242  -61.976  -51.060  -30.692 0.2000000030
21255  -63.219  -51.391  -31.738 0.1000000015
130149  -62.706  -52.740  -33.066 0.1000000015
20500  -62.456  -52.429  -33.709 0.1000000015
18826  -61.105  -54.042  -36.359 0.1000000015
131278  -61.977  -52.861  -34.496 0.1000000015
18016  -60.047  -55.238  -38.327 0.1000000015
13142  -55.532  -62.335  -40.706 0.1000000015
13905  -56.989  -60.979  -40.760 0.1000000015
14710  -57.872  -59.686  -40.346 0.1000000015
17225  -59.102  -56.241  -39.384 0.1000000015
130534  -58.764  -58.384  -31.901 0.4000000060
16283  -54.342  -57.281  -34.091 0.3000000119
17148  -56.034  -56.882  -33.703 0.3000000119
16285  -57.602  -57.822  -33.287 0.3000000119
16301  -54.641  -57.483  -34.760 0.3000000119
16302  -55.606  -57.430  -34.888 0.3000000119
15418  -60.748  -59.044  -31.894 0.4000000060
15430  -60.609  -59.002  -32.751 0.4000000060
15518  -56.493  -59.234  -37.468 0.2000000030
14682  -56.887  -60.569  -38.918 0.2000000030
15521  -59.650  -58.544  -37.406 0.2000000030
133986  -60.761  -56.817  -35.891 0.4000000060
13129  -56.126  -62.167  -40.154 0.1000000015
14684  -58.372  -60.313  -38.847 0.1000000015
17201  -60.366  -55.537  -38.135 0.1000000015
13891  -57.548  -60.735  -40.182 0.1000000015
20470  -63.071  -51.763  -32.254 0.1000000015
132356  -59.568  -56.328  -39.006 0.1000000015
15545  -58.625  -58.192  -39.568 0.1000000015
12401  -55.114  -62.857  -40.494 0.1000000015
18012  -60.080  -54.936  -37.951 0.1000000015
19665  -61.386  -53.384  -35.094 0.1000000015
17053  -56.880  -56.548  -27.597 0.3000000119
133684  -56.687  -56.659  -28.309 0.2000000030
17068  -56.196  -56.556  -28.926 0.3000000119
17082  -56.853  -56.824  -29.671 0.2000000030
17054  -58.107  -56.652  -27.485 0.2000000030
17055  -59.714  -56.981  -27.343 0.4000000060
17069  -57.745  -56.957  -28.260 0.3000000119
17081  -55.825  -56.524  -29.830 0.2000000030
123436  -57.275  -56.973  -28.940 0.2000000030
17097  -56.563  -56.767  -30.495 0.2000000030
17080  -54.621  -56.346  -29.979 0.1000000015
17096  -55.569  -56.555  -30.743 0.2000000030
17110  -54.623  -56.542  -31.046 0.1000000015
17083  -57.672  -57.300  -29.514 0.3000000119
17095  -53.814  -56.390  -30.517 0.1000000015
17112  -56.333  -56.706  -31.357 0.2000000030
17109  -53.854  -56.623  -31.412 0.1000000015
17128  -53.861  -56.816  -32.290 0.1000000015
117312  -54.599  -56.645  -31.987 0.1000000015
133086  -53.940  -56.946  -33.007 0.1000000015
16259  -52.297  -57.511  -32.548 0.1000000015
117217  -53.116  -56.706  -31.717 0.1000000015
16260  -53.175  -57.164  -32.616 0.1000000015
15427  -52.255  -58.124  -33.046 0.1000000015
17084  -58.530  -57.500  -28.929 0.3000000119
17098  -57.455  -57.281  -30.205 0.2000000030
17131  -56.140  -56.634  -32.183 0.2000000030
17111  -55.431  -56.568  -31.657 0.2000000030
17130  -55.310  -56.565  -32.516 0.2000000030
15447  -52.695  -58.432  -33.572 0.1000000015
14591  -51.225  -59.570  -32.941 0.1000000015
16221  -59.661  -58.041  -29.352 0.2000000030
16220  -58.406  -57.728  -29.796 0.3000000119
17113  -57.219  -57.212  -31.053 0.2000000030
17129  -54.543  -56.680  -32.828 0.2000000030
16281  -52.907  -57.745  -33.225 0.1000000015
14606  -51.756  -59.827  -33.341 0.1000000015
15446  -51.910  -58.953  -33.247 0.1000000015
16232  -58.168  -57.767  -30.668 0.3000000119
135943  -56.688  -56.857  -32.570 0.3000000119
16222  -60.921  -57.992  -29.067 0.2000000030
17146  -54.450  -56.919  -33.521 0.2000000030
16282  -53.724  -57.382  -33.561 0.1000000015
13821  -51.989  -60.490  -33.569 0.1000000015
127252  -52.609  -59.111  -33.773 0.1000000015
15464  -53.101  -58.804  -34.159 0.1000000015
13063  -52.313  -61.297  -33.817 0.1000000015
16233  -59.339  -58.214  -30.198 0.2000000030
13833  -53.259  -60.470  -34.494 0.1000000015
12321  -52.817  -62.241  -33.958 0.1000000015
13832  -52.735  -60.529  -34.002 0.1000000015
124957  -60.671  -58.494  -29.837 0.2000000030
14626  -53.401  -59.460  -34.762 0.1000000015
14641  -53.697  -59.311  -35.656 0.1000000015
10884  -51.692  -64.270  -33.702 0.1000000015
13075  -53.188  -61.415  -34.336 0.1000000015
139662  -53.525  -60.365  -34.915 0.1000000015
15481  -54.526  -58.147  -35.988 0.3000000119
12328  -54.331  -62.759  -34.796 0.1000000015
16209  -60.146  -57.773  -28.589 0.3000000119
15448  -53.313  -57.998  -33.965 0.1000000015
126897  -52.025  -62.848  -33.583 0.1000000015
11585  -52.932  -63.164  -33.775 0.1000000015
124635  -53.810  -61.934  -34.730 0.1000000015
11584  -51.307  -63.531  -33.578 0.1000000015
12322  -53.771  -62.916  -34.272 0.1000000015
15480  -54.012  -58.611  -35.920 0.2000000030
130720  -54.303  -62.294  -35.741 0.1000000015
11594  -55.173  -63.734  -35.042 0.1000000015
134714  -54.695  -63.166  -35.704 0.2000000030
10908  -55.796  -64.826  -35.122 0.1000000015
126670  -53.861  -60.766  -36.132 0.2000000030
13092  -54.058  -61.241  -36.486 0.2000000030
11610  -55.171  -64.118  -35.772 0.2000000030
12350  -54.157  -61.909  -36.587 0.1000000015
134542  -55.758  -65.685  -35.311 0.1000000015
12351  -54.335  -62.755  -36.722 0.2000000030
12362  -54.342  -62.439  -37.554 0.1000000015
14655  -54.060  -59.310  -36.355 0.2000000030
13866  -54.130  -60.631  -36.817 0.1000000015
10914  -55.133  -65.089  -36.125 0.1000000015
138294  -54.551  -63.566  -36.630 0.1000000015
16333  -55.117  -58.154  -36.275 0.2000000030
139593  -54.152  -59.903  -36.731 0.2000000030
12361  -54.248  -61.511  -37.228 0.1000000015
14656  -54.584  -59.472  -37.020 0.1000000015
13867  -54.539  -60.988  -37.779 0.1000000015
16334  -55.965  -58.119  -36.184 0.2000000030
15498  -55.722  -58.590  -36.791 0.2000000030
15517  -55.372  -59.192  -37.297 0.2000000030
13104  -54.638  -62.035  -38.291 0.1000000015
14667  -55.084  -59.817  -37.790 0.1000000015
122799  -54.910  -60.489  -38.097 0.1000000015
12376  -54.629  -63.102  -38.794 0.1000000015
13853  -53.768  -60.033  -36.127 0.1000000015
13086  -53.967  -61.410  -35.731 0.1000000015
17041  -58.493  -56.359  -26.624 0.2000000030
139841  -56.087  -56.527  -28.333 0.1000000015
17823  -61.678  -55.053  -21.669 0.2000000030
16141  -60.076  -57.517  -22.264 0.1000000015
138677  -57.593  -54.328  -16.946 0.1000000015
16960  -60.101  -57.319  -19.410 0.1000000015
137823  -60.768  -57.743  -20.103 0.1000000015
17774  -60.462  -54.570  -16.433 0.1000000015
16951  -61.197  -56.861  -19.436 0.1000000015
19450  -56.306  -53.836  -17.595 0.2000000030
18605  -57.793  -54.789  -17.446 0.1000000015
16114  -59.106  -57.212  -19.988 0.1000000015
137749  -56.785  -53.917  -17.077 0.2000000030
18594  -58.528  -54.199  -16.422 0.1000000015
118583  -58.680  -54.825  -16.995 0.1000000015
116052  -59.091  -55.886  -18.179 0.1000000015
17802  -59.909  -56.344  -18.485 0.1000000015
16949  -59.544  -56.877  -19.033 0.1000000015
17882  -58.255  -56.181  -25.747 0.2000000030
16950  -60.624  -56.814  -18.934 0.1000000015
17786  -60.109  -55.426  -17.808 0.1000000015
18595  -59.715  -54.401  -15.978 0.1000000015
19441  -55.988  -53.171  -17.250 0.2000000030
16990  -61.186  -56.130  -21.743 0.1000000015
16115  -60.223  -57.789  -20.092 0.1000000015
18606  -59.375  -55.063  -17.289 0.1000000015
18620  -57.178  -54.883  -18.325 0.1000000015
17040  -57.335  -56.307  -26.018 0.1000000015
117713  -57.121  -56.406  -26.753 0.1000000015
24316  -54.088  -47.931  -17.272 0.1000000015
23473  -53.601  -48.604  -17.509 0.1000000015
22696  -53.884  -49.397  -17.519 0.1000000015
21907  -53.662  -50.583  -18.614 0.1000000015
23474  -54.396  -48.803  -17.113 0.1000000015
22697  -54.671  -49.614  -16.992 0.1000000015
128093  -53.291  -47.148  -17.526 0.1000000015
24315  -52.403  -47.222  -17.660 0.1000000015
24332  -52.298  -48.021  -17.909 0.1000000015
22707  -51.790  -49.068  -18.948 0.1000000015
23472  -53.116  -47.897  -17.577 0.1000000015
23489  -53.152  -49.089  -17.976 0.1000000015
22708  -52.669  -49.413  -18.638 0.1000000015
21919  -52.398  -50.524  -19.812 0.1000000015
124362  -54.107  -47.022  -17.487 0.1000000015
24330  -50.697  -47.701  -18.313 0.1000000015
25113  -52.552  -46.300  -17.546 0.1000000015
24331  -51.532  -47.469  -17.997 0.1000000015
23487  -51.449  -48.302  -18.490 0.1000000015
25114  -53.427  -46.448  -17.604 0.1000000015
23488  -52.393  -48.718  -18.296 0.1000000015
23499  -50.900  -48.847  -19.179 0.1000000015
25115  -54.791  -46.786  -17.635 0.1000000015
25127  -55.206  -46.103  -18.167 0.1000000015
25949  -50.964  -45.925  -17.194 0.1000000015
24314  -51.502  -46.577  -17.597 0.1000000015
25126  -50.876  -47.124  -17.901 0.1000000015
25950  -51.759  -45.644  -17.336 0.1000000015
25952  -53.156  -45.661  -17.728 0.1000000015
25953  -54.093  -46.031  -17.887 0.1000000015
25128  -56.166  -46.526  -18.011 0.1000000015
25995  -58.166  -45.781  -22.342 0.1000000015
26003  -57.583  -45.264  -23.006 0.1000000015
26815  -57.700  -44.797  -23.577 0.1000000015
25959  -53.672  -45.041  -18.284 0.1000000015
139885  -55.824  -45.874  -18.395 0.1000000015
25962  -56.464  -45.739  -18.528 0.1000000015
26805  -56.510  -44.495  -23.048 0.1000000015
26005  -59.931  -45.874  -22.392 0.1000000015
27659  -57.760  -43.293  -24.255 0.1000000015
26814  -57.184  -44.297  -23.540 0.1000000015
27641  -57.284  -43.693  -23.868 0.1000000015
25112  -50.603  -46.693  -17.494 0.1000000015
24313  -50.226  -47.349  -17.914 0.1000000015
21900  -54.257  -50.310  -17.654 0.1000000015
26806  -57.145  -44.809  -23.200 0.1000000015
139651  -52.905  -48.473  -17.819 0.1000000015
121903  -53.436  -49.818  -18.207 0.1000000015
21920  -53.175  -50.705  -19.353 0.1000000015
21906  -52.940  -50.108  -19.010 0.1000000015
26019  -58.093  -45.122  -23.503 0.1000000015
27640  -56.529  -43.636  -23.458 0.1000000015
22028  -62.418  -50.284  -30.424 0.1000000015
16178  -55.600  -57.228  -25.928 0.1000000015
16189  -55.061  -57.135  -26.406 0.1000000015
17037  -55.139  -56.662  -26.940 0.1000000015
14526  -55.463  -58.895  -26.012 0.1000000015
15364  -55.168  -57.959  -26.076 0.1000000015
16188  -54.460  -57.108  -26.914 0.1000000015
17038  -55.731  -56.741  -26.368 0.1000000015
14527  -55.904  -59.846  -26.236 0.1000000015
15353  -55.789  -58.074  -25.650 0.1000000015
16179  -56.155  -57.303  -25.497 0.1000000015
14525  -55.009  -59.589  -26.661 0.1000000015
13751  -55.566  -60.519  -26.971 0.1000000015
14515  -56.318  -59.111  -25.549 0.1000000015
12989  -56.169  -61.335  -27.384 0.1000000015
10803  -50.657  -64.363  -26.275 0.1000000015
10804  -51.599  -64.320  -26.600 0.1000000015
126484  -54.953  -68.462  -27.471 0.1000000015
7833  -55.492  -69.755  -28.171 0.1000000015
8954  -55.725  -69.285  -28.540 0.1000000015
9521  -55.997  -68.422  -28.802 0.1000000015
17052  -56.019  -56.529  -26.962 0.1000000015
138748  -52.602  -67.369  -29.424 0.1000000015
124999  -54.790  -67.187  -29.278 0.1000000015
13763  -55.341  -61.093  -27.771 0.1000000015
12998  -55.118  -61.670  -28.357 0.1000000015
17067  -55.481  -56.437  -28.296 0.1000000015
126266  -52.109  -66.480  -29.384 0.1000000015
10844  -52.943  -64.861  -29.265 0.1000000015
126217  -53.423  -63.881  -29.069 0.1000000015
12276  -54.541  -62.002  -28.644 0.1000000015
120571  -55.323  -62.388  -28.569 0.1000000015
12999  -55.856  -61.735  -27.992 0.1000000015
13752  -56.459  -60.768  -26.581 0.1000000015
123422  -55.085  -56.359  -29.057 0.1000000015
126267  -51.157  -66.321  -29.278 0.1000000015
126218  -52.321  -64.010  -29.115 0.1000000015
125381  -54.978  -62.877  -28.776 0.1000000015
125253  -56.118  -63.168  -28.685 0.1000000015
10120  -52.208  -65.076  -26.904 0.1000000015
10135  -52.878  -65.949  -27.211 0.1000000015
9509  -55.078  -67.436  -27.475 0.1000000015
16169  -56.749  -57.334  -24.941 0.1000000015
17030  -56.617  -56.743  -25.454 0.1000000015
17039  -56.498  -56.528  -26.119 0.1000000015
124399  -55.891  -68.510  -27.781 0.1000000015
9510  -56.446  -68.106  -27.988 0.1000000015
10845  -54.052  -64.954  -29.230 0.1000000015
126216  -54.542  -64.131  -29.131 0.1000000015
11528  -54.982  -63.595  -28.978 0.1000000015
12990  -57.129  -61.733  -26.942 0.1000000015
126215  -55.608  -64.340  -29.099 0.1000000015
13000  -56.807  -62.270  -27.789 0.1000000015
11496  -51.257  -62.980  -26.326 0.1000000015
10805  -52.650  -64.339  -26.827 0.1000000015
12241  -51.050  -62.247  -25.991 0.1000000015
13737  -50.490  -60.907  -25.304 0.1000000015
16170  -57.329  -57.100  -24.458 0.1000000015
10824  -53.242  -65.139  -27.188 0.1000000015
10806  -53.664  -64.439  -26.958 0.1000000015
14500  -56.965  -58.847  -24.937 0.1000000015
17020  -57.647  -56.527  -24.638 0.1000000015
10825  -54.328  -65.306  -27.255 0.1000000015
14516  -57.263  -59.751  -25.208 0.1000000015
138533  -56.904  -56.468  -25.730 0.1000000015
10137  -55.245  -66.453  -27.443 0.1000000015
8942  -56.628  -67.875  -28.061 0.1000000015
136639  -56.708  -67.147  -28.807 0.1000000015
10846  -55.249  -65.170  -29.233 0.1000000015
10157  -54.917  -66.104  -29.290 0.1000000015
10158  -56.186  -66.343  -29.178 0.1000000015
118760  -57.141  -63.791  -28.564 0.1000000015
12277  -56.986  -63.024  -28.375 0.1000000015
10847  -56.600  -65.476  -29.184 0.1000000015
11530  -56.724  -64.408  -28.900 0.1000000015
12974  -51.175  -61.402  -25.688 0.1000000015
131321  -57.249  -57.760  -24.554 0.1000000015
12253  -51.962  -62.600  -26.274 0.1000000015
12988  -51.973  -61.841  -25.956 0.1000000015
14513  -51.573  -59.889  -25.316 0.1000000015
14495  -50.451  -59.330  -24.731 0.1000000015
15320  -57.950  -57.883  -24.034 0.1000000015
117958  -53.227  -63.669  -26.636 0.1000000015
12254  -52.906  -62.881  -26.364 0.1000000015
13742  -56.786  -60.213  -25.828 0.1000000015
10826  -55.556  -65.577  -27.254 0.1000000015
10807  -54.709  -64.542  -26.944 0.1000000015
12264  -57.744  -63.068  -27.902 0.1000000015
13753  -57.429  -61.169  -26.175 0.1000000015
10138  -56.482  -66.809  -27.664 0.1000000015
11531  -57.872  -64.753  -28.472 0.1000000015
9523  -56.971  -67.250  -28.365 0.1000000015
137375  -57.309  -66.789  -28.500 0.1000000015
10140  -57.685  -66.353  -28.470 0.1000000015
122115  -52.012  -61.098  -25.661 0.1000000015
12975  -52.964  -61.566  -25.743 0.1000000015
13743  -57.790  -60.712  -25.485 0.1000000015
11513  -57.909  -63.752  -28.166 0.1000000015
12257  -59.073  -62.988  -26.650 0.1000000015
10828  -57.679  -65.856  -27.736 0.1000000015
10139  -57.255  -66.744  -27.971 0.1000000015
13744  -58.851  -61.399  -25.085 0.1000000015
14502  -58.859  -60.143  -24.147 0.1000000015
12258  -59.325  -62.674  -25.990 0.1000000015
12242  -53.512  -62.318  -25.972 0.1000000015
136460  -58.770  -64.139  -27.087 0.1000000015
12265  -58.611  -63.553  -27.384 0.1000000015
139881  -59.552  -63.032  -26.047 0.1000000015
12255  -54.019  -63.130  -26.272 0.1000000015
10829  -58.133  -65.582  -27.967 0.1000000015
10810  -58.442  -64.835  -27.427 0.1000000015
10808  -57.404  -65.167  -26.870 0.1000000015
10827  -56.842  -65.874  -27.406 0.1000000015
13727  -59.356  -61.170  -24.416 0.1000000015
13718  -59.897  -60.875  -23.629 0.1000000015
11472  -59.471  -63.263  -25.063 0.1000000015
12246  -59.690  -62.907  -25.473 0.1000000015
11485  -58.314  -63.810  -25.658 0.1000000015
11471  -58.909  -63.517  -25.119 0.1000000015
11501  -57.978  -64.496  -26.361 0.1000000015
123902  -58.758  -64.277  -26.528 0.1000000015
131512  -55.972  -64.678  -26.737 0.1000000015
13719  -60.194  -61.044  -23.138 0.1000000015
12964  -59.594  -62.170  -24.410 0.1000000015
12228  -58.811  -62.929  -24.591 0.1000000015
12229  -59.510  -62.790  -24.618 0.1000000015
127244  -52.786  -60.729  -25.421 0.1000000015
11500  -56.713  -64.171  -26.266 0.1000000015
11498  -54.894  -63.827  -26.410 0.1000000015
13711  -60.384  -60.757  -22.331 0.1000000015
12243  -54.416  -62.450  -25.696 0.1000000015
14512  -50.771  -59.991  -25.202 0.1000000015
16136  -49.588  -57.058  -22.360 0.1000000015
130150  -49.730  -57.782  -23.584 0.1000000015
16164  -50.220  -57.927  -24.236 0.1000000015
15316  -49.781  -58.589  -23.942 0.1000000015
9508  -53.806  -67.102  -27.334 0.1000000015
9522  -56.510  -67.859  -28.467 0.1000000015
9520  -53.412  -67.007  -29.411 0.1000000015
10156  -53.699  -65.917  -29.342 0.1000000015
10155  -52.553  -65.754  -29.347 0.1000000015
11527  -54.207  -63.289  -28.894 0.1000000015
12275  -53.995  -62.480  -28.767 0.1000000015
13773  -54.244  -61.244  -28.461 0.1000000015
10136  -54.025  -66.137  -27.357 0.1000000015
13001  -58.033  -62.655  -27.278 0.1000000015
10849  -57.991  -65.633  -28.421 0.1000000015
13726  -58.246  -60.403  -24.798 0.1000000015
12991  -58.272  -62.175  -26.484 0.1000000015
12963  -59.531  -61.961  -24.659 0.1000000015
11502  -59.119  -63.469  -26.411 0.1000000015
11484  -57.247  -63.807  -25.836 0.1000000015
13728  -59.804  -61.690  -24.005 0.1000000015
120887  -49.568  -57.721  -22.692 0.1000000015
4321  -50.153  -76.332  -33.349 0.1000000015
4768  -50.059  -76.023  -32.866 0.1000000015
4387  -49.179  -75.364  -38.036 0.1000000015
4373  -49.566  -75.739  -37.453 0.1000000015
4805  -50.090  -75.420  -37.024 0.1000000015
4359  -50.156  -75.737  -36.275 0.1000000015
3898  -49.856  -77.074  -34.407 0.1000000015
4832  -48.939  -75.044  -38.341 0.1000000015
5317  -48.797  -74.266  -38.693 0.1000000015
5819  -48.734  -73.387  -38.771 0.1000000015
4322  -50.302  -75.816  -33.502 0.1000000015
118331  -49.845  -75.548  -33.216 0.1000000015
4780  -49.197  -75.620  -33.172 0.1000000015
4791  -50.853  -75.394  -34.353 0.1000000015
4350  -50.140  -76.129  -35.527 0.1000000015
131302  -50.567  -75.794  -34.903 0.1000000015
4341  -50.486  -76.002  -34.326 0.1000000015
4334  -49.672  -76.008  -32.734 0.1000000015
4818  -49.825  -75.078  -37.743 0.1000000015
3910  -49.688  -76.941  -35.408 0.1000000015
3917  -49.711  -76.380  -36.240 0.1000000015
4833  -49.389  -74.636  -38.245 0.1000000015
128069  -49.051  -73.476  -38.613 0.1000000015
5820  -48.848  -72.722  -38.792 0.1000000015
6370  -48.594  -72.344  -39.257 0.1000000015
137039  -47.368  -69.799  -33.391 0.1000000015
6805  -47.118  -71.845  -34.299 0.1000000015
7867  -48.093  -69.650  -33.477 0.1000000015
5251  -50.138  -74.699  -33.803 0.1000000015
133415  -49.367  -74.129  -34.100 0.1000000015
5263  -48.488  -74.403  -34.211 0.1000000015
5770  -48.548  -73.035  -34.574 0.1000000015
124855  -47.744  -72.896  -34.678 0.1000000015
129447  -47.848  -71.512  -34.166 0.1000000015
125174  -50.765  -74.682  -33.825 0.1000000015
120760  -48.035  -73.654  -34.606 0.1000000015
5264  -51.161  -74.581  -34.183 0.1000000015
5249  -48.623  -75.101  -33.692 0.1000000015
4800  -51.217  -74.776  -35.526 0.1000000015
133284  -51.058  -75.313  -34.961 0.1000000015
4845  -49.073  -74.127  -38.507 0.1000000015
8438  -48.406  -68.842  -33.434 0.1000000015
7302  -47.750  -70.531  -33.692 0.1000000015
127659  -47.882  -68.052  -33.349 0.1000000015
137675  -48.741  -73.704  -34.413 0.1000000015
6298  -49.234  -72.384  -34.450 0.1000000015
6297  -48.281  -72.279  -34.493 0.1000000015
126364  -49.928  -72.884  -34.185 0.1000000015
5757  -50.143  -73.673  -33.939 0.1000000015
4806  -50.613  -75.094  -36.373 0.1000000015
4819  -50.380  -74.684  -37.192 0.1000000015
4834  -50.084  -74.334  -37.969 0.1000000015
5306  -50.322  -73.516  -38.193 0.1000000015
5319  -49.766  -73.278  -38.462 0.1000000015
4792  -51.354  -74.789  -34.683 0.1000000015
130649  -46.861  -70.343  -33.517 0.1000000015
6794  -48.424  -70.956  -33.918 0.1000000015
5272  -51.642  -74.264  -35.063 0.1000000015
6793  -47.023  -71.157  -33.905 0.1000000015
117765  -50.865  -73.919  -33.838 0.1000000015
5252  -51.231  -73.906  -34.015 0.1000000015
7301  -46.229  -70.900  -33.737 0.1000000015
5775  -52.668  -72.999  -34.857 0.1000000015
6301  -52.989  -72.101  -34.426 0.1000000015
6809  -53.491  -71.450  -34.593 0.1000000015
7311  -49.158  -70.899  -33.909 0.1000000015
6299  -50.159  -72.224  -34.258 0.1000000015
139133  -50.897  -72.179  -34.046 0.1000000015
6290  -52.098  -72.736  -33.888 0.1000000015
135481  -51.480  -71.744  -33.809 0.1000000015
6300  -52.337  -72.788  -34.240 0.1000000015
6291  -52.725  -71.996  -34.021 0.1000000015
6808  -50.529  -71.607  -34.000 0.1000000015
6807  -49.643  -71.588  -34.207 0.1000000015
120498  -52.305  -71.264  -33.599 0.1000000015
5773  -51.622  -72.548  -33.853 0.1000000015
6306  -53.105  -72.121  -35.190 0.1000000015
6797  -52.327  -71.983  -33.807 0.1000000015
3888  -50.255  -76.491  -33.974 0.1000000015
3899  -50.211  -76.439  -34.749 0.1000000015
4333  -48.946  -76.364  -32.745 0.1000000015
4335  -50.443  -75.895  -33.859 0.1000000015
4351  -50.610  -75.464  -35.602 0.1000000015
4781  -50.238  -75.421  -33.572 0.1000000015
4782  -50.558  -75.324  -33.927 0.1000000015
5250  -49.301  -74.925  -33.728 0.1000000015
5262  -47.532  -74.310  -34.446 0.1000000015
5265  -51.570  -74.043  -34.604 0.1000000015
5305  -49.635  -73.959  -38.362 0.1000000015
5758  -51.480  -73.294  -33.901 0.1000000015
5759  -51.732  -73.302  -34.115 0.1000000015
5771  -49.326  -73.295  -34.319 0.1000000015
5772  -50.776  -72.963  -33.989 0.1000000015
6806  -48.771  -71.584  -34.284 0.1000000015
8437  -47.422  -68.952  -33.166 0.1000000015
8940  -55.544  -69.394  -27.845 0.1000000015
8941  -56.090  -68.774  -28.150 0.1000000015
9511  -56.809  -67.465  -28.032 0.1000000015
9512  -57.178  -66.940  -28.298 0.1000000015
9619  -49.520  -66.277  -37.214 0.1000000015
9632  -46.678  -66.687  -38.325 0.1000000015
10159  -57.260  -66.580  -28.882 0.1000000015
10279  -47.545  -65.623  -38.445 0.1000000015
10281  -49.133  -65.102  -38.176 0.1000000015
10282  -51.041  -65.548  -38.479 0.1000000015
10317  -47.603  -65.516  -41.780 0.1000000015
10328  -48.475  -65.058  -43.114 0.1000000015
10809  -58.239  -65.139  -27.135 0.1000000015
10830  -58.301  -65.139  -28.045 0.1000000015
10848  -57.601  -65.684  -28.905 0.1000000015
10898  -55.999  -65.438  -34.916 0.1000000015
10974  -49.426  -64.239  -42.122 0.1000000015
10979  -48.902  -64.442  -43.235 0.1000000015
11473  -59.708  -62.935  -25.020 0.1000000015
11486  -59.163  -63.666  -25.693 0.1000000015
11487  -59.556  -63.134  -25.612 0.1000000015
11497  -52.052  -63.484  -26.527 0.1000000015
11514  -58.449  -64.422  -27.799 0.1000000015
11529  -55.676  -63.626  -28.884 0.1000000015
11638  -50.873  -64.168  -38.981 0.1000000015
11656  -51.707  -63.468  -39.510 0.1000000015
11673  -50.527  -63.070  -41.171 0.1000000015
11691  -48.675  -63.257  -43.438 0.1000000015
11692  -49.845  -63.592  -43.522 0.1000000015
12230  -59.496  -62.498  -24.489 0.1000000015
12320  -51.724  -62.021  -33.585 0.1000000015
12327  -53.606  -62.225  -34.426 0.1000000015
12329  -54.578  -62.815  -35.110 0.1000000015
12417  -50.955  -62.716  -43.283 0.1000000015
12420  -49.928  -62.752  -43.861 0.1000000015
12979  -58.523  -61.728  -25.766 0.1000000015
12980  -59.397  -62.339  -25.295 0.1000000015
12981  -59.645  -62.629  -24.873 0.1000000015
13013  -55.996  -62.365  -28.360 0.1000000015
13062  -51.315  -61.143  -33.410 0.1000000015
13076  -53.682  -61.191  -34.887 0.1000000015
13083  -45.325  -61.774  -35.255 0.1000000015
13085  -47.041  -61.265  -35.863 0.1000000015
13149  -50.377  -60.992  -43.081 0.1000000015
13159  -51.130  -61.719  -43.757 0.1000000015
13161  -52.276  -60.635  -43.687 0.1000000015
13738  -51.275  -60.609  -25.480 0.1000000015
13739  -52.007  -60.444  -25.476 0.1000000015
13820  -51.268  -60.305  -33.220 0.1000000015
13830  -46.273  -60.396  -34.492 0.1000000015
13854  -54.505  -60.162  -37.371 0.1000000015
13876  -49.387  -60.627  -38.348 0.1000000015
13912  -49.743  -60.851  -40.794 0.1000000015
13914  -53.099  -60.439  -42.830 0.1000000015
13921  -52.796  -60.332  -43.538 0.1000000015
13923  -52.034  -60.572  -43.807 0.1000000015
13924  -52.522  -60.189  -43.731 0.1000000015
14607  -52.377  -59.774  -33.668 0.1000000015
14621  -44.224  -59.870  -33.980 0.1000000015
14638  -47.800  -59.681  -35.244 0.1000000015
14653  -48.776  -59.630  -36.308 0.1000000015
14671  -58.745  -59.694  -38.285 0.1000000015
14694  -58.242  -60.242  -39.570 0.1000000015
14730  -53.160  -58.434  -43.163 0.1000000015
14732  -52.663  -59.619  -43.651 0.1000000015
15331  -50.177  -58.737  -24.365 0.1000000015
15332  -50.784  -58.511  -24.655 0.1000000015
15337  -56.918  -58.107  -24.805 0.1000000015
15338  -57.508  -58.519  -24.493 0.1000000015
15354  -56.433  -58.109  -25.226 0.1000000015
15363  -54.505  -57.983  -26.537 0.1000000015
15443  -45.184  -58.727  -33.319 0.1000000015
15495  -49.652  -58.523  -36.517 0.1000000015
15497  -54.673  -58.702  -36.563 0.2000000030
15559  -57.805  -58.114  -40.599 0.1000000015
15574  -53.633  -58.545  -43.116 0.1000000015
16108  -60.777  -57.420  -19.617 0.1000000015
16116  -61.113  -57.504  -20.189 0.1000000015
16256  -46.298  -56.951  -32.682 0.1000000015
16276  -44.290  -57.701  -33.524 0.1000000015
16280  -48.194  -56.969  -33.863 0.1000000015
16284  -56.813  -57.092  -33.202 0.3000000119
16299  -49.153  -57.041  -34.945 0.1000000015
16335  -56.819  -58.201  -36.055 0.3000000119
16388  -55.137  -56.666  -42.462 0.1000000015
16389  -56.049  -56.673  -42.267 0.1000000015
16989  -60.185  -56.400  -22.394 0.1000000015
17019  -57.037  -56.766  -24.902 0.1000000015
17029  -56.075  -56.816  -25.850 0.1000000015
17031  -57.353  -56.422  -25.340 0.1000000015
17126  -47.974  -55.858  -32.984 0.1000000015
17177  -49.682  -56.692  -35.406 0.1000000015
17211  -59.457  -55.861  -38.802 0.1000000015
17238  -58.471  -56.310  -39.777 0.2000000030
17249  -57.386  -56.533  -41.083 0.1000000015
17784  -57.770  -55.311  -18.334 0.1000000015
17858  -62.913  -54.206  -23.767 0.3000000119
17886  -62.510  -54.896  -25.485 0.4000000060
17934  -60.689  -56.188  -31.164 0.5000000000
17943  -44.762  -55.721  -32.872 0.1000000015
17944  -46.036  -55.492  -32.157 0.1000000015
17954  -44.329  -55.889  -33.621 0.1000000015
18008  -52.343  -55.774  -36.512 0.1000000015
18557  -61.097  -53.933  -15.234 0.2000000030
18558  -61.149  -53.958  -15.294 0.2000000030
18575  -61.179  -53.922  -15.415 0.2000000030
18604  -56.986  -54.364  -17.407 0.1000000015
18607  -61.065  -54.269  -17.637 0.2000000030
18798  -49.604  -54.666  -34.453 0.1000000015
18807  -62.186  -53.916  -35.100 0.2000000030
19425  -61.124  -53.878  -15.331 0.2000000030
19442  -56.682  -53.474  -16.776 0.3000000119
19444  -60.225  -53.385  -15.788 0.2000000030
19445  -61.144  -53.870  -15.606 0.2000000030
19454  -61.337  -53.967  -16.920 0.2000000030
19516  -62.063  -53.487  -23.106 0.3000000119
19517  -62.780  -53.961  -22.935 0.3000000119
19545  -62.788  -53.799  -24.656 0.3000000119
19600  -56.469  -53.032  -29.581 0.5000000000
19609  -56.975  -53.088  -30.024 0.5000000000
20431  -54.666  -52.573  -28.321 0.3000000119
20464  -46.941  -52.631  -31.760 0.1000000015
20466  -58.784  -52.983  -31.000 0.4000000060
20482  -48.230  -52.043  -32.210 0.1000000015
20483  -48.896  -52.108  -32.713 0.1000000015
20485  -62.838  -52.305  -32.512 0.1000000015
21210  -53.178  -51.634  -27.221 0.3000000119
21263  -45.419  -51.402  -32.572 0.1000000015
21955  -53.830  -50.077  -23.394 0.5000000000
21989  -52.173  -50.644  -26.911 0.4000000060
22044  -45.723  -50.098  -32.730 0.1000000015
22684  -57.823  -50.121  -16.158 0.3000000119
22719  -51.203  -49.472  -19.578 0.1000000015
22777  -51.881  -49.912  -25.302 0.3000000119
22832  -61.694  -49.628  -29.911 0.1000000015
22841  -47.510  -49.642  -31.863 0.1000000015
22854  -49.442  -50.078  -32.297 0.1000000015
23511  -53.090  -48.089  -21.268 0.4000000060
23545  -51.050  -48.732  -25.132 0.3000000119
23561  -50.946  -47.908  -26.208 0.3000000119
23604  -47.202  -49.054  -31.942 0.1000000015
24321  -59.692  -48.019  -17.005 0.2000000030
24335  -60.935  -47.976  -17.436 0.2000000030
24384  -50.502  -47.159  -23.529 0.2000000030
24423  -52.875  -47.519  -28.099 0.2000000030
25191  -50.070  -46.482  -24.042 0.3000000119
25208  -50.297  -46.804  -24.825 0.3000000119
26018  -50.186  -45.081  -23.186 0.1000000015
26063  -50.545  -45.869  -25.778 0.2000000030
26800  -51.163  -44.057  -22.774 0.1000000015
27628  -52.249  -43.288  -22.777 0.1000000015
29303  -50.778  -41.794  -24.617 0.1000000015
30013  -51.058  -40.260  -25.541 0.1000000015
30025  -50.767  -41.372  -26.006 0.1000000015
117666  -55.997  -56.505  -27.798 0.1000000015
117977  -48.842  -73.698  -38.676 0.1000000015
118001  -46.363  -66.568  -38.955 0.1000000015
118153  -46.446  -58.521  -33.432 0.1000000015
118683  -58.254  -58.181  -40.120 0.1000000015
119796  -50.174  -44.804  -24.616 0.1000000015
119799  -46.643  -51.857  -31.860 0.1000000015
120581  -56.183  -67.663  -27.751 0.1000000015
122727  -58.517  -54.535  -28.365 0.6000000238
124435  -44.286  -54.985  -34.977 0.1000000015
125037  -48.008  -54.548  -32.384 0.1000000015
125324  -58.243  -45.388  -23.135 0.1000000015
125981  -60.839  -60.386  -22.563 0.1000000015
126349  -51.363  -48.869  -26.814 0.4000000060
126638  -60.866  -57.570  -34.721 0.4000000060
126890  -51.555  -48.276  -22.899 0.3000000119
127743  -45.076  -53.095  -32.273 0.1000000015
128169  -55.332  -42.614  -23.364 0.1000000015
128812  -51.502  -42.932  -27.305 0.1000000015
129176  -55.994  -67.301  -29.090 0.1000000015
129424  -53.594  -59.936  -35.364 0.1000000015
129939  -51.952  -39.094  -28.316 0.1000000015
130145  -50.652  -45.083  -25.967 0.2000000030
131859  -52.095  -63.570  -33.648 0.1000000015
131921  -52.689  -62.226  -26.107 0.1000000015
133316  -54.085  -63.881  -26.661 0.1000000015
134624  -47.568  -72.235  -34.458 0.1000000015
134979  -53.464  -63.031  -28.838 0.1000000015
136213  -45.783  -56.611  -32.563 0.1000000015
136263  -60.114  -59.108  -33.887 0.4000000060
136448  -54.423  -50.832  -25.049 0.5000000000
136458  -43.573  -57.132  -34.948 0.1000000015
136980  -53.677  -58.676  -35.273 0.3000000119
136999  -62.488  -54.290  -33.281 0.3000000119
137672  -61.323  -58.516  -31.780 0.4000000060
139462  -61.562  -56.278  -31.975 0.5000000000
139713  -51.845  -46.171  -21.543 0.2000000030
