#!ascii label  , from subject sub-v1s16x0051175_ses-1 vox2ras=TkReg
286
50415  -31.273  -4.141  -17.662 0.0000000000
49516  -25.842  -5.903  -16.225 0.0000000000
107716  -31.645  -6.865  -13.225 0.0000000000
44996  -28.535  -10.409  -14.456 0.0000000000
109000  -32.805  5.494  -16.482 0.0000000000
110181  -32.855  2.863  -15.540 0.0000000000
91133  -31.271  -0.449  -19.497 0.0000000000
42203  -26.606  -13.495  -11.723 0.0000000000
47806  -27.118  -8.256  -15.388 0.0000000000
46948  -25.303  -9.005  -13.618 0.0000000000
57830  -32.944  4.128  -16.200 0.0000000000
57010  -32.021  2.976  -17.976 0.0000000000
50421  -28.465  -3.975  -19.121 0.0000000000
52242  -28.493  -1.797  -20.315 0.0000000000
90650  -31.508  -2.276  -18.503 0.0000000000
90644  -32.190  -0.595  -16.851 0.0000000000
91440  -32.454  -2.213  -15.742 0.0000000000
99848  -32.504  -3.847  -13.916 0.0000000000
98341  -24.886  -3.198  -17.308 0.0000000000
49535  -28.625  -5.453  -17.908 0.0000000000
49517  -31.485  -5.429  -15.935 0.0000000000
47820  -29.173  -7.582  -16.825 0.0000000000
46039  -30.008  -9.608  -14.757 0.0000000000
46011  -30.699  -9.861  -11.942 0.0000000000
55345  -31.052  1.771  -20.212 0.0000000000
55336  -31.821  1.566  -17.482 0.0000000000
55319  -33.284  1.130  -14.344 0.0000000000
44978  -24.568  -10.106  -12.499 0.0000000000
44078  -27.728  -11.624  -13.301 0.0000000000
47794  -23.846  -7.440  -13.880 0.0000000000
106503  -23.628  -7.997  -13.382 0.0000000000
57842  -31.435  4.262  -18.519 0.0000000000
57008  -31.131  3.646  -18.890 0.0000000000
50423  -30.280  -4.247  -18.775 0.0000000000
51384  -30.675  -3.446  -19.001 0.0000000000
51375  -31.431  -3.307  -18.331 0.0000000000
52217  -31.838  -2.660  -17.512 0.0000000000
52204  -32.158  -2.873  -16.484 0.0000000000
52205  -32.497  -3.090  -15.539 0.0000000000
51347  -32.302  -3.866  -15.289 0.0000000000
49525  -26.101  -5.095  -16.856 0.0000000000
50411  -26.402  -4.443  -17.506 0.0000000000
49526  -26.803  -5.757  -16.868 0.0000000000
48664  -29.601  -6.985  -17.218 0.0000000000
48651  -28.185  -7.307  -16.534 0.0000000000
46957  -27.760  -9.001  -15.197 0.0000000000
46964  -28.665  -9.015  -15.647 0.0000000000
46038  -29.359  -9.966  -14.910 0.0000000000
46032  -30.110  -9.673  -13.845 0.0000000000
44990  -29.343  -10.768  -13.862 0.0000000000
59627  -31.942  5.998  -17.174 0.0000000000
60409  -32.316  6.856  -16.966 0.0000000000
59617  -32.515  5.991  -16.675 0.0000000000
59607  -34.302  6.424  -15.541 0.0000000000
110062  -35.369  6.015  -14.778 0.0000000000
56999  -32.852  3.303  -15.925 0.0000000000
90662  -29.764  -1.096  -20.552 0.0000000000
105010  -29.986  0.061  -21.078 0.0000000000
103509  -31.054  0.755  -20.185 0.0000000000
55341  -31.408  1.797  -19.052 0.0000000000
92568  -31.704  0.326  -18.286 0.0000000000
108314  -32.341  -0.576  -15.297 0.0000000000
53706  -32.671  0.700  -15.954 0.0000000000
54500  -32.950  0.387  -14.474 0.0000000000
48639  -31.225  -6.478  -14.874 0.0000000000
49490  -32.226  -5.174  -13.635 0.0000000000
43121  -25.448  -12.367  -11.855 0.0000000000
43130  -25.974  -11.702  -12.502 0.0000000000
94175  -25.995  -10.948  -12.937 0.0000000000
98178  -27.266  -12.710  -12.466 0.0000000000
48648  -25.306  -6.438  -15.470 0.0000000000
48649  -26.263  -6.715  -15.812 0.0000000000
48638  -24.927  -6.843  -14.909 0.0000000000
46955  -25.716  -8.459  -14.308 0.0000000000
46029  -26.303  -9.303  -14.127 0.0000000000
58726  -32.285  5.826  -18.026 0.0000000000
57824  -33.897  5.122  -16.055 0.0000000000
106092  -32.473  4.214  -16.983 0.0000000000
56998  -32.545  3.620  -16.534 0.0000000000
56169  -32.260  2.933  -16.702 0.0000000000
51373  -26.725  -3.073  -18.736 0.0000000000
51382  -28.398  -2.780  -19.802 0.0000000000
52243  -30.040  -2.616  -19.627 0.0000000000
90655  -31.464  -1.247  -18.768 0.0000000000
91357  -31.597  -0.377  -18.515 0.0000000000
90648  -31.821  -1.778  -17.669 0.0000000000
90645  -32.342  -1.176  -15.905 0.0000000000
91853  -33.040  -1.389  -14.447 0.0000000000
52992  -33.140  -1.998  -14.081 0.0000000000
42189  -27.821  -14.149  -11.108 0.0000000000
42205  -28.206  -13.507  -11.532 0.0000000000
109473  -26.741  -3.955  -18.146 0.0000000000
50413  -28.989  -4.857  -18.521 0.0000000000
50414  -30.626  -4.824  -17.965 0.0000000000
50403  -31.245  -4.991  -16.904 0.0000000000
49530  -30.547  -5.717  -17.242 0.0000000000
101913  -30.832  -6.714  -16.334 0.0000000000
101680  -30.417  -7.867  -16.072 0.0000000000
47815  -28.692  -8.218  -16.194 0.0000000000
46966  -30.106  -8.575  -15.995 0.0000000000
47796  -30.691  -8.169  -14.462 0.0000000000
46939  -31.280  -8.389  -12.549 0.0000000000
46022  -31.047  -9.175  -12.288 0.0000000000
57825  -34.995  5.082  -15.094 0.0000000000
56184  -31.367  2.542  -18.786 0.0000000000
56177  -31.648  2.043  -18.248 0.0000000000
55331  -32.234  2.051  -16.574 0.0000000000
90652  -31.961  0.294  -16.660 0.0000000000
54516  -32.678  1.680  -15.727 0.0000000000
55325  -32.918  1.852  -14.735 0.0000000000
50391  -32.190  -4.540  -14.958 0.0000000000
50362  -32.578  -4.276  -13.179 0.0000000000
46020  -23.103  -8.792  -12.374 0.0000000000
105394  -24.957  -9.538  -13.028 0.0000000000
44987  -26.516  -10.556  -13.472 0.0000000000
44988  -28.153  -11.047  -13.854 0.0000000000
43124  -28.632  -12.871  -11.895 0.0000000000
44079  -28.718  -11.984  -13.021 0.0000000000
44087  -29.101  -11.365  -13.469 0.0000000000
57848  -31.028  4.008  -19.012 0.0000000000
51374  -30.995  -4.072  -18.475 0.0000000000
51361  -31.677  -3.447  -17.143 0.0000000000
51346  -32.038  -3.659  -16.192 0.0000000000
92745  -31.562  -4.128  -16.749 0.0000000000
50387  -25.095  -4.964  -16.313 0.0000000000
48662  -27.671  -6.401  -16.858 0.0000000000
48661  -26.752  -6.362  -16.373 0.0000000000
46037  -28.552  -9.671  -15.107 0.0000000000
44997  -29.225  -10.496  -14.326 0.0000000000
46031  -29.616  -10.166  -14.257 0.0000000000
99154  -32.174  5.497  -17.013 0.0000000000
58710  -33.246  5.888  -15.960 0.0000000000
109240  -34.545  5.844  -15.474 0.0000000000
99201  -33.140  3.267  -15.119 0.0000000000
109387  -33.966  3.312  -14.683 0.0000000000
56163  -33.333  2.631  -14.600 0.0000000000
103350  -30.700  -0.966  -20.096 0.0000000000
90658  -29.689  -0.235  -21.192 0.0000000000
90979  -30.708  0.015  -20.472 0.0000000000
103692  -30.543  0.520  -20.636 0.0000000000
103645  -31.365  0.361  -19.345 0.0000000000
90639  -33.106  -0.524  -14.245 0.0000000000
48626  -31.409  -6.645  -13.961 0.0000000000
49489  -31.740  -5.858  -14.202 0.0000000000
42202  -25.795  -13.193  -11.620 0.0000000000
44069  -25.012  -11.491  -11.998 0.0000000000
43122  -26.439  -12.731  -12.205 0.0000000000
48647  -24.269  -6.241  -14.986 0.0000000000
47795  -24.633  -8.220  -13.798 0.0000000000
58717  -32.178  4.917  -17.500 0.0000000000
96338  -32.086  4.983  -18.082 0.0000000000
57009  -31.352  3.396  -18.600 0.0000000000
57843  -32.052  4.017  -17.988 0.0000000000
57005  -32.200  3.569  -17.183 0.0000000000
51381  -27.545  -2.986  -19.395 0.0000000000
52229  -30.946  -2.574  -19.136 0.0000000000
53013  -30.341  -1.801  -19.861 0.0000000000
91632  -31.089  -1.801  -19.339 0.0000000000
90643  -32.103  -2.022  -16.681 0.0000000000
90638  -32.696  -1.672  -15.057 0.0000000000
104674  -32.706  -0.929  -14.943 0.0000000000
90633  -32.942  -1.878  -14.604 0.0000000000
51332  -32.651  -3.318  -14.520 0.0000000000
52181  -33.022  -2.706  -14.068 0.0000000000
51322  -32.938  -3.306  -13.477 0.0000000000
41391  -27.481  -14.633  -10.526 0.0000000000
41392  -28.240  -14.465  -10.421 0.0000000000
51360  -25.927  -3.366  -17.917 0.0000000000
49527  -27.653  -5.488  -17.524 0.0000000000
49534  -28.075  -4.773  -18.308 0.0000000000
93985  -29.827  -4.920  -18.427 0.0000000000
106642  -29.358  -5.370  -18.052 0.0000000000
49536  -29.963  -5.569  -17.808 0.0000000000
49528  -29.259  -6.093  -17.564 0.0000000000
109883  -30.172  -7.079  -17.094 0.0000000000
47821  -29.949  -7.663  -16.943 0.0000000000
48652  -30.819  -7.190  -15.707 0.0000000000
47817  -30.142  -8.005  -16.489 0.0000000000
47813  -26.671  -7.473  -15.576 0.0000000000
47814  -27.636  -7.763  -15.894 0.0000000000
46963  -27.971  -8.460  -15.673 0.0000000000
46958  -29.806  -9.338  -15.484 0.0000000000
46965  -29.439  -8.881  -15.947 0.0000000000
46959  -30.308  -8.885  -15.157 0.0000000000
46950  -30.960  -8.241  -13.481 0.0000000000
46949  -30.466  -8.984  -14.213 0.0000000000
46021  -30.272  -9.689  -12.829 0.0000000000
46012  -31.361  -9.351  -11.421 0.0000000000
56991  -33.353  4.012  -15.569 0.0000000000
52241  -27.700  -2.016  -20.015 0.0000000000
90676  -30.640  1.950  -20.335 0.0000000000
56190  -31.032  2.425  -20.131 0.0000000000
56191  -31.191  2.252  -19.867 0.0000000000
54522  -31.450  1.165  -18.515 0.0000000000
90651  -32.090  -0.084  -17.639 0.0000000000
54508  -32.769  1.000  -14.999 0.0000000000
55320  -33.702  1.982  -14.028 0.0000000000
50390  -31.842  -4.531  -15.912 0.0000000000
49518  -31.876  -5.080  -15.295 0.0000000000
50374  -32.308  -4.484  -14.101 0.0000000000
109200  -23.938  -10.244  -12.036 0.0000000000
96585  -23.584  -9.625  -12.185 0.0000000000
96583  -24.080  -9.368  -12.643 0.0000000000
44980  -26.739  -11.323  -13.116 0.0000000000
96584  -25.548  -10.293  -12.984 0.0000000000
93675  -27.316  -11.029  -13.600 0.0000000000
43123  -27.845  -13.024  -12.213 0.0000000000
44080  -29.330  -11.665  -12.761 0.0000000000
48637  -24.053  -6.807  -14.413 0.0000000000
107669  -31.453  4.876  -18.587 0.0000000000
50422  -29.451  -4.365  -18.920 0.0000000000
51383  -29.518  -3.478  -19.395 0.0000000000
52191  -32.808  -2.420  -14.814 0.0000000000
50400  -24.451  -4.002  -16.522 0.0000000000
50401  -25.522  -4.211  -17.020 0.0000000000
50402  -26.819  -5.146  -17.359 0.0000000000
92994  -28.382  -6.061  -17.416 0.0000000000
48663  -28.724  -6.780  -17.137 0.0000000000
46043  -29.256  -9.454  -15.476 0.0000000000
44991  -29.752  -10.321  -13.482 0.0000000000
44982  -30.059  -10.429  -12.526 0.0000000000
60419  -31.813  6.701  -17.803 0.0000000000
56992  -34.253  4.040  -14.969 0.0000000000
90901  -29.829  -0.617  -20.792 0.0000000000
108276  -31.102  1.199  -20.136 0.0000000000
55346  -31.242  1.796  -19.775 0.0000000000
91388  -31.261  1.235  -19.683 0.0000000000
54523  -31.788  0.732  -17.518 0.0000000000
92104  -32.441  -0.190  -15.941 0.0000000000
91196  -32.839  -0.025  -15.196 0.0000000000
48653  -31.178  -6.260  -15.760 0.0000000000
49505  -31.559  -5.692  -15.081 0.0000000000
108777  -24.283  -11.287  -11.699 0.0000000000
44967  -24.489  -10.780  -12.074 0.0000000000
44979  -25.261  -10.885  -12.517 0.0000000000
43131  -27.016  -12.071  -12.729 0.0000000000
49515  -24.672  -5.635  -15.604 0.0000000000
47812  -25.728  -7.181  -15.237 0.0000000000
47805  -26.159  -7.955  -14.991 0.0000000000
47804  -25.049  -7.549  -14.499 0.0000000000
46956  -26.738  -8.776  -14.777 0.0000000000
46036  -27.443  -9.699  -14.552 0.0000000000
59636  -31.468  6.281  -18.186 0.0000000000
58709  -33.043  5.039  -17.094 0.0000000000
108316  -29.099  -2.504  -19.997 0.0000000000
52228  -29.359  -1.783  -20.314 0.0000000000
95549  -31.869  -0.936  -17.710 0.0000000000
106552  -32.081  -1.316  -16.941 0.0000000000
90634  -33.277  -1.282  -13.607 0.0000000000
47797  -31.180  -7.445  -13.746 0.0000000000
42188  -26.873  -14.193  -11.136 0.0000000000
42204  -27.404  -13.639  -11.692 0.0000000000
50420  -27.450  -3.963  -18.650 0.0000000000
50412  -27.200  -4.670  -17.918 0.0000000000
48666  -31.021  -5.980  -16.553 0.0000000000
49529  -30.042  -6.384  -17.363 0.0000000000
48665  -30.510  -6.583  -16.888 0.0000000000
47808  -30.969  -7.331  -14.686 0.0000000000
48650  -27.213  -6.972  -16.118 0.0000000000
47816  -29.644  -8.221  -16.477 0.0000000000
47807  -30.520  -8.019  -15.366 0.0000000000
47784  -31.562  -7.512  -12.770 0.0000000000
46938  -30.598  -8.983  -13.184 0.0000000000
56984  -35.213  4.808  -14.506 0.0000000000
57017  -31.117  3.149  -19.483 0.0000000000
56183  -31.204  2.903  -19.409 0.0000000000
95142  -31.880  2.333  -17.333 0.0000000000
56170  -32.692  2.533  -15.939 0.0000000000
54515  -32.043  1.193  -16.583 0.0000000000
56162  -32.894  2.454  -15.260 0.0000000000
102072  -32.398  -4.005  -14.543 0.0000000000
49506  -32.059  -5.163  -14.550 0.0000000000
46946  -22.937  -8.098  -12.820 0.0000000000
46947  -24.111  -8.731  -13.094 0.0000000000
44986  -25.893  -9.792  -13.537 0.0000000000
109003  -26.736  -9.972  -13.937 0.0000000000
46030  -27.478  -10.470  -14.002 0.0000000000
43132  -27.922  -12.308  -12.833 0.0000000000
43133  -28.439  -12.523  -12.492 0.0000000000
110349  -28.264  -11.872  -13.203 0.0000000000
44086  -28.548  -11.514  -13.514 0.0000000000
44989  -28.924  -11.043  -14.019 0.0000000000
44981  -29.528  -10.999  -13.127 0.0000000000
43134  -29.054  -12.305  -12.324 0.0000000000
47822  -30.438  -7.355  -16.563 0.0000000000
106775  -27.097  -13.187  -12.136 0.0000000000
