#!ascii label  , from subject sub-v1s16x0051170_ses-1 vox2ras=TkReg
1019
52927  -36.707  3.120  49.449 0.0000000000
99289  -51.049  6.665  42.166 0.0000000000
54655  -44.181  3.938  45.852 0.0000000000
39033  -15.239  -13.435  71.497 0.0000000000
49808  -35.479  -1.677  52.524 0.0000000000
43581  -28.531  -8.638  68.532 0.0000000000
47268  -34.836  -4.926  66.683 0.0000000000
48160  -37.625  -3.676  60.247 0.0000000000
49004  -38.773  -1.879  57.973 0.0000000000
41714  -21.601  -10.426  66.304 0.0000000000
42571  -24.865  -9.734  69.208 0.0000000000
42625  -25.550  -9.808  65.510 0.0000000000
89363  -30.598  -5.560  62.927 0.0000000000
106237  -34.379  -5.466  61.522 0.0000000000
52871  -39.800  2.358  53.083 0.0000000000
55475  -41.154  4.978  51.490 0.0000000000
92330  -47.699  5.418  43.762 0.0000000000
52967  -40.700  2.302  47.542 0.0000000000
56441  -48.950  6.865  37.783 0.0000000000
38155  -10.610  -15.241  72.901 0.0000000000
50556  -40.417  -0.313  55.714 0.0000000000
52120  -35.674  1.520  51.084 0.0000000000
102746  -27.535  -7.046  63.512 0.0000000000
46335  -30.225  -5.502  66.999 0.0000000000
55480  -45.667  4.921  50.762 0.0000000000
59305  -52.580  10.825  34.858 0.0000000000
47341  -35.404  -4.549  59.191 0.0000000000
48181  -36.307  -3.518  58.303 0.0000000000
41732  -23.459  -10.258  65.420 0.0000000000
45491  -31.897  -6.446  60.126 0.0000000000
46447  -33.861  -5.631  59.686 0.0000000000
47322  -36.346  -4.685  61.334 0.0000000000
53717  -37.545  3.956  50.982 0.0000000000
53702  -40.285  4.187  52.251 0.0000000000
54568  -39.179  4.372  50.794 0.0000000000
55559  -49.215  5.952  43.531 0.0000000000
104699  -50.149  5.836  45.614 0.0000000000
57158  -52.739  7.234  41.280 0.0000000000
39047  -13.568  -13.299  69.893 0.0000000000
94770  -12.872  -14.394  71.790 0.0000000000
49785  -37.548  -1.696  55.261 0.0000000000
50539  -39.871  -0.890  57.035 0.0000000000
50562  -38.033  -0.927  54.031 0.0000000000
51341  -38.050  -0.092  53.032 0.0000000000
50583  -36.088  -0.098  51.819 0.0000000000
93484  -27.237  -9.254  68.893 0.0000000000
43556  -26.192  -9.056  71.056 0.0000000000
43571  -28.284  -8.726  69.910 0.0000000000
44495  -29.683  -7.890  69.484 0.0000000000
43626  -26.128  -8.151  62.364 0.0000000000
45475  -27.200  -6.066  61.695 0.0000000000
46374  -32.597  -5.610  64.613 0.0000000000
46372  -30.240  -5.354  64.648 0.0000000000
47266  -32.669  -4.779  66.959 0.0000000000
99982  -31.930  -4.256  68.926 0.0000000000
40823  -18.662  -11.432  68.997 0.0000000000
41629  -19.750  -11.161  71.202 0.0000000000
40752  -19.512  -11.361  73.226 0.0000000000
53779  -42.154  3.262  47.051 0.0000000000
96950  -43.172  3.522  49.188 0.0000000000
54614  -44.913  4.118  48.709 0.0000000000
59323  -53.705  10.581  33.834 0.0000000000
91086  -14.056  -13.715  74.097 0.0000000000
48954  -39.832  -2.582  62.364 0.0000000000
49724  -40.289  -1.288  60.551 0.0000000000
48977  -37.925  -2.904  59.085 0.0000000000
49018  -36.733  -2.606  56.842 0.0000000000
89687  -21.546  -10.403  67.963 0.0000000000
41665  -23.155  -10.016  69.870 0.0000000000
101988  -23.118  -10.240  67.921 0.0000000000
42599  -25.432  -9.902  67.101 0.0000000000
43584  -26.894  -9.452  67.056 0.0000000000
88963  -28.732  -5.601  60.866 0.0000000000
46433  -30.671  -6.280  60.745 0.0000000000
46404  -32.353  -5.711  62.288 0.0000000000
46376  -34.339  -5.670  64.418 0.0000000000
47297  -36.849  -4.889  63.777 0.0000000000
48127  -38.391  -3.979  62.753 0.0000000000
89985  -20.085  -10.654  66.555 0.0000000000
52097  -42.499  2.085  55.470 0.0000000000
54486  -44.252  3.886  57.166 0.0000000000
53683  -42.435  3.767  54.641 0.0000000000
55439  -42.367  5.555  53.249 0.0000000000
94078  -45.337  4.552  44.688 0.0000000000
90478  -47.051  4.682  47.680 0.0000000000
93826  -48.564  4.818  47.134 0.0000000000
35711  -6.273  -17.082  72.565 0.0000000000
52947  -38.369  2.358  48.544 0.0000000000
52998  -39.821  2.211  45.211 0.0000000000
99859  -43.714  4.061  43.662 0.0000000000
54690  -45.544  4.564  42.631 0.0000000000
54705  -47.292  4.202  41.443 0.0000000000
54719  -49.169  4.508  40.582 0.0000000000
56411  -50.673  6.022  39.322 0.0000000000
56425  -47.620  6.086  38.194 0.0000000000
38136  -11.800  -14.516  75.070 0.0000000000
38125  -9.386  -14.876  75.433 0.0000000000
37282  -6.634  -14.869  75.566 0.0000000000
51286  -44.935  0.103  59.578 0.0000000000
90615  -41.393  -0.517  60.025 0.0000000000
51293  -42.031  -0.148  58.472 0.0000000000
51305  -42.895  0.609  57.453 0.0000000000
52101  -40.200  0.928  53.908 0.0000000000
92954  -38.042  1.855  52.546 0.0000000000
52904  -35.692  2.591  50.053 0.0000000000
42544  -24.980  -9.511  72.308 0.0000000000
43605  -26.778  -8.609  64.487 0.0000000000
44515  -28.349  -7.881  66.172 0.0000000000
46384  -28.613  -5.678  63.285 0.0000000000
45437  -28.778  -6.352  65.605 0.0000000000
45406  -29.479  -6.837  67.194 0.0000000000
46311  -31.009  -5.496  69.279 0.0000000000
39944  -15.259  -12.796  69.310 0.0000000000
40807  -16.999  -12.219  68.933 0.0000000000
39922  -16.518  -12.774  71.059 0.0000000000
53748  -40.626  3.498  49.677 0.0000000000
55477  -42.720  5.194  51.262 0.0000000000
57058  -45.706  7.202  53.245 0.0000000000
100142  -47.317  4.917  50.556 0.0000000000
57171  -51.807  6.990  39.196 0.0000000000
57881  -52.729  8.501  38.348 0.0000000000
59280  -53.734  10.861  37.270 0.0000000000
59292  -50.925  10.262  35.008 0.0000000000
99670  -54.480  12.369  36.606 0.0000000000
46460  -34.059  -5.233  58.279 0.0000000000
47360  -34.343  -4.742  57.569 0.0000000000
47373  -33.926  -4.767  56.772 0.0000000000
45524  -32.827  -6.158  58.879 0.0000000000
46458  -33.246  -5.716  58.226 0.0000000000
47340  -34.545  -5.135  59.149 0.0000000000
53731  -36.697  3.450  49.986 0.0000000000
53733  -38.293  4.158  50.636 0.0000000000
53746  -38.090  3.839  49.807 0.0000000000
103745  -50.298  6.244  42.377 0.0000000000
56373  -50.408  6.790  43.814 0.0000000000
56382  -51.091  7.336  43.594 0.0000000000
56387  -51.373  7.303  42.781 0.0000000000
56388  -51.959  7.033  41.893 0.0000000000
39041  -14.068  -13.578  70.591 0.0000000000
39031  -13.698  -13.935  71.211 0.0000000000
39019  -13.969  -13.914  72.039 0.0000000000
49792  -36.834  -1.769  54.415 0.0000000000
49793  -37.619  -1.405  54.438 0.0000000000
49801  -37.325  -1.259  53.787 0.0000000000
50569  -36.989  -0.970  53.093 0.0000000000
50576  -35.843  -0.961  52.109 0.0000000000
101132  -21.042  -10.650  71.537 0.0000000000
43580  -27.793  -8.931  68.292 0.0000000000
43570  -27.328  -8.952  69.905 0.0000000000
99926  -28.609  -8.646  69.215 0.0000000000
43572  -29.002  -8.396  69.706 0.0000000000
44501  -29.126  -8.329  68.896 0.0000000000
46359  -33.158  -5.540  65.360 0.0000000000
46358  -32.259  -5.391  65.509 0.0000000000
94917  -33.301  -5.036  66.570 0.0000000000
92952  -33.468  -4.145  67.924 0.0000000000
41662  -20.711  -10.462  69.396 0.0000000000
41644  -20.557  -10.765  70.820 0.0000000000
40780  -20.436  -10.923  71.851 0.0000000000
52824  -45.598  1.819  59.275 0.0000000000
53791  -43.678  3.794  46.360 0.0000000000
89438  -43.440  3.611  47.908 0.0000000000
54644  -44.288  3.956  46.701 0.0000000000
48150  -38.479  -3.450  61.315 0.0000000000
48968  -38.796  -2.857  60.788 0.0000000000
48172  -38.089  -3.127  59.819 0.0000000000
48191  -36.310  -3.139  57.565 0.0000000000
48214  -35.717  -2.850  56.108 0.0000000000
49027  -35.805  -2.564  55.480 0.0000000000
41696  -21.424  -10.426  67.126 0.0000000000
41697  -22.261  -10.360  67.538 0.0000000000
90157  -22.233  -10.397  66.626 0.0000000000
41733  -24.267  -10.156  65.624 0.0000000000
41716  -24.470  -10.183  66.336 0.0000000000
42609  -25.716  -9.827  66.278 0.0000000000
97990  -26.152  -9.715  66.910 0.0000000000
42626  -26.287  -9.500  65.566 0.0000000000
45488  -29.000  -6.000  59.875 0.0000000000
46434  -32.988  -5.947  60.903 0.0000000000
46420  -32.746  -5.822  61.533 0.0000000000
46405  -33.269  -5.650  62.204 0.0000000000
92511  -33.715  -5.713  63.731 0.0000000000
104351  -34.586  -5.544  62.725 0.0000000000
47296  -36.031  -5.225  63.740 0.0000000000
46391  -35.405  -5.395  63.081 0.0000000000
47334  -37.034  -4.136  60.762 0.0000000000
47311  -37.585  -4.445  62.493 0.0000000000
48138  -38.017  -3.911  61.901 0.0000000000
48140  -39.126  -3.322  62.540 0.0000000000
41713  -20.918  -10.493  66.361 0.0000000000
52865  -41.067  2.089  53.950 0.0000000000
52859  -42.137  2.808  54.854 0.0000000000
52873  -41.209  2.983  53.741 0.0000000000
54546  -40.739  4.722  51.814 0.0000000000
54531  -41.766  4.731  53.239 0.0000000000
54547  -41.564  5.220  52.285 0.0000000000
90435  -42.669  6.111  53.064 0.0000000000
55449  -42.194  5.853  52.423 0.0000000000
54671  -47.331  5.247  44.652 0.0000000000
89182  -47.474  5.058  46.223 0.0000000000
54660  -47.981  5.237  45.459 0.0000000000
55534  -51.354  5.667  46.690 0.0000000000
53819  -43.955  4.209  43.083 0.0000000000
53842  -43.641  3.710  41.458 0.0000000000
54716  -46.099  3.896  40.659 0.0000000000
54717  -46.996  3.948  40.656 0.0000000000
54718  -47.982  4.078  40.701 0.0000000000
54732  -48.284  4.386  39.860 0.0000000000
55601  -48.632  4.980  39.328 0.0000000000
38168  -11.174  -14.737  71.270 0.0000000000
37292  -9.122  -15.602  73.107 0.0000000000
38995  -13.622  -13.753  75.780 0.0000000000
39011  -13.153  -13.964  74.367 0.0000000000
38128  -12.206  -14.362  75.785 0.0000000000
38118  -10.025  -14.976  75.862 0.0000000000
37270  -8.794  -15.243  75.564 0.0000000000
38123  -7.306  -14.810  75.833 0.0000000000
36492  -7.673  -15.521  75.382 0.0000000000
36505  -7.826  -16.724  74.309 0.0000000000
49738  -39.923  -1.305  59.730 0.0000000000
50504  -40.933  -0.831  60.502 0.0000000000
49755  -40.281  -0.918  59.074 0.0000000000
50546  -39.839  -0.801  56.186 0.0000000000
50540  -40.548  -0.580  57.450 0.0000000000
51303  -41.234  -0.114  56.981 0.0000000000
51304  -42.128  0.162  57.418 0.0000000000
51314  -41.092  0.086  56.090 0.0000000000
51326  -41.625  0.632  55.571 0.0000000000
51325  -40.924  0.249  55.246 0.0000000000
51354  -36.152  0.925  51.705 0.0000000000
105020  -38.490  1.199  52.887 0.0000000000
52121  -36.229  1.943  51.510 0.0000000000
52889  -36.409  2.882  51.170 0.0000000000
52127  -35.876  2.419  50.776 0.0000000000
42570  -24.024  -9.844  70.274 0.0000000000
42557  -23.895  -9.947  71.244 0.0000000000
42558  -24.750  -9.735  71.159 0.0000000000
44554  -26.634  -7.482  62.409 0.0000000000
44543  -26.701  -7.980  63.132 0.0000000000
43616  -26.979  -8.082  63.962 0.0000000000
43606  -27.354  -8.154  64.746 0.0000000000
44532  -27.907  -7.304  64.707 0.0000000000
46418  -29.342  -5.579  61.571 0.0000000000
46401  -28.291  -5.644  62.545 0.0000000000
46385  -29.503  -5.487  63.107 0.0000000000
46345  -30.314  -5.358  66.144 0.0000000000
46355  -29.711  -5.508  65.419 0.0000000000
46344  -29.692  -5.736  66.267 0.0000000000
45424  -29.223  -6.364  66.382 0.0000000000
45407  -29.985  -6.101  67.587 0.0000000000
45391  -30.471  -6.128  68.515 0.0000000000
46327  -30.541  -5.617  67.796 0.0000000000
47281  -37.270  -4.725  65.404 0.0000000000
92163  -17.786  -11.824  69.121 0.0000000000
89177  -17.649  -11.964  69.996 0.0000000000
39934  -17.079  -12.393  70.525 0.0000000000
40743  -19.442  -11.597  74.349 0.0000000000
52948  -39.289  2.116  48.273 0.0000000000
53765  -39.606  2.755  48.866 0.0000000000
53766  -40.476  2.855  48.944 0.0000000000
93348  -44.253  4.496  50.508 0.0000000000
54571  -42.880  4.316  50.576 0.0000000000
103605  -43.939  5.131  51.090 0.0000000000
56306  -43.891  6.303  52.016 0.0000000000
56308  -45.771  6.020  51.883 0.0000000000
54618  -48.092  4.639  48.645 0.0000000000
54595  -47.355  4.524  49.238 0.0000000000
54577  -48.974  4.853  49.978 0.0000000000
56427  -49.442  6.280  38.352 0.0000000000
56412  -51.392  6.348  39.637 0.0000000000
57182  -49.865  6.899  37.856 0.0000000000
57889  -50.584  8.423  37.131 0.0000000000
57890  -51.377  8.648  37.374 0.0000000000
58546  -52.870  9.204  37.767 0.0000000000
58555  -51.672  9.501  37.044 0.0000000000
58587  -50.993  10.172  34.224 0.0000000000
58586  -50.206  10.064  34.657 0.0000000000
59304  -51.732  10.454  34.927 0.0000000000
60011  -53.048  11.357  35.703 0.0000000000
60017  -53.823  11.810  35.594 0.0000000000
60025  -54.056  11.874  35.039 0.0000000000
59325  -55.620  11.008  33.713 0.0000000000
47342  -36.143  -4.145  59.516 0.0000000000
48170  -36.723  -3.624  59.000 0.0000000000
47351  -35.921  -3.953  58.733 0.0000000000
47375  -34.912  -3.776  56.801 0.0000000000
41715  -22.892  -10.385  66.032 0.0000000000
45506  -32.355  -6.396  59.483 0.0000000000
45492  -32.706  -6.181  60.262 0.0000000000
46422  -34.286  -5.474  60.877 0.0000000000
46423  -34.924  -5.269  61.200 0.0000000000
46437  -34.841  -5.224  60.573 0.0000000000
101633  -35.688  -4.584  59.935 0.0000000000
52116  -39.160  3.071  52.523 0.0000000000
53688  -39.993  3.332  52.728 0.0000000000
53701  -39.445  3.961  52.062 0.0000000000
54559  -39.555  4.439  51.113 0.0000000000
98788  -39.908  4.582  50.978 0.0000000000
55558  -48.470  5.645  43.670 0.0000000000
55544  -48.655  5.425  45.115 0.0000000000
55553  -49.620  5.966  44.755 0.0000000000
56365  -51.099  6.701  45.451 0.0000000000
57166  -53.326  7.666  40.833 0.0000000000
38169  -12.211  -14.492  71.334 0.0000000000
38156  -12.420  -14.582  72.326 0.0000000000
49766  -38.519  -1.770  57.031 0.0000000000
49767  -39.290  -1.373  57.468 0.0000000000
49776  -38.673  -1.485  56.258 0.0000000000
49787  -39.151  -1.082  55.848 0.0000000000
50563  -38.795  -0.721  54.266 0.0000000000
51334  -39.200  -0.127  53.867 0.0000000000
50571  -38.474  -0.411  53.559 0.0000000000
50578  -37.372  -0.270  52.717 0.0000000000
51353  -35.540  0.533  51.261 0.0000000000
42572  -25.794  -9.557  69.494 0.0000000000
42559  -25.609  -9.489  70.550 0.0000000000
93192  -26.436  -9.278  70.175 0.0000000000
43558  -27.789  -8.696  71.018 0.0000000000
44475  -29.821  -7.911  70.833 0.0000000000
45467  -26.895  -6.793  62.058 0.0000000000
45468  -27.465  -6.281  62.504 0.0000000000
90993  -31.790  -5.565  64.158 0.0000000000
46386  -29.935  -5.408  63.832 0.0000000000
46373  -31.109  -5.388  64.758 0.0000000000
46357  -31.389  -5.301  65.524 0.0000000000
101750  -31.413  -4.839  67.302 0.0000000000
96296  -31.579  -4.644  68.222 0.0000000000
47257  -32.082  -4.567  67.556 0.0000000000
106706  -19.282  -10.923  67.945 0.0000000000
40824  -19.473  -10.946  68.708 0.0000000000
40794  -18.982  -11.390  70.569 0.0000000000
102650  -18.806  -11.540  72.543 0.0000000000
40767  -19.644  -11.244  72.198 0.0000000000
52968  -41.457  2.749  47.413 0.0000000000
53767  -42.002  3.034  48.113 0.0000000000
53768  -42.830  3.373  48.529 0.0000000000
53769  -43.635  3.623  48.619 0.0000000000
54573  -45.125  4.424  50.260 0.0000000000
57207  -47.125  7.626  36.506 0.0000000000
57197  -48.478  7.443  37.241 0.0000000000
57898  -47.452  8.446  36.000 0.0000000000
58600  -50.850  9.952  33.215 0.0000000000
59322  -52.778  10.467  34.117 0.0000000000
58617  -51.460  9.846  32.576 0.0000000000
58602  -53.062  9.843  33.199 0.0000000000
39021  -15.726  -13.262  72.229 0.0000000000
90687  -14.105  -13.822  73.028 0.0000000000
49712  -40.811  -1.520  61.919 0.0000000000
48960  -39.793  -2.187  61.511 0.0000000000
48979  -39.057  -2.385  60.175 0.0000000000
48989  -38.370  -2.435  58.544 0.0000000000
106327  -37.335  -3.173  58.845 0.0000000000
102810  -37.636  -2.786  58.352 0.0000000000
91721  -38.037  -2.329  57.730 0.0000000000
49019  -37.092  -2.111  56.132 0.0000000000
49034  -35.959  -2.212  54.685 0.0000000000
41663  -21.502  -10.302  69.419 0.0000000000
41646  -22.468  -10.186  70.490 0.0000000000
41664  -22.340  -10.199  69.567 0.0000000000
41679  -23.073  -10.093  68.903 0.0000000000
42585  -24.605  -9.907  68.389 0.0000000000
99314  -23.754  -10.296  66.276 0.0000000000
41698  -24.291  -10.167  67.296 0.0000000000
42586  -25.517  -9.749  68.536 0.0000000000
42600  -26.144  -9.738  67.725 0.0000000000
43579  -27.079  -9.437  68.013 0.0000000000
43585  -27.610  -8.939  67.457 0.0000000000
46432  -29.723  -5.988  60.633 0.0000000000
90699  -30.258  -5.826  61.452 0.0000000000
45476  -31.497  -6.316  60.807 0.0000000000
89568  -31.094  -6.069  61.490 0.0000000000
46403  -31.422  -5.759  62.239 0.0000000000
105843  -32.446  -5.663  63.771 0.0000000000
46375  -33.506  -5.677  64.570 0.0000000000
46361  -34.807  -5.565  65.079 0.0000000000
47269  -35.719  -4.842  66.497 0.0000000000
101772  -35.627  -5.306  65.458 0.0000000000
47289  -36.992  -4.867  64.623 0.0000000000
89461  -37.532  -4.749  64.152 0.0000000000
47309  -35.884  -5.033  62.200 0.0000000000
47298  -37.782  -4.578  63.428 0.0000000000
103655  -38.495  -4.215  63.561 0.0000000000
100170  -39.462  -3.540  63.800 0.0000000000
41695  -20.186  -10.631  67.363 0.0000000000
52843  -43.788  2.143  57.405 0.0000000000
52853  -43.105  2.689  56.095 0.0000000000
88856  -43.460  3.582  55.843 0.0000000000
91998  -42.994  3.933  55.316 0.0000000000
53690  -41.444  3.854  53.445 0.0000000000
54521  -42.382  4.695  54.036 0.0000000000
54656  -44.771  4.181  45.272 0.0000000000
95178  -45.781  4.664  47.156 0.0000000000
54646  -46.313  4.889  46.600 0.0000000000
54648  -47.729  4.809  46.986 0.0000000000
54619  -49.574  4.819  48.317 0.0000000000
55533  -49.928  5.258  46.437 0.0000000000
54638  -50.217  4.950  47.869 0.0000000000
52153  -36.949  1.904  48.280 0.0000000000
52946  -37.342  2.755  48.853 0.0000000000
52170  -37.512  1.409  47.471 0.0000000000
52171  -38.389  1.459  47.376 0.0000000000
104725  -39.613  1.774  46.898 0.0000000000
52173  -40.293  2.116  46.788 0.0000000000
52985  -41.421  2.941  46.004 0.0000000000
53797  -41.824  3.362  45.317 0.0000000000
53806  -43.180  3.778  44.974 0.0000000000
54668  -43.966  3.972  44.978 0.0000000000
54669  -44.631  4.232  44.464 0.0000000000
54670  -45.770  4.907  43.963 0.0000000000
54680  -46.034  4.924  43.168 0.0000000000
104174  -45.007  3.809  41.294 0.0000000000
54703  -45.962  4.324  41.954 0.0000000000
54681  -47.412  5.296  42.939 0.0000000000
54693  -48.061  5.118  42.383 0.0000000000
93655  -49.291  5.388  41.994 0.0000000000
55586  -50.370  5.365  40.800 0.0000000000
55580  -51.005  5.921  40.846 0.0000000000
55602  -49.467  5.110  39.492 0.0000000000
55617  -49.037  5.627  38.820 0.0000000000
56426  -48.538  6.211  38.260 0.0000000000
57195  -46.687  6.947  36.927 0.0000000000
39012  -13.471  -14.007  73.460 0.0000000000
38146  -12.731  -14.445  73.310 0.0000000000
103535  -11.448  -14.688  74.258 0.0000000000
38127  -11.332  -14.617  75.852 0.0000000000
38135  -10.927  -14.685  75.027 0.0000000000
38144  -10.597  -14.932  73.913 0.0000000000
37284  -8.485  -14.980  74.047 0.0000000000
38143  -7.419  -14.674  74.420 0.0000000000
37289  -5.817  -14.907  74.870 0.0000000000
36503  -5.674  -15.290  74.553 0.0000000000
52065  -44.998  0.884  59.150 0.0000000000
101884  -42.128  -0.318  60.409 0.0000000000
50529  -40.507  -0.703  58.314 0.0000000000
51283  -42.052  -0.277  59.453 0.0000000000
51285  -43.651  -0.218  59.380 0.0000000000
101694  -43.922  0.687  58.434 0.0000000000
52071  -43.906  1.544  57.990 0.0000000000
52087  -42.277  1.145  55.929 0.0000000000
52096  -41.868  1.379  55.197 0.0000000000
52108  -40.408  1.750  53.612 0.0000000000
51343  -39.477  0.623  53.612 0.0000000000
52106  -39.053  1.104  53.192 0.0000000000
52115  -38.939  1.950  52.843 0.0000000000
52880  -37.530  2.629  52.096 0.0000000000
52906  -36.840  3.555  50.637 0.0000000000
52926  -36.079  2.884  49.669 0.0000000000
49818  -35.123  -1.323  51.745 0.0000000000
50581  -34.702  -0.806  51.017 0.0000000000
50592  -34.919  0.158  50.780 0.0000000000
51360  -35.131  1.123  50.579 0.0000000000
52125  -34.843  1.559  49.829 0.0000000000
52924  -35.095  1.979  49.213 0.0000000000
52151  -34.978  1.878  48.670 0.0000000000
52152  -35.922  1.773  48.304 0.0000000000
42545  -25.506  -9.388  71.531 0.0000000000
89037  -25.281  -9.666  64.114 0.0000000000
42658  -25.657  -9.246  63.350 0.0000000000
42659  -25.908  -9.346  64.149 0.0000000000
43598  -26.856  -8.863  65.195 0.0000000000
43592  -27.720  -8.510  66.134 0.0000000000
43593  -28.114  -8.487  66.870 0.0000000000
46431  -27.782  -5.598  61.138 0.0000000000
46400  -27.780  -5.763  62.141 0.0000000000
45460  -28.174  -6.115  63.734 0.0000000000
93878  -29.186  -5.516  63.812 0.0000000000
46370  -28.720  -5.803  64.213 0.0000000000
44533  -28.375  -6.369  64.689 0.0000000000
44522  -28.370  -7.166  65.454 0.0000000000
45405  -28.871  -7.746  67.075 0.0000000000
44507  -29.034  -8.170  68.078 0.0000000000
44502  -29.584  -7.751  68.530 0.0000000000
45364  -30.237  -7.145  69.873 0.0000000000
39931  -14.533  -13.135  69.965 0.0000000000
39042  -14.873  -13.404  70.750 0.0000000000
40821  -17.328  -11.920  68.138 0.0000000000
39958  -16.385  -12.349  68.216 0.0000000000
39945  -16.225  -12.579  69.067 0.0000000000
93996  -15.892  -12.963  70.764 0.0000000000
39921  -15.899  -13.054  71.435 0.0000000000
39908  -16.587  -12.827  72.107 0.0000000000
40751  -18.580  -11.706  73.670 0.0000000000
92623  -38.856  3.420  49.337 0.0000000000
54590  -39.825  4.198  50.375 0.0000000000
54569  -40.610  4.749  51.058 0.0000000000
53749  -41.572  3.580  49.809 0.0000000000
54570  -42.012  4.719  50.944 0.0000000000
55476  -41.755  5.329  51.584 0.0000000000
56305  -43.154  6.209  52.093 0.0000000000
54615  -45.740  4.315  48.651 0.0000000000
90775  -46.098  4.305  49.275 0.0000000000
55481  -46.526  4.896  50.652 0.0000000000
56403  -51.533  6.251  40.461 0.0000000000
57165  -52.703  7.167  40.401 0.0000000000
57173  -53.231  7.714  39.967 0.0000000000
57199  -50.245  7.624  37.459 0.0000000000
57185  -52.221  7.702  38.778 0.0000000000
57872  -53.683  8.355  39.580 0.0000000000
58539  -54.462  9.859  39.646 0.0000000000
59272  -54.609  10.925  39.033 0.0000000000
58573  -50.318  9.935  35.378 0.0000000000
59279  -52.803  10.559  36.840 0.0000000000
101586  -54.184  11.721  37.062 0.0000000000
59308  -55.199  11.758  34.285 0.0000000000
46470  -33.657  -5.268  57.519 0.0000000000
53732  -37.407  3.860  50.273 0.0000000000
53745  -37.335  3.483  49.591 0.0000000000
56381  -50.635  6.902  42.957 0.0000000000
39032  -14.466  -13.681  71.391 0.0000000000
49800  -36.580  -1.561  53.537 0.0000000000
49809  -36.245  -1.322  52.806 0.0000000000
41630  -21.684  -10.497  71.649 0.0000000000
89902  -21.927  -10.287  70.955 0.0000000000
98550  -27.968  -8.885  69.120 0.0000000000
47278  -33.664  -5.408  65.988 0.0000000000
47267  -34.005  -5.017  66.647 0.0000000000
48161  -38.260  -3.351  60.547 0.0000000000
48203  -34.817  -3.576  56.076 0.0000000000
48204  -35.368  -3.288  56.437 0.0000000000
42638  -24.905  -9.919  64.985 0.0000000000
42624  -24.996  -10.012  65.890 0.0000000000
46421  -33.623  -5.660  61.373 0.0000000000
46406  -34.113  -5.553  62.117 0.0000000000
46389  -33.859  -5.634  62.887 0.0000000000
46407  -34.981  -5.386  62.043 0.0000000000
48149  -37.804  -3.844  61.068 0.0000000000
52866  -41.640  2.445  54.330 0.0000000000
52872  -40.567  2.661  53.351 0.0000000000
55448  -41.152  4.955  51.663 0.0000000000
55460  -41.715  5.394  51.865 0.0000000000
55535  -52.341  5.948  47.041 0.0000000000
53830  -43.823  3.904  42.360 0.0000000000
54731  -47.417  4.249  39.889 0.0000000000
55599  -46.814  4.803  39.275 0.0000000000
55600  -47.755  4.878  39.274 0.0000000000
101309  -10.927  -15.051  72.150 0.0000000000
37304  -9.878  -15.519  72.271 0.0000000000
37293  -9.943  -15.486  73.176 0.0000000000
38994  -12.907  -13.905  75.791 0.0000000000
97092  -12.767  -14.409  76.005 0.0000000000
37279  -8.280  -15.365  75.519 0.0000000000
36498  -8.237  -16.428  74.775 0.0000000000
49754  -38.999  -1.910  58.799 0.0000000000
92403  -39.650  -1.434  58.985 0.0000000000
50547  -40.514  -0.458  56.572 0.0000000000
51324  -40.255  -0.142  54.891 0.0000000000
52113  -36.846  1.323  52.035 0.0000000000
52126  -35.413  1.943  50.316 0.0000000000
107018  -24.431  -9.756  69.666 0.0000000000
94021  -24.915  -9.665  70.043 0.0000000000
44555  -27.200  -7.055  62.902 0.0000000000
104751  -27.194  -7.527  63.507 0.0000000000
44544  -27.496  -7.485  64.050 0.0000000000
89541  -29.900  -5.557  62.253 0.0000000000
46402  -28.978  -5.490  62.442 0.0000000000
46334  -29.667  -6.024  66.896 0.0000000000
47282  -38.157  -4.481  65.127 0.0000000000
40778  -18.084  -11.819  71.825 0.0000000000
52966  -39.906  1.980  47.573 0.0000000000
52949  -40.226  2.292  48.301 0.0000000000
52950  -41.076  2.590  48.253 0.0000000000
55479  -44.780  4.988  50.920 0.0000000000
55464  -45.269  5.487  51.402 0.0000000000
92190  -48.878  4.780  48.936 0.0000000000
54596  -48.158  4.759  49.501 0.0000000000
56428  -50.325  6.377  38.528 0.0000000000
58554  -50.948  9.201  36.735 0.0000000000
59294  -52.431  10.885  35.417 0.0000000000
60016  -53.241  11.417  35.258 0.0000000000
47350  -35.316  -4.301  58.407 0.0000000000
102162  -34.515  -4.293  57.023 0.0000000000
47361  -35.011  -4.137  57.605 0.0000000000
47374  -34.387  -4.122  56.370 0.0000000000
89288  -32.077  -6.522  58.664 0.0000000000
45507  -33.153  -6.015  59.649 0.0000000000
46435  -33.569  -5.765  60.427 0.0000000000
46436  -34.391  -5.426  60.114 0.0000000000
105513  -35.010  -4.673  58.747 0.0000000000
46448  -35.089  -4.995  59.937 0.0000000000
47333  -36.278  -4.398  60.352 0.0000000000
52891  -37.834  3.555  51.700 0.0000000000
53700  -38.622  3.765  51.909 0.0000000000
53718  -38.328  4.125  51.257 0.0000000000
54558  -38.868  4.350  51.042 0.0000000000
55568  -48.745  5.546  42.690 0.0000000000
55552  -48.968  5.683  44.463 0.0000000000
56366  -52.183  7.171  45.689 0.0000000000
57159  -53.227  7.889  41.723 0.0000000000
96468  -13.378  -14.191  71.721 0.0000000000
38170  -13.012  -14.258  71.126 0.0000000000
49775  -37.973  -1.775  56.206 0.0000000000
49794  -38.256  -1.205  54.762 0.0000000000
50554  -39.010  -0.943  55.044 0.0000000000
50577  -36.582  -0.595  52.436 0.0000000000
51348  -36.809  0.298  52.209 0.0000000000
42573  -26.666  -9.376  69.409 0.0000000000
44482  -29.422  -8.132  70.258 0.0000000000
44483  -29.892  -7.649  70.278 0.0000000000
95027  -26.594  -6.535  61.264 0.0000000000
99785  -31.832  -5.465  64.912 0.0000000000
47277  -32.802  -5.248  66.134 0.0000000000
105019  -31.769  -5.023  66.472 0.0000000000
46346  -30.960  -5.211  66.059 0.0000000000
48074  -33.144  -3.912  68.465 0.0000000000
88912  -19.908  -10.661  67.986 0.0000000000
41643  -19.832  -10.971  70.271 0.0000000000
40779  -18.939  -11.451  71.561 0.0000000000
41617  -21.184  -10.736  72.499 0.0000000000
40768  -20.335  -11.000  72.843 0.0000000000
53780  -42.810  3.450  47.519 0.0000000000
53782  -44.307  3.961  47.830 0.0000000000
102422  -44.243  3.814  48.843 0.0000000000
54592  -44.482  4.078  49.642 0.0000000000
54593  -45.398  4.242  49.457 0.0000000000
106744  -50.270  9.847  32.882 0.0000000000
58601  -51.576  10.036  33.466 0.0000000000
58616  -50.767  9.824  32.279 0.0000000000
97841  -15.515  -13.381  73.003 0.0000000000
38996  -14.352  -13.753  75.526 0.0000000000
96065  -40.252  -1.974  61.940 0.0000000000
93869  -38.588  -2.880  60.135 0.0000000000
48978  -38.653  -2.552  59.425 0.0000000000
49737  -39.311  -1.895  59.564 0.0000000000
48182  -36.893  -3.124  58.291 0.0000000000
49003  -37.198  -2.710  57.612 0.0000000000
49765  -37.606  -2.239  56.918 0.0000000000
49028  -36.300  -2.520  56.108 0.0000000000
41678  -22.138  -10.273  68.566 0.0000000000
41680  -23.804  -10.051  68.335 0.0000000000
42584  -23.969  -9.865  69.222 0.0000000000
103606  -24.996  -10.045  66.583 0.0000000000
94210  -25.212  -9.908  67.802 0.0000000000
42610  -26.452  -9.581  66.386 0.0000000000
99669  -27.466  -8.903  66.738 0.0000000000
106672  -29.683  -6.293  59.918 0.0000000000
45490  -31.060  -6.555  60.038 0.0000000000
46419  -31.911  -5.981  61.541 0.0000000000
46387  -31.786  -5.646  63.171 0.0000000000
46388  -32.932  -5.691  63.119 0.0000000000
46360  -34.035  -5.608  65.244 0.0000000000
46377  -35.309  -5.510  64.271 0.0000000000
47288  -36.226  -5.179  64.514 0.0000000000
47321  -35.539  -5.064  61.485 0.0000000000
90866  -38.914  -3.929  64.040 0.0000000000
48128  -39.014  -3.703  63.311 0.0000000000
89824  -21.149  -10.400  68.658 0.0000000000
52088  -42.906  1.731  56.360 0.0000000000
52854  -43.496  2.330  56.792 0.0000000000
53676  -42.780  3.126  55.366 0.0000000000
53689  -40.747  3.617  53.057 0.0000000000
54530  -41.068  4.531  52.609 0.0000000000
54512  -42.929  4.596  54.882 0.0000000000
55424  -42.932  5.385  54.322 0.0000000000
96007  -43.158  6.095  53.906 0.0000000000
54657  -45.513  4.582  45.531 0.0000000000
54645  -45.631  4.638  46.382 0.0000000000
94258  -46.257  4.940  45.852 0.0000000000
54637  -48.767  4.747  48.015 0.0000000000
55545  -49.268  5.573  45.288 0.0000000000
55532  -49.452  5.351  45.900 0.0000000000
55518  -50.624  5.201  47.135 0.0000000000
36511  -5.806  -16.040  73.462 0.0000000000
104305  -5.393  -15.632  73.504 0.0000000000
36510  -5.471  -16.366  72.721 0.0000000000
91890  -37.965  1.238  46.585 0.0000000000
52172  -39.164  1.681  47.442 0.0000000000
52185  -38.928  1.482  46.490 0.0000000000
52186  -39.726  1.943  46.107 0.0000000000
52984  -40.583  2.431  45.827 0.0000000000
53015  -41.210  3.132  44.787 0.0000000000
53798  -42.661  3.621  45.586 0.0000000000
53805  -42.484  3.626  44.810 0.0000000000
107029  -42.936  3.781  44.399 0.0000000000
54677  -43.497  3.907  44.344 0.0000000000
103352  -44.060  4.085  44.222 0.0000000000
53831  -44.666  4.307  42.710 0.0000000000
54679  -45.259  4.670  43.362 0.0000000000
54704  -46.486  4.034  41.355 0.0000000000
88928  -45.689  3.912  41.314 0.0000000000
54691  -46.676  4.541  42.022 0.0000000000
54692  -47.361  4.819  42.184 0.0000000000
54706  -48.068  4.483  41.617 0.0000000000
104088  -48.669  4.301  40.404 0.0000000000
54707  -48.750  4.373  41.074 0.0000000000
55578  -49.483  4.889  41.201 0.0000000000
55585  -49.707  4.834  40.285 0.0000000000
55616  -48.131  5.523  38.734 0.0000000000
37303  -8.702  -15.533  72.465 0.0000000000
38137  -12.581  -14.177  75.104 0.0000000000
91269  -12.239  -14.477  74.191 0.0000000000
38120  -11.842  -14.729  76.036 0.0000000000
38126  -10.428  -14.783  75.699 0.0000000000
38134  -9.959  -14.844  74.915 0.0000000000
37285  -9.538  -15.185  73.979 0.0000000000
91673  -8.865  -14.863  74.851 0.0000000000
37277  -6.880  -14.835  75.898 0.0000000000
38133  -7.734  -14.713  74.930 0.0000000000
38142  -6.675  -14.655  75.179 0.0000000000
36496  -5.992  -15.109  75.209 0.0000000000
51275  -45.768  0.593  59.742 0.0000000000
50490  -41.555  -0.875  61.886 0.0000000000
50489  -40.895  -1.100  61.184 0.0000000000
50517  -40.650  -0.851  59.824 0.0000000000
50505  -41.502  -0.595  60.900 0.0000000000
50528  -39.897  -0.961  57.852 0.0000000000
50530  -41.261  -0.318  57.946 0.0000000000
51284  -42.877  -0.164  58.942 0.0000000000
51294  -42.811  0.182  58.122 0.0000000000
51306  -43.395  0.725  57.962 0.0000000000
52078  -43.313  1.389  57.217 0.0000000000
51316  -42.637  0.845  56.744 0.0000000000
51336  -40.655  0.491  54.502 0.0000000000
52095  -41.306  0.879  54.833 0.0000000000
52102  -40.895  1.257  54.209 0.0000000000
51342  -38.686  0.394  53.199 0.0000000000
52881  -38.307  2.838  52.333 0.0000000000
52905  -36.179  3.104  50.374 0.0000000000
51359  -34.464  0.796  50.124 0.0000000000
52137  -34.593  1.749  49.234 0.0000000000
52138  -35.264  2.060  49.653 0.0000000000
52150  -34.349  1.814  48.847 0.0000000000
52944  -35.650  2.281  49.200 0.0000000000
41647  -23.218  -10.050  70.859 0.0000000000
42543  -24.234  -9.927  72.075 0.0000000000
43545  -26.014  -8.971  71.897 0.0000000000
43615  -26.391  -8.763  63.818 0.0000000000
43614  -26.123  -8.648  63.012 0.0000000000
42640  -26.336  -9.165  64.675 0.0000000000
44514  -27.879  -7.957  65.435 0.0000000000
43599  -27.377  -8.546  65.523 0.0000000000
45469  -27.934  -5.947  62.943 0.0000000000
45450  -28.924  -5.787  65.077 0.0000000000
105238  -29.123  -7.025  66.700 0.0000000000
44508  -29.397  -7.555  67.787 0.0000000000
45379  -30.127  -7.073  68.982 0.0000000000
45380  -30.662  -6.417  69.441 0.0000000000
47238  -31.463  -4.761  69.068 0.0000000000
94682  -36.457  -4.879  65.905 0.0000000000
39932  -15.370  -13.044  70.292 0.0000000000
40835  -18.740  -11.246  68.232 0.0000000000
40834  -18.079  -11.489  67.760 0.0000000000
40822  -18.122  -11.589  68.456 0.0000000000
104068  -17.337  -12.072  69.442 0.0000000000
39933  -16.211  -12.776  70.086 0.0000000000
88960  -44.765  4.295  57.788 0.0000000000
53764  -38.098  3.243  49.090 0.0000000000
98332  -38.853  2.752  48.822 0.0000000000
53747  -39.721  3.470  49.531 0.0000000000
104038  -40.661  4.187  50.413 0.0000000000
107482  -40.196  4.511  50.786 0.0000000000
94642  -42.087  3.182  49.005 0.0000000000
53750  -42.510  3.468  49.478 0.0000000000
106546  -43.376  5.204  51.194 0.0000000000
55461  -42.405  5.932  51.918 0.0000000000
55462  -43.347  5.844  51.609 0.0000000000
56294  -45.315  6.556  52.626 0.0000000000
56293  -44.382  6.648  52.780 0.0000000000
57057  -44.851  7.165  53.354 0.0000000000
54635  -46.131  4.596  47.872 0.0000000000
105838  -47.573  4.728  49.925 0.0000000000
54594  -46.620  4.400  49.457 0.0000000000
54575  -46.920  4.552  49.996 0.0000000000
54574  -46.069  4.434  50.013 0.0000000000
56402  -50.911  5.811  40.147 0.0000000000
56429  -51.115  6.617  38.824 0.0000000000
56413  -52.075  6.710  39.994 0.0000000000
57172  -52.519  7.339  39.566 0.0000000000
57198  -49.359  7.549  37.329 0.0000000000
57880  -51.828  8.149  38.057 0.0000000000
57871  -52.935  8.032  39.190 0.0000000000
89918  -53.443  8.559  38.885 0.0000000000
57882  -54.086  8.983  39.145 0.0000000000
58557  -53.299  9.918  37.539 0.0000000000
59271  -54.097  10.202  38.048 0.0000000000
59281  -54.387  11.349  37.896 0.0000000000
58574  -50.957  10.070  35.573 0.0000000000
58562  -51.430  9.976  36.233 0.0000000000
59293  -51.624  10.389  35.478 0.0000000000
59287  -53.583  11.514  36.300 0.0000000000
60007  -54.703  12.395  37.578 0.0000000000
60773  -54.945  12.867  37.135 0.0000000000
59307  -54.414  11.549  34.316 0.0000000000
45523  -32.518  -6.234  58.110 0.0000000000
46459  -33.609  -5.662  58.999 0.0000000000
55569  -49.543  5.898  42.572 0.0000000000
55560  -49.951  6.377  43.192 0.0000000000
57148  -51.890  7.651  43.434 0.0000000000
92527  -52.616  7.968  43.355 0.0000000000
57149  -52.207  7.634  42.716 0.0000000000
39040  -13.284  -13.863  70.541 0.0000000000
50570  -37.742  -0.676  53.327 0.0000000000
43547  -28.822  -8.421  70.619 0.0000000000
90284  -33.398  -4.625  67.245 0.0000000000
103429  -20.411  -10.609  70.000 0.0000000000
53790  -42.889  3.631  46.500 0.0000000000
53781  -43.566  3.737  47.122 0.0000000000
48953  -39.120  -2.861  61.643 0.0000000000
48190  -35.532  -3.489  57.188 0.0000000000
48205  -35.961  -2.944  56.723 0.0000000000
45477  -32.302  -6.181  60.869 0.0000000000
46390  -34.543  -5.632  63.512 0.0000000000
91645  -36.332  -4.986  63.014 0.0000000000
47323  -37.286  -4.347  61.636 0.0000000000
48139  -38.658  -3.546  62.022 0.0000000000
104748  -20.675  -10.526  67.074 0.0000000000
104177  -41.937  2.051  54.869 0.0000000000
53682  -41.795  3.307  54.174 0.0000000000
56291  -42.813  6.177  52.540 0.0000000000
54658  -46.277  4.992  44.852 0.0000000000
54659  -47.030  5.110  45.536 0.0000000000
94407  -48.283  5.047  46.338 0.0000000000
55546  -51.009  6.001  46.070 0.0000000000
96435  -50.602  5.560  46.374 0.0000000000
58533  -54.584  9.976  40.729 0.0000000000
53014  -40.501  2.720  44.804 0.0000000000
53818  -43.208  3.909  42.987 0.0000000000
53843  -44.456  3.870  41.765 0.0000000000
54733  -49.039  4.542  39.922 0.0000000000
39003  -13.862  -13.710  75.032 0.0000000000
39002  -13.212  -13.809  75.310 0.0000000000
37272  -10.751  -15.362  75.993 0.0000000000
37271  -9.487  -15.422  75.728 0.0000000000
38117  -8.945  -14.961  75.477 0.0000000000
38124  -8.063  -14.828  75.432 0.0000000000
37269  -8.046  -14.929  75.675 0.0000000000
37278  -7.348  -14.980  76.020 0.0000000000
37283  -6.804  -15.034  75.962 0.0000000000
36497  -6.818  -15.454  75.256 0.0000000000
51315  -41.876  0.421  56.423 0.0000000000
51349  -37.732  0.773  52.590 0.0000000000
52114  -37.389  1.767  52.243 0.0000000000
52122  -36.864  2.320  51.811 0.0000000000
43546  -26.861  -8.829  71.652 0.0000000000
46417  -28.459  -5.534  61.785 0.0000000000
46356  -30.590  -5.307  65.417 0.0000000000
45438  -29.204  -5.879  65.761 0.0000000000
45390  -29.843  -6.914  68.095 0.0000000000
40808  -18.448  -11.608  69.800 0.0000000000
39946  -16.930  -12.381  69.666 0.0000000000
39923  -17.259  -12.361  71.470 0.0000000000
54572  -43.652  4.128  50.163 0.0000000000
53735  -43.047  3.765  49.879 0.0000000000
55478  -43.482  4.687  50.797 0.0000000000
55463  -44.333  5.705  51.486 0.0000000000
56307  -44.820  6.186  51.972 0.0000000000
54617  -47.424  4.571  48.408 0.0000000000
54576  -48.071  4.945  50.329 0.0000000000
56410  -49.904  5.749  39.012 0.0000000000
57183  -50.716  7.058  38.104 0.0000000000
57891  -52.118  8.968  37.649 0.0000000000
58556  -52.384  9.774  37.260 0.0000000000
89515  -50.084  9.911  33.722 0.0000000000
60012  -54.289  12.206  35.955 0.0000000000
60018  -54.463  12.263  35.481 0.0000000000
59324  -54.695  10.738  33.618 0.0000000000
102415  -55.030  11.486  33.932 0.0000000000
48159  -36.864  -3.866  59.906 0.0000000000
48180  -35.716  -3.735  57.969 0.0000000000
94272  -22.091  -10.378  65.776 0.0000000000
91066  -30.841  -6.702  58.599 0.0000000000
45505  -31.450  -6.619  59.212 0.0000000000
47332  -35.529  -4.884  60.690 0.0000000000
53719  -39.084  4.271  51.385 0.0000000000
54545  -39.897  4.430  51.506 0.0000000000
54560  -40.444  4.616  51.309 0.0000000000
103720  -48.198  5.440  44.537 0.0000000000
55554  -49.783  6.263  44.047 0.0000000000
56351  -51.941  6.445  46.290 0.0000000000
57150  -53.102  8.141  42.772 0.0000000000
57862  -53.768  8.391  41.373 0.0000000000
89506  -11.685  -14.775  71.992 0.0000000000
38145  -11.598  -14.776  73.113 0.0000000000
103409  -39.431  -1.448  58.260 0.0000000000
49777  -39.223  -1.240  56.644 0.0000000000
49786  -38.453  -1.400  55.557 0.0000000000
50555  -39.750  -0.681  55.341 0.0000000000
50564  -39.549  -0.472  54.558 0.0000000000
43557  -26.951  -8.870  70.817 0.0000000000
43536  -27.495  -8.885  72.043 0.0000000000
105224  -29.309  -8.178  70.764 0.0000000000
44562  -26.199  -7.426  61.641 0.0000000000
90161  -30.909  -5.499  63.899 0.0000000000
47256  -30.888  -5.115  66.759 0.0000000000
98938  -30.913  -5.106  67.578 0.0000000000
47250  -32.381  -4.089  68.541 0.0000000000
47258  -32.831  -4.302  67.818 0.0000000000
48054  -32.850  -3.870  68.914 0.0000000000
101116  -18.746  -11.129  67.495 0.0000000000
40809  -19.251  -11.188  69.633 0.0000000000
98351  -18.407  -11.671  71.058 0.0000000000
40753  -20.190  -11.292  73.681 0.0000000000
53751  -43.722  3.754  49.397 0.0000000000
57196  -47.595  7.210  37.106 0.0000000000
57208  -48.001  7.985  36.689 0.0000000000
57209  -48.890  8.157  36.799 0.0000000000
58615  -49.575  9.801  32.890 0.0000000000
59321  -51.938  10.292  34.274 0.0000000000
104415  -52.256  10.075  33.597 0.0000000000
58618  -52.187  9.835  32.842 0.0000000000
39020  -14.873  -13.617  72.391 0.0000000000
39013  -14.966  -13.556  73.672 0.0000000000
49711  -40.309  -1.628  61.339 0.0000000000
48969  -39.382  -2.319  60.881 0.0000000000
49723  -39.854  -1.800  60.924 0.0000000000
91439  -39.633  -1.815  60.300 0.0000000000
48171  -37.459  -3.431  59.472 0.0000000000
49784  -36.573  -2.122  55.351 0.0000000000
49041  -36.115  -1.936  53.985 0.0000000000
89901  -21.751  -10.294  70.223 0.0000000000
90921  -23.100  -10.339  66.947 0.0000000000
42587  -26.437  -9.563  68.667 0.0000000000
43586  -28.385  -8.558  67.704 0.0000000000
105346  -30.679  -5.741  62.067 0.0000000000
45489  -30.252  -6.434  59.978 0.0000000000
104154  -33.057  -5.714  63.941 0.0000000000
47279  -34.619  -5.428  65.922 0.0000000000
106016  -35.213  -5.227  66.153 0.0000000000
47280  -36.502  -4.997  65.179 0.0000000000
47290  -37.658  -4.706  64.710 0.0000000000
48116  -38.247  -4.504  64.261 0.0000000000
47310  -36.765  -4.723  62.274 0.0000000000
93679  -37.072  -4.729  62.994 0.0000000000
48129  -39.624  -3.112  63.200 0.0000000000
41694  -19.485  -10.837  67.234 0.0000000000
89207  -20.743  -10.500  67.857 0.0000000000
88228  -43.728  3.263  56.572 0.0000000000
54520  -41.952  4.066  53.923 0.0000000000
99149  -44.905  4.224  46.117 0.0000000000
102944  -46.448  4.787  47.217 0.0000000000
106206  -46.811  5.026  46.201 0.0000000000
54647  -46.980  4.887  46.812 0.0000000000
54636  -47.945  4.668  47.799 0.0000000000
54597  -49.728  4.734  49.231 0.0000000000
54661  -48.800  5.258  45.761 0.0000000000
54649  -49.098  5.067  46.467 0.0000000000
54650  -49.534  4.955  47.327 0.0000000000
36502  -5.197  -15.021  74.300 0.0000000000
52945  -36.379  2.576  49.004 0.0000000000
52154  -37.879  1.876  48.124 0.0000000000
52155  -38.648  1.818  47.980 0.0000000000
103307  -41.056  2.547  46.710 0.0000000000
106900  -41.656  3.015  46.674 0.0000000000
52999  -41.103  2.921  45.329 0.0000000000
53789  -42.106  3.375  46.188 0.0000000000
53799  -43.434  3.779  45.701 0.0000000000
54678  -44.474  4.333  43.636 0.0000000000
101797  -45.096  4.534  44.017 0.0000000000
89525  -46.742  5.178  43.719 0.0000000000
53832  -45.219  4.139  41.943 0.0000000000
105934  -46.201  4.701  42.522 0.0000000000
91138  -46.730  4.997  42.739 0.0000000000
54682  -48.051  5.501  43.060 0.0000000000
55577  -48.748  4.929  41.804 0.0000000000
93949  -49.945  5.631  41.743 0.0000000000
55579  -50.695  5.997  41.535 0.0000000000
55603  -50.272  5.329  39.816 0.0000000000
56440  -48.062  6.737  37.697 0.0000000000
56439  -47.147  6.514  37.559 0.0000000000
38147  -13.293  -14.251  72.516 0.0000000000
38119  -10.982  -14.919  75.972 0.0000000000
36512  -6.581  -16.507  73.490 0.0000000000
36504  -6.747  -15.995  74.341 0.0000000000
52057  -46.444  1.604  59.843 0.0000000000
50475  -41.894  -0.899  62.830 0.0000000000
103969  -39.929  -1.043  58.506 0.0000000000
50518  -41.137  -0.448  59.033 0.0000000000
51272  -42.920  -0.336  59.820 0.0000000000
51296  -44.293  0.234  59.049 0.0000000000
51295  -43.515  0.168  58.635 0.0000000000
52072  -44.464  1.132  58.598 0.0000000000
52103  -41.509  1.631  54.522 0.0000000000
51335  -39.923  0.180  54.210 0.0000000000
52107  -39.672  1.417  53.348 0.0000000000
52890  -37.091  3.246  51.456 0.0000000000
50582  -35.395  -0.459  51.434 0.0000000000
51373  -34.062  1.323  49.477 0.0000000000
52925  -35.604  2.342  49.586 0.0000000000
41631  -22.524  -10.344  71.524 0.0000000000
42639  -25.737  -9.607  64.829 0.0000000000
43591  -27.015  -9.097  66.105 0.0000000000
92560  -27.721  -6.447  63.245 0.0000000000
46371  -29.400  -5.506  64.517 0.0000000000
45449  -27.916  -6.778  63.959 0.0000000000
45423  -28.793  -7.086  66.227 0.0000000000
47249  -30.932  -5.223  68.449 0.0000000000
39957  -15.551  -12.512  68.392 0.0000000000
94902  -15.462  -13.228  70.931 0.0000000000
40742  -18.556  -11.800  74.656 0.0000000000
54589  -38.931  4.053  50.060 0.0000000000
92619  -41.341  3.023  49.002 0.0000000000
53734  -42.258  3.930  50.258 0.0000000000
54591  -41.367  4.379  50.641 0.0000000000
96427  -41.265  4.981  51.238 0.0000000000
56292  -43.573  6.430  52.659 0.0000000000
93269  -45.026  4.294  46.998 0.0000000000
54634  -45.294  4.391  47.865 0.0000000000
54616  -46.641  4.436  48.663 0.0000000000
94359  -46.996  5.233  51.260 0.0000000000
55465  -46.160  5.355  51.322 0.0000000000
91805  -51.455  6.324  41.310 0.0000000000
56396  -52.160  6.664  40.889 0.0000000000
92093  -53.807  8.274  40.433 0.0000000000
57184  -51.493  7.329  38.413 0.0000000000
57200  -51.062  7.828  37.727 0.0000000000
57873  -54.247  8.950  40.022 0.0000000000
58547  -53.627  9.209  38.310 0.0000000000
58548  -54.222  9.725  38.774 0.0000000000
59263  -54.951  10.971  40.345 0.0000000000
59987  -55.413  11.848  39.784 0.0000000000
58561  -50.579  9.639  36.056 0.0000000000
58563  -52.059  10.186  36.718 0.0000000000
59286  -52.361  10.752  36.089 0.0000000000
59306  -53.445  11.217  34.625 0.0000000000
60026  -54.761  12.131  34.869 0.0000000000
38132  -7.013  -14.719  75.717 0.0000000000
47349  -34.734  -4.712  58.282 0.0000000000
51274  -44.371  -0.260  59.805 0.0000000000
52844  -44.189  2.613  57.844 0.0000000000
106537  -49.367  5.956  44.219 0.0000000000
