#!ascii label  , from subject sub-v1s16x0051170_ses-1 vox2ras=TkReg
1232
100125  -32.110  -68.937  6.127 0.5000000000
3047  -31.645  -68.868  5.559 0.6000000238
4330  -36.432  -66.610  10.558 0.3000000119
3465  -30.521  -68.805  4.761 0.5000000000
3874  -36.740  -66.687  9.321 0.4000000060
3853  -37.083  -66.779  10.010 0.4000000060
4316  -38.609  -65.894  10.398 0.4000000060
95649  -38.057  -66.404  10.745 0.3000000119
4351  -38.150  -65.986  9.523 0.4000000060
96742  -33.782  -65.814  5.744 0.5000000000
4386  -33.174  -66.763  5.553 0.5000000000
3466  -32.528  -68.318  5.475 0.5000000000
4374  -32.919  -66.407  5.769 0.6000000238
4385  -32.310  -67.083  5.196 0.5000000000
3477  -31.774  -67.954  4.591 0.6000000238
4770  -37.007  -65.631  11.504 0.3000000119
3902  -31.053  -67.613  4.207 0.5000000000
4349  -36.693  -66.245  8.399 0.5000000000
3873  -36.032  -66.908  8.796 0.5000000000
4771  -37.791  -66.023  11.618 0.3000000119
3903  -31.724  -67.485  4.711 0.6000000238
3476  -31.050  -68.305  4.439 0.5000000000
4806  -37.220  -65.417  8.534 0.5000000000
4350  -37.486  -66.003  8.813 0.4000000060
4793  -38.534  -65.181  9.715 0.4000000060
104906  -38.846  -65.856  10.958 0.3000000119
4315  -38.445  -66.193  11.114 0.3000000119
5369  -36.771  -64.673  8.436 0.4000000060
4807  -37.906  -65.313  9.155 0.4000000060
5903  -38.581  -64.118  9.701 0.4000000060
5913  -37.308  -64.363  9.055 0.4000000060
6482  -33.059  -62.666  4.361 0.6999999881
5932  -33.680  -63.411  4.581 0.6999999881
5395  -34.212  -63.917  4.973 0.6999999881
95146  -33.199  -68.287  6.562 0.5000000000
5930  -32.299  -62.520  4.533 0.6999999881
5931  -32.887  -63.297  4.691 0.6999999881
5387  -33.428  -64.902  5.659 0.8000000119
4834  -33.584  -65.500  5.660 0.5000000000
4833  -32.777  -66.071  6.178 0.6999999881
3458  -34.209  -67.717  7.129 0.5000000000
5386  -32.891  -64.783  6.248 0.6999999881
3889  -35.082  -66.861  7.123 0.4000000060
106513  -35.473  -66.596  7.668 0.5000000000
4759  -37.327  -65.265  12.094 0.3000000119
4366  -31.894  -66.384  6.318 0.6000000238
3890  -35.778  -66.177  7.236 0.5000000000
4359  -36.396  -65.866  7.690 0.5000000000
4760  -38.292  -65.567  12.169 0.3000000119
4372  -31.255  -66.730  5.255 0.5000000000
5379  -36.232  -64.855  7.690 0.5000000000
5911  -35.609  -63.717  8.527 0.4000000060
5912  -36.427  -64.142  8.717 0.4000000060
5902  -37.775  -63.986  9.530 0.4000000060
5904  -39.119  -64.126  10.101 0.4000000060
4794  -39.062  -65.071  10.201 0.4000000060
5884  -36.027  -63.340  9.994 0.3000000119
5901  -36.794  -63.859  9.420 0.4000000060
7565  -30.293  -60.191  4.883 0.5000000000
6999  -30.776  -60.851  4.783 0.6000000238
7568  -31.453  -60.700  4.651 0.6000000238
6481  -32.398  -61.917  4.407 0.6000000238
6998  -33.175  -62.222  4.439 0.6000000238
8633  -28.929  -59.341  6.526 0.5000000000
8096  -29.163  -59.837  5.821 0.5000000000
6995  -29.862  -60.967  5.809 0.6000000238
6477  -31.147  -61.670  4.798 0.6000000238
105552  -31.778  -61.994  4.515 0.6999999881
99200  -34.220  -65.299  5.572 0.6000000238
5825  -34.488  -63.799  14.305 0.3000000119
7544  -28.196  -60.113  8.201 0.6999999881
7553  -29.013  -60.553  7.087 0.6000000238
6992  -29.704  -61.067  6.711 0.6000000238
6993  -30.322  -61.573  6.257 0.6000000238
6473  -30.887  -62.043  5.606 0.6999999881
5926  -32.153  -63.139  5.377 0.6999999881
4842  -34.676  -64.532  5.623 0.6000000238
4377  -35.064  -64.980  5.806 0.6000000238
3888  -34.440  -67.222  6.647 0.5000000000
8086  -28.084  -59.512  8.389 0.6999999881
7545  -28.736  -60.604  8.131 0.6000000238
6983  -29.635  -61.139  7.804 0.6000000238
6984  -30.341  -61.735  7.419 0.6000000238
6465  -31.443  -63.045  7.541 0.6999999881
5918  -32.023  -63.684  6.997 0.6999999881
4367  -35.364  -66.057  6.542 0.5000000000
4758  -36.297  -64.945  11.891 0.3000000119
7543  -27.717  -60.023  8.979 0.6999999881
92073  -28.205  -60.382  8.717 0.6000000238
7534  -28.744  -60.772  8.990 0.6999999881
6455  -30.901  -62.494  7.998 0.6000000238
5909  -31.173  -63.305  8.400 0.6000000238
4823  -32.412  -65.498  6.789 0.6999999881
5388  -35.176  -64.241  6.203 0.5000000000
5920  -35.547  -64.411  6.902 0.5000000000
6974  -29.509  -61.230  8.852 0.6000000238
6446  -30.432  -62.782  9.359 0.6000000238
5378  -31.682  -64.413  7.762 0.6000000238
4816  -31.054  -65.696  7.512 0.6000000238
105027  -30.869  -66.087  6.988 0.6000000238
105138  -35.367  -63.982  7.021 0.5000000000
4761  -39.127  -65.444  12.075 0.3000000119
7533  -28.148  -60.556  9.403 0.6999999881
6966  -29.195  -61.227  9.802 0.6000000238
6967  -29.990  -61.920  9.541 0.6000000238
5899  -30.703  -63.571  9.059 0.6000000238
5351  -30.339  -64.315  9.163 0.5000000000
5367  -30.549  -64.790  8.685 0.5000000000
98255  -30.154  -65.856  6.783 0.5000000000
4365  -30.833  -66.351  6.260 0.5000000000
5910  -35.200  -63.643  7.693 0.5000000000
6423  -34.772  -62.258  10.589 0.3000000119
6436  -35.667  -62.657  10.637 0.3000000119
92813  -36.577  -62.889  10.683 0.3000000119
6437  -37.564  -62.972  10.675 0.4000000060
5886  -38.124  -63.545  10.116 0.4000000060
4364  -30.034  -66.098  5.753 0.5000000000
6448  -34.579  -62.496  9.672 0.3000000119
90735  -35.231  -62.817  10.057 0.3000000119
5885  -37.134  -63.466  10.097 0.4000000060
95017  -29.704  -58.166  5.771 0.5000000000
8634  -29.477  -59.026  5.800 0.5000000000
8636  -30.022  -58.625  5.415 0.5000000000
8098  -30.480  -59.612  5.007 0.5000000000
9196  -29.206  -57.231  7.637 0.5000000000
8627  -29.164  -57.692  6.819 0.5000000000
98816  -29.272  -58.355  6.315 0.5000000000
98551  -29.758  -59.729  5.200 0.5000000000
8100  -31.081  -60.054  4.821 0.5000000000
7566  -32.194  -60.732  4.784 0.6000000238
6997  -32.697  -61.438  4.603 0.6000000238
8615  -28.773  -58.153  7.821 0.5000000000
6994  -33.386  -61.729  5.009 0.6000000238
6480  -34.314  -62.907  4.672 0.8000000119
5807  -34.014  -64.371  15.168 0.3000000119
9180  -28.828  -57.805  8.628 0.6000000238
8614  -28.309  -58.633  8.582 0.6000000238
8626  -28.795  -58.686  7.158 0.6000000238
6986  -33.446  -61.544  6.180 0.4000000060
5267  -34.729  -64.586  14.907 0.3000000119
8080  -27.741  -59.204  9.125 0.6999999881
6467  -34.443  -62.804  6.252 0.5000000000
5934  -34.571  -63.481  5.278 0.6000000238
5288  -36.108  -64.037  13.497 0.3000000119
5309  -36.773  -64.550  12.636 0.3000000119
8071  -27.506  -58.988  9.858 0.6999999881
6456  -33.942  -62.183  6.898 0.4000000060
5310  -37.739  -64.851  12.693 0.3000000119
7524  -27.509  -60.222  9.790 0.6000000238
6457  -34.540  -62.874  7.577 0.4000000060
101534  -39.482  -65.305  11.549 0.3000000119
90691  -27.385  -60.321  10.512 0.6000000238
6948  -27.799  -60.742  11.338 0.6999999881
99590  -29.649  -62.043  10.193 0.6000000238
5898  -30.095  -63.632  9.652 0.5000000000
100215  -30.500  -65.567  7.757 0.6000000238
105717  -34.969  -63.253  8.397 0.4000000060
6950  -33.854  -61.125  11.330 0.3000000119
6961  -34.133  -61.682  10.855 0.3000000119
6937  -34.984  -61.214  12.226 0.3000000119
6952  -35.565  -61.850  11.771 0.3000000119
95465  -37.021  -62.517  11.311 0.4000000060
5338  -39.911  -64.286  11.244 0.3000000119
6435  -29.430  -62.709  10.631 0.6000000238
5336  -28.767  -63.982  10.036 0.5000000000
103668  -29.447  -64.297  9.570 0.5000000000
5366  -29.890  -64.921  8.971 0.5000000000
4815  -29.725  -65.546  7.558 0.5000000000
97149  -29.261  -65.575  6.648 0.6000000238
93446  -29.321  -65.688  5.621 0.5000000000
6458  -34.493  -62.674  8.727 0.3000000119
6969  -33.964  -61.910  10.161 0.3000000119
5883  -29.343  -63.541  10.260 0.5000000000
5365  -28.901  -64.826  8.924 0.5000000000
5377  -28.318  -65.039  8.006 0.5000000000
5376  -27.353  -64.584  7.609 0.5000000000
10333  -30.024  -55.766  6.728 0.5000000000
9763  -29.605  -56.612  6.431 0.5000000000
9222  -30.163  -57.727  5.523 0.5000000000
9218  -30.957  -57.169  5.935 0.5000000000
9223  -30.600  -57.849  5.715 0.5000000000
95655  -30.942  -58.725  5.683 0.5000000000
9181  -29.397  -56.908  8.632 0.5000000000
9217  -29.616  -57.353  5.878 0.5000000000
8094  -31.748  -59.684  6.602 0.4000000060
7554  -32.346  -60.376  6.678 0.4000000060
5251  -34.402  -65.121  15.569 0.3000000119
8603  -29.076  -57.560  9.470 0.6000000238
6985  -32.953  -60.960  6.898 0.4000000060
8596  -28.643  -57.939  10.062 0.6000000238
8602  -28.244  -58.344  9.455 0.6000000238
5268  -35.440  -64.374  14.549 0.3000000119
5269  -36.265  -64.014  14.252 0.3000000119
8594  -27.411  -58.969  10.604 0.6000000238
96136  -33.380  -61.556  7.460 0.4000000060
100226  -27.053  -59.472  10.889 0.6000000238
6976  -33.175  -61.369  8.684 0.4000000060
99829  -33.858  -62.162  8.124 0.4000000060
5311  -38.769  -65.029  12.717 0.3000000119
7516  -26.970  -60.066  11.021 0.6999999881
6447  -33.840  -62.056  9.217 0.3000000119
6960  -33.523  -61.219  10.647 0.3000000119
10342  -30.366  -55.743  5.861 0.5000000000
9783  -29.963  -57.036  5.492 0.5000000000
9784  -30.441  -56.889  5.620 0.5000000000
9208  -31.441  -56.824  6.596 0.4000000060
9747  -29.684  -56.313  7.604 0.5000000000
8635  -31.061  -57.973  6.261 0.4000000060
89587  -31.308  -58.813  6.482 0.4000000060
9748  -30.034  -56.031  8.659 0.6000000238
93086  -31.903  -59.859  7.634 0.4000000060
5253  -35.879  -64.852  15.085 0.3000000119
5252  -34.973  -65.272  15.275 0.3000000119
8595  -28.037  -58.445  10.300 0.6000000238
101510  -32.439  -60.503  7.715 0.4000000060
105159  -32.887  -61.026  7.890 0.4000000060
7546  -32.514  -60.572  8.617 0.4000000060
7536  -32.647  -60.596  9.554 0.4000000060
6968  -33.290  -61.327  9.810 0.3000000119
7526  -32.853  -60.596  10.460 0.3000000119
7515  -26.768  -59.927  11.702 0.6000000238
10921  -30.816  -54.865  5.887 0.5000000000
96640  -30.815  -55.890  5.652 0.5000000000
9765  -32.249  -55.729  5.969 0.4000000060
9780  -31.298  -56.190  5.763 0.4000000060
10320  -30.233  -55.470  7.671 0.5000000000
104396  -30.961  -54.436  6.308 0.5000000000
9197  -31.754  -57.158  7.707 0.4000000060
10321  -30.515  -55.110  8.634 0.6000000238
10899  -31.014  -54.377  8.433 0.6000000238
8628  -31.374  -58.017  7.338 0.4000000060
9744  -29.782  -56.652  9.683 0.6000000238
9745  -30.406  -55.648  9.564 0.6000000238
89581  -31.994  -58.688  9.177 0.4000000060
8088  -31.810  -59.250  8.475 0.4000000060
9167  -29.334  -57.480  10.318 0.6000000238
7535  -32.142  -59.738  9.256 0.4000000060
8081  -32.290  -59.093  9.937 0.4000000060
7525  -32.366  -59.943  10.233 0.4000000060
8063  -32.529  -59.331  10.692 0.4000000060
5289  -37.034  -64.220  13.294 0.3000000119
5270  -37.216  -63.917  13.927 0.3000000119
8589  -28.777  -58.089  10.768 0.6000000238
5312  -39.633  -64.838  12.646 0.3000000119
5290  -38.055  -64.387  13.264 0.3000000119
8587  -27.349  -59.024  11.308 0.6000000238
8062  -26.923  -59.600  11.449 0.6000000238
8580  -27.209  -58.974  12.013 0.6999999881
8574  -29.061  -58.403  13.212 0.6999999881
8573  -28.181  -58.617  12.910 0.6999999881
8563  -28.668  -58.374  13.872 0.6999999881
8579  -26.477  -58.998  12.357 0.6000000238
102732  -29.682  -57.882  13.225 0.6999999881
9120  -29.847  -57.467  14.512 0.6000000238
8572  -27.185  -58.623  12.744 0.6999999881
10347  -30.998  -55.162  5.623 0.5000000000
9781  -32.616  -55.218  5.867 0.5000000000
10912  -30.968  -54.319  7.193 0.5000000000
10913  -31.541  -54.120  6.618 0.5000000000
10922  -31.466  -54.577  5.807 0.5000000000
9766  -33.236  -55.643  6.539 0.5000000000
9749  -32.437  -56.304  7.203 0.4000000060
10309  -30.845  -54.792  9.476 0.6000000238
10901  -32.157  -53.985  8.279 0.6000000238
10902  -32.937  -54.247  7.888 0.6000000238
9198  -32.606  -56.837  8.455 0.4000000060
9734  -29.912  -56.911  10.627 0.6000000238
10883  -31.361  -54.366  9.373 0.6000000238
10884  -32.039  -54.144  9.238 0.6000000238
8616  -32.163  -57.729  8.896 0.4000000060
9155  -29.617  -57.596  11.308 0.6000000238
9735  -30.355  -56.114  10.437 0.6000000238
106239  -30.711  -55.674  11.027 0.6000000238
10861  -31.627  -54.673  10.749 0.6000000238
10870  -31.832  -54.423  10.087 0.6000000238
8604  -32.424  -58.227  9.717 0.4000000060
97126  -34.433  -57.447  10.349 0.4000000060
9723  -30.326  -56.570  11.378 0.6000000238
10293  -31.186  -55.072  11.073 0.6000000238
10294  -31.807  -54.771  11.428 0.6000000238
10862  -33.119  -54.444  11.336 0.6000000238
9168  -32.917  -57.948  10.267 0.4000000060
9169  -33.586  -57.794  10.756 0.4000000060
8582  -28.859  -58.338  11.682 0.6000000238
9711  -30.511  -56.620  12.325 0.5000000000
10292  -30.940  -55.727  11.850 0.6000000238
96123  -31.472  -55.140  11.820 0.6000000238
10845  -32.529  -54.624  11.774 0.6000000238
10863  -33.900  -54.220  11.361 0.6999999881
8581  -28.084  -58.735  11.977 0.6999999881
9145  -29.494  -57.989  12.416 0.6000000238
10280  -31.434  -55.345  12.553 0.6000000238
10846  -33.401  -54.469  12.084 0.6000000238
10847  -34.238  -54.156  12.282 0.6000000238
103557  -35.311  -53.250  11.943 0.6000000238
10269  -31.953  -54.953  13.270 0.6000000238
10828  -32.725  -54.672  12.702 0.6000000238
10829  -33.702  -54.484  13.028 0.6000000238
11430  -34.917  -53.605  12.496 0.6000000238
92586  -30.539  -56.754  13.059 0.6000000238
10268  -31.294  -55.593  13.408 0.6000000238
90961  -32.160  -54.944  14.103 0.5000000000
89601  -32.982  -54.738  13.778 0.6000000238
10830  -34.499  -54.073  13.246 0.6000000238
98918  -31.623  -55.317  14.063 0.5000000000
8562  -27.802  -58.402  13.607 0.6999999881
9119  -29.099  -57.956  14.654 0.6999999881
9102  -30.227  -56.803  15.017 0.5000000000
9681  -30.766  -56.289  14.499 0.6000000238
10261  -31.924  -55.076  14.884 0.5000000000
10813  -32.674  -54.823  14.572 0.5000000000
96490  -31.265  -55.514  15.646 0.6000000238
12023  -26.408  -52.541  10.019 0.6000000238
12011  -26.325  -52.715  11.098 0.6000000238
11453  -25.719  -53.180  10.724 0.6000000238
10924  -32.779  -54.757  6.069 0.5000000000
10916  -33.375  -54.882  6.635 0.5000000000
10345  -33.303  -55.366  6.400 0.5000000000
9750  -33.577  -56.275  7.608 0.5000000000
94831  -32.716  -54.316  9.920 0.5000000000
106205  -34.264  -54.413  8.297 0.5000000000
9199  -33.620  -56.867  8.919 0.4000000060
100318  -34.543  -57.163  9.363 0.4000000060
10885  -32.878  -54.228  8.960 0.5000000000
91300  -34.560  -54.115  8.896 0.5000000000
9182  -32.820  -57.443  9.446 0.4000000060
9184  -35.302  -57.498  9.917 0.4000000060
10872  -34.339  -53.958  10.516 0.5000000000
10873  -34.792  -53.818  9.763 0.5000000000
102346  -33.794  -54.172  9.623 0.5000000000
9183  -33.655  -57.383  9.904 0.4000000060
11454  -35.148  -53.491  10.481 0.6000000238
11443  -34.768  -53.661  11.443 0.6000000238
89392  -35.600  -53.143  11.207 0.5000000000
11431  -35.474  -53.022  12.641 0.4000000060
12013  -35.702  -52.842  11.942 0.4000000060
12025  -36.718  -52.470  11.161 0.4000000060
10815  -34.690  -53.830  14.167 0.6000000238
11409  -35.110  -53.404  13.397 0.6000000238
11410  -35.556  -52.651  13.448 0.5000000000
12006  -35.996  -52.313  12.525 0.4000000060
12007  -36.643  -51.978  11.919 0.4000000060
12621  -37.287  -51.289  12.244 0.4000000060
9133  -26.113  -57.888  13.333 0.6999999881
98946  -34.028  -54.458  14.027 0.6000000238
11993  -35.895  -51.827  13.529 0.5000000000
12613  -36.934  -50.713  12.933 0.4000000060
9101  -29.510  -57.353  15.252 0.6000000238
92226  -32.824  -54.769  15.314 0.5000000000
10814  -33.444  -54.623  14.749 0.5000000000
11979  -35.432  -52.204  14.234 0.5000000000
102135  -35.505  -51.414  14.219 0.5000000000
104963  -36.550  -50.862  13.283 0.4000000060
13235  -37.025  -49.965  13.122 0.4000000060
9671  -30.723  -56.189  15.239 0.6000000238
10796  -33.930  -54.078  15.896 0.5000000000
12638  -26.688  -50.987  9.900 0.6999999881
12012  -26.725  -51.884  10.507 0.6000000238
13247  -26.348  -50.348  11.449 0.6999999881
12005  -26.634  -52.118  11.542 0.6000000238
96017  -26.372  -50.657  13.846 0.6000000238
11442  -25.844  -53.334  11.765 0.6000000238
11992  -26.609  -51.958  13.076 0.6000000238
12599  -26.573  -51.266  14.248 0.6000000238
13220  -26.264  -50.627  14.635 0.6000000238
13196  -26.434  -50.162  16.487 0.6000000238
11441  -25.044  -53.794  11.496 0.5000000000
11408  -26.412  -52.866  13.579 0.6000000238
89393  -26.620  -51.946  13.880 0.6000000238
12579  -26.564  -51.212  15.187 0.6000000238
106387  -34.080  -56.034  6.917 0.5000000000
95096  -24.417  -54.171  12.177 0.5000000000
11427  -25.275  -53.820  12.594 0.5000000000
12580  -26.875  -51.707  15.785 0.5000000000
13211  -26.670  -50.955  16.101 0.5000000000
10915  -32.922  -54.379  6.705 0.4000000060
89086  -34.486  -55.210  7.027 0.5000000000
9751  -34.711  -56.239  7.000 0.5000000000
9200  -34.588  -56.668  8.168 0.4000000060
11407  -25.724  -53.549  13.483 0.5000000000
11392  -26.406  -53.049  14.687 0.5000000000
12562  -27.294  -52.010  16.412 0.5000000000
12549  -27.468  -51.438  17.089 0.5000000000
10917  -35.433  -55.267  7.126 0.5000000000
94645  -36.289  -57.831  8.515 0.4000000060
9186  -36.767  -58.130  9.068 0.4000000060
101848  -24.853  -53.868  13.622 0.5000000000
11378  -26.643  -53.277  15.402 0.5000000000
11961  -26.681  -52.721  15.185 0.6000000238
11949  -27.457  -52.756  16.494 0.6000000238
9185  -36.077  -57.722  9.499 0.4000000060
10801  -26.655  -54.495  15.946 0.6000000238
99303  -26.796  -53.775  15.783 0.6000000238
11379  -27.062  -53.241  15.943 0.6999999881
11455  -35.504  -53.543  9.774 0.4000000060
9114  -23.018  -56.546  14.853 0.6000000238
93501  -35.893  -53.181  10.374 0.5000000000
12026  -37.461  -52.621  10.950 0.4000000060
105140  -23.957  -56.940  14.751 0.6000000238
11444  -36.192  -52.856  10.901 0.4000000060
9116  -25.997  -57.480  14.188 0.6000000238
9099  -27.747  -57.509  15.208 0.6000000238
12629  -37.957  -51.601  11.834 0.4000000060
9670  -29.200  -56.985  15.868 0.6000000238
9118  -28.223  -58.053  14.531 0.6999999881
10244  -31.626  -55.111  16.371 0.6000000238
10253  -32.125  -54.922  15.789 0.5000000000
10803  -33.524  -54.448  15.632 0.5000000000
13254  -26.307  -50.391  10.405 0.6999999881
13232  -26.167  -50.214  13.165 0.6999999881
13855  -25.637  -49.605  13.058 0.6000000238
13841  -25.830  -50.018  14.015 0.6000000238
13827  -25.450  -49.228  15.548 0.6000000238
95303  -25.890  -49.711  16.025 0.6000000238
13809  -26.235  -49.307  16.829 0.6999999881
13797  -27.123  -49.098  17.757 0.6000000238
13810  -26.755  -49.709  17.244 0.6000000238
10337  -36.045  -56.033  6.409 0.5000000000
10336  -35.218  -55.913  6.590 0.5000000000
9767  -34.323  -55.790  6.833 0.5000000000
9768  -35.740  -56.417  6.528 0.5000000000
13197  -27.044  -50.638  16.998 0.6000000238
91361  -27.414  -49.906  17.763 0.5000000000
9219  -36.527  -56.905  5.973 0.5000000000
96165  -35.482  -56.951  7.148 0.5000000000
8617  -37.000  -58.249  7.764 0.4000000060
11938  -28.411  -52.355  17.767 0.6000000238
12550  -28.076  -51.568  17.752 0.6000000238
13175  -28.188  -50.036  18.332 0.5000000000
96564  -35.678  -54.555  8.139 0.5000000000
9677  -23.846  -56.084  15.058 0.6000000238
10259  -24.030  -55.293  15.090 0.4000000060
10800  -26.055  -54.643  15.648 0.6000000238
11371  -27.689  -53.605  16.680 0.6000000238
11950  -28.057  -53.006  17.201 0.6000000238
13176  -28.548  -50.857  18.365 0.6000000238
10887  -35.809  -53.978  9.104 0.4000000060
92678  -36.363  -54.457  8.515 0.4000000060
9666  -25.618  -56.078  15.516 0.5000000000
10251  -26.357  -55.466  15.856 0.5000000000
10252  -27.151  -55.244  16.223 0.6000000238
10792  -27.273  -54.255  16.311 0.6999999881
11362  -28.491  -53.921  17.344 0.6000000238
11939  -28.779  -53.127  17.849 0.6000000238
11926  -29.193  -52.430  18.313 0.6000000238
11467  -36.267  -53.481  9.758 0.5000000000
104404  -25.057  -56.551  15.083 0.6000000238
10240  -27.728  -55.096  16.577 0.6000000238
11363  -29.340  -53.817  17.931 0.6000000238
11927  -30.102  -52.458  18.647 0.6000000238
12540  -30.316  -51.541  18.861 0.6000000238
11456  -36.745  -53.012  10.434 0.4000000060
9667  -26.496  -56.426  15.600 0.5000000000
98972  -27.032  -56.019  16.034 0.6000000238
10241  -28.522  -55.439  16.864 0.6000000238
10771  -30.873  -54.286  18.058 0.6000000238
11356  -30.288  -53.519  18.347 0.6000000238
9679  -25.801  -56.876  15.046 0.6000000238
9098  -26.742  -57.207  15.062 0.6000000238
9668  -27.371  -56.733  15.726 0.6000000238
10242  -29.447  -55.831  16.920 0.6000000238
10231  -29.942  -55.246  17.389 0.6000000238
10243  -30.254  -55.845  16.789 0.6000000238
93461  -29.910  -56.731  15.680 0.6000000238
10794  -32.734  -54.548  16.889 0.5000000000
10795  -33.443  -54.250  16.554 0.5000000000
13253  -25.935  -50.122  10.153 0.6999999881
13874  -25.946  -49.716  11.848 0.6999999881
99267  -24.712  -50.177  10.919 0.6999999881
13872  -24.871  -49.684  11.667 0.6999999881
13873  -25.485  -49.614  11.677 0.6999999881
99428  -25.511  -49.461  12.330 0.6999999881
13840  -25.360  -49.440  14.650 0.6000000238
14471  -25.121  -48.404  15.806 0.6000000238
15104  -26.000  -47.745  16.943 0.5000000000
13808  -25.698  -48.671  16.466 0.6999999881
15089  -26.623  -47.676  17.400 0.5000000000
14446  -26.856  -48.380  17.662 0.5000000000
14447  -27.427  -48.449  18.024 0.5000000000
9769  -36.586  -56.770  5.940 0.4000000060
9220  -36.860  -57.302  5.996 0.5000000000
9211  -37.502  -57.736  6.208 0.5000000000
103553  -37.580  -58.275  6.794 0.5000000000
8618  -37.963  -58.798  7.375 0.4000000060
10905  -36.416  -55.192  7.493 0.4000000060
9782  -36.982  -57.177  5.868 0.4000000060
93597  -29.022  -50.115  18.723 0.6000000238
12539  -29.608  -51.813  18.643 0.6000000238
90844  -29.915  -50.043  18.913 0.6000000238
95194  -30.847  -52.019  18.841 0.6000000238
13178  -30.535  -50.713  18.915 0.6000000238
10784  -31.370  -54.759  17.524 0.6000000238
11357  -31.326  -53.564  18.394 0.6000000238
92839  -31.169  -51.343  18.871 0.6000000238
10232  -30.757  -55.304  17.161 0.6000000238
98601  -32.273  -52.175  18.527 0.5000000000
10793  -31.959  -54.827  16.996 0.6000000238
11365  -32.983  -53.711  17.877 0.5000000000
10786  -33.078  -54.190  17.311 0.5000000000
12619  -23.259  -51.046  12.222 0.6999999881
13871  -24.075  -50.227  11.834 0.6999999881
13853  -23.995  -49.120  13.089 0.6999999881
13865  -24.836  -49.367  12.415 0.6999999881
14500  -24.580  -48.938  13.645 0.6000000238
14486  -24.812  -48.909  14.431 0.6999999881
97543  -25.056  -48.868  15.143 0.4000000060
106522  -22.716  -51.402  12.507 0.6999999881
13238  -23.367  -50.231  12.712 0.6999999881
13231  -23.334  -49.539  13.213 0.6000000238
14499  -23.835  -48.657  13.654 0.6000000238
15103  -25.425  -47.693  16.387 0.5000000000
11991  -21.645  -52.317  13.134 0.6999999881
90769  -21.833  -51.452  13.557 0.6999999881
15760  -25.968  -46.929  16.664 0.5000000000
11975  -20.704  -52.664  14.007 0.6999999881
98124  -26.451  -47.084  17.055 0.5000000000
11974  -19.992  -52.543  14.534 0.6000000238
95062  -19.213  -52.269  14.896 0.6000000238
12596  -18.310  -51.604  15.127 0.6000000238
13208  -16.088  -50.846  15.638 0.5000000000
13837  -16.443  -49.517  14.676 0.5000000000
9212  -38.255  -58.045  6.322 0.4000000060
8629  -38.293  -58.549  6.534 0.4000000060
12541  -32.057  -51.321  18.581 0.6000000238
104452  -24.032  -47.814  14.711 0.5000000000
14470  -24.555  -48.227  15.117 0.5000000000
12610  -22.615  -50.966  13.073 0.6000000238
90762  -23.078  -48.848  13.696 0.6000000238
14484  -23.564  -47.943  14.298 0.6000000238
15116  -24.291  -47.307  15.195 0.5000000000
15117  -24.850  -47.535  15.783 0.5000000000
15771  -25.355  -46.782  16.153 0.5000000000
12609  -21.231  -52.004  13.911 0.6999999881
13229  -21.919  -50.455  13.854 0.6000000238
99476  -22.463  -49.589  13.734 0.6000000238
95152  -22.166  -48.967  13.981 0.6000000238
15151  -22.277  -47.469  14.104 0.6000000238
16442  -26.573  -45.258  15.944 0.5000000000
12598  -20.585  -51.876  14.360 0.6999999881
91111  -20.821  -50.177  14.231 0.6000000238
101417  -20.772  -49.246  14.139 0.6000000238
14497  -21.319  -48.555  14.139 0.6000000238
99635  -21.596  -47.776  14.087 0.6000000238
12597  -19.825  -51.724  14.637 0.6000000238
13228  -20.310  -51.036  14.379 0.6000000238
13851  -19.928  -49.438  14.029 0.6000000238
14496  -20.238  -48.593  13.865 0.6000000238
96596  -18.686  -50.847  14.616 0.6000000238
13839  -18.069  -50.196  14.154 0.6000000238
13850  -19.055  -49.577  13.594 0.6000000238
14495  -19.289  -48.888  13.293 0.6000000238
105107  -18.205  -50.814  14.799 0.5000000000
13218  -16.679  -50.324  15.163 0.5000000000
13848  -17.682  -49.344  13.494 0.5000000000
13849  -18.303  -49.515  13.418 0.6000000238
13863  -18.511  -48.938  12.885 0.6000000238
8630  -39.276  -58.747  6.556 0.4000000060
13825  -14.914  -49.919  15.591 0.5000000000
13847  -16.980  -49.034  13.812 0.5000000000
14494  -17.401  -48.629  13.027 0.6000000238
14510  -18.182  -48.299  12.329 0.6000000238
13835  -14.658  -49.048  15.291 0.5000000000
14482  -15.331  -48.434  14.534 0.5000000000
14483  -16.201  -48.702  14.199 0.4000000060
14493  -16.724  -48.334  13.382 0.5000000000
14509  -17.681  -48.203  12.488 0.6000000238
15134  -23.700  -47.119  14.697 0.6000000238
16440  -24.670  -45.688  15.207 0.5000000000
15770  -24.734  -46.607  15.583 0.5000000000
15783  -23.430  -46.254  14.541 0.6000000238
16453  -23.964  -45.498  14.679 0.5000000000
102410  -25.912  -45.436  15.757 0.5000000000
15800  -22.158  -46.676  14.008 0.6999999881
15782  -22.690  -46.086  14.168 0.6999999881
15149  -20.653  -47.627  13.807 0.6000000238
103796  -21.510  -46.442  13.705 0.6999999881
15148  -19.646  -48.005  13.146 0.6000000238
15799  -20.837  -46.713  13.466 0.6999999881
15161  -19.139  -47.627  12.154 0.6000000238
15162  -19.954  -47.084  12.757 0.6999999881
15160  -18.510  -47.766  12.009 0.6000000238
15811  -19.253  -46.902  11.797 0.6999999881
14480  -13.426  -48.072  14.821 0.5000000000
14481  -14.394  -48.242  14.748 0.5000000000
14492  -15.927  -47.981  13.748 0.4000000060
15158  -17.258  -47.546  12.527 0.6000000238
15159  -18.009  -47.704  12.120 0.6000000238
15131  -14.064  -47.485  14.224 0.5000000000
15146  -15.599  -47.274  13.321 0.4000000060
15157  -16.196  -46.920  12.746 0.5000000000
16441  -25.374  -45.156  15.287 0.5000000000
16454  -24.692  -44.778  14.606 0.5000000000
16452  -23.221  -45.390  14.256 0.6000000238
17107  -23.768  -44.756  14.159 0.5000000000
17120  -24.348  -44.336  13.756 0.5000000000
90033  -21.940  -45.903  13.761 0.6999999881
16465  -21.124  -45.906  13.240 0.6999999881
16481  -21.111  -45.300  12.648 0.6000000238
15818  -18.904  -46.786  11.738 0.6999999881
15812  -19.882  -46.384  11.899 0.6000000238
15810  -17.681  -47.267  12.260 0.6000000238
15817  -18.508  -46.707  11.881 0.6000000238
15144  -13.771  -46.894  13.711 0.5000000000
15798  -15.172  -46.512  13.018 0.4000000060
15809  -17.007  -46.841  12.459 0.6000000238
16464  -13.981  -45.763  12.771 0.4000000060
15145  -14.069  -46.328  13.207 0.4000000060
104115  -15.254  -45.967  12.619 0.5000000000
15808  -16.110  -46.151  12.486 0.5000000000
16468  -23.055  -44.771  13.852 0.6000000238
17119  -23.465  -44.372  13.450 0.5000000000
17118  -22.476  -44.523  13.182 0.6000000238
17131  -23.104  -44.048  12.594 0.5000000000
17117  -21.555  -44.670  12.485 0.6000000238
17129  -20.688  -45.088  11.498 0.6000000238
17130  -22.136  -44.139  12.103 0.5000000000
16491  -19.642  -45.633  11.446 0.6999999881
17144  -20.326  -44.984  11.110 0.5000000000
98945  -17.930  -46.075  11.994 0.6000000238
15815  -17.048  -46.101  12.273 0.5000000000
16477  -14.562  -45.340  12.470 0.4000000060
16479  -16.361  -45.360  12.143 0.5000000000
15739  -13.298  -46.528  17.267 0.4000000060
100257  -14.787  -46.524  16.898 0.3000000119
15755  -13.937  -45.946  16.915 0.4000000060
17796  -23.655  -43.801  12.004 0.5000000000
16423  -12.249  -44.780  17.023 0.3000000119
16424  -13.346  -44.995  16.806 0.4000000060
99237  -21.403  -44.503  11.428 0.5000000000
17795  -22.835  -43.939  11.459 0.5000000000
17741  -10.634  -43.129  16.248 0.3000000119
17078  -12.688  -43.964  16.767 0.4000000060
17145  -21.070  -44.521  10.697 0.5000000000
17750  -10.282  -42.938  15.737 0.3000000119
17143  -19.597  -45.003  11.255 0.6000000238
97969  -18.230  -45.384  11.847 0.6999999881
16478  -15.480  -45.362  12.261 0.5000000000
17141  -17.618  -44.591  11.812 0.5000000000
17140  -16.701  -44.614  11.879 0.4000000060
94216  -17.899  -43.746  11.552 0.4000000060
15086  -15.617  -47.496  17.287 0.3000000119
15085  -14.834  -47.281  17.239 0.3000000119
15756  -15.611  -46.266  16.636 0.3000000119
16425  -14.826  -45.720  16.602 0.3000000119
17079  -13.915  -44.211  16.540 0.4000000060
17146  -21.901  -44.256  10.601 0.5000000000
17742  -11.796  -42.960  16.436 0.4000000060
102591  -22.189  -44.240  9.784 0.5000000000
17751  -10.989  -42.269  15.761 0.4000000060
18406  -12.483  -41.582  15.512 0.4000000060
17809  -21.016  -44.397  10.680 0.5000000000
17810  -21.703  -44.239  10.243 0.5000000000
18420  -10.963  -41.902  15.057 0.4000000060
17808  -20.139  -44.356  11.002 0.5000000000
17142  -18.618  -44.721  11.595 0.5000000000
93601  -19.068  -43.991  11.351 0.5000000000
104096  -14.130  -44.188  12.423 0.3000000119
105580  -14.810  -43.829  12.051 0.4000000060
17806  -16.821  -43.166  11.463 0.4000000060
17807  -18.485  -43.047  11.330 0.4000000060
14444  -15.944  -48.147  17.730 0.3000000119
15100  -16.090  -46.985  16.890 0.3000000119
16426  -15.534  -45.419  16.332 0.4000000060
17080  -14.818  -44.899  16.344 0.4000000060
17828  -24.777  -43.700  10.015 0.4000000060
17744  -14.150  -43.331  16.274 0.4000000060
17827  -23.814  -44.019  9.577 0.4000000060
17743  -13.100  -42.956  16.386 0.4000000060
17752  -13.846  -42.428  16.035 0.4000000060
90333  -22.737  -44.226  9.875 0.4000000060
18407  -13.422  -41.646  15.573 0.4000000060
17824  -21.370  -43.919  10.250 0.5000000000
18421  -11.987  -41.549  14.554 0.4000000060
18437  -13.225  -42.031  13.082 0.3000000119
17823  -20.595  -43.680  10.705 0.5000000000
92489  -15.022  -43.114  11.823 0.3000000119
15087  -16.475  -47.588  17.352 0.3000000119
15757  -16.482  -46.370  16.616 0.3000000119
107069  -16.126  -45.781  16.389 0.3000000119
16438  -16.220  -45.144  16.134 0.4000000060
17094  -15.558  -44.623  16.111 0.4000000060
17755  -16.835  -43.462  15.464 0.3000000119
98819  -15.529  -43.849  15.979 0.4000000060
17829  -25.355  -43.504  9.778 0.4000000060
18478  -26.348  -42.961  8.994 0.4000000060
17753  -14.887  -43.039  15.907 0.4000000060
104934  -22.957  -44.286  9.187 0.4000000060
19053  -12.993  -41.264  14.902 0.3000000119
17825  -22.040  -44.079  9.813 0.4000000060
18436  -12.613  -41.744  13.656 0.3000000119
19062  -13.442  -40.939  14.259 0.3000000119
18446  -13.896  -42.223  12.633 0.3000000119
96890  -17.638  -42.889  11.357 0.4000000060
105815  -18.409  -47.594  17.941 0.3000000119
16427  -16.780  -45.704  16.372 0.4000000060
16439  -17.015  -44.967  16.092 0.4000000060
17095  -16.352  -44.234  15.878 0.4000000060
18479  -26.821  -42.353  9.537 0.4000000060
17846  -25.901  -43.398  8.657 0.4000000060
17754  -15.901  -43.284  15.618 0.4000000060
17836  -24.116  -43.998  8.785 0.4000000060
18408  -14.396  -41.960  15.547 0.4000000060
17835  -23.321  -44.195  8.967 0.4000000060
18484  -23.941  -43.807  8.506 0.4000000060
19054  -13.887  -41.150  15.057 0.3000000119
17826  -22.658  -44.274  9.338 0.4000000060
19078  -13.700  -40.618  13.321 0.3000000119
18466  -21.641  -43.162  10.005 0.5000000000
19092  -13.495  -41.365  12.958 0.3000000119
19744  -14.338  -40.334  12.491 0.3000000119
18465  -20.937  -42.919  10.462 0.5000000000
18455  -16.110  -42.255  11.364 0.3000000119
18458  -18.749  -42.376  11.104 0.4000000060
17805  -15.814  -43.111  11.573 0.4000000060
15102  -17.825  -46.958  17.199 0.3000000119
17756  -17.747  -43.486  15.443 0.3000000119
18411  -17.307  -42.755  15.061 0.3000000119
18488  -26.787  -42.487  8.540 0.4000000060
18409  -15.396  -42.293  15.397 0.3000000119
17845  -25.590  -43.560  8.280 0.4000000060
18487  -26.168  -43.083  8.167 0.3000000119
19055  -14.848  -41.270  15.093 0.3000000119
18477  -23.049  -43.610  8.886 0.4000000060
17837  -24.847  -43.766  8.394 0.4000000060
19727  -14.939  -39.986  12.994 0.3000000119
19745  -14.951  -39.785  12.189 0.3000000119
19124  -21.891  -42.207  9.786 0.4000000060
19094  -14.597  -41.177  11.922 0.3000000119
19105  -17.191  -41.351  10.999 0.3000000119
18464  -19.442  -41.919  10.896 0.3000000119
18423  -16.901  -41.959  14.707 0.3000000119
18424  -17.791  -42.086  14.733 0.3000000119
19065  -16.629  -41.112  14.485 0.3000000119
18486  -25.490  -43.223  7.785 0.3000000119
18485  -24.532  -43.211  7.926 0.4000000060
18498  -25.071  -42.421  7.593 0.4000000060
19728  -15.700  -39.810  12.977 0.3000000119
19133  -23.703  -42.893  8.304 0.4000000060
19761  -15.388  -40.060  11.473 0.3000000119
90518  -16.149  -40.172  10.933 0.3000000119
19117  -21.222  -42.077  10.255 0.3000000119
19115  -18.760  -40.791  10.705 0.3000000119
20416  -16.385  -39.363  12.696 0.3000000119
20427  -15.661  -39.258  11.894 0.3000000119
19126  -23.082  -42.383  8.811 0.3000000119
19134  -24.272  -42.174  7.846 0.3000000119
19762  -16.276  -39.231  10.703 0.3000000119
19763  -17.378  -40.325  10.756 0.3000000119
101175  -20.746  -41.144  10.220 0.3000000119
21144  -17.518  -37.826  11.669 0.3000000119
94750  -18.197  -38.255  12.406 0.3000000119
20460  -16.672  -38.412  10.598 0.3000000119
96304  -22.753  -41.365  9.134 0.3000000119
21163  -17.723  -37.284  10.885 0.3000000119
20448  -18.451  -37.450  11.516 0.3000000119
18456  -17.008  -42.233  11.210 0.4000000060
18447  -14.562  -42.243  12.184 0.3000000119
18448  -15.264  -42.238  11.665 0.3000000119
4840  -33.946  -64.882  5.385 0.6000000238
3906  -34.068  -66.888  5.780 0.5000000000
3479  -32.824  -67.713  5.438 0.5000000000
3904  -32.397  -67.471  5.175 0.5000000000
3893  -33.539  -67.391  5.787 0.5000000000
3882  -35.289  -67.082  8.202 0.5000000000
5392  -33.374  -64.136  5.259 0.6999999881
6475  -33.862  -62.492  4.734 0.6999999881
5927  -32.701  -63.997  6.034 0.6999999881
4824  -33.014  -65.387  6.164 0.6999999881
3447  -34.605  -67.462  7.737 0.4000000060
4818  -32.334  -64.592  7.019 0.6999999881
5389  -35.715  -64.880  6.948 0.5000000000
5921  -35.897  -64.314  7.836 0.5000000000
6449  -35.229  -63.188  9.268 0.3000000119
7563  -32.042  -60.255  5.647 0.6000000238
7569  -32.104  -61.222  4.472 0.6000000238
8097  -31.430  -59.553  5.620 0.5000000000
7552  -28.571  -60.200  7.493 0.6000000238
6474  -31.542  -62.803  6.286 0.6999999881
5287  -35.221  -63.871  13.566 0.3000000119
6975  -30.341  -61.944  8.588 0.6000000238
6464  -30.910  -62.300  6.890 0.6000000238
101904  -31.521  -63.715  7.924 0.6999999881
95687  -34.646  -63.433  5.470 0.5000000000
4825  -35.324  -64.834  6.242 0.6000000238
4376  -35.056  -65.812  5.905 0.5000000000
4805  -31.076  -65.065  8.131 0.6999999881
6445  -29.935  -62.820  10.030 0.5000000000
4804  -30.257  -65.260  8.348 0.5000000000
95766  -39.908  -65.020  12.034 0.3000000119
6949  -28.592  -61.625  11.354 0.6000000238
4803  -29.355  -65.266  8.277 0.5000000000
89132  -36.107  -62.367  11.251 0.3000000119
6466  -33.942  -62.233  5.649 0.5000000000
5872  -40.275  -63.908  11.853 0.3000000119
8087  -31.706  -58.251  8.316 0.4000000060
5826  -36.596  -64.041  14.618 0.3000000119
10301  -30.784  -55.263  10.330 0.6000000238
107199  -28.763  -58.504  12.496 0.6999999881
9146  -30.129  -57.364  12.795 0.6000000238
9694  -30.767  -56.375  13.684 0.6000000238
10302  -31.239  -54.726  10.204 0.6000000238
10903  -33.812  -54.636  7.578 0.5000000000
99941  -32.384  -54.488  10.861 0.6000000238
10281  -31.945  -54.863  12.253 0.6000000238
9117  -27.032  -57.777  14.097 0.6000000238
9100  -28.712  -57.594  15.323 0.6999999881
11429  -26.492  -52.471  12.487 0.6000000238
10335  -34.066  -55.572  6.748 0.4000000060
99771  -35.210  -54.166  8.709 0.4000000060
12015  -37.345  -52.014  11.546 0.4000000060
103789  -34.202  -54.186  15.045 0.4000000060
9132  -25.629  -57.860  13.661 0.6000000238
12620  -26.618  -51.366  12.176 0.6000000238
11976  -26.551  -52.522  14.386 0.6000000238
9209  -36.297  -57.184  6.335 0.5000000000
10812  -26.321  -53.810  15.349 0.5000000000
13189  -27.746  -50.755  17.742 0.6000000238
10811  -25.405  -54.315  15.180 0.4000000060
9660  -29.721  -56.370  16.321 0.5000000000
10888  -36.711  -54.049  9.202 0.5000000000
10782  -29.248  -54.594  17.544 0.6000000238
9658  -27.835  -56.025  16.344 0.5000000000
11389  -19.250  -53.289  14.566 0.6000000238
13836  -15.595  -49.220  15.007 0.5000000000
15152  -23.046  -48.074  14.037 0.5000000000
13852  -21.595  -49.516  14.092 0.6000000238
15133  -22.954  -47.071  14.306 0.6000000238
13226  -18.855  -50.197  14.082 0.6000000238
14469  -13.689  -48.931  15.387 0.5000000000
15819  -19.370  -46.237  11.596 0.6000000238
101949  -14.623  -47.023  13.573 0.5000000000
16490  -19.079  -45.579  11.519 0.6000000238
15754  -12.896  -45.679  17.163 0.3000000119
17127  -15.019  -44.586  12.063 0.3000000119
17811  -23.672  -43.787  10.968 0.4000000060
17793  -15.447  -43.887  11.812 0.4000000060
17792  -14.358  -43.147  12.314 0.3000000119
95497  -19.550  -43.135  11.104 0.5000000000
100103  -24.751  -43.958  9.095 0.4000000060
15088  -17.419  -47.618  17.555 0.3000000119
19063  -14.251  -40.677  14.391 0.3000000119
18476  -22.273  -43.505  9.385 0.4000000060
18457  -17.915  -42.255  11.154 0.3000000119
19064  -15.212  -40.718  14.529 0.3000000119
19116  -20.445  -41.930  10.621 0.4000000060
15741  -18.695  -46.818  17.500 0.3000000119
19125  -22.493  -42.395  9.200 0.4000000060
20428  -16.691  -38.580  11.953 0.3000000119
4792  -24.141  -65.041  9.339 0.5000000000
5361  -24.751  -64.583  8.884 0.5000000000
5362  -25.323  -64.319  8.553 0.5000000000
5363  -26.731  -64.289  8.196 0.4000000060
4782  -24.044  -64.892  10.215 0.5000000000
5346  -24.658  -64.395  9.721 0.5000000000
5347  -25.298  -64.095  9.251 0.5000000000
93770  -26.060  -64.035  8.803 0.5000000000
98312  -26.932  -64.091  8.928 0.5000000000
5364  -27.739  -64.464  8.699 0.4000000060
5318  -23.867  -64.793  11.095 0.4000000060
5332  -24.562  -64.272  10.636 0.5000000000
100273  -25.888  -63.799  9.545 0.5000000000
5350  -28.419  -64.309  9.517 0.4000000060
5320  -25.081  -63.736  11.165 0.5000000000
100046  -25.333  -63.820  10.165 0.5000000000
5333  -26.289  -63.663  10.213 0.5000000000
5880  -26.904  -63.646  11.050 0.5000000000
5881  -27.789  -63.642  10.918 0.5000000000
5335  -28.073  -63.940  10.162 0.4000000060
5864  -24.905  -63.646  12.045 0.5000000000
5866  -26.579  -63.468  11.959 0.5000000000
5882  -28.545  -63.604  10.629 0.5000000000
6379  -23.473  -62.427  14.967 0.5000000000
5852  -24.807  -63.436  12.862 0.5000000000
5853  -25.390  -63.409  12.566 0.5000000000
5839  -25.491  -63.154  13.259 0.5000000000
5855  -27.044  -63.164  12.588 0.5000000000
6409  -26.896  -62.500  13.156 0.5000000000
5867  -27.522  -63.352  11.861 0.5000000000
5868  -28.274  -63.274  11.379 0.5000000000
101883  -24.847  -62.613  14.260 0.5000000000
6381  -25.382  -62.015  14.449 0.5000000000
7459  -24.705  -60.378  15.204 0.5000000000
5840  -26.178  -62.628  13.583 0.5000000000
6920  -25.912  -61.174  14.221 0.5000000000
7474  -25.437  -60.503  14.504 0.5000000000
6921  -26.583  -61.528  13.619 0.5000000000
89576  -26.647  -60.553  12.957 0.5000000000
6410  -27.639  -62.381  12.540 0.5000000000
6935  -27.255  -61.364  12.960 0.5000000000
6421  -28.589  -62.649  11.537 0.5000000000
6959  -29.155  -61.730  10.660 0.5000000000
8560  -24.384  -58.271  14.842 0.5000000000
8561  -25.249  -58.018  13.887 0.6000000238
8043  -25.315  -59.488  14.171 0.5000000000
93964  -26.256  -60.602  13.518 0.5000000000
8053  -25.903  -58.886  12.718 0.5000000000
7505  -26.453  -59.875  12.237 0.5000000000
8055  -26.654  -59.544  11.972 0.5000000000
6936  -27.755  -61.137  12.211 0.5000000000
107309  -27.152  -60.342  11.657 0.5000000000
98643  -28.176  -61.346  11.809 0.5000000000
91928  -22.978  -57.404  15.041 0.5000000000
102467  -24.622  -57.546  14.573 0.5000000000
8571  -26.236  -58.399  12.829 0.6000000238
11475  -25.529  -53.223  7.150 0.5000000000
12032  -26.450  -52.197  8.807 0.6000000238
101084  -25.323  -52.876  6.749 0.5000000000
12041  -26.228  -51.444  7.717 0.5000000000
12024  -26.669  -51.652  9.472 0.6000000238
12644  -26.318  -50.861  8.256 0.6000000238
12650  -25.603  -51.206  7.370 0.5000000000
13257  -25.594  -50.518  8.556 0.6000000238
12637  -24.365  -50.796  9.141 0.5000000000
106709  -25.779  -50.325  9.286 0.6000000238
13252  -25.087  -50.398  9.149 0.6000000238
12636  -23.680  -51.245  9.869 0.5000000000
13251  -24.500  -50.577  10.028 0.6000000238
12626  -22.869  -51.723  10.602 0.5000000000
12627  -23.733  -51.072  11.101 0.5000000000
11426  -21.422  -52.892  12.307 0.5000000000
11406  -21.075  -52.936  13.201 0.6000000238
11388  -18.238  -53.692  14.631 0.6000000238
11404  -19.576  -53.728  13.724 0.5000000000
12004  -22.026  -52.328  12.145 0.6000000238
12618  -22.725  -51.701  11.824 0.5000000000
11390  -20.059  -53.185  14.195 0.5000000000
11960  -17.613  -52.507  15.373 0.6000000238
11973  -18.458  -52.821  15.119 0.6000000238
12578  -17.275  -51.592  15.483 0.6000000238
5871  -39.825  -63.561  11.309 0.3000000119
6924  -38.390  -61.258  13.172 0.3000000119
6426  -37.993  -62.603  11.262 0.3000000119
7477  -37.378  -60.405  14.641 0.3000000119
6412  -37.470  -62.134  11.948 0.3000000119
6427  -38.794  -62.789  11.193 0.3000000119
5888  -39.491  -63.924  10.647 0.3000000119
7506  -26.999  -60.454  12.295 0.5000000000
11466  -25.817  -53.127  9.361 0.5000000000
5348  -26.626  -63.863  9.512 0.4000000060
5334  -27.214  -63.797  10.228 0.5000000000
5865  -25.636  -63.504  11.908 0.5000000000
5820  -24.001  -62.943  14.311 0.5000000000
5838  -24.797  -63.097  13.660 0.5000000000
6910  -23.472  -61.730  15.286 0.5000000000
6912  -25.119  -61.275  14.843 0.5000000000
89580  -26.013  -62.041  14.077 0.5000000000
7491  -26.024  -59.771  12.824 0.5000000000
6413  -38.657  -62.276  11.849 0.3000000119
6939  -36.886  -61.540  12.565 0.3000000119
7496  -37.860  -60.757  13.863 0.3000000119
6940  -37.938  -61.709  12.573 0.3000000119
7495  -36.899  -60.632  13.953 0.3000000119
3041  -33.633  -68.236  7.138 0.5000000000
3048  -32.192  -68.711  5.680 0.5000000000
3049  -32.645  -68.716  6.220 0.5000000000
3053  -31.115  -68.825  5.018 0.6000000238
3054  -31.508  -68.452  4.905 0.6000000238
3055  -32.061  -68.442  5.052 0.6000000238
3422  -35.354  -67.302  9.174 0.5000000000
3467  -33.116  -68.082  5.883 0.5000000000
3468  -33.808  -67.740  6.362 0.5000000000
3478  -32.332  -68.010  4.992 0.6000000238
3883  -35.959  -66.463  7.974 0.5000000000
3894  -34.205  -67.050  6.012 0.5000000000
3895  -34.759  -66.551  6.294 0.5000000000
3905  -33.329  -67.077  5.563 0.5000000000
4313  -37.177  -66.318  11.035 0.3000000119
4314  -37.781  -66.380  11.064 0.3000000119
4331  -36.957  -66.626  10.583 0.3000000119
4340  -37.871  -66.430  10.147 0.4000000060
4358  -31.527  -66.006  7.059 0.6000000238
4360  -36.953  -65.774  8.179 0.5000000000
4373  -32.241  -66.719  5.466 0.6000000238
4375  -34.409  -66.278  5.923 0.5000000000
4387  -33.975  -66.198  5.772 0.6000000238
4388  -34.594  -65.343  5.698 0.6000000238
4725  -35.297  -65.615  15.611 0.3000000119
4772  -38.391  -65.958  11.577 0.3000000119
4773  -38.941  -65.737  11.400 0.3000000119
4784  -39.249  -65.331  10.877 0.3000000119
4814  -28.801  -65.347  7.259 0.5000000000
4817  -31.757  -65.205  7.473 0.6999999881
4819  -36.475  -65.401  7.785 0.5000000000
4841  -34.375  -64.585  5.416 0.6000000238
5325  -39.788  -64.856  11.343 0.3000000119
5326  -40.087  -64.555  11.823 0.3000000119
5337  -39.441  -64.557  10.550 0.4000000060
5349  -27.511  -64.073  9.510 0.4000000060
5352  -38.268  -64.601  9.471 0.4000000060
5353  -38.875  -64.494  9.904 0.4000000060
5368  -31.061  -64.208  8.532 0.5000000000
5370  -37.536  -64.817  8.943 0.4000000060
5380  -36.895  -65.062  8.298 0.4000000060
5393  -33.855  -64.400  5.109 0.8000000119
5394  -34.907  -64.089  5.818 0.6000000238
5396  -34.562  -64.018  5.376 0.6000000238
5827  -37.337  -63.736  14.563 0.3000000119
5828  -38.344  -63.494  14.488 0.3000000119
5854  -26.220  -63.258  12.823 0.5000000000
5869  -28.895  -63.181  10.991 0.6000000238
5870  -39.199  -63.293  10.890 0.3000000119
5879  -25.919  -63.579  11.034 0.5000000000
5887  -38.925  -63.677  10.249 0.4000000060
5900  -35.989  -63.688  9.219 0.3000000119
5919  -34.873  -63.482  6.703 0.4000000060
5928  -34.715  -63.352  5.601 0.5000000000
5929  -35.033  -63.851  6.094 0.5000000000
5933  -34.580  -63.160  5.022 0.6000000238
5935  -34.312  -63.151  4.721 0.8000000119
6380  -24.438  -62.117  14.881 0.5000000000
6394  -25.469  -62.648  13.905 0.5000000000
6411  -28.256  -61.994  11.999 0.5000000000
6420  -28.109  -62.855  11.942 0.5000000000
6422  -29.024  -62.434  11.118 0.5000000000
6424  -35.340  -62.213  11.160 0.3000000119
6438  -38.458  -63.101  10.692 0.4000000060
6476  -34.452  -62.837  5.135 0.8000000119
6478  -31.557  -62.387  4.993 0.6999999881
6479  -33.785  -62.815  4.462 0.6999999881
6923  -37.358  -61.100  13.213 0.3000000119
6951  -34.674  -61.654  11.438 0.3000000119
6958  -28.302  -60.862  10.450 0.6000000238
6996  -30.437  -61.242  5.263 0.6000000238
7000  -31.623  -61.417  4.534 0.6000000238
7490  -25.773  -60.112  13.713 0.5000000000
7560  -28.767  -60.050  6.662 0.6000000238
7561  -29.292  -60.425  6.012 0.5000000000
7562  -31.555  -60.152  4.998 0.5000000000
7564  -29.905  -60.457  5.192 0.5000000000
7567  -30.801  -60.295  4.764 0.5000000000
8054  -26.294  -59.402  12.367 0.5000000000
8070  -27.132  -59.700  10.252 0.6999999881
8079  -27.389  -59.679  9.572 0.6000000238
8093  -28.477  -59.651  7.475 0.6000000238
8099  -31.010  -59.485  5.131 0.5000000000
8570  -25.779  -58.229  13.196 0.6000000238
8588  -28.058  -58.593  11.106 0.6000000238
8597  -32.603  -58.608  10.352 0.4000000060
8637  -30.467  -58.667  5.485 0.5000000000
9115  -25.038  -57.342  14.405 0.6000000238
9134  -26.844  -58.196  13.241 0.6999999881
9135  -29.450  -58.011  13.908 0.6999999881
9136  -30.170  -57.312  13.659 0.6000000238
9156  -30.081  -57.289  12.040 0.5000000000
9201  -35.479  -57.345  8.614 0.4000000060
9210  -36.894  -57.762  6.619 0.5000000000
9221  -29.929  -57.678  5.577 0.5000000000
9659  -28.870  -56.359  16.450 0.5000000000
9661  -30.474  -56.172  15.989 0.6000000238
9665  -24.711  -55.791  15.319 0.5000000000
9669  -28.307  -56.956  15.887 0.6000000238
9678  -24.444  -56.577  14.980 0.6000000238
9680  -30.380  -56.874  14.286 0.6000000238
9695  -31.229  -55.672  14.726 0.6000000238
9764  -31.768  -56.475  6.663 0.4000000060
9770  -37.267  -56.977  5.867 0.4000000060
9778  -29.929  -56.610  5.697 0.5000000000
9779  -30.233  -56.447  5.625 0.5000000000
10230  -29.165  -55.215  17.236 0.6000000238
10233  -31.333  -55.162  16.930 0.6000000238
10250  -25.450  -55.216  15.571 0.5000000000
10260  -24.742  -54.982  15.310 0.4000000060
10279  -30.922  -56.038  12.815 0.6000000238
10334  -30.512  -54.919  6.618 0.5000000000
10343  -31.726  -55.288  5.682 0.5000000000
10344  -32.227  -54.763  5.761 0.5000000000
10346  -36.122  -56.482  6.215 0.5000000000
10772  -31.652  -54.184  18.054 0.6000000238
10781  -28.658  -54.746  17.207 0.6000000238
10783  -30.578  -54.850  17.634 0.6000000238
10785  -32.352  -54.335  17.639 0.5000000000
10802  -32.918  -54.658  16.134 0.5000000000
10827  -25.032  -53.883  14.384 0.5000000000
10871  -33.381  -54.290  10.607 0.5000000000
10886  -35.175  -53.851  9.288 0.5000000000
10900  -31.537  -54.039  7.720 0.5000000000
10904  -34.803  -54.578  7.936 0.5000000000
10906  -37.210  -54.712  8.537 0.4000000060
10914  -32.234  -54.007  7.106 0.6000000238
10923  -32.261  -54.263  6.141 0.5000000000
11358  -32.205  -53.643  18.249 0.6000000238
11364  -30.020  -54.454  17.905 0.6000000238
11366  -33.471  -53.693  17.220 0.5000000000
11372  -33.886  -53.615  16.457 0.5000000000
11391  -25.958  -53.478  14.452 0.5000000000
11393  -34.685  -53.295  14.958 0.4000000060
11394  -35.169  -53.024  14.233 0.6000000238
11403  -18.676  -54.059  13.884 0.6000000238
11405  -20.380  -53.353  13.451 0.5000000000
11428  -26.117  -53.282  12.614 0.6000000238
11476  -26.018  -52.660  7.955 0.5000000000
11483  -25.692  -52.169  7.093 0.5000000000
11928  -31.010  -52.752  18.696 0.6000000238
11929  -31.888  -52.851  18.602 0.5000000000
11937  -27.748  -52.211  17.124 0.6000000238
11962  -26.985  -52.419  15.777 0.5000000000
11977  -26.703  -51.992  14.878 0.5000000000
11994  -36.522  -51.429  12.888 0.4000000060
12009  -21.671  -52.717  11.523 0.5000000000
12014  -36.124  -52.571  11.556 0.4000000060
12033  -26.547  -51.327  8.565 0.6000000238
12538  -28.867  -51.678  18.344 0.6000000238
12595  -17.563  -50.725  15.051 0.5000000000
12611  -26.587  -51.086  13.255 0.6000000238
12617  -22.297  -51.744  12.761 0.6999999881
12628  -26.689  -51.147  10.992 0.6000000238
12635  -22.861  -51.651  9.437 0.5000000000
12643  -24.978  -50.719  8.111 0.6000000238
13177  -29.543  -50.963  18.801 0.6000000238
13179  -31.358  -50.568  18.703 0.6000000238
13209  -16.832  -50.973  15.514 0.5000000000
13210  -26.240  -50.487  15.574 0.6000000238
13219  -19.439  -50.919  14.490 0.6000000238
13227  -19.727  -50.201  14.240 0.6000000238
13230  -22.738  -50.157  13.371 0.6000000238
13234  -36.510  -50.316  13.442 0.4000000060
13239  -26.328  -50.340  12.399 0.6999999881
13245  -25.485  -49.907  10.934 0.6999999881
13246  -25.926  -49.919  11.044 0.6999999881
13258  -26.046  -50.570  8.588 0.6000000238
13259  -26.265  -50.571  9.310 0.6000000238
13262  -25.889  -50.731  7.914 0.6000000238
13786  -28.640  -49.468  18.563 0.5000000000
13796  -26.613  -49.000  17.367 0.6000000238
13828  -25.796  -49.990  15.059 0.6000000238
13838  -17.262  -49.843  14.383 0.5000000000
13854  -25.227  -49.341  13.774 0.6999999881
13862  -17.939  -48.844  12.808 0.6000000238
13864  -24.158  -49.599  12.490 0.6999999881
13866  -25.944  -49.748  12.516 0.6999999881
14426  -16.324  -48.746  18.321 0.3000000119
14448  -28.035  -48.146  18.263 0.5000000000
14455  -26.280  -48.463  17.174 0.5000000000
14485  -24.207  -48.436  14.256 0.5000000000
14498  -22.297  -48.269  14.056 0.6000000238
14508  -17.157  -48.089  12.797 0.5000000000
14511  -18.807  -48.332  12.458 0.6000000238
15072  -17.906  -48.221  18.232 0.3000000119
15099  -15.389  -46.932  16.955 0.3000000119
15101  -16.942  -47.039  16.925 0.3000000119
15132  -15.029  -47.679  14.065 0.5000000000
15147  -16.516  -47.671  13.036 0.6000000238
15150  -21.487  -47.095  13.898 0.6000000238
15172  -18.127  -47.228  12.044 0.6000000238
15173  -18.503  -47.275  11.941 0.6000000238
15174  -18.790  -47.260  11.835 0.6000000238
15742  -19.605  -46.635  17.940 0.3000000119
15761  -26.678  -46.412  16.789 0.5000000000
15772  -26.083  -46.028  16.290 0.5000000000
15784  -24.110  -46.397  15.014 0.5000000000
15797  -14.598  -45.992  12.802 0.4000000060
15816  -17.738  -46.757  12.158 0.6000000238
16466  -21.746  -45.177  13.283 0.6999999881
16467  -22.501  -45.248  13.813 0.6000000238
16480  -20.494  -45.781  12.269 0.6000000238
16488  -17.291  -45.323  12.045 0.5000000000
16489  -18.646  -46.036  11.750 0.6000000238
16492  -20.000  -45.708  11.379 0.6000000238
17093  -14.834  -44.006  16.226 0.4000000060
17128  -15.835  -44.631  11.926 0.5000000000
17768  -10.242  -42.948  15.312 0.3000000119
17794  -16.257  -43.902  11.688 0.4000000060
17812  -24.463  -43.707  10.705 0.4000000060
17830  -25.880  -43.260  9.425 0.4000000060
17838  -25.409  -43.680  8.835 0.4000000060
18398  -12.101  -42.057  16.041 0.4000000060
18399  -12.989  -42.008  16.012 0.4000000060
18405  -10.583  -42.489  15.360 0.3000000119
18410  -16.377  -42.588  15.159 0.3000000119
18422  -15.916  -41.502  14.907 0.3000000119
18467  -26.307  -42.760  10.014 0.4000000060
19061  -12.811  -41.266  14.159 0.3000000119
19077  -13.177  -41.252  13.548 0.3000000119
19093  -13.979  -41.214  12.501 0.3000000119
19103  -15.367  -41.247  11.483 0.3000000119
19104  -16.226  -41.287  11.163 0.3000000119
19106  -18.277  -41.539  10.934 0.3000000119
19717  -14.605  -40.329  13.600 0.3000000119
19718  -15.483  -40.300  13.824 0.3000000119
19760  -14.826  -40.419  11.824 0.3000000119
20447  -16.170  -38.693  11.076 0.3000000119
21162  -16.909  -37.889  10.946 0.3000000119
88941  -36.216  -57.583  7.415 0.5000000000
91115  -33.733  -54.316  8.598 0.5000000000
91118  -32.056  -60.020  8.402 0.4000000060
92635  -15.723  -39.399  11.120 0.3000000119
92769  -30.965  -55.570  16.502 0.6000000238
93512  -21.152  -51.178  14.129 0.6000000238
93727  -17.047  -43.987  11.680 0.4000000060
94552  -11.596  -41.747  15.411 0.4000000060
94614  -28.450  -58.925  7.912 0.6999999881
95653  -34.746  -63.688  5.751 0.5000000000
95993  -25.331  -45.942  15.767 0.5000000000
96984  -31.355  -57.357  6.834 0.4000000060
97000  -27.078  -51.368  16.464 0.5000000000
97188  -31.582  -52.055  18.762 0.6000000238
97746  -39.532  -62.880  11.467 0.3000000119
98383  -30.627  -54.748  7.725 0.5000000000
99184  -24.429  -49.098  13.116 0.6000000238
99245  -19.092  -46.223  11.637 0.6999999881
99596  -28.012  -54.500  16.858 0.6000000238
99599  -18.550  -37.102  10.942 0.3000000119
99981  -25.683  -59.324  13.243 0.5000000000
100073  -35.796  -65.493  6.940 0.5000000000
100104  -26.603  -50.964  9.024 0.6999999881
101034  -31.532  -58.975  7.583 0.4000000060
101612  -20.463  -46.353  12.814 0.6000000238
101634  -35.333  -65.400  6.229 0.6000000238
101947  -29.442  -60.098  5.441 0.5000000000
102578  -32.853  -60.893  5.514 0.6000000238
102714  -31.574  -54.108  8.644 0.6000000238
102941  -18.517  -48.094  18.505 0.3000000119
103025  -26.302  -52.836  11.906 0.6000000238
103624  -25.050  -49.201  12.955 0.6999999881
103852  -29.512  -53.086  18.287 0.6000000238
103978  -37.533  -57.423  6.100 0.4000000060
104193  -32.282  -54.793  16.432 0.5000000000
104316  -33.485  -60.591  11.808 0.3000000119
104764  -14.188  -45.185  16.594 0.3000000119
104803  -25.328  -50.156  10.067 0.6000000238
105473  -23.878  -57.599  14.913 0.5000000000
105602  -15.678  -46.391  12.717 0.5000000000
106047  -34.576  -67.325  7.150 0.4000000060
106192  -31.146  -55.811  14.069 0.5000000000
106199  -19.113  -51.487  14.769 0.6000000238
106374  -21.179  -52.485  13.600 0.6999999881
106441  -37.534  -66.393  9.565 0.4000000060
106991  -20.227  -42.691  10.827 0.5000000000
107117  -26.122  -50.938  7.623 0.6000000238
107316  -37.998  -64.381  9.351 0.4000000060
107351  -30.338  -56.496  15.492 0.6000000238
107443  -30.815  -62.793  8.756 0.6000000238
