#!ascii label  , from subject sub-v1s16x0051197_ses-1 vox2ras=TkReg
1280
70043  -41.777  12.479  5.457 0.0000000000
101698  -51.760  7.095  -7.459 0.0000000000
107981  -50.037  17.750  7.949 0.0000000000
96164  -51.438  8.844  1.105 0.0000000000
66930  -50.237  7.775  10.621 0.0000000000
71105  -48.903  14.248  -3.183 0.0000000000
73116  -54.920  18.360  -3.194 0.0000000000
74473  -47.312  21.064  1.437 0.0000000000
63386  -44.490  2.308  14.382 0.0000000000
67703  -45.481  8.959  2.560 0.0000000000
68393  -48.371  9.399  -1.734 0.0000000000
70067  -45.983  12.932  1.828 0.0000000000
73017  -55.342  18.325  9.174 0.0000000000
72088  -55.759  15.892  2.934 0.0000000000
73056  -56.014  18.477  3.545 0.0000000000
73093  -50.262  18.515  -0.203 0.0000000000
73556  -50.417  19.515  4.440 0.0000000000
68473  -48.961  9.702  -10.455 0.0000000000
107918  -39.776  14.387  10.638 0.0000000000
72032  -45.556  16.860  6.548 0.0000000000
68966  -56.881  11.566  4.479 0.0000000000
68301  -49.948  9.509  6.249 0.0000000000
66957  -45.297  7.167  7.399 0.0000000000
64921  -44.775  4.927  10.948 0.0000000000
95898  -50.485  9.893  -6.815 0.0000000000
110192  -50.223  14.120  -8.693 0.0000000000
71562  -50.623  15.495  2.365 0.0000000000
71642  -53.417  15.428  -3.364 0.0000000000
73170  -50.972  18.336  -8.887 0.0000000000
72609  -48.839  17.682  -5.092 0.0000000000
73598  -46.469  19.393  -3.219 0.0000000000
68962  -43.875  10.358  3.911 0.0000000000
68991  -45.244  10.819  2.379 0.0000000000
70537  -43.908  13.279  3.839 0.0000000000
73531  -56.591  19.682  9.412 0.0000000000
91529  -58.129  18.066  7.105 0.0000000000
91375  -55.167  18.943  6.543 0.0000000000
73054  -52.335  18.271  3.803 0.0000000000
67103  -50.338  8.200  -9.149 0.0000000000
70006  -39.559  13.281  13.520 0.0000000000
71012  -43.208  14.043  11.086 0.0000000000
67636  -49.465  8.975  8.407 0.0000000000
92048  -47.185  8.033  7.126 0.0000000000
66936  -47.468  7.064  9.172 0.0000000000
64163  -45.127  3.478  12.543 0.0000000000
66284  -38.963  6.867  11.006 0.0000000000
68251  -37.703  9.953  10.771 0.0000000000
66910  -35.596  7.748  11.965 0.0000000000
67747  -52.365  9.076  -0.950 0.0000000000
69605  -48.122  11.794  -2.830 0.0000000000
68415  -49.182  9.728  -3.850 0.0000000000
70123  -49.032  12.387  -4.799 0.0000000000
70144  -49.934  11.938  -8.252 0.0000000000
71121  -49.739  14.316  -5.404 0.0000000000
72505  -48.045  17.349  7.119 0.0000000000
72054  -47.603  16.523  4.563 0.0000000000
108712  -50.502  16.659  5.042 0.0000000000
72113  -57.840  16.767  -0.526 0.0000000000
71605  -53.917  15.474  -0.095 0.0000000000
95629  -56.227  16.569  -3.485 0.0000000000
72165  -53.246  17.491  -7.107 0.0000000000
73145  -53.478  18.563  -6.498 0.0000000000
72633  -49.516  18.072  -6.908 0.0000000000
73137  -51.443  18.461  -4.558 0.0000000000
73581  -48.278  19.267  0.675 0.0000000000
73594  -48.112  19.173  -1.348 0.0000000000
74017  -46.949  20.487  -0.452 0.0000000000
108706  -45.594  20.415  -2.704 0.0000000000
74991  -46.186  22.397  -2.332 0.0000000000
67017  -48.642  7.402  2.131 0.0000000000
94767  -50.384  8.416  -0.132 0.0000000000
67727  -46.983  9.069  0.682 0.0000000000
69029  -47.014  11.033  -0.440 0.0000000000
92888  -47.367  13.310  -0.302 0.0000000000
73020  -52.411  18.084  8.502 0.0000000000
72527  -52.618  16.693  6.140 0.0000000000
91167  -55.643  16.933  6.268 0.0000000000
72547  -58.162  17.369  3.426 0.0000000000
72572  -55.045  18.012  0.698 0.0000000000
73095  -52.493  18.234  -0.897 0.0000000000
72561  -52.789  17.835  1.335 0.0000000000
73065  -50.412  18.404  2.598 0.0000000000
105733  -48.508  20.642  3.049 0.0000000000
69641  -48.241  11.367  -9.217 0.0000000000
70525  -40.401  13.937  7.217 0.0000000000
71046  -42.943  15.112  5.971 0.0000000000
71513  -42.943  15.469  8.521 0.0000000000
71508  -45.547  15.413  9.357 0.0000000000
72012  -47.993  16.081  9.971 0.0000000000
104815  -48.037  14.138  12.395 0.0000000000
72494  -50.498  17.127  10.814 0.0000000000
68992  -53.222  10.443  3.089 0.0000000000
68946  -52.487  10.505  5.459 0.0000000000
67694  -50.482  8.635  3.613 0.0000000000
95402  -48.271  7.594  4.733 0.0000000000
107311  -44.954  7.726  5.098 0.0000000000
66269  -51.043  6.726  12.876 0.0000000000
64133  -48.304  3.641  14.762 0.0000000000
64900  -48.395  4.689  12.794 0.0000000000
65627  -47.964  5.877  10.815 0.0000000000
66300  -45.077  6.309  9.214 0.0000000000
68927  -40.299  10.654  7.631 0.0000000000
68447  -54.214  9.651  -7.245 0.0000000000
67770  -51.127  8.647  -2.968 0.0000000000
67800  -51.288  9.285  -5.792 0.0000000000
68455  -53.533  10.315  -8.950 0.0000000000
92366  -52.367  10.932  -10.062 0.0000000000
93648  -51.200  11.918  -12.068 0.0000000000
71159  -50.112  14.806  -12.789 0.0000000000
71546  -45.702  15.219  3.744 0.0000000000
71070  -48.153  14.935  2.128 0.0000000000
71087  -48.966  15.051  -0.717 0.0000000000
92332  -52.092  15.431  2.569 0.0000000000
71603  -51.873  15.458  -0.631 0.0000000000
71100  -50.543  15.234  -2.968 0.0000000000
71665  -51.601  15.851  -6.281 0.0000000000
96406  -50.653  16.570  -9.236 0.0000000000
72192  -48.049  17.628  -11.490 0.0000000000
92603  -50.047  18.522  -2.995 0.0000000000
73123  -47.607  18.596  -3.735 0.0000000000
72133  -44.656  16.724  -3.256 0.0000000000
72578  -44.507  17.866  -1.257 0.0000000000
73584  -43.804  19.627  -0.264 0.0000000000
69543  -42.826  11.733  4.632 0.0000000000
69552  -43.771  11.872  3.776 0.0000000000
70049  -43.077  12.509  4.441 0.0000000000
73539  -55.956  19.218  7.762 0.0000000000
73549  -53.648  19.264  6.069 0.0000000000
67092  -51.137  7.996  -8.589 0.0000000000
67628  -50.361  8.802  9.531 0.0000000000
67626  -48.895  8.347  8.837 0.0000000000
66938  -49.134  7.893  9.593 0.0000000000
66276  -38.416  6.419  11.427 0.0000000000
66918  -37.345  7.324  11.562 0.0000000000
68356  -52.486  9.655  1.402 0.0000000000
68380  -52.163  9.157  -0.014 0.0000000000
70107  -48.159  12.763  -2.795 0.0000000000
69612  -48.549  11.719  -3.623 0.0000000000
70122  -48.728  12.452  -4.031 0.0000000000
70614  -49.365  13.228  -5.279 0.0000000000
70593  -49.116  14.121  -3.944 0.0000000000
92775  -49.296  17.507  7.226 0.0000000000
72524  -49.363  17.276  5.779 0.0000000000
72517  -50.563  17.444  6.710 0.0000000000
72589  -56.677  17.528  -1.891 0.0000000000
71622  -57.101  16.330  -1.619 0.0000000000
72596  -56.497  17.876  -3.605 0.0000000000
72611  -55.880  18.130  -5.279 0.0000000000
73128  -54.930  18.546  -4.217 0.0000000000
95676  -52.454  18.599  -5.585 0.0000000000
73127  -53.589  18.565  -4.345 0.0000000000
73574  -47.844  19.922  1.273 0.0000000000
73580  -47.630  19.876  0.220 0.0000000000
74012  -47.191  20.660  0.816 0.0000000000
74022  -46.513  21.028  -1.509 0.0000000000
74476  -46.634  21.851  0.040 0.0000000000
67705  -46.911  7.642  2.298 0.0000000000
67716  -47.323  8.314  1.067 0.0000000000
67715  -46.571  8.972  1.341 0.0000000000
70074  -45.679  12.294  1.871 0.0000000000
69005  -46.152  10.858  1.220 0.0000000000
70082  -46.585  12.311  0.481 0.0000000000
70090  -46.824  12.265  -0.125 0.0000000000
70557  -46.777  13.080  0.823 0.0000000000
73021  -53.566  17.926  8.419 0.0000000000
72520  -54.194  17.336  7.363 0.0000000000
91164  -56.070  17.583  8.050 0.0000000000
91171  -57.909  18.323  4.735 0.0000000000
72538  -58.366  17.581  4.840 0.0000000000
110463  -57.888  17.955  3.356 0.0000000000
72555  -57.321  17.630  1.903 0.0000000000
73079  -55.831  18.190  2.068 0.0000000000
72562  -53.829  17.842  1.425 0.0000000000
72554  -54.223  18.004  2.185 0.0000000000
73557  -51.140  19.227  4.757 0.0000000000
73053  -51.443  18.369  3.579 0.0000000000
73563  -50.053  19.087  3.835 0.0000000000
73569  -49.072  18.999  2.738 0.0000000000
73555  -49.757  19.911  4.067 0.0000000000
98960  -48.515  10.559  -10.018 0.0000000000
71036  -39.741  14.283  8.823 0.0000000000
71038  -41.226  15.097  8.463 0.0000000000
71030  -41.158  14.927  9.402 0.0000000000
71013  -44.084  13.884  10.987 0.0000000000
71033  -44.078  14.824  9.810 0.0000000000
71024  -45.408  14.375  10.550 0.0000000000
71509  -46.392  15.565  9.537 0.0000000000
71025  -46.259  14.503  10.702 0.0000000000
70501  -48.307  13.534  13.262 0.0000000000
71498  -48.770  15.400  11.666 0.0000000000
106812  -50.366  16.331  11.805 0.0000000000
104700  -51.487  17.222  11.397 0.0000000000
72476  -52.120  16.678  13.430 0.0000000000
68994  -55.261  11.180  2.654 0.0000000000
68979  -55.474  11.264  3.969 0.0000000000
68936  -51.977  10.498  6.667 0.0000000000
68303  -51.243  9.818  5.505 0.0000000000
68318  -51.426  9.622  4.503 0.0000000000
68317  -50.687  9.432  5.069 0.0000000000
67000  -49.552  8.179  4.122 0.0000000000
66987  -48.634  8.218  5.400 0.0000000000
105706  -45.827  7.440  6.991 0.0000000000
66985  -46.414  7.538  5.926 0.0000000000
66983  -44.820  7.657  5.889 0.0000000000
63388  -46.332  2.620  14.692 0.0000000000
64165  -46.988  3.790  12.845 0.0000000000
96233  -47.125  4.788  11.674 0.0000000000
65600  -48.708  5.307  12.144 0.0000000000
64923  -46.696  5.161  11.039 0.0000000000
65636  -46.459  6.102  9.817 0.0000000000
65624  -45.231  5.403  10.397 0.0000000000
69512  -39.245  11.396  8.456 0.0000000000
68910  -39.083  10.316  9.284 0.0000000000
68448  -55.090  9.631  -6.495 0.0000000000
67757  -48.812  8.757  -1.375 0.0000000000
67745  -50.538  8.513  -1.186 0.0000000000
67768  -49.257  8.879  -2.662 0.0000000000
68434  -49.916  9.856  -5.617 0.0000000000
68424  -50.234  9.269  -5.141 0.0000000000
68444  -51.438  9.740  -6.876 0.0000000000
67807  -52.478  10.023  -7.184 0.0000000000
106085  -51.807  10.176  -7.830 0.0000000000
68464  -52.605  10.196  -9.233 0.0000000000
69089  -50.845  10.647  -8.503 0.0000000000
70635  -50.176  13.483  -8.705 0.0000000000
70151  -51.548  11.858  -10.502 0.0000000000
70641  -51.131  13.276  -10.977 0.0000000000
70161  -50.851  12.828  -12.172 0.0000000000
71155  -50.840  14.896  -11.169 0.0000000000
71524  -44.261  16.017  6.234 0.0000000000
71532  -44.564  15.528  4.673 0.0000000000
71529  -45.057  16.238  5.118 0.0000000000
71550  -49.201  15.635  3.317 0.0000000000
71549  -48.323  15.597  3.386 0.0000000000
71574  -48.907  15.283  1.874 0.0000000000
71589  -48.954  15.212  0.955 0.0000000000
94730  -49.856  15.416  0.609 0.0000000000
72077  -54.121  15.814  4.142 0.0000000000
71537  -52.868  15.813  4.449 0.0000000000
71565  -53.568  15.425  2.908 0.0000000000
71620  -53.935  15.447  -1.977 0.0000000000
71604  -52.963  15.443  -0.626 0.0000000000
92745  -52.408  15.422  -1.447 0.0000000000
71631  -51.062  15.377  -2.184 0.0000000000
92935  -51.612  15.335  -2.899 0.0000000000
71650  -51.182  15.286  -4.574 0.0000000000
71651  -52.214  15.419  -4.416 0.0000000000
72647  -52.350  18.195  -7.973 0.0000000000
72174  -52.248  17.648  -7.945 0.0000000000
72656  -51.031  18.124  -9.121 0.0000000000
72193  -49.752  17.035  -11.835 0.0000000000
73182  -48.921  18.424  -11.159 0.0000000000
72662  -46.803  17.985  -10.800 0.0000000000
73168  -48.714  18.671  -9.896 0.0000000000
72619  -49.439  17.765  -5.933 0.0000000000
72643  -47.400  17.917  -7.530 0.0000000000
91664  -51.700  18.322  -0.504 0.0000000000
73104  -51.152  18.516  -1.829 0.0000000000
73103  -50.458  18.551  -1.446 0.0000000000
73599  -47.150  19.363  -2.825 0.0000000000
73111  -47.770  18.808  -2.964 0.0000000000
73110  -46.412  18.959  -3.556 0.0000000000
73121  -45.927  18.364  -3.828 0.0000000000
72594  -45.607  18.159  -3.120 0.0000000000
72593  -45.080  17.515  -2.539 0.0000000000
72586  -45.501  18.705  -2.607 0.0000000000
74486  -45.330  21.781  -2.765 0.0000000000
73590  -44.965  19.881  -1.881 0.0000000000
107503  -44.307  20.987  -1.254 0.0000000000
74020  -43.656  20.659  -0.419 0.0000000000
68326  -44.336  9.904  3.587 0.0000000000
68340  -45.338  9.888  2.434 0.0000000000
68977  -44.253  10.716  3.472 0.0000000000
69560  -44.658  11.928  2.949 0.0000000000
70547  -45.358  13.550  2.830 0.0000000000
104529  -57.444  17.918  8.255 0.0000000000
104500  -56.991  18.542  8.376 0.0000000000
91218  -56.741  18.645  6.257 0.0000000000
73044  -54.468  18.549  4.624 0.0000000000
73055  -53.527  18.289  3.870 0.0000000000
107028  -53.450  18.572  4.724 0.0000000000
73030  -51.999  19.084  5.182 0.0000000000
67825  -49.307  8.271  -9.806 0.0000000000
70494  -39.866  14.107  12.262 0.0000000000
71010  -41.268  14.355  11.156 0.0000000000
70505  -40.859  13.946  12.357 0.0000000000
68282  -50.125  9.660  7.349 0.0000000000
67652  -48.675  8.726  6.176 0.0000000000
67645  -48.507  8.773  7.477 0.0000000000
92395  -47.062  7.753  7.889 0.0000000000
66947  -46.377  7.299  7.985 0.0000000000
63406  -45.095  2.642  13.765 0.0000000000
64173  -42.936  3.830  11.825 0.0000000000
66926  -39.704  7.803  10.146 0.0000000000
68253  -38.705  9.060  10.177 0.0000000000
108585  -38.096  8.273  10.968 0.0000000000
67606  -36.819  8.492  11.514 0.0000000000
69041  -48.123  10.113  -2.086 0.0000000000
68405  -49.015  9.355  -3.147 0.0000000000
69058  -48.826  10.498  -3.722 0.0000000000
69067  -49.132  10.701  -4.409 0.0000000000
69072  -49.721  10.650  -6.077 0.0000000000
69635  -49.989  11.175  -7.736 0.0000000000
97505  -49.544  11.912  -6.977 0.0000000000
70139  -49.632  12.957  -7.150 0.0000000000
95034  -49.774  14.001  -6.997 0.0000000000
95702  -46.276  16.999  7.181 0.0000000000
72037  -46.440  17.000  5.385 0.0000000000
72522  -47.760  17.287  5.629 0.0000000000
72056  -49.330  16.456  4.499 0.0000000000
72075  -50.541  15.828  4.010 0.0000000000
72097  -56.941  16.131  1.002 0.0000000000
71580  -54.242  15.443  1.533 0.0000000000
71592  -56.266  15.811  0.294 0.0000000000
71621  -55.092  15.674  -2.179 0.0000000000
71643  -55.050  15.968  -3.733 0.0000000000
72145  -53.405  16.078  -5.144 0.0000000000
72146  -54.684  16.847  -5.192 0.0000000000
72636  -53.868  18.278  -6.709 0.0000000000
73154  -52.368  18.498  -7.516 0.0000000000
73162  -49.950  18.522  -8.449 0.0000000000
73153  -51.465  18.602  -7.157 0.0000000000
98389  -51.374  18.481  -5.533 0.0000000000
73136  -50.527  18.288  -4.538 0.0000000000
73083  -49.559  18.597  0.411 0.0000000000
73092  -49.543  18.649  -0.484 0.0000000000
73587  -48.206  19.251  -0.354 0.0000000000
73586  -47.560  19.768  -0.999 0.0000000000
73592  -46.492  19.934  -2.841 0.0000000000
73591  -45.970  20.336  -3.015 0.0000000000
74029  -46.163  20.775  -2.796 0.0000000000
99057  -45.878  21.252  -2.843 0.0000000000
74990  -45.369  22.504  -3.127 0.0000000000
67717  -49.793  7.995  1.893 0.0000000000
67731  -50.611  8.457  0.950 0.0000000000
67036  -49.014  7.945  0.878 0.0000000000
67729  -48.422  8.269  0.239 0.0000000000
68379  -48.022  9.180  -0.947 0.0000000000
68354  -46.430  9.898  1.068 0.0000000000
68366  -46.980  9.747  0.275 0.0000000000
69030  -47.402  10.506  -0.967 0.0000000000
69598  -47.335  11.330  -1.202 0.0000000000
70099  -47.424  12.331  -1.436 0.0000000000
70578  -48.198  13.949  -1.830 0.0000000000
72503  -51.615  17.874  7.852 0.0000000000
93206  -51.386  17.478  6.995 0.0000000000
72519  -52.929  17.130  6.906 0.0000000000
108320  -54.313  16.788  6.099 0.0000000000
72060  -55.063  16.284  4.647 0.0000000000
91169  -57.507  17.249  6.468 0.0000000000
91557  -57.862  17.015  5.206 0.0000000000
72079  -56.888  16.492  3.507 0.0000000000
72098  -57.818  17.067  1.255 0.0000000000
72573  -57.361  17.496  -0.063 0.0000000000
72580  -55.696  18.002  -0.999 0.0000000000
73106  -54.238  18.163  -2.077 0.0000000000
72579  -53.235  18.042  -0.333 0.0000000000
72570  -52.560  18.014  0.493 0.0000000000
73085  -51.114  18.225  0.946 0.0000000000
73067  -52.294  18.060  2.952 0.0000000000
73077  -51.265  18.155  1.795 0.0000000000
73076  -50.456  18.324  1.705 0.0000000000
73063  -48.945  18.772  1.953 0.0000000000
103805  -48.618  19.295  2.308 0.0000000000
74006  -48.110  20.571  2.477 0.0000000000
70529  -40.881  13.421  6.420 0.0000000000
70531  -42.507  14.253  5.466 0.0000000000
110303  -41.694  14.926  7.096 0.0000000000
71522  -42.821  15.392  6.903 0.0000000000
93847  -44.198  15.813  7.818 0.0000000000
71032  -43.116  14.829  9.786 0.0000000000
71507  -44.577  15.360  9.166 0.0000000000
72022  -45.812  16.273  8.152 0.0000000000
72023  -46.559  16.438  8.351 0.0000000000
72025  -48.105  17.044  8.427 0.0000000000
72497  -49.107  17.170  9.253 0.0000000000
105394  -46.683  14.110  11.442 0.0000000000
71497  -47.891  15.090  11.242 0.0000000000
72013  -48.731  16.391  10.358 0.0000000000
109664  -49.700  17.380  9.332 0.0000000000
73009  -51.325  17.930  9.429 0.0000000000
73010  -52.215  17.952  10.242 0.0000000000
111319  -54.518  18.436  10.241 0.0000000000
69006  -53.983  10.673  1.619 0.0000000000
94972  -52.179  9.602  2.208 0.0000000000
111308  -54.065  11.288  5.890 0.0000000000
105963  -54.094  11.143  5.176 0.0000000000
97425  -53.311  10.583  3.970 0.0000000000
68330  -51.918  9.707  3.665 0.0000000000
67707  -51.117  8.909  2.803 0.0000000000
67010  -49.633  7.995  3.228 0.0000000000
67009  -48.827  7.370  3.110 0.0000000000
67008  -46.954  7.180  3.256 0.0000000000
66986  -47.780  7.801  5.472 0.0000000000
99862  -46.438  7.251  5.039 0.0000000000
67692  -45.159  8.305  3.530 0.0000000000
67678  -43.996  8.789  4.620 0.0000000000
106679  -49.897  4.820  14.905 0.0000000000
64148  -47.300  3.525  13.633 0.0000000000
64873  -48.876  4.182  14.249 0.0000000000
65582  -50.246  5.288  14.353 0.0000000000
65601  -49.845  5.755  12.685 0.0000000000
66267  -49.659  6.100  12.040 0.0000000000
66291  -49.075  6.749  10.712 0.0000000000
66303  -47.968  6.808  9.818 0.0000000000
92963  -46.712  6.645  9.176 0.0000000000
98207  -44.786  6.926  7.964 0.0000000000
69528  -41.120  11.540  6.242 0.0000000000
70038  -39.883  12.312  7.263 0.0000000000
70520  -39.395  13.587  8.336 0.0000000000
109100  -38.744  13.659  9.754 0.0000000000
109484  -38.411  13.798  10.922 0.0000000000
67086  -54.823  8.476  -6.392 0.0000000000
67808  -54.500  9.161  -7.292 0.0000000000
67818  -53.719  9.125  -8.355 0.0000000000
67746  -51.439  8.713  -0.587 0.0000000000
67760  -52.268  8.956  -1.881 0.0000000000
67778  -50.405  8.688  -3.671 0.0000000000
67779  -51.326  8.785  -3.958 0.0000000000
67802  -52.890  9.565  -5.442 0.0000000000
68436  -53.619  10.332  -7.725 0.0000000000
68456  -53.812  10.085  -8.723 0.0000000000
67817  -53.200  9.097  -8.799 0.0000000000
67826  -52.058  9.044  -9.401 0.0000000000
67834  -51.319  9.333  -10.024 0.0000000000
69098  -51.084  10.079  -11.304 0.0000000000
69643  -51.816  11.190  -9.930 0.0000000000
69649  -51.993  11.276  -10.721 0.0000000000
94210  -50.392  10.853  -11.834 0.0000000000
69655  -49.839  11.402  -11.866 0.0000000000
102604  -49.611  12.948  -12.013 0.0000000000
71154  -48.676  14.730  -11.029 0.0000000000
70534  -43.545  13.970  4.422 0.0000000000
70538  -44.348  14.155  3.873 0.0000000000
71067  -45.850  14.144  2.824 0.0000000000
71535  -47.095  15.936  4.093 0.0000000000
71061  -46.943  15.034  2.929 0.0000000000
70552  -46.842  14.060  1.855 0.0000000000
71080  -47.646  14.151  0.868 0.0000000000
108438  -48.268  14.481  -0.303 0.0000000000
71092  -48.759  14.637  -1.611 0.0000000000
72042  -51.267  16.610  5.353 0.0000000000
104296  -51.227  15.795  4.115 0.0000000000
71563  -51.437  15.466  2.704 0.0000000000
71579  -53.189  15.401  1.622 0.0000000000
92146  -51.826  15.492  1.030 0.0000000000
71576  -50.792  15.482  1.126 0.0000000000
71602  -50.828  15.436  -0.661 0.0000000000
71630  -50.059  15.213  -2.044 0.0000000000
71099  -49.532  14.922  -2.810 0.0000000000
97558  -50.178  14.974  -4.752 0.0000000000
71674  -50.287  15.119  -7.713 0.0000000000
72154  -52.531  16.460  -6.475 0.0000000000
71675  -50.758  15.877  -7.650 0.0000000000
71151  -50.487  15.141  -9.648 0.0000000000
71695  -50.570  15.559  -12.113 0.0000000000
96461  -49.346  15.551  -12.210 0.0000000000
72644  -48.107  18.213  -8.171 0.0000000000
73114  -52.107  18.443  -2.351 0.0000000000
92999  -50.666  18.421  -3.717 0.0000000000
106548  -49.022  18.143  -3.667 0.0000000000
73113  -49.429  18.574  -2.305 0.0000000000
73124  -48.410  18.440  -3.313 0.0000000000
73133  -47.358  18.374  -4.470 0.0000000000
72601  -46.211  18.259  -4.431 0.0000000000
72134  -44.872  16.839  -4.116 0.0000000000
72132  -43.700  16.073  -3.485 0.0000000000
73099  -44.900  18.831  -1.664 0.0000000000
73090  -44.317  18.442  -0.867 0.0000000000
74957  -47.944  21.875  1.875 0.0000000000
103128  -47.590  22.557  1.031 0.0000000000
74984  -46.620  22.712  -0.726 0.0000000000
93418  -46.725  23.528  -2.374 0.0000000000
74995  -45.267  23.536  -3.718 0.0000000000
69535  -42.208  11.591  5.225 0.0000000000
70044  -42.421  12.522  4.931 0.0000000000
67093  -51.935  7.899  -8.168 0.0000000000
67619  -51.244  8.795  10.498 0.0000000000
67629  -50.891  9.011  9.900 0.0000000000
67618  -50.600  8.439  10.236 0.0000000000
67617  -49.913  8.169  9.925 0.0000000000
66929  -49.493  7.477  10.320 0.0000000000
65606  -37.910  5.754  11.774 0.0000000000
68368  -52.022  9.237  0.829 0.0000000000
68369  -52.696  9.602  0.557 0.0000000000
70585  -48.375  13.642  -2.644 0.0000000000
70592  -48.626  13.287  -3.497 0.0000000000
70603  -49.024  13.264  -4.390 0.0000000000
98271  -49.408  17.492  7.874 0.0000000000
72507  -49.941  17.600  7.297 0.0000000000
72595  -55.956  18.108  -2.795 0.0000000000
101924  -56.624  17.447  -2.800 0.0000000000
73117  -56.015  18.388  -3.963 0.0000000000
74016  -46.650  21.204  -0.062 0.0000000000
74011  -46.965  21.396  0.761 0.0000000000
67693  -46.042  7.922  2.840 0.0000000000
67704  -46.202  8.608  2.019 0.0000000000
70075  -46.226  12.460  1.239 0.0000000000
70551  -46.499  13.336  1.518 0.0000000000
72510  -54.850  17.761  8.299 0.0000000000
73057  -57.385  18.305  3.757 0.0000000000
73070  -56.868  18.236  2.850 0.0000000000
73069  -54.905  18.279  3.025 0.0000000000
73041  -50.816  18.811  4.121 0.0000000000
67824  -48.331  8.406  -9.373 0.0000000000
68463  -48.417  9.160  -9.695 0.0000000000
69088  -48.259  9.863  -9.469 0.0000000000
71028  -39.670  14.367  9.671 0.0000000000
71029  -40.373  14.636  9.412 0.0000000000
71019  -40.457  14.594  10.130 0.0000000000
70509  -44.470  13.394  11.500 0.0000000000
71014  -44.929  13.847  11.031 0.0000000000
71015  -45.791  13.920  11.220 0.0000000000
72006  -50.995  15.754  13.154 0.0000000000
72010  -51.410  16.252  12.914 0.0000000000
67666  -49.916  9.188  5.561 0.0000000000
67679  -49.444  8.484  5.027 0.0000000000
105800  -49.210  8.760  5.682 0.0000000000
96816  -45.665  7.479  6.279 0.0000000000
66969  -45.063  7.404  6.727 0.0000000000
66968  -44.386  7.685  6.558 0.0000000000
66956  -44.416  7.370  7.253 0.0000000000
63387  -45.458  2.471  14.540 0.0000000000
64911  -45.926  4.338  11.663 0.0000000000
110887  -46.428  4.687  11.492 0.0000000000
64922  -45.771  4.928  11.062 0.0000000000
65625  -46.160  5.513  10.411 0.0000000000
68269  -40.122  9.550  8.622 0.0000000000
68917  -39.521  10.441  8.690 0.0000000000
68268  -39.454  9.688  9.215 0.0000000000
68425  -54.061  9.875  -5.837 0.0000000000
107017  -49.661  8.572  -1.880 0.0000000000
67767  -48.883  8.931  -2.069 0.0000000000
68435  -50.584  9.505  -5.972 0.0000000000
68443  -51.359  10.299  -8.165 0.0000000000
70640  -50.669  13.161  -9.762 0.0000000000
71150  -50.580  14.076  -9.825 0.0000000000
97467  -50.962  14.044  -11.433 0.0000000000
72027  -44.889  16.419  6.843 0.0000000000
72031  -44.884  16.525  5.934 0.0000000000
72036  -45.624  16.823  5.655 0.0000000000
71561  -49.544  15.462  2.509 0.0000000000
71575  -49.772  15.433  1.557 0.0000000000
71554  -54.433  15.612  3.336 0.0000000000
71553  -53.477  15.562  3.652 0.0000000000
71633  -53.062  15.380  -2.292 0.0000000000
93000  -53.266  15.426  -1.502 0.0000000000
71632  -51.996  15.394  -2.190 0.0000000000
71641  -52.307  15.357  -3.531 0.0000000000
94764  -53.024  15.506  -4.132 0.0000000000
108847  -51.529  18.359  -8.239 0.0000000000
72657  -51.657  18.263  -8.305 0.0000000000
73177  -50.213  18.241  -9.969 0.0000000000
73176  -49.347  18.519  -10.379 0.0000000000
73175  -48.561  18.607  -10.714 0.0000000000
73169  -49.925  18.501  -9.312 0.0000000000
72618  -48.368  17.661  -5.983 0.0000000000
72617  -47.394  17.844  -5.779 0.0000000000
72608  -47.892  17.893  -5.077 0.0000000000
91992  -51.012  18.372  0.046 0.0000000000
73094  -50.932  18.480  -0.888 0.0000000000
94347  -50.174  18.573  -0.891 0.0000000000
73109  -45.965  18.943  -3.306 0.0000000000
73597  -45.974  19.598  -3.106 0.0000000000
74027  -45.029  20.856  -2.239 0.0000000000
70050  -43.605  12.496  3.982 0.0000000000
69553  -44.191  11.529  3.440 0.0000000000
70059  -44.213  12.464  3.457 0.0000000000
70060  -44.891  12.757  2.871 0.0000000000
70546  -44.637  13.433  3.359 0.0000000000
91286  -56.925  18.685  7.351 0.0000000000
100702  -55.450  18.682  5.436 0.0000000000
73032  -54.085  18.769  5.424 0.0000000000
102992  -52.721  19.417  5.711 0.0000000000
67091  -49.750  7.426  -8.399 0.0000000000
67102  -48.797  7.397  -8.982 0.0000000000
99466  -39.259  13.780  12.815 0.0000000000
70485  -40.232  13.664  12.952 0.0000000000
106820  -50.633  9.606  8.451 0.0000000000
68271  -50.011  9.535  8.057 0.0000000000
68281  -49.311  9.293  7.558 0.0000000000
67635  -48.754  8.724  8.110 0.0000000000
66937  -48.270  7.627  9.213 0.0000000000
66949  -48.245  8.244  8.416 0.0000000000
66948  -47.616  7.738  8.521 0.0000000000
66313  -46.934  7.190  8.530 0.0000000000
66286  -40.525  6.390  10.575 0.0000000000
102034  -39.610  7.130  10.585 0.0000000000
66925  -38.881  7.755  10.652 0.0000000000
67607  -37.436  8.038  11.389 0.0000000000
67605  -36.012  8.492  11.716 0.0000000000
69049  -48.056  10.897  -2.422 0.0000000000
69050  -48.387  10.299  -2.677 0.0000000000
92629  -48.469  10.907  -3.201 0.0000000000
69616  -48.870  11.643  -4.351 0.0000000000
69617  -49.276  11.424  -5.156 0.0000000000
98393  -49.517  10.482  -5.151 0.0000000000
107252  -49.458  11.697  -6.023 0.0000000000
70128  -49.267  12.282  -5.463 0.0000000000
70134  -49.473  12.635  -6.120 0.0000000000
70622  -49.631  13.644  -6.159 0.0000000000
72034  -47.159  17.277  6.964 0.0000000000
72514  -47.893  17.388  6.369 0.0000000000
72041  -49.789  16.891  5.062 0.0000000000
72074  -49.706  15.893  3.970 0.0000000000
104314  -50.141  16.308  4.527 0.0000000000
72105  -57.557  16.471  0.123 0.0000000000
71607  -57.192  16.142  -0.801 0.0000000000
72122  -56.523  16.269  -2.516 0.0000000000
71635  -55.580  15.893  -3.004 0.0000000000
72135  -55.102  16.564  -4.571 0.0000000000
72136  -56.070  17.043  -4.379 0.0000000000
73146  -54.420  18.393  -6.088 0.0000000000
72622  -54.600  18.202  -6.143 0.0000000000
73155  -53.146  18.444  -7.191 0.0000000000
73144  -52.304  18.643  -6.659 0.0000000000
92572  -52.429  18.542  -4.493 0.0000000000
73142  -50.325  18.149  -5.493 0.0000000000
73074  -48.878  18.778  1.049 0.0000000000
73082  -48.848  18.837  0.088 0.0000000000
73593  -47.373  19.595  -2.035 0.0000000000
74023  -46.874  20.257  -1.904 0.0000000000
74482  -46.445  21.809  -1.034 0.0000000000
74488  -46.134  21.483  -2.511 0.0000000000
74487  -45.715  21.706  -2.826 0.0000000000
67029  -49.190  7.715  1.669 0.0000000000
67730  -49.780  8.058  1.258 0.0000000000
67028  -48.553  7.652  1.473 0.0000000000
67027  -48.123  7.928  0.923 0.0000000000
67728  -47.659  8.497  0.449 0.0000000000
67742  -47.876  8.754  -0.203 0.0000000000
102386  -47.375  9.091  0.171 0.0000000000
68353  -45.796  10.326  1.778 0.0000000000
69017  -46.650  10.702  0.384 0.0000000000
69018  -47.151  10.216  -0.305 0.0000000000
70091  -47.179  12.674  -0.583 0.0000000000
70572  -47.637  13.404  -1.107 0.0000000000
70577  -47.863  13.089  -2.047 0.0000000000
105460  -51.582  18.103  8.675 0.0000000000
92974  -52.270  17.486  7.275 0.0000000000
111701  -52.578  17.803  7.887 0.0000000000
91165  -54.944  17.129  6.923 0.0000000000
72528  -53.621  16.892  6.481 0.0000000000
72045  -54.635  16.572  5.425 0.0000000000
72046  -56.265  16.728  5.387 0.0000000000
91604  -58.014  18.018  7.794 0.0000000000
91170  -57.734  17.720  7.672 0.0000000000
91399  -58.158  17.835  6.898 0.0000000000
95028  -58.429  17.283  3.973 0.0000000000
72062  -58.086  16.960  4.145 0.0000000000
72080  -58.075  17.015  3.317 0.0000000000
72089  -57.153  16.591  2.540 0.0000000000
72090  -57.917  17.126  2.363 0.0000000000
93348  -56.304  18.084  1.212 0.0000000000
72564  -57.363  17.434  0.814 0.0000000000
111131  -56.545  18.010  0.492 0.0000000000
72581  -57.037  17.537  -0.892 0.0000000000
94300  -56.116  18.055  -0.164 0.0000000000
72587  -54.303  18.044  -1.065 0.0000000000
94474  -54.532  17.997  -0.193 0.0000000000
72571  -53.575  17.875  0.598 0.0000000000
107039  -51.751  18.190  0.321 0.0000000000
73086  -51.906  18.048  1.158 0.0000000000
107148  -52.832  18.100  3.396 0.0000000000
73052  -50.583  18.547  3.376 0.0000000000
73066  -51.248  18.207  2.673 0.0000000000
98506  -50.839  18.253  2.212 0.0000000000
73075  -49.608  18.536  1.362 0.0000000000
73064  -49.670  18.582  2.292 0.0000000000
73561  -48.653  19.855  2.868 0.0000000000
101132  -48.173  10.547  -9.072 0.0000000000
70149  -48.463  12.230  -9.980 0.0000000000
70526  -41.201  14.460  6.898 0.0000000000
71512  -42.093  15.395  8.279 0.0000000000
71042  -42.129  15.258  7.361 0.0000000000
71518  -42.842  15.523  7.778 0.0000000000
71519  -43.562  15.662  7.395 0.0000000000
97141  -43.672  15.599  8.274 0.0000000000
71011  -42.187  14.184  11.227 0.0000000000
71021  -42.639  14.474  10.459 0.0000000000
71034  -45.023  14.817  9.868 0.0000000000
71515  -45.274  15.777  8.631 0.0000000000
71516  -46.112  15.880  8.816 0.0000000000
71510  -47.213  15.804  9.718 0.0000000000
72016  -46.907  16.151  8.991 0.0000000000
72017  -47.764  16.515  9.147 0.0000000000
102519  -48.439  16.983  8.962 0.0000000000
72018  -48.480  16.707  9.593 0.0000000000
70511  -46.301  13.313  11.991 0.0000000000
70500  -47.308  13.755  12.233 0.0000000000
71016  -47.536  14.399  11.661 0.0000000000
72009  -49.227  16.013  11.200 0.0000000000
72014  -49.546  16.708  10.641 0.0000000000
101982  -49.667  17.203  9.921 0.0000000000
91607  -50.374  17.541  9.578 0.0000000000
72495  -52.412  17.492  11.478 0.0000000000
95773  -53.037  18.275  9.970 0.0000000000
72998  -53.530  18.078  11.339 0.0000000000
69008  -56.204  11.345  2.022 0.0000000000
68993  -53.982  10.827  2.450 0.0000000000
68344  -53.039  10.156  2.113 0.0000000000
68343  -52.452  9.868  2.954 0.0000000000
68937  -52.636  10.778  6.235 0.0000000000
68938  -53.544  11.230  6.601 0.0000000000
68947  -53.298  10.957  5.681 0.0000000000
68964  -53.259  10.749  4.833 0.0000000000
68328  -50.837  9.193  4.285 0.0000000000
68329  -51.274  9.280  3.629 0.0000000000
68342  -51.756  9.443  2.919 0.0000000000
67706  -50.287  8.311  2.498 0.0000000000
66999  -48.828  7.578  4.022 0.0000000000
94167  -47.899  7.070  3.841 0.0000000000
66997  -46.851  7.077  4.188 0.0000000000
67644  -48.057  8.485  6.816 0.0000000000
66972  -48.060  8.267  6.022 0.0000000000
66971  -47.299  7.922  6.269 0.0000000000
66984  -45.592  7.456  5.471 0.0000000000
66996  -45.516  7.500  4.528 0.0000000000
66995  -44.662  8.208  4.441 0.0000000000
66912  -50.812  7.079  12.085 0.0000000000
64123  -48.486  3.503  15.633 0.0000000000
64124  -49.149  3.897  15.925 0.0000000000
64862  -50.075  4.857  15.669 0.0000000000
64134  -48.994  3.950  15.102 0.0000000000
63418  -44.687  2.967  13.089 0.0000000000
63407  -45.986  2.790  13.933 0.0000000000
63419  -45.570  3.150  13.223 0.0000000000
64887  -47.821  4.007  13.162 0.0000000000
64888  -48.470  4.259  13.537 0.0000000000
64874  -49.568  4.801  14.222 0.0000000000
64889  -49.077  4.750  13.537 0.0000000000
65592  -49.890  5.357  13.522 0.0000000000
65591  -49.208  5.246  12.807 0.0000000000
65612  -48.324  5.544  11.466 0.0000000000
65613  -49.035  5.790  11.704 0.0000000000
66278  -48.670  6.135  11.112 0.0000000000
66279  -49.377  6.413  11.399 0.0000000000
66290  -48.338  6.491  10.480 0.0000000000
66289  -47.708  6.281  10.302 0.0000000000
65635  -45.603  5.901  9.794 0.0000000000
66301  -45.908  6.404  9.205 0.0000000000
66311  -45.364  6.663  8.590 0.0000000000
66310  -44.573  6.610  8.645 0.0000000000
68928  -40.928  10.260  7.203 0.0000000000
68287  -41.577  9.839  6.841 0.0000000000
68934  -41.282  10.652  6.542 0.0000000000
69527  -40.539  11.280  6.929 0.0000000000
70040  -40.577  12.358  6.555 0.0000000000
69511  -38.764  11.915  8.815 0.0000000000
108920  -39.092  12.166  8.324 0.0000000000
68252  -38.345  9.631  10.356 0.0000000000
68902  -38.275  10.369  10.248 0.0000000000
70028  -37.874  12.726  10.675 0.0000000000
70513  -38.065  13.475  11.088 0.0000000000
97626  -38.361  13.792  12.140 0.0000000000
67078  -54.881  7.942  -5.444 0.0000000000
67793  -55.901  8.760  -6.142 0.0000000000
67095  -53.757  8.516  -7.522 0.0000000000
68457  -54.106  9.730  -8.100 0.0000000000
67758  -50.721  8.573  -2.091 0.0000000000
67759  -51.499  8.705  -1.486 0.0000000000
67777  -49.573  8.938  -3.415 0.0000000000
67789  -49.857  9.073  -4.257 0.0000000000
67790  -50.764  8.874  -4.614 0.0000000000
67791  -51.745  9.096  -4.993 0.0000000000
67792  -52.248  9.125  -4.240 0.0000000000
67801  -52.538  9.666  -6.296 0.0000000000
94860  -52.939  10.460  -8.265 0.0000000000
68445  -53.681  10.420  -8.377 0.0000000000
67828  -53.534  9.934  -9.062 0.0000000000
67827  -53.062  9.588  -9.113 0.0000000000
67816  -52.305  8.649  -8.879 0.0000000000
94123  -52.210  10.543  -10.136 0.0000000000
68469  -51.321  9.807  -10.731 0.0000000000
69092  -51.914  10.704  -10.927 0.0000000000
69642  -50.669  11.203  -8.863 0.0000000000
70145  -50.751  11.714  -9.314 0.0000000000
97406  -51.692  11.692  -11.418 0.0000000000
69657  -51.456  11.255  -11.619 0.0000000000
69656  -50.771  11.544  -12.224 0.0000000000
70653  -50.523  14.034  -12.431 0.0000000000
70647  -49.850  13.828  -12.393 0.0000000000
70646  -49.081  13.771  -11.492 0.0000000000
71158  -49.440  14.497  -12.155 0.0000000000
110686  -43.021  14.138  4.874 0.0000000000
71048  -43.348  14.769  5.063 0.0000000000
71052  -44.829  15.004  4.010 0.0000000000
71060  -45.258  14.329  3.387 0.0000000000
93390  -46.145  14.750  3.181 0.0000000000
72038  -47.265  17.038  5.157 0.0000000000
72053  -46.727  16.511  4.671 0.0000000000
71062  -47.819  15.186  2.797 0.0000000000
71548  -47.438  15.515  3.461 0.0000000000
71069  -47.343  14.628  2.295 0.0000000000
70558  -47.130  13.785  1.167 0.0000000000
71074  -47.666  14.420  1.531 0.0000000000
71082  -49.226  15.240  0.142 0.0000000000
71081  -48.589  14.825  0.222 0.0000000000
71093  -49.380  15.075  -1.535 0.0000000000
106438  -51.878  16.728  5.925 0.0000000000
72526  -51.252  17.136  6.192 0.0000000000
72043  -52.258  16.313  5.358 0.0000000000
71564  -52.621  15.480  3.306 0.0000000000
72076  -51.878  15.628  3.860 0.0000000000
91912  -51.818  15.464  3.181 0.0000000000
71552  -51.098  15.578  3.377 0.0000000000
71591  -54.728  15.509  0.567 0.0000000000
71590  -53.571  15.432  0.818 0.0000000000
92145  -52.276  15.488  0.196 0.0000000000
94354  -51.362  15.484  0.205 0.0000000000
103417  -50.554  15.460  0.202 0.0000000000
71618  -50.679  15.388  -1.503 0.0000000000
110931  -49.965  15.099  -3.301 0.0000000000
71106  -49.540  14.759  -3.558 0.0000000000
97960  -50.330  15.131  -3.837 0.0000000000
71658  -50.973  15.386  -5.419 0.0000000000
71664  -50.658  15.415  -6.158 0.0000000000
71663  -50.419  15.292  -6.908 0.0000000000
72155  -53.360  16.823  -6.230 0.0000000000
72180  -50.931  17.453  -9.094 0.0000000000
72173  -51.434  16.761  -7.756 0.0000000000
104275  -50.917  16.689  -8.410 0.0000000000
71683  -50.518  15.705  -8.579 0.0000000000
103270  -50.518  15.902  -9.531 0.0000000000
71691  -50.547  15.800  -10.617 0.0000000000
104125  -50.437  16.514  -10.135 0.0000000000
72196  -49.007  17.181  -11.966 0.0000000000
72197  -49.692  16.553  -12.291 0.0000000000
71694  -48.635  16.671  -11.650 0.0000000000
71690  -48.149  15.786  -10.671 0.0000000000
72188  -47.593  16.920  -10.855 0.0000000000
73152  -50.507  18.503  -7.646 0.0000000000
73161  -48.965  18.573  -8.834 0.0000000000
72645  -49.255  18.299  -7.840 0.0000000000
107009  -46.794  17.813  -7.010 0.0000000000
111467  -46.561  17.812  -7.820 0.0000000000
73105  -52.845  18.318  -1.800 0.0000000000
93636  -50.389  18.553  -2.263 0.0000000000
92143  -51.321  18.514  -2.766 0.0000000000
92767  -49.828  18.322  -3.685 0.0000000000
73091  -48.827  18.827  -0.860 0.0000000000
73102  -49.648  18.620  -1.428 0.0000000000
73101  -48.749  18.779  -1.741 0.0000000000
73112  -48.575  18.661  -2.543 0.0000000000
73134  -48.334  18.075  -4.197 0.0000000000
73132  -46.720  18.366  -4.625 0.0000000000
73122  -46.725  18.731  -4.086 0.0000000000
72599  -45.344  17.466  -3.475 0.0000000000
104005  -44.166  16.280  -4.052 0.0000000000
97906  -45.000  18.027  -1.858 0.0000000000
72585  -44.586  17.398  -1.805 0.0000000000
72584  -44.001  17.025  -1.394 0.0000000000
94235  -45.537  19.679  -2.573 0.0000000000
74021  -44.362  20.207  -1.084 0.0000000000
73585  -44.370  19.270  -0.937 0.0000000000
73089  -43.833  18.662  -0.263 0.0000000000
74976  -47.378  23.311  -0.101 0.0000000000
74966  -46.995  22.255  0.498 0.0000000000
75455  -45.993  23.199  -3.287 0.0000000000
94277  -43.218  11.188  4.411 0.0000000000
68976  -43.688  11.117  3.927 0.0000000000
69544  -43.370  11.808  4.197 0.0000000000
70536  -43.386  13.127  4.273 0.0000000000
73537  -53.115  20.004  6.473 0.0000000000
67637  -50.162  9.200  8.784 0.0000000000
67627  -49.657  8.571  9.180 0.0000000000
66919  -38.133  7.344  11.278 0.0000000000
66275  -37.624  6.630  11.627 0.0000000000
68357  -53.258  10.080  1.115 0.0000000000
68381  -52.881  9.511  -0.259 0.0000000000
106543  -48.412  12.401  -3.370 0.0000000000
71113  -49.435  14.131  -4.674 0.0000000000
72506  -48.619  17.330  7.670 0.0000000000
72515  -48.789  17.441  6.654 0.0000000000
72516  -49.730  17.450  6.574 0.0000000000
72525  -50.366  17.149  5.778 0.0000000000
72124  -57.527  17.014  -1.295 0.0000000000
98961  -57.621  16.729  -1.114 0.0000000000
72123  -56.972  16.767  -1.993 0.0000000000
72128  -56.617  17.042  -3.149 0.0000000000
72137  -56.446  17.514  -4.040 0.0000000000
72602  -56.324  17.960  -4.833 0.0000000000
72603  -56.383  18.124  -4.386 0.0000000000
73129  -55.954  18.362  -4.936 0.0000000000
73139  -54.820  18.530  -5.271 0.0000000000
73138  -53.616  18.602  -5.488 0.0000000000
67016  -47.802  7.584  1.673 0.0000000000
105543  -46.905  8.198  1.639 0.0000000000
69569  -45.440  11.585  2.074 0.0000000000
69004  -45.702  11.039  1.778 0.0000000000
69570  -45.891  11.638  1.465 0.0000000000
69578  -46.338  11.585  0.808 0.0000000000
69587  -46.679  11.620  0.067 0.0000000000
69588  -47.004  11.870  -0.640 0.0000000000
70083  -46.991  12.877  0.120 0.0000000000
70565  -47.356  13.639  0.390 0.0000000000
72509  -53.316  17.561  7.656 0.0000000000
91168  -58.097  18.269  5.913 0.0000000000
91281  -58.350  17.887  5.950 0.0000000000
110313  -58.461  17.988  5.094 0.0000000000
73058  -58.355  17.811  4.140 0.0000000000
73071  -57.743  17.629  2.803 0.0000000000
72563  -54.987  18.035  1.505 0.0000000000
72553  -53.035  17.820  2.167 0.0000000000
73042  -51.649  18.637  4.382 0.0000000000
73051  -49.793  18.764  3.121 0.0000000000
103676  -49.360  19.442  3.416 0.0000000000
73562  -49.099  20.393  3.550 0.0000000000
69648  -48.814  11.335  -10.690 0.0000000000
70521  -39.973  14.178  7.992 0.0000000000
71040  -40.714  14.633  7.769 0.0000000000
71037  -40.482  14.677  8.622 0.0000000000
106481  -41.809  15.213  9.033 0.0000000000
71022  -43.620  14.381  10.439 0.0000000000
71023  -44.529  14.348  10.458 0.0000000000
71500  -45.888  14.936  10.026 0.0000000000
71501  -46.702  15.188  10.245 0.0000000000
71502  -47.508  15.450  10.482 0.0000000000
71005  -48.932  14.252  12.995 0.0000000000
71017  -48.392  14.686  12.029 0.0000000000
71494  -49.389  14.934  12.617 0.0000000000
71499  -49.817  15.616  12.247 0.0000000000
72490  -51.319  16.806  12.092 0.0000000000
92734  -55.755  11.282  3.284 0.0000000000
108031  -54.338  10.997  3.381 0.0000000000
111184  -52.176  10.517  6.064 0.0000000000
68945  -51.780  10.242  5.884 0.0000000000
68304  -51.930  10.023  5.046 0.0000000000
67680  -50.214  8.834  4.635 0.0000000000
110553  -48.964  7.995  4.670 0.0000000000
66970  -46.479  7.672  6.679 0.0000000000
100317  -44.326  8.144  5.209 0.0000000000
67665  -43.910  8.148  6.000 0.0000000000
64164  -46.062  3.660  12.572 0.0000000000
109535  -46.055  3.976  12.050 0.0000000000
64898  -46.603  4.197  12.093 0.0000000000
64899  -47.492  4.386  12.412 0.0000000000
64912  -47.937  5.002  11.932 0.0000000000
65611  -47.532  5.350  11.223 0.0000000000
65626  -47.124  5.770  10.462 0.0000000000
65634  -44.731  5.822  9.777 0.0000000000
68270  -40.881  9.091  8.240 0.0000000000
68277  -40.603  9.864  7.909 0.0000000000
69520  -39.944  11.402  7.516 0.0000000000
68918  -40.072  10.281  8.193 0.0000000000
69505  -38.952  11.046  9.059 0.0000000000
67810  -55.914  9.369  -6.268 0.0000000000
68438  -54.731  9.817  -6.635 0.0000000000
67744  -49.558  8.455  -0.865 0.0000000000
67769  -50.072  8.555  -2.804 0.0000000000
68423  -49.602  9.814  -4.713 0.0000000000
68454  -52.865  10.515  -8.807 0.0000000000
69083  -52.290  10.612  -9.424 0.0000000000
108492  -52.018  10.810  -9.493 0.0000000000
97998  -49.896  12.863  -8.198 0.0000000000
70150  -50.499  12.459  -9.247 0.0000000000
103784  -51.121  12.634  -10.430 0.0000000000
70157  -51.383  12.407  -11.651 0.0000000000
70648  -51.041  13.509  -12.006 0.0000000000
71160  -50.730  14.655  -12.364 0.0000000000
71527  -43.688  15.491  5.652 0.0000000000
71049  -43.944  15.354  4.975 0.0000000000
71528  -44.376  15.883  5.408 0.0000000000
71533  -45.351  15.730  4.402 0.0000000000
72073  -48.842  15.966  3.975 0.0000000000
71536  -47.972  15.966  4.019 0.0000000000
71560  -48.665  15.379  2.671 0.0000000000
71075  -48.378  14.888  1.496 0.0000000000
72044  -53.373  16.403  5.544 0.0000000000
94053  -52.879  15.405  2.402 0.0000000000
94168  -54.304  15.488  -1.188 0.0000000000
71619  -51.473  15.426  -1.440 0.0000000000
71640  -51.343  15.288  -3.678 0.0000000000
71659  -52.194  15.728  -5.534 0.0000000000
72634  -52.909  17.961  -7.702 0.0000000000
72646  -51.617  17.756  -8.459 0.0000000000
72189  -50.467  17.462  -10.012 0.0000000000
72663  -49.889  17.689  -10.961 0.0000000000
72670  -49.325  17.893  -11.465 0.0000000000
72669  -48.552  17.989  -11.631 0.0000000000
72191  -47.155  17.760  -11.108 0.0000000000
73181  -48.207  18.405  -11.219 0.0000000000
73174  -47.646  18.489  -10.598 0.0000000000
72632  -48.463  17.817  -7.060 0.0000000000
72631  -47.565  17.778  -6.604 0.0000000000
91996  -51.833  18.402  -1.371 0.0000000000
73100  -47.950  19.014  -2.199 0.0000000000
73603  -47.026  19.118  -3.475 0.0000000000
74028  -45.813  21.061  -2.853 0.0000000000
68327  -44.866  9.400  3.125 0.0000000000
68339  -44.767  10.306  2.985 0.0000000000
68990  -44.670  11.126  2.974 0.0000000000
69561  -45.012  11.521  2.560 0.0000000000
99724  -45.175  12.175  2.431 0.0000000000
70066  -45.512  12.901  2.336 0.0000000000
91517  -56.519  18.278  8.600 0.0000000000
91299  -57.858  18.024  8.148 0.0000000000
104428  -57.884  18.154  7.770 0.0000000000
104476  -57.744  18.400  6.930 0.0000000000
106913  -56.925  18.594  5.324 0.0000000000
73045  -56.145  18.577  4.435 0.0000000000
94609  -54.887  18.433  3.898 0.0000000000
73043  -52.592  18.544  4.558 0.0000000000
73031  -53.009  18.893  5.263 0.0000000000
73546  -50.846  20.025  4.999 0.0000000000
67832  -48.914  8.938  -10.099 0.0000000000
71008  -39.409  14.224  11.506 0.0000000000
104316  -40.696  14.467  10.778 0.0000000000
71009  -40.491  14.317  11.529 0.0000000000
70506  -41.476  14.106  11.787 0.0000000000
110979  -42.205  13.801  11.888 0.0000000000
70486  -41.217  13.328  12.975 0.0000000000
94412  -41.761  13.600  12.371 0.0000000000
70507  -42.896  13.646  11.692 0.0000000000
103189  -50.771  9.845  7.158 0.0000000000
68290  -49.640  9.502  6.820 0.0000000000
67653  -49.367  9.223  6.247 0.0000000000
68280  -48.890  9.145  6.847 0.0000000000
66959  -47.816  8.298  7.746 0.0000000000
66958  -46.487  7.594  7.361 0.0000000000
111703  -45.950  7.253  7.541 0.0000000000
63404  -43.431  2.465  13.573 0.0000000000
63417  -43.798  2.874  13.032 0.0000000000
64161  -43.337  3.347  12.474 0.0000000000
64162  -44.239  3.392  12.494 0.0000000000
64174  -43.819  3.826  11.841 0.0000000000
67623  -39.795  8.452  9.610 0.0000000000
68260  -39.269  9.054  9.664 0.0000000000
67616  -39.160  8.437  10.139 0.0000000000
67615  -38.587  8.504  10.519 0.0000000000
67614  -38.129  9.051  10.653 0.0000000000
100125  -37.389  8.985  11.166 0.0000000000
68404  -48.641  9.534  -2.520 0.0000000000
68414  -48.708  10.030  -3.197 0.0000000000
106557  -48.769  11.115  -3.884 0.0000000000
69077  -50.165  10.532  -7.310 0.0000000000
69628  -49.689  11.158  -6.759 0.0000000000
70629  -49.835  13.536  -7.730 0.0000000000
71143  -50.009  14.258  -7.885 0.0000000000
72033  -46.319  17.164  6.282 0.0000000000
72513  -47.109  17.315  5.956 0.0000000000
72039  -48.085  17.066  5.031 0.0000000000
72523  -48.479  17.310  5.726 0.0000000000
72040  -48.935  17.042  5.025 0.0000000000
72055  -48.474  16.522  4.507 0.0000000000
71551  -50.127  15.591  3.300 0.0000000000
71567  -56.087  15.886  1.944 0.0000000000
109283  -55.014  15.544  1.799 0.0000000000
71581  -55.456  15.661  1.213 0.0000000000
71606  -55.395  15.611  -0.463 0.0000000000
95521  -56.118  15.833  -1.545 0.0000000000
71634  -54.324  15.512  -2.765 0.0000000000
71652  -54.057  15.920  -4.345 0.0000000000
72156  -54.364  17.382  -6.006 0.0000000000
72610  -55.372  17.979  -5.732 0.0000000000
72621  -54.051  18.031  -6.822 0.0000000000
72635  -53.388  18.212  -7.230 0.0000000000
73164  -52.154  18.376  -7.904 0.0000000000
73163  -50.840  18.453  -8.425 0.0000000000
92992  -51.586  18.484  -7.861 0.0000000000
72620  -50.440  18.361  -6.575 0.0000000000
73143  -51.199  18.517  -6.304 0.0000000000
107864  -49.518  17.822  -5.212 0.0000000000
67718  -50.318  8.303  1.687 0.0000000000
106891  -49.793  8.189  0.577 0.0000000000
91927  -49.302  8.259  0.020 0.0000000000
67743  -48.643  8.553  -0.552 0.0000000000
68341  -45.943  9.478  1.845 0.0000000000
68367  -47.472  9.452  -0.306 0.0000000000
99637  -47.536  9.841  -0.792 0.0000000000
68392  -47.802  9.930  -1.396 0.0000000000
69040  -47.683  10.713  -1.697 0.0000000000
69604  -47.662  11.563  -2.007 0.0000000000
70106  -47.789  12.315  -2.251 0.0000000000
72508  -50.683  17.738  7.514 0.0000000000
72518  -52.033  17.098  6.559 0.0000000000
72059  -53.914  16.123  4.842 0.0000000000
72078  -55.431  16.013  3.823 0.0000000000
109343  -57.241  17.717  8.123 0.0000000000
91166  -56.573  17.349  7.377 0.0000000000
104521  -58.256  17.570  5.889 0.0000000000
72061  -56.650  16.554  4.425 0.0000000000
99911  -57.449  16.686  1.586 0.0000000000
106634  -57.723  16.767  0.788 0.0000000000
72106  -57.948  16.970  0.175 0.0000000000
72114  -57.919  17.006  -0.699 0.0000000000
72588  -55.418  18.050  -1.744 0.0000000000
73096  -53.341  18.153  -1.209 0.0000000000
73068  -53.379  17.999  2.941 0.0000000000
73078  -52.067  17.970  2.030 0.0000000000
73084  -50.335  18.410  0.696 0.0000000000
73575  -48.426  19.260  1.603 0.0000000000
73568  -48.191  19.910  2.104 0.0000000000
74005  -47.665  20.594  1.767 0.0000000000
74467  -47.659  21.133  2.034 0.0000000000
97302  -41.450  13.181  5.802 0.0000000000
70533  -42.050  13.350  5.367 0.0000000000
70530  -41.626  13.961  6.022 0.0000000000
71045  -42.102  14.789  6.515 0.0000000000
71041  -41.455  15.054  7.630 0.0000000000
71523  -43.561  15.625  6.522 0.0000000000
71520  -44.251  15.927  7.111 0.0000000000
71020  -41.446  14.617  10.382 0.0000000000
71031  -42.133  14.922  9.742 0.0000000000
71505  -42.597  15.262  9.114 0.0000000000
71506  -43.576  15.303  9.097 0.0000000000
71514  -44.479  15.682  8.425 0.0000000000
72021  -44.955  16.111  7.792 0.0000000000
72028  -45.620  16.602  7.415 0.0000000000
107978  -46.239  16.657  7.813 0.0000000000
72029  -46.875  16.909  7.801 0.0000000000
72030  -47.692  17.143  7.774 0.0000000000
72024  -47.320  16.716  8.440 0.0000000000
72500  -48.899  17.235  8.455 0.0000000000
72501  -49.716  17.516  8.687 0.0000000000
71026  -47.086  14.750  10.921 0.0000000000
71503  -48.328  15.729  10.794 0.0000000000
72019  -49.053  16.916  9.955 0.0000000000
72502  -50.691  17.909  8.505 0.0000000000
72498  -51.321  17.532  10.441 0.0000000000
73016  -52.226  18.181  9.280 0.0000000000
73011  -53.401  18.197  9.226 0.0000000000
72999  -54.958  18.497  11.843 0.0000000000
97424  -54.802  11.080  1.995 0.0000000000
69019  -54.195  10.554  0.795 0.0000000000
68355  -51.804  9.241  1.609 0.0000000000
68319  -52.080  9.926  4.295 0.0000000000
68978  -52.589  10.097  3.742 0.0000000000
95505  -51.600  9.203  2.278 0.0000000000
67719  -51.065  8.719  1.850 0.0000000000
67018  -49.399  7.723  2.409 0.0000000000
110928  -49.230  7.755  3.622 0.0000000000
92674  -47.885  7.148  2.664 0.0000000000
106197  -47.067  7.531  5.550 0.0000000000
66998  -47.382  7.305  4.838 0.0000000000
67007  -46.093  7.382  3.753 0.0000000000
67691  -44.370  8.987  3.843 0.0000000000
68316  -43.853  9.633  4.210 0.0000000000
68961  -43.374  10.390  4.483 0.0000000000
68960  -42.754  10.923  4.855 0.0000000000
111081  -41.913  11.202  5.584 0.0000000000
66921  -50.534  7.422  11.342 0.0000000000
64852  -50.210  4.914  16.489 0.0000000000
65563  -50.702  5.288  15.967 0.0000000000
65570  -50.507  5.287  15.126 0.0000000000
64132  -46.821  3.015  14.144 0.0000000000
102979  -47.562  3.335  14.441 0.0000000000
64147  -46.453  3.333  13.393 0.0000000000
64149  -48.080  3.789  13.942 0.0000000000
109037  -49.390  4.406  14.762 0.0000000000
65583  -50.952  5.735  14.529 0.0000000000
65593  -50.616  5.714  13.861 0.0000000000
66256  -50.528  6.030  13.190 0.0000000000
109023  -49.306  5.612  12.252 0.0000000000
66268  -50.347  6.406  12.447 0.0000000000
66280  -50.105  6.705  11.711 0.0000000000
66928  -48.699  7.173  10.033 0.0000000000
66302  -47.242  6.429  9.796 0.0000000000
66312  -46.173  6.836  8.555 0.0000000000
66946  -45.658  7.006  8.004 0.0000000000
65623  -44.320  5.364  10.354 0.0000000000
65633  -43.858  5.821  9.773 0.0000000000
66299  -44.260  6.291  9.230 0.0000000000
66298  -43.414  6.377  9.284 0.0000000000
66309  -43.819  6.674  8.692 0.0000000000
99840  -44.140  6.857  8.216 0.0000000000
98851  -44.074  7.137  7.790 0.0000000000
68942  -41.651  10.960  5.938 0.0000000000
69534  -41.604  11.684  5.694 0.0000000000
70041  -41.175  12.454  5.964 0.0000000000
96855  -40.232  13.116  6.962 0.0000000000
70524  -39.794  13.364  7.578 0.0000000000
70034  -39.480  11.833  7.880 0.0000000000
106517  -39.368  12.713  7.979 0.0000000000
70515  -39.008  14.120  10.047 0.0000000000
68259  -38.805  9.799  9.784 0.0000000000
68909  -38.635  10.700  9.659 0.0000000000
70514  -38.423  13.478  10.332 0.0000000000
99580  -38.851  14.113  10.814 0.0000000000
70504  -38.969  14.026  12.176 0.0000000000
70492  -37.923  13.465  12.560 0.0000000000
70484  -38.524  13.381  13.278 0.0000000000
67077  -54.187  7.483  -5.733 0.0000000000
67809  -55.197  9.307  -6.709 0.0000000000
67085  -53.956  8.003  -6.587 0.0000000000
67084  -53.156  7.379  -6.780 0.0000000000
67094  -52.812  7.878  -7.693 0.0000000000
67732  -51.404  8.758  0.344 0.0000000000
106032  -51.892  8.868  -3.420 0.0000000000
68437  -53.974  10.016  -7.127 0.0000000000
68446  -54.076  10.269  -8.189 0.0000000000
67833  -50.015  9.044  -10.499 0.0000000000
68474  -50.042  9.578  -10.921 0.0000000000
69097  -50.071  10.167  -11.299 0.0000000000
69096  -49.353  10.654  -11.067 0.0000000000
70156  -50.440  12.212  -12.360 0.0000000000
70155  -49.248  12.117  -11.452 0.0000000000
102439  -48.737  13.009  -10.708 0.0000000000
94872  -42.808  13.442  4.763 0.0000000000
71051  -44.063  14.828  4.453 0.0000000000
107030  -46.074  13.625  2.243 0.0000000000
72052  -45.856  16.453  4.853 0.0000000000
71534  -46.212  15.873  4.216 0.0000000000
71547  -46.575  15.405  3.588 0.0000000000
71068  -46.521  14.382  2.546 0.0000000000
95051  -48.211  14.593  0.919 0.0000000000
70566  -47.935  14.290  0.298 0.0000000000
95376  -47.748  13.921  -0.349 0.0000000000
70573  -48.202  14.282  -1.006 0.0000000000
71098  -48.776  14.415  -2.386 0.0000000000
72058  -51.724  16.001  4.637 0.0000000000
72057  -50.909  16.194  4.606 0.0000000000
71566  -54.614  15.511  2.403 0.0000000000
94583  -53.634  15.391  2.184 0.0000000000
92144  -53.036  15.450  0.251 0.0000000000
92382  -52.686  15.450  0.953 0.0000000000
71578  -52.354  15.448  1.762 0.0000000000
71577  -51.520  15.483  1.933 0.0000000000
71601  -49.881  15.384  -0.276 0.0000000000
71617  -49.948  15.333  -1.140 0.0000000000
92761  -49.268  14.898  -2.097 0.0000000000
93578  -49.662  14.706  -4.164 0.0000000000
71132  -50.029  14.702  -7.098 0.0000000000
71682  -50.286  14.723  -8.657 0.0000000000
72164  -52.179  16.842  -7.196 0.0000000000
72163  -51.150  15.959  -6.938 0.0000000000
71699  -50.409  15.329  -12.693 0.0000000000
72198  -50.179  16.076  -12.440 0.0000000000
71698  -50.163  15.661  -12.720 0.0000000000
72655  -47.785  18.513  -9.356 0.0000000000
95767  -46.870  18.092  -8.677 0.0000000000
73115  -53.494  18.417  -3.032 0.0000000000
92142  -52.334  18.494  -3.434 0.0000000000
73126  -51.448  18.482  -3.653 0.0000000000
73135  -49.487  17.975  -4.485 0.0000000000
73125  -49.203  18.419  -3.029 0.0000000000
72607  -47.034  18.160  -5.137 0.0000000000
72606  -46.226  17.943  -5.071 0.0000000000
72600  -45.582  17.590  -4.425 0.0000000000
72144  -44.825  16.987  -5.103 0.0000000000
72121  -44.170  16.579  -2.361 0.0000000000
101719  -43.250  19.029  0.497 0.0000000000
73997  -50.260  20.392  4.618 0.0000000000
108297  -48.704  21.044  3.308 0.0000000000
106180  -48.258  21.269  2.681 0.0000000000
74967  -47.394  21.650  1.327 0.0000000000
74968  -48.318  22.727  1.493 0.0000000000
94852  -47.464  23.821  -1.519 0.0000000000
63389  -47.106  2.798  14.908 0.0000000000
63405  -44.231  2.553  13.613 0.0000000000
66920  -49.830  7.070  11.005 0.0000000000
67839  -49.344  9.293  -10.491 0.0000000000
68926  -39.737  10.987  8.044 0.0000000000
68963  -52.583  10.299  4.540 0.0000000000
70488  -48.082  12.827  13.837 0.0000000000
70503  -37.941  13.564  11.797 0.0000000000
71163  -50.437  14.976  -12.781 0.0000000000
72147  -55.834  17.597  -5.129 0.0000000000
72511  -57.988  18.061  7.793 0.0000000000
72623  -55.293  18.192  -5.584 0.0000000000
72648  -52.781  18.299  -7.565 0.0000000000
72668  -47.584  18.117  -11.328 0.0000000000
72676  -49.250  17.324  -11.847 0.0000000000
91395  -57.831  18.008  8.244 0.0000000000
94195  -50.197  16.634  -11.362 0.0000000000
94879  -49.537  4.370  15.410 0.0000000000
95953  -48.958  17.703  -6.459 0.0000000000
96956  -51.134  10.558  -11.554 0.0000000000
100607  -52.447  15.333  -2.848 0.0000000000
103874  -50.298  13.134  -12.378 0.0000000000
104499  -57.910  18.020  8.038 0.0000000000
105042  -38.518  13.943  11.499 0.0000000000
106699  -50.757  18.520  -3.070 0.0000000000
107392  -48.300  8.538  7.936 0.0000000000
107451  -49.552  18.249  -10.833 0.0000000000
109544  -46.230  7.219  4.364 0.0000000000
109716  -49.536  16.383  -12.336 0.0000000000
109961  -44.086  15.477  8.763 0.0000000000
110154  -40.850  14.737  9.856 0.0000000000
110429  -52.313  18.159  -0.187 0.0000000000
