#!ascii label  , from subject sub-v1s16x0051173_ses-1 vox2ras=TkReg
1063
1749  -32.125  -78.601  7.031 0.5000000000
1755  -31.449  -78.636  6.403 0.6000000238
3521  -31.353  -73.473  10.924 0.3000000119
105112  -31.115  -79.744  5.867 0.5000000000
3126  -33.717  -74.368  9.192 0.4000000060
3531  -33.018  -73.801  9.714 0.4000000060
3986  -32.768  -73.099  10.260 0.4000000060
102983  -32.076  -73.149  10.698 0.3000000119
3532  -34.017  -73.515  9.377 0.4000000060
2420  -33.747  -76.872  4.963 0.5000000000
2091  -33.811  -76.939  5.148 0.5000000000
1750  -33.230  -78.015  6.583 0.5000000000
2785  -33.217  -76.316  5.196 0.6000000238
2419  -32.811  -76.784  4.991 0.5000000000
1761  -31.627  -78.187  5.495 0.6000000238
3951  -31.066  -72.899  12.225 0.3000000119
2089  -31.545  -77.813  4.827 0.5000000000
2747  -34.925  -75.848  8.341 0.5000000000
3139  -34.307  -75.079  8.620 0.5000000000
3964  -31.397  -72.467  11.880 0.3000000119
1754  -30.696  -78.440  5.515 0.5000000000
3537  -35.692  -74.323  8.391 0.5000000000
3987  -33.580  -72.931  9.795 0.4000000060
3976  -32.492  -72.492  10.771 0.3000000119
3975  -31.721  -72.809  11.220 0.3000000119
93439  -34.735  -73.270  9.115 0.4000000060
3988  -34.309  -72.749  9.392 0.4000000060
94460  -35.419  -73.490  8.598 0.4000000060
3571  -33.301  -73.137  4.983 0.6999999881
3184  -33.783  -73.948  5.478 0.6999999881
3176  -34.299  -74.802  5.624 0.6999999881
1747  -34.154  -77.605  7.049 0.5000000000
3569  -31.125  -72.868  4.383 0.6999999881
3560  -31.943  -73.648  5.432 0.6999999881
3175  -33.364  -74.756  5.710 0.8000000119
2408  -33.863  -75.926  5.338 0.5000000000
98292  -32.894  -75.484  5.654 0.6999999881
2062  -33.900  -77.800  7.594 0.5000000000
100797  -31.716  -74.344  5.772 0.6999999881
2055  -35.035  -76.992  7.832 0.4000000060
2390  -35.065  -76.540  8.047 0.5000000000
3488  -31.163  -73.146  12.806 0.3000000119
105307  -31.249  -75.392  5.858 0.6000000238
2749  -36.093  -75.655  7.782 0.5000000000
2748  -35.635  -75.855  8.044 0.5000000000
3952  -31.339  -72.373  12.610 0.3000000119
2406  -31.474  -76.165  5.551 0.5000000000
3151  -37.009  -75.082  7.718 0.5000000000
3545  -37.277  -73.734  6.770 0.4000000060
3544  -37.186  -73.975  7.209 0.4000000060
3996  -34.970  -72.591  8.791 0.4000000060
94565  -33.956  -72.162  9.745 0.4000000060
3977  -33.273  -72.307  10.285 0.4000000060
3998  -36.570  -73.202  7.312 0.3000000119
3997  -35.795  -72.908  8.101 0.4000000060
4481  -29.568  -71.530  4.585 0.5000000000
4494  -29.916  -71.644  3.844 0.6000000238
4028  -30.416  -71.710  3.430 0.6000000238
4024  -31.477  -72.343  3.386 0.6000000238
3570  -32.230  -73.017  4.700 0.6000000238
4461  -29.708  -71.166  7.081 0.5000000000
4472  -29.415  -71.401  5.873 0.5000000000
4480  -28.831  -71.805  4.977 0.6000000238
4022  -29.746  -71.982  3.798 0.6000000238
4023  -30.498  -72.171  3.521 0.6999999881
2409  -34.058  -76.667  5.109 0.6000000238
2347  -32.864  -76.335  12.228 0.3000000119
4448  -28.379  -71.265  7.685 0.6999999881
4460  -28.773  -71.459  6.744 0.6000000238
4471  -28.606  -71.729  5.769 0.6000000238
4493  -29.257  -71.927  4.273 0.6000000238
3568  -30.048  -72.618  4.445 0.6999999881
2786  -34.510  -75.630  5.725 0.6000000238
106473  -35.215  -76.168  6.335 0.6000000238
104456  -34.900  -77.110  7.041 0.5000000000
4915  -28.408  -70.633  9.302 0.6999999881
4459  -27.884  -71.704  6.873 0.6000000238
4479  -28.329  -71.985  5.577 0.6000000238
3558  -28.866  -72.590  5.134 0.6999999881
3559  -30.262  -73.591  5.700 0.6999999881
2065  -36.010  -76.940  7.160 0.5000000000
3069  -31.492  -73.925  13.028 0.3000000119
102969  -27.888  -70.566  9.916 0.6999999881
4437  -27.901  -71.123  8.420 0.6000000238
89404  -27.395  -71.597  7.618 0.6999999881
4010  -27.955  -72.181  5.991 0.6000000238
3557  -28.397  -72.328  5.566 0.6000000238
3173  -31.039  -74.610  5.928 0.6999999881
2787  -35.372  -75.394  5.998 0.5000000000
2773  -37.210  -74.854  6.624 0.5000000000
4458  -27.251  -71.971  7.081 0.6000000238
3549  -27.527  -72.300  6.730 0.6000000238
3171  -29.467  -73.741  6.010 0.6000000238
2783  -30.588  -75.641  5.885 0.6000000238
104472  -36.975  -74.044  5.162 0.5000000000
4416  -31.714  -71.757  12.243 0.3000000119
4447  -26.384  -71.853  8.680 0.6999999881
3995  -26.696  -71.937  7.796 0.6000000238
3550  -27.959  -72.818  6.228 0.6000000238
3160  -28.292  -74.224  6.792 0.5000000000
3161  -29.015  -74.425  6.421 0.5000000000
2782  -29.647  -75.942  5.859 0.5000000000
100772  -30.827  -76.630  5.277 0.5000000000
3162  -37.350  -74.092  6.483 0.5000000000
4465  -36.198  -71.940  6.558 0.3000000119
4004  -35.911  -72.267  7.398 0.3000000119
4452  -35.340  -72.147  8.170 0.3000000119
92356  -34.448  -72.086  9.204 0.4000000060
2404  -29.436  -76.749  4.882 0.5000000000
4011  -36.731  -72.344  6.093 0.3000000119
4005  -36.704  -72.725  6.699 0.3000000119
4462  -30.522  -71.078  6.901 0.5000000000
4473  -30.634  -71.100  5.607 0.5000000000
4482  -30.352  -71.142  4.114 0.5000000000
4917  -30.478  -70.075  9.360 0.5000000000
4931  -29.886  -70.592  8.671 0.5000000000
4450  -30.412  -70.876  7.930 0.5000000000
4495  -30.486  -71.280  3.481 0.5000000000
4030  -31.562  -71.541  2.784 0.6000000238
104012  -32.221  -72.090  2.973 0.6000000238
4916  -29.503  -70.275  9.552 0.5000000000
4025  -32.736  -72.539  3.991 0.6000000238
3185  -34.724  -73.954  5.334 0.8000000119
2348  -33.759  -76.479  12.123 0.3000000119
4905  -28.832  -70.188  10.205 0.6000000238
4930  -28.911  -70.799  8.576 0.6000000238
3578  -33.949  -72.598  4.366 0.4000000060
2708  -33.401  -75.712  12.639 0.3000000119
3186  -35.707  -73.942  5.010 0.5000000000
3177  -35.271  -74.732  5.400 0.6000000238
3070  -32.442  -74.060  13.409 0.3000000119
107074  -32.406  -73.457  13.625 0.3000000119
102881  -27.207  -70.685  10.389 0.6999999881
3580  -35.659  -72.626  4.381 0.4000000060
3472  -32.257  -72.890  13.748 0.3000000119
105500  -27.253  -70.905  9.750 0.6000000238
4436  -27.324  -71.113  9.117 0.6999999881
3187  -36.511  -73.745  4.965 0.4000000060
4417  -32.311  -71.248  11.757 0.3000000119
4887  -26.647  -70.634  11.058 0.6000000238
4426  -26.365  -71.265  10.310 0.6999999881
4003  -26.884  -72.102  7.433 0.6000000238
88703  -27.626  -73.324  6.987 0.5000000000
3150  -27.640  -74.589  7.441 0.5000000000
2770  -29.726  -74.968  6.336 0.6000000238
103433  -36.304  -72.823  4.876 0.4000000060
3188  -37.023  -73.521  5.038 0.4000000060
4962  -35.688  -70.491  4.917 0.3000000119
4483  -35.941  -71.152  5.475 0.3000000119
4943  -35.481  -70.232  6.594 0.3000000119
90567  -35.394  -70.874  7.259 0.3000000119
4451  -34.808  -71.600  8.598 0.4000000060
4428  -32.862  -71.593  10.897 0.3000000119
3994  -26.411  -72.137  8.256 0.6000000238
103014  -27.027  -73.832  8.187 0.5000000000
3138  -27.082  -74.613  7.953 0.5000000000
2758  -28.032  -75.117  7.071 0.5000000000
2769  -28.808  -75.359  6.499 0.5000000000
2781  -28.351  -75.923  5.941 0.6000000238
2403  -28.291  -76.450  4.984 0.5000000000
4027  -36.691  -72.137  5.143 0.3000000119
4484  -36.558  -71.854  5.374 0.3000000119
3542  -26.919  -72.848  7.855 0.5000000000
2757  -27.313  -75.172  7.500 0.5000000000
2768  -27.868  -75.468  6.689 0.5000000000
2767  -26.922  -75.566  7.046 0.5000000000
5427  -31.108  -69.420  9.793 0.5000000000
96241  -30.681  -70.426  8.712 0.5000000000
4940  -31.453  -70.833  6.933 0.5000000000
4949  -31.825  -70.658  6.103 0.5000000000
4959  -31.306  -70.685  4.768 0.5000000000
4968  -31.085  -70.704  3.355 0.5000000000
4906  -29.631  -69.880  10.447 0.5000000000
4977  -31.638  -70.430  2.654 0.4000000060
4503  -32.005  -70.528  2.333 0.4000000060
2359  -33.753  -77.222  11.589 0.3000000119
2360  -34.388  -76.949  11.529 0.3000000119
4890  -29.224  -69.807  11.175 0.6000000238
4035  -32.482  -71.357  2.482 0.4000000060
4031  -33.235  -72.065  3.239 0.4000000060
4889  -28.533  -69.902  11.595 0.6000000238
93611  -28.221  -70.163  10.787 0.6000000238
3071  -33.481  -74.309  13.455 0.3000000119
4888  -27.613  -70.124  11.452 0.6000000238
3579  -34.871  -72.452  4.182 0.4000000060
4874  -27.464  -69.905  12.352 0.6000000238
4033  -35.220  -71.881  3.815 0.4000000060
4034  -36.035  -72.088  4.237 0.4000000060
4391  -31.712  -71.759  13.118 0.3000000119
4505  -36.127  -71.642  4.413 0.3000000119
4979  -35.800  -71.064  4.228 0.3000000119
4932  -31.252  -70.456  8.330 0.5000000000
97295  -31.161  -70.821  7.640 0.5000000000
4941  -32.196  -70.339  7.065 0.5000000000
91793  -32.194  -70.302  5.417 0.4000000060
4907  -30.330  -69.728  10.181 0.5000000000
4960  -32.072  -70.123  4.200 0.4000000060
4969  -31.973  -69.953  2.815 0.4000000060
5412  -30.828  -69.012  10.649 0.6000000238
4985  -32.626  -69.681  1.759 0.4000000060
4507  -32.997  -70.330  1.736 0.4000000060
2709  -34.182  -75.681  12.554 0.3000000119
4875  -28.316  -69.801  12.289 0.6000000238
4036  -33.621  -71.227  2.592 0.4000000060
4032  -34.355  -72.027  3.390 0.4000000060
104728  -34.720  -71.110  2.729 0.4000000060
4509  -35.166  -70.414  2.589 0.4000000060
4504  -35.539  -71.116  3.690 0.3000000119
99861  -35.427  -70.077  3.071 0.3000000119
4886  -26.110  -70.504  11.657 0.6000000238
4918  -31.247  -69.894  9.035 0.5000000000
4933  -31.783  -70.422  7.783 0.5000000000
5443  -32.373  -69.721  7.874 0.4000000060
4950  -32.554  -70.085  6.229 0.4000000060
5413  -31.351  -68.916  9.961 0.5000000000
4951  -32.879  -69.718  5.199 0.4000000060
5411  -30.133  -69.465  11.039 0.6000000238
5397  -30.306  -68.890  11.587 0.6000000238
4961  -33.067  -69.084  3.474 0.4000000060
5396  -29.819  -69.378  11.761 0.6000000238
5483  -32.947  -69.003  1.495 0.4000000060
4986  -33.360  -69.152  1.273 0.4000000060
5395  -29.205  -69.586  12.249 0.6000000238
104097  -33.722  -69.841  1.471 0.4000000060
5485  -34.158  -68.376  1.203 0.4000000060
103668  -35.050  -69.635  2.163 0.4000000060
5991  -35.071  -68.105  1.522 0.4000000060
3473  -33.034  -73.442  13.815 0.3000000119
3474  -33.982  -73.705  13.796 0.3000000119
5378  -28.099  -69.679  13.097 0.6000000238
5472  -35.385  -69.054  3.129 0.4000000060
4392  -32.296  -71.078  13.564 0.3000000119
3935  -32.831  -72.501  14.155 0.3000000119
4873  -26.574  -70.020  12.392 0.6000000238
5360  -27.009  -69.655  13.847 0.6999999881
106251  -27.827  -69.337  14.877 0.6999999881
4860  -27.243  -69.768  13.156 0.6000000238
90877  -27.189  -69.543  14.666 0.6999999881
5340  -27.297  -69.249  15.387 0.6999999881
5350  -26.318  -69.696  14.113 0.6000000238
5852  -27.978  -68.640  15.231 0.6999999881
6346  -27.460  -67.603  15.474 0.6000000238
91097  -26.356  -69.507  15.198 0.6999999881
5842  -27.161  -68.462  15.801 0.6999999881
5442  -31.823  -69.829  8.508 0.5000000000
105685  -32.571  -69.167  8.120 0.5000000000
5905  -31.176  -68.373  10.354 0.5000000000
5921  -31.646  -68.455  9.595 0.5000000000
5428  -31.737  -69.182  9.251 0.5000000000
87633  -32.851  -69.094  7.644 0.5000000000
5449  -32.770  -69.649  7.014 0.4000000060
5455  -33.229  -69.403  6.067 0.4000000060
5888  -30.320  -68.128  12.085 0.6000000238
5904  -30.655  -68.270  11.195 0.6000000238
6389  -30.840  -67.565  10.671 0.6000000238
6390  -31.437  -67.768  9.825 0.6000000238
5464  -33.597  -68.774  4.790 0.4000000060
5380  -29.884  -68.865  12.473 0.6000000238
6377  -30.412  -67.489  11.613 0.6000000238
5363  -29.259  -69.185  13.135 0.6000000238
5866  -29.586  -68.548  13.216 0.6000000238
5877  -30.006  -67.951  12.859 0.6000000238
96612  -29.607  -66.747  12.523 0.6000000238
103564  -30.125  -66.938  11.909 0.6000000238
5484  -33.751  -68.364  1.243 0.4000000060
5983  -35.018  -67.059  2.884 0.4000000060
5865  -29.117  -68.712  13.948 0.6000000238
6358  -29.514  -67.777  13.522 0.6000000238
106511  -29.078  -66.476  12.147 0.6000000238
90798  -27.431  -66.464  10.799 0.6000000238
94799  -34.646  -67.546  1.788 0.4000000060
5362  -28.668  -69.376  13.678 0.6000000238
6357  -28.893  -67.620  14.191 0.5000000000
101510  -29.148  -66.813  13.488 0.6000000238
6854  -28.770  -66.389  12.711 0.6000000238
6869  -28.321  -66.377  11.718 0.6000000238
5361  -27.855  -69.560  14.053 0.6999999881
5351  -28.412  -69.128  14.496 0.6000000238
6843  -28.291  -66.819  14.210 0.6000000238
96268  -28.191  -66.440  13.417 0.6000000238
6868  -26.995  -66.427  11.609 0.6000000238
94270  -25.780  -66.501  10.074 0.6000000238
6900  -25.565  -66.414  9.123 0.6000000238
6853  -27.250  -66.318  13.137 0.6000000238
6867  -25.936  -66.391  11.558 0.6000000238
92450  -25.524  -66.312  10.831 0.6000000238
90100  -25.279  -66.190  10.165 0.6000000238
6347  -28.199  -67.575  14.864 0.6000000238
6842  -27.407  -66.415  14.013 0.6000000238
94759  -26.572  -66.324  12.371 0.5000000000
7491  -24.979  -65.824  10.227 0.6000000238
101614  -26.339  -66.173  13.279 0.5000000000
101849  -26.658  -69.053  15.864 0.6999999881
106714  -26.769  -67.601  15.960 0.6999999881
6337  -26.702  -66.824  15.553 0.5000000000
89284  -26.320  -66.218  14.509 0.6000000238
6852  -25.665  -66.115  12.363 0.5000000000
6866  -25.305  -66.079  11.553 0.5000000000
6841  -25.582  -65.866  13.390 0.6000000238
9302  -18.940  -62.014  16.056 0.6000000238
8663  -19.746  -63.239  16.293 0.6000000238
8039  -19.519  -63.896  16.183 0.6000000238
5922  -32.147  -68.535  8.913 0.5000000000
6405  -31.933  -67.872  9.147 0.5000000000
87632  -32.621  -68.598  8.172 0.5000000000
5450  -33.287  -68.941  6.804 0.5000000000
6885  -29.652  -66.465  10.501 0.5000000000
6404  -31.084  -67.169  9.896 0.5000000000
6904  -29.689  -66.544  8.749 0.5000000000
88580  -33.623  -68.548  5.737 0.4000000060
88194  -34.233  -67.688  4.426 0.4000000060
104615  -29.911  -66.468  9.702 0.5000000000
6923  -28.659  -66.602  8.254 0.5000000000
5477  -33.757  -68.119  1.684 0.4000000060
89546  -34.404  -67.264  2.748 0.4000000060
88195  -35.252  -67.221  3.080 0.4000000060
94579  -27.810  -66.422  9.908 0.5000000000
101990  -28.036  -66.466  9.078 0.5000000000
6903  -28.917  -66.364  9.568 0.5000000000
94051  -26.718  -66.549  10.029 0.6000000238
6902  -27.165  -66.557  9.191 0.6000000238
6901  -26.194  -66.657  9.249 0.6000000238
104335  -25.055  -66.015  9.417 0.4000000060
6919  -25.194  -66.293  8.387 0.4000000060
6937  -25.127  -66.867  7.149 0.4000000060
7504  -24.802  -65.207  9.501 0.6000000238
8119  -24.535  -64.515  8.796 0.5000000000
8133  -24.520  -64.945  7.807 0.4000000060
104915  -24.835  -65.936  7.875 0.4000000060
8769  -24.360  -64.048  6.981 0.4000000060
5339  -25.748  -69.099  16.009 0.6999999881
6882  -25.127  -66.028  10.892 0.6000000238
89111  -24.385  -63.780  8.119 0.4000000060
6824  -25.756  -66.187  15.396 0.6000000238
7470  -25.237  -65.841  12.432 0.5000000000
7481  -25.029  -65.908  11.577 0.5000000000
8104  -24.584  -64.250  9.602 0.5000000000
89768  -24.400  -63.581  8.979 0.5000000000
89823  -24.393  -63.019  7.594 0.4000000060
8085  -24.929  -64.748  11.058 0.5000000000
94514  -18.842  -60.725  16.059 0.6999999881
9291  -19.565  -61.620  16.524 0.6000000238
9928  -19.677  -60.519  16.637 0.6999999881
9292  -20.326  -62.296  16.709 0.6000000238
9929  -20.992  -61.043  17.252 0.6000000238
8664  -20.261  -63.105  16.553 0.6000000238
95962  -21.064  -61.974  17.013 0.6000000238
9930  -21.789  -61.541  17.254 0.6000000238
9914  -22.415  -60.983  17.461 0.6000000238
10561  -23.818  -60.580  17.412 0.6000000238
8029  -20.144  -64.346  16.783 0.5000000000
8665  -21.141  -62.991  16.778 0.6000000238
9293  -21.894  -62.390  16.911 0.6000000238
9931  -22.593  -61.906  17.141 0.6000000238
9915  -23.230  -61.329  17.403 0.6000000238
87635  -33.108  -68.363  7.387 0.5000000000
8017  -20.760  -64.634  17.317 0.5000000000
8030  -20.609  -63.815  16.871 0.5000000000
9294  -22.669  -62.677  16.559 0.5000000000
9932  -23.441  -62.244  16.838 0.5000000000
6418  -31.531  -67.102  8.968 0.4000000060
105154  -32.028  -67.481  8.725 0.5000000000
101184  -33.205  -67.523  6.902 0.5000000000
101141  -33.561  -68.057  6.441 0.4000000060
8031  -21.359  -64.025  17.077 0.5000000000
92210  -22.120  -63.456  16.701 0.5000000000
88644  -23.297  -62.910  16.105 0.5000000000
9933  -24.448  -62.225  16.885 0.5000000000
101155  -34.009  -67.585  5.364 0.4000000060
88243  -33.861  -67.116  5.769 0.4000000060
101185  -34.363  -66.358  4.934 0.4000000060
8018  -21.576  -64.904  17.525 0.5000000000
93815  -22.807  -63.789  16.493 0.5000000000
8666  -22.760  -63.200  16.297 0.6000000238
9303  -23.933  -63.217  15.680 0.6000000238
100996  -34.655  -66.612  4.372 0.4000000060
7419  -22.655  -65.100  17.403 0.6000000238
8033  -23.295  -64.491  16.521 0.6000000238
8667  -23.449  -63.695  16.027 0.6999999881
6922  -27.614  -66.687  8.313 0.5000000000
5815  -22.915  -68.202  17.179 0.6000000238
6921  -26.649  -66.815  8.410 0.5000000000
6938  -25.743  -67.513  6.678 0.4000000060
5823  -23.726  -68.424  16.859 0.6000000238
6920  -25.660  -66.862  7.894 0.4000000060
5824  -24.590  -68.004  16.755 0.6000000238
5841  -25.474  -68.104  16.481 0.6000000238
7534  -24.681  -65.953  7.058 0.4000000060
6335  -25.336  -66.190  16.101 0.6000000238
88806  -26.327  -68.275  16.202 0.6999999881
103656  -25.408  -65.787  14.425 0.6000000238
7469  -25.180  -65.535  13.014 0.6000000238
7461  -25.334  -65.609  13.608 0.5000000000
89958  -25.049  -65.622  12.188 0.5000000000
10572  -20.890  -60.091  17.275 0.6999999881
10558  -21.536  -59.853  17.291 0.6000000238
10559  -22.183  -60.041  17.432 0.6000000238
11160  -23.474  -59.648  17.247 0.6000000238
10560  -22.968  -60.320  17.442 0.6000000238
91216  -24.394  -59.799  17.289 0.6999999881
10562  -24.709  -60.852  17.375 0.6000000238
9916  -24.094  -61.545  17.305 0.6000000238
6926  -32.154  -67.101  8.115 0.5000000000
101382  -32.815  -67.960  7.773 0.5000000000
87634  -32.646  -67.416  7.597 0.5000000000
9917  -24.853  -61.653  17.244 0.6000000238
10563  -25.529  -61.233  17.204 0.5000000000
105397  -33.577  -66.849  6.045 0.5000000000
9304  -24.474  -63.068  15.473 0.6000000238
92602  -23.941  -62.738  16.084 0.6000000238
9935  -26.315  -61.639  16.609 0.5000000000
6925  -30.465  -66.670  8.078 0.5000000000
6312  -23.203  -67.221  17.366 0.6000000238
6797  -23.567  -66.301  17.465 0.4000000060
104203  -22.951  -65.860  17.681 0.6000000238
8676  -24.096  -63.863  15.573 0.6000000238
9296  -25.828  -62.463  16.195 0.6000000238
6924  -29.505  -66.751  7.469 0.4000000060
6322  -24.009  -66.770  17.274 0.5000000000
6810  -24.350  -65.927  16.974 0.5000000000
97500  -23.684  -65.361  16.984 0.6000000238
8040  -23.999  -64.423  15.822 0.6999999881
8041  -24.528  -64.423  15.087 0.6000000238
8677  -24.503  -63.567  15.187 0.6000000238
8678  -24.981  -63.247  14.825 0.6000000238
90685  -27.117  -67.096  7.447 0.5000000000
93185  -23.886  -67.611  17.126 0.6000000238
7435  -24.336  -65.311  16.126 0.6000000238
7445  -24.412  -64.980  15.514 0.6000000238
8685  -24.883  -63.838  14.464 0.6000000238
8686  -25.345  -63.320  14.067 0.6000000238
9305  -25.881  -62.874  14.699 0.6000000238
92451  -26.115  -67.291  7.601 0.4000000060
6323  -24.644  -66.720  16.922 0.5000000000
100002  -24.692  -65.320  15.446 0.6000000238
8050  -24.932  -64.664  14.231 0.6000000238
5825  -25.213  -67.008  16.639 0.6000000238
105534  -25.029  -66.281  16.538 0.6000000238
7452  -24.795  -65.203  14.811 0.6000000238
7453  -25.132  -65.524  14.440 0.6000000238
8073  -25.143  -64.642  11.966 0.5000000000
10581  -18.869  -59.925  15.351 0.6999999881
10571  -20.248  -59.840  16.717 0.6999999881
11192  -19.992  -59.780  13.207 0.6999999881
101278  -20.706  -59.092  14.668 0.6999999881
11167  -20.652  -59.291  15.706 0.6999999881
11157  -21.236  -59.461  16.665 0.6999999881
11158  -21.991  -59.430  16.993 0.6000000238
11171  -23.818  -59.181  17.151 0.6000000238
90039  -25.076  -59.230  17.331 0.5000000000
11162  -26.058  -59.339  17.389 0.5000000000
11161  -25.511  -60.173  17.286 0.5000000000
11172  -26.550  -60.050  17.069 0.5000000000
103707  -31.855  -66.707  7.141 0.4000000060
89420  -32.165  -66.487  6.310 0.5000000000
6946  -33.016  -66.811  6.618 0.5000000000
6961  -33.669  -66.191  5.520 0.4000000060
9297  -26.532  -62.185  15.891 0.6000000238
96894  -25.305  -62.902  15.466 0.6000000238
9306  -26.776  -62.245  15.071 0.6000000238
9311  -25.948  -62.913  13.846 0.6000000238
9959  -27.032  -61.908  14.285 0.6000000238
8059  -25.076  -64.884  13.383 0.6000000238
8694  -25.155  -64.008  13.647 0.6000000238
9312  -26.510  -62.445  14.114 0.6000000238
7460  -25.150  -65.311  13.976 0.6000000238
8695  -25.707  -63.322  13.181 0.5000000000
8060  -25.309  -64.240  12.839 0.5000000000
8072  -25.062  -65.076  12.678 0.5000000000
11193  -20.281  -59.445  13.030 0.6999999881
11186  -20.367  -59.337  13.892 0.6999999881
11816  -21.214  -58.788  15.033 0.6999999881
11181  -21.542  -59.056  15.687 0.6999999881
11806  -22.484  -58.606  16.190 0.6000000238
11168  -22.038  -59.058  16.135 0.6999999881
11170  -23.109  -58.848  16.783 0.4000000060
11200  -20.198  -59.656  12.390 0.6999999881
90607  -20.575  -59.113  13.522 0.6999999881
11828  -20.827  -58.828  14.227 0.6000000238
11817  -21.858  -58.520  15.582 0.6000000238
11795  -24.645  -58.417  17.387 0.5000000000
11221  -19.546  -59.414  11.176 0.6999999881
11844  -20.169  -58.853  12.405 0.6999999881
11796  -25.640  -58.569  17.560 0.5000000000
11856  -19.040  -58.300  11.244 0.6999999881
11797  -26.419  -58.678  17.479 0.5000000000
11855  -18.231  -57.989  10.867 0.6000000238
11854  -17.258  -57.692  10.806 0.6000000238
12562  -16.725  -57.460  11.669 0.6000000238
12560  -14.583  -57.705  11.748 0.5000000000
12533  -15.049  -57.223  13.416 0.5000000000
6960  -32.512  -65.993  5.544 0.4000000060
9321  -26.342  -62.590  13.281 0.6000000238
90058  -23.009  -57.599  16.688 0.5000000000
94489  -22.912  -58.214  16.423 0.5000000000
89426  -20.573  -58.611  13.651 0.6000000238
12523  -20.810  -58.152  14.369 0.6000000238
12510  -21.801  -57.823  15.480 0.6000000238
12497  -22.422  -57.861  16.045 0.6000000238
12478  -23.639  -57.531  17.208 0.5000000000
12498  -23.992  -58.067  17.172 0.5000000000
12480  -25.314  -57.737  17.848 0.5000000000
11843  -19.652  -58.546  11.801 0.6999999881
12539  -20.169  -58.311  13.073 0.6000000238
12509  -21.129  -57.594  15.107 0.6000000238
13229  -21.416  -56.985  15.732 0.6000000238
90602  -26.816  -57.191  18.002 0.5000000000
12551  -19.069  -57.687  11.943 0.6999999881
12538  -19.587  -57.626  13.163 0.6000000238
13251  -19.176  -57.124  13.691 0.6000000238
13227  -19.769  -56.442  15.260 0.6000000238
13217  -21.049  -56.106  16.054 0.6000000238
97819  -18.372  -57.323  12.271 0.6000000238
12537  -18.938  -57.249  12.786 0.6000000238
13237  -18.627  -56.660  14.446 0.6000000238
12550  -17.420  -57.302  12.280 0.6000000238
13249  -17.325  -57.022  14.079 0.6000000238
13236  -17.751  -56.547  14.602 0.6000000238
13953  -18.899  -56.077  15.195 0.6000000238
12549  -16.310  -57.445  12.669 0.5000000000
12534  -15.872  -57.325  13.537 0.5000000000
13248  -16.359  -57.025  14.169 0.5000000000
96825  -18.115  -56.119  15.098 0.6000000238
12546  -13.988  -57.326  12.160 0.5000000000
13247  -15.467  -56.917  13.993 0.5000000000
13235  -16.889  -56.448  14.569 0.6000000238
13951  -17.353  -55.729  15.010 0.6000000238
13971  -14.653  -56.264  13.364 0.5000000000
93390  -15.493  -55.479  14.054 0.5000000000
13961  -15.142  -56.212  13.948 0.4000000060
13950  -16.611  -55.737  14.673 0.5000000000
14668  -17.386  -54.597  15.020 0.6000000238
13203  -23.943  -56.854  17.761 0.5000000000
12479  -24.407  -57.586  17.592 0.5000000000
13219  -22.464  -56.906  16.614 0.6000000238
13202  -23.145  -56.886  17.242 0.5000000000
13205  -25.935  -56.930  18.288 0.5000000000
105439  -22.044  -55.669  17.151 0.6999999881
13912  -22.477  -55.793  17.452 0.6999999881
93167  -20.230  -55.884  15.795 0.6000000238
13930  -21.510  -55.557  16.812 0.6999999881
99886  -19.502  -55.718  15.582 0.6000000238
13929  -20.633  -55.185  16.387 0.6999999881
13940  -18.993  -55.174  15.670 0.6000000238
13941  -19.757  -55.133  15.964 0.6999999881
14657  -18.566  -54.460  15.667 0.6000000238
14658  -19.241  -54.473  15.989 0.6999999881
13983  -14.159  -55.052  11.591 0.5000000000
13972  -14.903  -55.304  13.327 0.5000000000
99009  -16.103  -55.218  14.370 0.4000000060
14667  -16.756  -54.895  14.688 0.6000000238
14669  -17.907  -54.209  15.316 0.6000000238
14689  -14.574  -54.705  12.273 0.5000000000
14678  -15.633  -54.680  13.659 0.4000000060
14679  -16.305  -54.292  13.992 0.5000000000
13204  -24.873  -56.917  18.188 0.5000000000
13914  -24.297  -56.122  18.308 0.5000000000
13913  -23.265  -56.100  17.853 0.6000000238
13895  -23.721  -55.294  18.362 0.5000000000
13896  -24.699  -55.326  18.593 0.5000000000
99541  -22.058  -55.239  17.434 0.6999999881
13911  -21.482  -54.705  17.259 0.6999999881
14647  -20.765  -54.246  16.929 0.6000000238
97871  -18.847  -53.922  15.898 0.6999999881
14646  -20.015  -54.380  16.322 0.6000000238
103197  -17.481  -53.825  14.842 0.6000000238
15371  -18.374  -53.735  15.520 0.6000000238
15407  -15.464  -53.434  12.601 0.5000000000
15393  -16.453  -53.508  13.624 0.4000000060
15382  -17.468  -53.254  14.526 0.6000000238
16133  -15.735  -52.593  12.634 0.4000000060
16122  -15.996  -53.228  13.052 0.4000000060
15394  -16.997  -53.021  13.935 0.5000000000
14629  -22.783  -55.233  17.950 0.6000000238
14615  -24.181  -54.398  18.650 0.5000000000
14628  -22.169  -54.376  17.890 0.6000000238
15335  -23.395  -53.636  18.501 0.5000000000
15345  -21.447  -53.783  17.459 0.6000000238
16067  -22.754  -52.988  18.177 0.5000000000
15362  -20.988  -53.184  16.917 0.6000000238
16088  -19.737  -52.866  16.077 0.6999999881
16089  -20.545  -52.581  16.432 0.5000000000
100888  -18.314  -53.131  15.242 0.6000000238
90171  -17.946  -52.844  14.854 0.5000000000
16124  -16.881  -52.035  13.725 0.4000000060
16112  -17.500  -52.524  14.338 0.5000000000
21082  -14.970  -45.620  9.461 0.4000000060
91069  -15.093  -44.829  9.916 0.3000000119
21066  -15.366  -45.511  10.488 0.4000000060
15336  -24.272  -53.440  18.687 0.5000000000
100014  -15.261  -46.993  9.907 0.3000000119
20388  -15.290  -46.307  10.227 0.4000000060
16078  -22.177  -52.402  17.572 0.5000000000
16068  -23.578  -52.771  18.441 0.5000000000
18928  -15.346  -48.331  10.304 0.3000000119
97641  -15.486  -46.937  10.663 0.4000000060
93189  -21.760  -52.332  17.150 0.5000000000
18921  -15.326  -48.516  11.368 0.3000000119
16821  -20.759  -51.751  16.352 0.6000000238
16102  -19.210  -52.291  15.659 0.6999999881
16103  -19.954  -51.994  16.065 0.6000000238
16848  -17.514  -51.584  14.297 0.5000000000
16834  -18.732  -51.736  15.162 0.5000000000
16849  -18.149  -51.176  14.776 0.4000000060
17538  -19.381  -50.465  15.759 0.4000000060
23365  -14.936  -42.508  10.079 0.3000000119
22604  -14.987  -43.381  9.619 0.3000000119
22591  -15.462  -43.236  10.353 0.3000000119
21793  -16.004  -44.485  11.170 0.3000000119
21048  -15.947  -45.313  11.210 0.4000000060
16079  -22.945  -52.116  18.011 0.5000000000
89847  -15.632  -47.037  11.599 0.4000000060
95989  -15.823  -46.197  11.153 0.4000000060
16806  -23.240  -51.283  17.765 0.5000000000
19650  -15.435  -47.894  12.139 0.4000000060
104018  -15.710  -47.159  12.423 0.4000000060
16822  -21.460  -51.422  16.579 0.5000000000
16805  -22.508  -51.545  17.332 0.5000000000
18913  -15.484  -48.744  12.128 0.4000000060
16835  -19.341  -51.386  15.714 0.5000000000
96147  -20.926  -51.060  16.348 0.5000000000
96032  -16.545  -50.748  13.441 0.3000000119
17550  -17.528  -50.518  14.333 0.4000000060
17552  -18.882  -49.932  15.236 0.4000000060
17539  -19.953  -50.106  16.098 0.4000000060
106775  -14.638  -41.853  10.209 0.3000000119
23366  -15.763  -42.673  10.862 0.3000000119
23346  -16.501  -42.871  11.547 0.4000000060
21794  -16.578  -44.202  11.792 0.4000000060
16793  -26.639  -51.553  18.447 0.4000000060
21049  -16.367  -44.926  11.798 0.4000000060
16792  -25.692  -51.635  18.641 0.4000000060
20359  -15.910  -46.459  12.191 0.4000000060
21036  -16.524  -45.233  12.523 0.4000000060
16807  -24.055  -51.049  18.221 0.4000000060
20347  -16.193  -45.989  12.840 0.4000000060
16823  -22.126  -51.049  16.716 0.5000000000
19637  -15.785  -47.635  12.972 0.4000000060
99658  -16.304  -48.891  13.360 0.3000000119
17525  -21.499  -50.531  16.391 0.5000000000
18202  -17.800  -49.729  14.576 0.3000000119
23345  -15.251  -41.775  10.630 0.3000000119
95519  -16.134  -42.002  11.276 0.3000000119
23347  -16.968  -42.223  11.767 0.4000000060
22575  -17.255  -43.054  12.010 0.4000000060
22562  -17.714  -43.106  12.706 0.3000000119
22561  -17.188  -43.907  12.508 0.4000000060
16808  -27.496  -51.485  17.946 0.4000000060
16809  -28.095  -51.161  17.505 0.4000000060
17496  -24.989  -50.873  18.515 0.4000000060
20346  -15.955  -46.805  13.004 0.3000000119
17508  -22.792  -50.731  17.066 0.4000000060
19638  -16.403  -47.368  13.446 0.3000000119
88779  -17.395  -48.034  14.306 0.3000000119
18193  -19.416  -49.590  15.790 0.4000000060
24845  -15.036  -40.146  10.897 0.3000000119
24095  -16.574  -41.308  11.506 0.4000000060
24077  -17.551  -41.509  11.947 0.4000000060
23335  -17.673  -42.420  12.282 0.4000000060
17540  -29.118  -50.806  15.956 0.4000000060
17514  -28.370  -50.580  17.439 0.4000000060
17497  -25.955  -50.768  18.602 0.4000000060
21770  -16.897  -44.736  13.043 0.4000000060
17511  -25.286  -50.046  18.287 0.4000000060
89121  -26.138  -50.030  18.419 0.4000000060
21026  -16.749  -45.539  13.298 0.3000000119
17510  -24.375  -50.223  17.937 0.4000000060
20333  -17.468  -46.522  14.200 0.3000000119
17527  -23.075  -49.923  16.839 0.5000000000
19639  -17.135  -47.274  13.940 0.3000000119
19630  -17.811  -47.303  14.558 0.3000000119
18182  -22.599  -49.282  16.435 0.5000000000
18204  -18.915  -49.096  15.268 0.3000000119
18180  -20.906  -49.804  16.300 0.4000000060
18203  -18.346  -49.430  14.890 0.4000000060
24846  -16.075  -40.306  11.180 0.3000000119
92237  -18.142  -41.937  12.474 0.3000000119
23336  -18.227  -42.524  12.840 0.3000000119
17528  -28.959  -50.496  16.828 0.4000000060
22550  -17.800  -43.682  13.319 0.3000000119
17513  -27.681  -50.568  17.999 0.4000000060
18185  -29.214  -49.933  16.997 0.3000000119
21772  -17.932  -44.313  14.102 0.3000000119
18167  -25.622  -49.267  18.109 0.4000000060
92564  -26.858  -49.686  18.319 0.4000000060
21012  -17.750  -45.749  14.367 0.3000000119
20334  -18.315  -46.476  14.808 0.3000000119
18183  -23.322  -49.156  16.762 0.4000000060
18896  -18.136  -48.109  14.778 0.3000000119
19623  -19.386  -47.653  15.721 0.3000000119
18889  -19.458  -48.686  15.801 0.3000000119
18877  -21.891  -48.730  16.302 0.3000000119
96008  -18.173  -43.072  13.255 0.3000000119
23324  -19.247  -42.079  13.877 0.3000000119
22536  -18.365  -43.413  14.080 0.3000000119
18170  -29.049  -49.361  17.457 0.3000000119
95353  -27.247  -49.088  18.201 0.4000000060
95727  -28.226  -49.272  17.909 0.4000000060
21014  -18.884  -45.203  15.283 0.3000000119
91840  -24.669  -49.360  17.714 0.4000000060
93598  -26.198  -48.793  18.152 0.4000000060
105020  -19.074  -46.812  15.394 0.3000000119
105858  -22.997  -48.832  16.504 0.3000000119
18876  -21.178  -48.267  16.381 0.3000000119
21739  -19.448  -44.922  15.677 0.3000000119
20320  -18.941  -45.994  15.287 0.3000000119
91489  -25.351  -48.584  17.771 0.3000000119
18864  -26.630  -48.345  18.180 0.3000000119
105856  -19.521  -46.989  15.790 0.3000000119
18184  -24.001  -48.874  17.168 0.3000000119
93805  -20.874  -47.663  16.378 0.3000000119
18878  -22.639  -48.459  16.404 0.3000000119
21740  -20.233  -44.815  15.943 0.3000000119
105658  -21.438  -44.145  16.115 0.3000000119
20984  -20.732  -45.491  16.253 0.3000000119
18863  -25.725  -48.148  17.832 0.3000000119
21724  -21.919  -44.576  16.409 0.3000000119
18895  -17.723  -48.901  14.545 0.3000000119
18897  -18.844  -48.280  15.228 0.3000000119
2080  -34.377  -76.873  5.654 0.5000000000
102561  -33.563  -77.214  5.672 0.5000000000
91636  -32.287  -77.461  5.205 0.5000000000
2071  -33.950  -77.284  6.383 0.5000000000
2746  -34.151  -76.206  8.428 0.5000000000
3561  -32.870  -73.831  5.469 0.6999999881
92038  -34.145  -73.299  5.088 0.6999999881
100912  -31.057  -73.533  5.501 0.6999999881
3174  -32.465  -74.558  5.746 0.6999999881
95423  -34.353  -77.153  7.874 0.4000000060
2759  -36.318  -75.373  7.463 0.5000000000
3152  -37.373  -74.529  7.171 0.5000000000
4012  -36.833  -72.619  5.833 0.3000000119
4502  -31.024  -71.155  2.915 0.6000000238
4029  -30.871  -71.789  3.051 0.6000000238
4449  -29.363  -71.033  7.812 0.6000000238
2707  -32.450  -75.534  12.579 0.3000000119
4470  -27.834  -71.992  6.331 0.6000000238
4016  -28.774  -72.047  4.829 0.6000000238
93384  -29.433  -72.827  5.020 0.6999999881
3178  -36.201  -74.567  5.441 0.5000000000
2771  -35.678  -75.646  6.708 0.6000000238
2081  -35.165  -76.967  6.169 0.5000000000
3551  -28.571  -73.264  6.030 0.6000000238
3172  -30.281  -74.550  6.072 0.6999999881
96164  -27.189  -72.701  7.255 0.5000000000
4404  -32.093  -71.060  12.651 0.3000000119
4435  -26.165  -71.847  9.583 0.6000000238
4464  -35.332  -71.511  7.798 0.3000000119
3572  -35.005  -73.144  4.758 0.5000000000
4891  -32.587  -70.487  12.115 0.3000000119
5471  -32.658  -69.221  2.131 0.4000000060
3072  -34.338  -74.390  13.348 0.3000000119
5853  -28.554  -68.370  14.590 0.6000000238
6834  -27.485  -66.811  14.863 0.6000000238
6368  -30.120  -67.357  12.386 0.6000000238
6905  -30.609  -66.698  9.333 0.5000000000
6884  -28.605  -66.376  10.674 0.6000000238
93063  -27.713  -66.338  12.505 0.6000000238
6336  -26.008  -67.060  16.255 0.6999999881
6419  -32.378  -67.856  8.434 0.4000000060
88945  -24.965  -65.628  10.931 0.4000000060
5840  -24.933  -68.774  16.283 0.6000000238
89498  -20.301  -61.379  16.933 0.6000000238
90450  -22.132  -62.944  16.555 0.6000000238
8032  -22.303  -64.265  16.995 0.5000000000
9934  -25.352  -62.097  16.889 0.6000000238
6833  -25.025  -65.676  15.172 0.5000000000
100255  -28.807  -66.840  7.066 0.5000000000
11887  -17.846  -58.486  9.417 0.6000000238
13262  -14.370  -56.905  12.973 0.5000000000
12496  -22.020  -57.202  15.983 0.5000000000
12522  -20.029  -57.710  13.878 0.6000000238
13239  -20.252  -57.290  14.833 0.6000000238
13931  -22.132  -56.121  16.957 0.6000000238
12536  -17.875  -57.161  13.092 0.6000000238
94178  -14.222  -55.847  12.525 0.5000000000
15361  -20.260  -53.472  16.481 0.6000000238
15392  -15.872  -53.888  13.263 0.5000000000
15372  -18.922  -53.170  15.658 0.6000000238
20410  -14.981  -46.596  9.465 0.3000000119
14613  -22.652  -53.760  18.243 0.5000000000
16864  -16.975  -51.072  13.829 0.3000000119
16069  -24.470  -52.595  18.635 0.4000000060
16790  -23.795  -51.911  18.334 0.4000000060
17551  -18.254  -50.260  14.837 0.4000000060
18211  -17.254  -49.599  14.101 0.3000000119
17524  -20.630  -50.415  16.258 0.5000000000
17512  -26.852  -50.667  18.413 0.4000000060
24094  -15.713  -41.055  10.901 0.3000000119
21027  -17.217  -45.877  13.828 0.3000000119
18165  -23.809  -49.658  17.316 0.4000000060
18194  -20.153  -49.322  16.184 0.3000000119
21756  -17.952  -45.068  14.408 0.3000000119
18181  -21.755  -49.612  16.316 0.4000000060
25669  -16.350  -39.310  11.432 0.3000000119
21757  -18.433  -44.767  14.751 0.3000000119
18166  -24.695  -48.632  17.466 0.4000000060
21001  -19.921  -45.573  15.941 0.3000000119
3149  -24.248  -74.650  8.057 0.5000000000
2765  -24.681  -74.946  7.379 0.5000000000
90417  -25.288  -75.287  6.736 0.5000000000
2766  -26.135  -75.565  7.158 0.4000000060
95781  -23.279  -74.053  8.716 0.5000000000
3135  -23.957  -74.441  8.803 0.5000000000
2754  -24.983  -75.133  8.176 0.5000000000
2755  -25.658  -75.353  7.783 0.5000000000
2756  -26.582  -75.294  7.715 0.4000000060
3119  -23.590  -74.161  9.559 0.4000000060
3120  -24.564  -74.633  9.606 0.5000000000
2741  -25.587  -75.092  8.619 0.5000000000
2743  -26.769  -74.992  8.036 0.4000000060
3102  -24.268  -74.300  10.326 0.5000000000
3103  -25.117  -74.438  10.246 0.5000000000
2733  -24.806  -74.929  8.834 0.5000000000
3121  -25.533  -74.728  9.460 0.5000000000
3104  -25.816  -74.241  10.054 0.5000000000
3122  -26.429  -74.133  9.458 0.5000000000
3535  -26.838  -73.396  8.700 0.4000000060
3087  -24.736  -74.044  10.901 0.5000000000
3518  -25.527  -73.879  10.609 0.5000000000
3519  -26.172  -73.540  10.118 0.5000000000
4401  -23.783  -71.834  12.832 0.5000000000
3503  -24.272  -73.450  11.358 0.5000000000
3962  -24.539  -72.676  11.616 0.5000000000
3504  -25.162  -73.213  11.153 0.5000000000
103341  -25.826  -73.130  10.629 0.5000000000
3963  -25.108  -72.325  11.274 0.5000000000
3974  -26.107  -72.507  10.017 0.5000000000
3530  -26.570  -72.972  9.404 0.5000000000
3950  -24.130  -72.202  12.166 0.5000000000
4402  -24.486  -71.501  12.566 0.5000000000
107089  -24.219  -70.806  13.992 0.5000000000
4413  -24.851  -71.776  11.764 0.5000000000
4390  -24.882  -70.682  12.933 0.5000000000
102300  -24.718  -70.383  13.846 0.5000000000
4414  -25.507  -71.706  11.111 0.5000000000
91179  -25.489  -71.071  11.655 0.5000000000
4403  -25.004  -71.021  12.208 0.5000000000
4415  -25.970  -71.122  10.995 0.5000000000
3973  -25.671  -72.288  10.662 0.5000000000
3984  -25.973  -71.980  9.870 0.5000000000
3985  -26.091  -71.986  9.132 0.5000000000
91086  -24.045  -69.674  15.736 0.5000000000
5338  -24.752  -69.362  15.799 0.6000000238
4850  -25.470  -69.793  14.337 0.5000000000
4872  -25.639  -70.378  12.442 0.5000000000
4859  -26.354  -69.842  13.198 0.5000000000
4425  -25.946  -71.714  10.385 0.5000000000
5325  -24.070  -69.043  16.354 0.5000000000
5349  -25.284  -69.616  15.172 0.6000000238
91319  -17.272  -63.082  14.482 0.5000000000
9301  -18.324  -62.521  15.455 0.6000000238
9320  -16.916  -62.367  14.204 0.5000000000
9310  -17.518  -62.413  14.853 0.5000000000
102233  -18.378  -61.496  15.654 0.6000000238
9300  -17.812  -61.544  15.166 0.6000000238
9957  -17.309  -61.480  14.502 0.5000000000
103831  -17.759  -60.846  14.753 0.6000000238
10597  -17.827  -60.710  13.016 0.5000000000
9945  -18.222  -60.702  15.303 0.6000000238
9958  -18.460  -60.278  14.463 0.6000000238
10598  -19.017  -60.475  12.378 0.5000000000
10586  -19.374  -60.084  13.514 0.6000000238
11180  -19.849  -59.439  15.090 0.6000000238
10607  -19.146  -60.382  11.615 0.5000000000
10593  -19.699  -60.124  12.620 0.5000000000
11220  -19.184  -59.856  10.203 0.5000000000
11888  -18.743  -59.222  9.653 0.6000000238
11886  -16.721  -58.057  9.314 0.6000000238
11898  -17.733  -58.771  8.589 0.5000000000
11207  -19.925  -59.946  11.729 0.6000000238
11199  -19.985  -60.028  12.107 0.5000000000
11869  -15.987  -57.821  10.145 0.6000000238
11870  -16.979  -57.843  10.088 0.6000000238
12561  -15.605  -57.626  12.001 0.6000000238
4909  -33.299  -70.772  10.747 0.3000000119
5414  -33.552  -69.289  10.851 0.3000000119
4439  -34.254  -71.327  9.442 0.3000000119
5907  -34.219  -68.052  10.252 0.3000000119
89813  -34.617  -70.811  8.789 0.3000000119
4438  -33.627  -71.494  10.200 0.3000000119
3137  -26.668  -74.500  8.565 0.4000000060
8675  -19.210  -63.000  15.885 0.5000000000
2742  -26.291  -75.099  8.335 0.4000000060
3136  -26.146  -74.792  8.935 0.5000000000
3949  -23.346  -72.427  12.363 0.5000000000
4388  -23.379  -71.578  13.518 0.5000000000
4389  -24.205  -71.168  13.425 0.5000000000
4858  -25.496  -70.030  13.411 0.5000000000
99206  -33.526  -70.087  10.627 0.3000000119
5431  -34.341  -69.409  9.316 0.3000000119
5923  -33.963  -68.867  10.143 0.3000000119
4919  -33.860  -70.660  10.079 0.3000000119
4920  -34.303  -70.348  9.366 0.3000000119
18865  -27.667  -48.539  18.231 0.3000000119
1419  -30.248  -79.571  5.574 0.5000000000
1756  -32.299  -78.206  5.987 0.5000000000
2063  -34.596  -77.135  7.557 0.5000000000
2064  -35.579  -77.042  7.329 0.5000000000
2072  -34.796  -76.989  6.462 0.5000000000
2073  -35.433  -77.003  6.810 0.5000000000
2079  -32.850  -77.572  5.684 0.5000000000
2090  -33.287  -76.964  5.006 0.5000000000
2391  -35.702  -76.539  7.719 0.5000000000
2392  -36.005  -76.478  7.344 0.5000000000
2397  -35.878  -76.938  7.403 0.4000000060
2400  -35.562  -76.511  6.810 0.5000000000
2405  -30.166  -76.632  5.260 0.5000000000
2407  -32.380  -76.147  5.459 0.6000000238
2410  -34.739  -76.348  5.808 0.6000000238
2696  -32.972  -74.945  13.045 0.3000000119
2697  -33.877  -75.068  13.051 0.3000000119
2760  -37.086  -75.035  7.261 0.5000000000
2772  -36.406  -75.270  6.929 0.5000000000
2784  -31.901  -75.261  5.819 0.6999999881
2788  -36.582  -75.125  6.086 0.5000000000
3140  -35.232  -74.997  8.288 0.5000000000
3141  -36.459  -75.109  8.059 0.5000000000
3179  -37.005  -74.536  5.823 0.5000000000
3471  -31.829  -73.335  13.392 0.3000000119
3505  -31.039  -73.281  11.608 0.3000000119
3536  -34.749  -74.102  8.870 0.4000000060
3543  -27.290  -73.633  7.633 0.5000000000
3552  -37.104  -73.391  6.350 0.3000000119
3562  -37.019  -73.142  5.625 0.4000000060
3567  -29.228  -72.178  4.406 0.6999999881
3573  -35.880  -73.323  4.723 0.4000000060
3574  -36.832  -72.646  5.181 0.3000000119
3933  -31.600  -72.532  13.312 0.3000000119
3965  -32.086  -72.039  11.440 0.3000000119
4006  -37.045  -73.112  6.464 0.3000000119
4026  -36.512  -72.085  4.804 0.3000000119
4427  -26.676  -71.325  9.608 0.6999999881
4474  -35.722  -71.111  6.354 0.3000000119
4496  -36.391  -71.720  4.778 0.3000000119
4508  -33.937  -70.559  1.887 0.4000000060
4908  -32.821  -70.800  11.389 0.3000000119
4963  -35.949  -71.142  4.848 0.3000000119
4978  -32.244  -69.818  2.123 0.4000000060
4987  -34.534  -69.996  1.843 0.4000000060
5379  -28.778  -69.549  12.934 0.6000000238
5429  -32.287  -69.186  8.543 0.5000000000
5430  -33.927  -69.795  10.067 0.3000000119
5478  -35.049  -68.807  2.025 0.4000000060
5486  -34.620  -68.919  1.535 0.4000000060
5990  -34.451  -67.809  1.272 0.4000000060
5997  -34.684  -68.045  1.433 0.4000000060
6811  -24.813  -65.739  16.186 0.6000000238
6870  -30.301  -66.921  11.148 0.6000000238
6883  -26.288  -66.545  10.822 0.6000000238
6886  -30.507  -66.808  10.282 0.5000000000
6945  -32.448  -66.933  7.288 0.5000000000
6959  -31.379  -66.197  5.017 0.4000000060
7444  -23.971  -64.917  16.126 0.6000000238
7518  -24.791  -65.519  8.666 0.4000000060
8095  -24.842  -64.981  10.264 0.4000000060
9295  -24.873  -62.657  16.238 0.6000000238
9913  -21.632  -60.596  17.407 0.6000000238
9970  -26.901  -61.951  13.485 0.6000000238
10573  -26.232  -60.787  17.051 0.5000000000
10582  -19.495  -59.778  16.057 0.6999999881
10591  -17.660  -60.697  14.008 0.6000000238
10592  -18.747  -60.405  13.310 0.6000000238
10599  -19.648  -60.237  12.027 0.5000000000
10620  -19.544  -60.020  11.085 0.6000000238
11159  -22.698  -59.501  17.130 0.6000000238
11169  -22.490  -59.049  16.551 0.6999999881
11179  -19.490  -59.753  14.298 0.6000000238
11208  -20.036  -59.401  11.885 0.6999999881
11807  -23.434  -58.157  16.802 0.5000000000
11808  -23.867  -58.644  17.060 0.4000000060
11829  -21.288  -58.378  14.940 0.6000000238
11836  -20.500  -59.110  12.998 0.6000000238
11871  -18.023  -58.319  10.173 0.6000000238
11872  -18.943  -58.903  10.470 0.6999999881
12535  -16.854  -57.272  13.379 0.5000000000
12548  -15.492  -57.461  12.909 0.5000000000
12552  -19.640  -57.948  12.478 0.6999999881
12563  -17.564  -57.535  11.428 0.6000000238
12564  -18.310  -57.616  11.614 0.6000000238
13218  -21.747  -56.469  16.359 0.6000000238
13228  -20.611  -56.728  15.492 0.6000000238
13238  -19.402  -56.942  14.562 0.6000000238
13246  -14.891  -56.782  13.621 0.5000000000
13250  -18.285  -56.973  13.792 0.6000000238
13952  -18.151  -55.233  15.381 0.6000000238
13962  -15.983  -56.228  14.392 0.5000000000
14614  -23.117  -54.459  18.356 0.6000000238
14616  -25.135  -54.592  18.736 0.5000000000
14645  -19.472  -53.717  16.133 0.6999999881
14690  -15.204  -54.266  12.866 0.5000000000
15346  -22.076  -53.345  17.847 0.5000000000
15381  -16.988  -53.869  14.351 0.5000000000
15383  -17.866  -53.460  15.061 0.6000000238
16077  -21.618  -52.862  17.294 0.5000000000
16090  -21.314  -52.269  16.802 0.5000000000
16091  -21.900  -51.823  16.992 0.5000000000
16101  -18.537  -52.561  15.193 0.6999999881
16113  -18.071  -52.115  14.770 0.5000000000
16123  -16.385  -52.724  13.320 0.4000000060
16791  -24.715  -51.750  18.567 0.4000000060
16836  -20.098  -51.032  16.108 0.5000000000
16850  -18.831  -50.822  15.182 0.4000000060
17509  -23.538  -50.464  17.514 0.4000000060
17526  -22.342  -50.199  16.528 0.5000000000
17529  -29.409  -50.093  16.273 0.4000000060
17565  -16.884  -50.261  13.741 0.3000000119
18168  -27.884  -49.866  17.915 0.4000000060
18169  -28.649  -49.959  17.444 0.3000000119
18232  -15.255  -49.185  10.690 0.3000000119
18862  -24.972  -48.062  17.439 0.3000000119
18904  -16.272  -48.177  13.413 0.3000000119
19622  -18.642  -47.436  15.027 0.3000000119
19658  -15.327  -47.698  11.061 0.4000000060
20321  -19.585  -46.340  15.812 0.3000000119
20348  -16.702  -46.469  13.510 0.3000000119
20360  -16.155  -45.667  11.915 0.4000000060
21000  -19.324  -45.591  15.645 0.3000000119
21013  -18.393  -45.542  14.822 0.3000000119
21723  -21.090  -44.753  16.223 0.3000000119
21771  -17.368  -45.067  13.815 0.3000000119
21782  -16.772  -44.607  12.275 0.4000000060
21811  -16.075  -43.588  11.152 0.4000000060
22502  -22.045  -43.766  16.247 0.3000000119
22549  -17.415  -44.329  13.377 0.3000000119
22574  -16.772  -43.546  11.810 0.4000000060
23323  -18.643  -42.619  13.543 0.3000000119
23364  -13.888  -41.802  9.765 0.3000000119
90213  -20.050  -63.677  16.559 0.6000000238
91079  -21.008  -48.999  16.361 0.3000000119
91532  -26.853  -70.187  11.759 0.6000000238
91577  -29.452  -66.545  11.531 0.6000000238
91774  -37.158  -73.400  6.786 0.4000000060
92558  -26.970  -71.537  8.236 0.6999999881
93148  -20.093  -59.834  12.569 0.6999999881
93283  -28.181  -71.791  6.156 0.6000000238
95342  -37.109  -74.706  7.671 0.5000000000
95805  -16.821  -47.913  13.796 0.3000000119
96277  -36.370  -73.972  7.919 0.4000000060
96294  -24.338  -59.066  17.208 0.5000000000
96749  -35.671  -71.525  7.104 0.3000000119
97600  -36.068  -75.946  7.136 0.5000000000
98268  -20.347  -60.519  17.056 0.6999999881
98555  -19.675  -62.573  16.338 0.6000000238
98914  -15.437  -44.015  10.272 0.3000000119
100680  -34.066  -69.214  1.257 0.4000000060
101475  -29.784  -67.254  13.024 0.6000000238
101638  -31.999  -77.289  4.931 0.6000000238
101851  -20.267  -48.245  16.229 0.3000000119
102285  -18.417  -48.750  14.928 0.3000000119
102623  -36.324  -71.701  5.911 0.3000000119
102778  -25.931  -66.854  8.468 0.5000000000
102894  -26.133  -62.607  15.510 0.6000000238
103682  -37.129  -73.761  5.721 0.5000000000
103876  -25.066  -48.928  17.754 0.4000000060
104430  -16.269  -57.637  10.926 0.6000000238
104721  -28.912  -76.265  5.615 0.5000000000
105079  -22.680  -56.352  17.239 0.6000000238
105468  -20.393  -49.902  16.221 0.4000000060
105642  -21.079  -54.937  16.863 0.6999999881
106260  -15.466  -44.838  10.674 0.4000000060
106349  -28.893  -76.646  4.911 0.5000000000
107524  -24.974  -65.413  11.540 0.5000000000
