#!ascii label  , from subject sub-v1s16x0051173_ses-1 vox2ras=TkReg
670
33088  18.075  -25.141  71.584 0.0000000000
34532  26.248  -24.206  73.175 0.0000000000
98317  34.984  -6.452  57.745 0.0000000000
41224  28.246  -15.832  61.083 0.0000000000
38749  28.054  -18.883  67.084 0.0000000000
58548  41.122  6.119  51.845 0.0000000000
48183  34.971  -8.187  60.960 0.0000000000
45650  32.090  -11.231  58.865 0.0000000000
30828  20.299  -28.294  73.556 0.0000000000
88978  21.872  -24.234  70.808 0.0000000000
36121  22.661  -22.030  69.360 0.0000000000
33840  19.064  -24.802  68.323 0.0000000000
54537  36.044  0.356  53.147 0.0000000000
36087  19.169  -22.170  73.107 0.0000000000
33060  19.621  -24.770  75.520 0.0000000000
52336  35.708  -2.446  55.667 0.0000000000
32274  22.166  -27.032  78.390 0.0000000000
30813  19.829  -28.373  77.409 0.0000000000
41231  32.685  -15.250  60.458 0.0000000000
39579  28.215  -17.266  63.698 0.0000000000
88854  23.526  -18.516  63.656 0.0000000000
101505  23.310  -20.421  66.662 0.0000000000
46467  35.225  -9.274  61.967 0.0000000000
46477  33.659  -9.724  59.700 0.0000000000
44845  34.004  -11.201  60.809 0.0000000000
48997  36.548  -6.600  62.155 0.0000000000
98279  18.105  -27.336  70.331 0.0000000000
30848  19.230  -28.631  71.537 0.0000000000
100992  18.747  -26.354  72.559 0.0000000000
33831  19.105  -23.889  70.428 0.0000000000
34558  20.722  -24.150  69.422 0.0000000000
33096  18.101  -25.398  69.668 0.0000000000
32326  18.002  -26.563  68.681 0.0000000000
49896  35.952  -5.273  56.828 0.0000000000
49873  36.246  -5.282  59.145 0.0000000000
103232  37.964  -3.018  57.616 0.0000000000
51493  38.360  -1.727  57.522 0.0000000000
34506  20.273  -23.914  77.340 0.0000000000
33052  20.777  -25.423  76.810 0.0000000000
33032  21.603  -25.764  79.144 0.0000000000
33062  16.590  -26.019  75.780 0.0000000000
31529  18.845  -26.929  77.242 0.0000000000
32288  17.291  -27.087  74.931 0.0000000000
32299  15.441  -26.543  72.402 0.0000000000
33826  11.940  -25.082  73.171 0.0000000000
39552  30.488  -17.647  65.360 0.0000000000
38762  28.149  -18.228  65.695 0.0000000000
39569  26.123  -17.899  64.186 0.0000000000
38764  25.792  -18.818  65.143 0.0000000000
35316  21.171  -22.143  67.728 0.0000000000
36993  22.927  -20.978  68.071 0.0000000000
36147  21.237  -21.225  66.671 0.0000000000
37011  21.550  -20.416  65.402 0.0000000000
41233  30.525  -15.652  60.634 0.0000000000
42156  30.255  -14.993  59.138 0.0000000000
41268  28.065  -15.309  58.449 0.0000000000
60488  43.535  9.478  51.238 0.0000000000
58552  41.763  6.132  50.398 0.0000000000
49021  34.983  -6.851  59.247 0.0000000000
47397  33.783  -8.672  58.532 0.0000000000
49858  36.242  -5.882  60.715 0.0000000000
34542  23.754  -24.350  72.373 0.0000000000
35304  25.005  -22.400  71.201 0.0000000000
35310  22.261  -23.232  69.771 0.0000000000
35313  21.400  -23.189  68.794 0.0000000000
34570  19.171  -23.929  66.844 0.0000000000
56556  34.283  3.394  53.118 0.0000000000
57214  36.017  4.218  52.758 0.0000000000
57212  37.544  4.742  52.146 0.0000000000
56574  38.937  3.496  50.701 0.0000000000
35303  18.645  -23.222  71.947 0.0000000000
33076  18.666  -25.220  73.156 0.0000000000
34521  18.656  -23.565  74.336 0.0000000000
35301  20.235  -23.113  71.558 0.0000000000
53141  35.276  -1.007  53.927 0.0000000000
32287  19.816  -26.253  74.480 0.0000000000
101689  20.978  -26.997  75.451 0.0000000000
31530  22.578  -27.958  77.398 0.0000000000
32269  20.615  -26.840  79.575 0.0000000000
30804  21.332  -27.798  79.110 0.0000000000
103141  7.973  -27.979  73.017 0.0000000000
43938  34.574  -12.764  61.753 0.0000000000
90602  30.065  -16.186  62.083 0.0000000000
104290  30.561  -17.189  64.097 0.0000000000
40391  28.334  -16.514  62.358 0.0000000000
39595  25.596  -17.126  62.675 0.0000000000
39597  23.727  -17.499  62.373 0.0000000000
38786  21.928  -18.591  62.627 0.0000000000
89216  25.188  -21.432  69.842 0.0000000000
36998  26.021  -20.364  67.919 0.0000000000
86490  25.629  -19.677  66.547 0.0000000000
37934  24.358  -19.523  65.456 0.0000000000
37952  21.502  -19.760  63.984 0.0000000000
43074  32.092  -13.460  59.657 0.0000000000
43982  30.008  -12.958  58.050 0.0000000000
46460  35.137  -9.957  62.232 0.0000000000
45636  34.667  -10.262  61.628 0.0000000000
45629  34.926  -10.891  62.166 0.0000000000
48170  36.381  -7.833  62.983 0.0000000000
32304  18.124  -26.157  71.267 0.0000000000
87249  18.305  -27.138  71.116 0.0000000000
32297  18.361  -26.048  72.008 0.0000000000
33829  18.065  -24.435  70.981 0.0000000000
33832  18.509  -24.310  70.295 0.0000000000
102544  18.134  -24.841  70.284 0.0000000000
32312  17.922  -26.381  70.262 0.0000000000
49890  35.355  -5.898  57.321 0.0000000000
49879  36.205  -5.125  58.424 0.0000000000
50654  37.252  -3.897  57.960 0.0000000000
49889  36.125  -5.104  57.668 0.0000000000
50679  37.083  -4.139  57.246 0.0000000000
88197  15.028  -25.550  75.322 0.0000000000
32285  16.972  -26.428  75.388 0.0000000000
32290  15.980  -26.223  74.208 0.0000000000
31540  16.968  -27.301  74.110 0.0000000000
33078  14.436  -25.515  73.525 0.0000000000
33085  13.499  -25.350  72.663 0.0000000000
38755  29.395  -18.353  66.529 0.0000000000
38756  28.510  -18.486  66.419 0.0000000000
38763  27.170  -18.389  65.459 0.0000000000
38758  26.687  -18.925  66.058 0.0000000000
35286  26.521  -23.184  72.419 0.0000000000
35324  20.197  -22.139  66.718 0.0000000000
36139  20.825  -21.780  67.070 0.0000000000
36149  19.901  -21.872  66.005 0.0000000000
36157  20.340  -21.284  65.603 0.0000000000
41235  28.741  -15.649  60.399 0.0000000000
86272  29.353  -15.439  59.651 0.0000000000
58541  40.792  6.145  52.442 0.0000000000
58517  42.353  6.473  54.023 0.0000000000
58539  42.264  6.863  52.216 0.0000000000
59213  42.773  7.430  51.676 0.0000000000
58547  41.681  6.468  51.560 0.0000000000
48194  34.725  -7.887  60.323 0.0000000000
48201  34.215  -8.183  59.012 0.0000000000
47394  34.287  -8.406  59.806 0.0000000000
45649  32.721  -10.814  59.144 0.0000000000
45654  32.580  -10.228  58.636 0.0000000000
45655  32.033  -10.664  58.453 0.0000000000
48998  35.882  -7.138  61.721 0.0000000000
48193  35.333  -7.351  60.880 0.0000000000
49011  35.480  -6.343  59.684 0.0000000000
30833  19.520  -28.340  72.294 0.0000000000
30824  20.845  -28.185  74.365 0.0000000000
34544  22.554  -24.236  71.468 0.0000000000
34551  22.911  -24.257  71.369 0.0000000000
34556  21.718  -24.042  70.107 0.0000000000
33839  19.516  -24.524  68.858 0.0000000000
34563  20.720  -23.788  68.732 0.0000000000
99065  19.800  -24.144  68.325 0.0000000000
34569  20.255  -23.332  67.849 0.0000000000
33845  19.171  -24.441  67.513 0.0000000000
33103  18.712  -25.348  67.488 0.0000000000
40419  24.514  -16.247  60.533 0.0000000000
54554  34.718  1.098  52.983 0.0000000000
92557  35.023  3.213  52.633 0.0000000000
55887  35.464  2.588  52.452 0.0000000000
55898  37.099  2.709  51.911 0.0000000000
55897  37.837  2.683  51.465 0.0000000000
102131  38.203  4.620  51.644 0.0000000000
35293  18.933  -22.665  72.468 0.0000000000
34538  18.590  -23.092  72.633 0.0000000000
35281  18.732  -22.663  73.227 0.0000000000
35292  19.705  -22.390  72.440 0.0000000000
35302  19.236  -23.004  71.748 0.0000000000
53142  34.463  -0.940  54.009 0.0000000000
52351  35.302  -2.243  54.873 0.0000000000
52317  37.882  -1.553  56.946 0.0000000000
33069  18.788  -24.837  73.873 0.0000000000
33075  19.230  -25.798  73.854 0.0000000000
33068  19.394  -25.338  74.600 0.0000000000
33051  21.310  -25.975  77.375 0.0000000000
91982  20.667  -26.375  75.709 0.0000000000
32278  21.553  -26.704  77.034 0.0000000000
31531  21.874  -27.435  76.719 0.0000000000
31526  22.116  -27.249  77.647 0.0000000000
32271  19.142  -25.882  78.567 0.0000000000
31532  19.172  -27.763  76.951 0.0000000000
31527  20.328  -27.885  78.457 0.0000000000
30809  21.007  -28.327  78.817 0.0000000000
30808  21.737  -28.523  78.806 0.0000000000
41212  31.414  -16.060  61.913 0.0000000000
39565  29.291  -17.474  64.581 0.0000000000
39564  30.136  -17.429  64.676 0.0000000000
39578  29.044  -17.226  63.857 0.0000000000
88385  28.888  -16.895  63.015 0.0000000000
40379  27.904  -17.023  62.989 0.0000000000
95371  26.527  -16.804  62.478 0.0000000000
40380  27.077  -17.162  63.006 0.0000000000
38784  24.374  -18.255  63.671 0.0000000000
39583  24.998  -17.657  63.253 0.0000000000
38785  23.584  -18.040  63.095 0.0000000000
102322  22.461  -18.221  62.564 0.0000000000
88469  22.748  -18.438  63.160 0.0000000000
36111  23.757  -22.230  70.394 0.0000000000
36110  24.620  -21.923  70.526 0.0000000000
36119  24.265  -21.499  69.839 0.0000000000
37001  23.559  -20.638  67.439 0.0000000000
36991  24.719  -20.862  68.352 0.0000000000
37000  24.461  -20.549  67.567 0.0000000000
37907  25.985  -20.005  67.196 0.0000000000
37908  25.115  -20.139  66.958 0.0000000000
37920  24.902  -19.715  66.143 0.0000000000
37921  23.904  -20.045  66.035 0.0000000000
37015  20.605  -20.615  64.407 0.0000000000
37937  21.781  -20.010  64.706 0.0000000000
43052  33.866  -13.890  61.174 0.0000000000
43064  33.387  -13.729  60.607 0.0000000000
43066  32.245  -14.388  59.825 0.0000000000
43087  29.398  -14.286  58.055 0.0000000000
43086  29.897  -13.866  58.342 0.0000000000
60494  43.961  9.808  50.560 0.0000000000
47381  35.010  -8.882  61.412 0.0000000000
47391  34.033  -9.085  59.992 0.0000000000
46474  34.527  -9.591  61.131 0.0000000000
45646  33.775  -10.466  60.321 0.0000000000
44854  33.119  -11.272  59.674 0.0000000000
48176  36.790  -6.988  62.796 0.0000000000
48177  35.846  -7.925  62.268 0.0000000000
30849  18.572  -28.104  70.848 0.0000000000
31553  18.920  -27.816  71.760 0.0000000000
31542  19.784  -27.548  73.287 0.0000000000
34546  19.800  -23.580  70.781 0.0000000000
34553  21.003  -24.169  70.125 0.0000000000
99564  20.053  -24.133  69.817 0.0000000000
33835  19.247  -24.383  69.584 0.0000000000
33836  18.826  -24.882  69.078 0.0000000000
33099  18.398  -25.620  68.620 0.0000000000
32319  17.975  -26.198  69.340 0.0000000000
31564  17.929  -27.100  69.489 0.0000000000
53835  36.994  -0.823  54.162 0.0000000000
36072  18.954  -22.224  73.758 0.0000000000
50653  38.114  -2.750  58.160 0.0000000000
51477  38.449  -2.098  58.073 0.0000000000
52318  37.770  -1.626  57.229 0.0000000000
51494  38.407  -2.398  57.433 0.0000000000
100020  37.474  -3.786  56.788 0.0000000000
92142  19.920  -24.244  76.436 0.0000000000
33059  20.401  -25.582  76.009 0.0000000000
90505  20.571  -24.694  77.081 0.0000000000
33042  21.099  -25.247  77.718 0.0000000000
32268  21.986  -26.431  78.945 0.0000000000
32277  18.760  -26.221  77.752 0.0000000000
32281  17.729  -26.392  76.444 0.0000000000
31533  18.648  -27.414  76.581 0.0000000000
30817  18.756  -28.073  76.269 0.0000000000
30822  17.940  -28.268  74.813 0.0000000000
39554  28.724  -17.771  65.163 0.0000000000
39555  27.860  -17.853  65.014 0.0000000000
104086  27.139  -17.540  63.984 0.0000000000
39556  27.166  -17.939  64.825 0.0000000000
38774  25.643  -18.465  64.562 0.0000000000
86144  24.870  -18.641  64.370 0.0000000000
36131  21.769  -21.846  68.126 0.0000000000
36129  23.140  -21.290  68.867 0.0000000000
36137  22.209  -21.254  67.743 0.0000000000
37003  21.962  -21.004  66.981 0.0000000000
37006  22.476  -20.582  66.500 0.0000000000
37010  22.231  -20.378  65.862 0.0000000000
37008  20.969  -20.907  65.944 0.0000000000
36169  20.164  -21.123  64.828 0.0000000000
42146  31.321  -15.359  60.041 0.0000000000
42154  31.583  -14.881  59.637 0.0000000000
41248  30.301  -15.361  59.776 0.0000000000
42157  29.522  -15.164  58.980 0.0000000000
59842  43.408  8.726  52.009 0.0000000000
59217  42.732  7.276  50.582 0.0000000000
49029  34.972  -6.634  58.438 0.0000000000
48207  34.526  -7.179  57.786 0.0000000000
48205  34.150  -7.980  58.182 0.0000000000
46481  33.437  -9.344  58.888 0.0000000000
46482  32.848  -9.679  58.411 0.0000000000
49856  37.791  -4.714  61.303 0.0000000000
49857  36.982  -5.318  61.021 0.0000000000
49872  37.105  -4.453  59.330 0.0000000000
49865  36.127  -5.641  59.890 0.0000000000
49020  35.522  -5.998  58.949 0.0000000000
34541  24.641  -24.222  72.520 0.0000000000
35297  25.355  -23.038  71.841 0.0000000000
35298  24.419  -23.482  71.782 0.0000000000
35306  23.297  -23.462  70.880 0.0000000000
35309  22.966  -22.716  70.152 0.0000000000
34557  21.284  -23.891  69.416 0.0000000000
103296  21.745  -23.441  69.407 0.0000000000
36122  21.966  -22.481  68.909 0.0000000000
35314  20.931  -22.910  68.132 0.0000000000
35318  19.901  -22.872  67.067 0.0000000000
34576  19.391  -23.280  66.615 0.0000000000
92393  36.899  5.624  53.341 0.0000000000
55886  36.327  2.649  52.227 0.0000000000
95859  36.476  3.883  52.337 0.0000000000
57862  37.544  5.842  53.091 0.0000000000
57861  38.410  5.903  52.745 0.0000000000
90169  39.043  5.622  52.028 0.0000000000
57218  39.597  5.008  50.825 0.0000000000
57880  40.227  5.408  50.786 0.0000000000
97378  18.092  -24.257  71.709 0.0000000000
33082  18.245  -24.617  72.358 0.0000000000
89177  18.296  -23.732  72.339 0.0000000000
33820  18.503  -24.053  73.871 0.0000000000
35272  18.753  -22.747  74.186 0.0000000000
34512  19.378  -23.752  75.767 0.0000000000
34507  19.705  -23.397  76.585 0.0000000000
34526  25.586  -24.902  73.868 0.0000000000
34534  24.140  -24.678  73.162 0.0000000000
34543  23.079  -24.401  72.017 0.0000000000
34537  21.995  -24.231  71.436 0.0000000000
35300  21.231  -23.545  71.573 0.0000000000
34545  21.161  -23.946  70.879 0.0000000000
34547  18.826  -23.466  71.192 0.0000000000
101898  33.662  1.804  53.201 0.0000000000
96951  34.367  0.405  53.354 0.0000000000
53845  35.651  -0.345  53.507 0.0000000000
52335  37.054  -1.792  56.202 0.0000000000
53131  36.616  -1.453  54.595 0.0000000000
90163  18.481  -25.578  72.476 0.0000000000
32293  18.990  -26.159  73.162 0.0000000000
32292  19.690  -26.753  73.722 0.0000000000
33067  20.028  -25.850  75.230 0.0000000000
32286  20.425  -26.660  75.006 0.0000000000
31535  20.821  -27.425  74.836 0.0000000000
31538  21.364  -28.064  75.005 0.0000000000
30819  21.902  -28.499  75.589 0.0000000000
33020  21.543  -26.087  79.520 0.0000000000
32255  21.894  -26.627  79.404 0.0000000000
31518  20.992  -27.290  79.525 0.0000000000
31516  22.107  -27.151  78.756 0.0000000000
30807  22.353  -28.131  78.186 0.0000000000
85204  9.462  -26.553  73.695 0.0000000000
44828  35.248  -11.446  62.675 0.0000000000
41222  32.716  -15.668  61.137 0.0000000000
41223  31.763  -15.831  61.263 0.0000000000
40403  29.707  -15.903  61.393 0.0000000000
40404  28.722  -16.065  61.665 0.0000000000
89722  29.838  -16.602  62.751 0.0000000000
40390  29.251  -16.340  62.230 0.0000000000
98517  27.834  -16.173  61.746 0.0000000000
41225  26.819  -16.168  61.701 0.0000000000
88297  25.808  -16.446  61.920 0.0000000000
40407  24.369  -16.690  61.330 0.0000000000
39582  25.843  -17.569  63.495 0.0000000000
39596  24.623  -17.302  62.545 0.0000000000
39610  23.591  -17.141  61.451 0.0000000000
39598  23.008  -17.527  61.918 0.0000000000
102586  21.497  -18.457  61.087 0.0000000000
37906  27.662  -19.396  67.610 0.0000000000
36098  25.961  -22.179  71.167 0.0000000000
36108  26.548  -21.596  70.386 0.0000000000
101280  26.636  -21.243  69.662 0.0000000000
36128  24.018  -21.180  69.026 0.0000000000
36980  25.639  -21.190  69.258 0.0000000000
97016  26.994  -20.892  69.219 0.0000000000
36988  27.444  -20.333  68.796 0.0000000000
37892  27.204  -19.975  68.029 0.0000000000
103100  26.955  -19.174  66.623 0.0000000000
38759  25.828  -19.192  65.906 0.0000000000
37933  25.137  -19.215  65.383 0.0000000000
38775  23.956  -18.921  64.292 0.0000000000
37936  22.503  -19.976  65.184 0.0000000000
37951  22.300  -19.495  64.364 0.0000000000
38776  22.938  -18.913  63.983 0.0000000000
37968  21.401  -19.351  63.085 0.0000000000
44836  34.320  -11.971  61.286 0.0000000000
43958  32.702  -12.686  59.769 0.0000000000
43967  31.795  -12.531  59.279 0.0000000000
43076  30.917  -14.363  59.292 0.0000000000
43969  30.553  -13.443  58.776 0.0000000000
43981  30.590  -12.467  58.394 0.0000000000
57226  41.121  4.459  49.842 0.0000000000
104073  35.490  -9.865  62.845 0.0000000000
45628  35.349  -10.576  62.757 0.0000000000
46454  35.802  -9.328  63.195 0.0000000000
33094  17.958  -25.360  70.656 0.0000000000
49034  34.732  -6.629  57.018 0.0000000000
49880  35.435  -5.852  58.108 0.0000000000
96447  14.770  -25.553  74.462 0.0000000000
33071  15.533  -25.800  74.788 0.0000000000
33077  15.234  -25.898  73.863 0.0000000000
38748  28.875  -18.673  67.206 0.0000000000
38757  27.549  -18.734  66.330 0.0000000000
35325  19.619  -22.554  66.336 0.0000000000
35332  19.352  -22.329  65.622 0.0000000000
95085  41.189  6.290  53.207 0.0000000000
58540  41.642  6.412  52.659 0.0000000000
57873  41.004  5.900  50.997 0.0000000000
44866  31.392  -11.298  58.349 0.0000000000
49012  35.039  -7.070  60.049 0.0000000000
30829  19.776  -28.123  72.935 0.0000000000
30832  20.041  -28.743  72.841 0.0000000000
40408  23.892  -16.746  60.802 0.0000000000
54553  35.562  1.061  52.826 0.0000000000
55222  35.079  1.824  52.641 0.0000000000
101340  36.144  -2.363  56.448 0.0000000000
53133  34.893  -1.661  54.332 0.0000000000
33819  18.907  -24.401  74.553 0.0000000000
32275  21.854  -26.541  78.021 0.0000000000
30812  20.609  -28.703  78.098 0.0000000000
39566  28.445  -17.505  64.452 0.0000000000
39580  27.438  -17.354  63.598 0.0000000000
36120  23.408  -21.724  69.647 0.0000000000
37909  24.221  -20.272  66.783 0.0000000000
42143  33.476  -14.463  60.775 0.0000000000
42144  32.920  -14.618  60.277 0.0000000000
45645  34.225  -10.388  60.981 0.0000000000
44846  33.540  -11.249  60.175 0.0000000000
48990  37.465  -6.621  63.172 0.0000000000
47365  35.838  -8.596  62.781 0.0000000000
47373  35.469  -8.663  62.084 0.0000000000
48182  35.402  -8.027  61.563 0.0000000000
31546  18.678  -26.898  72.055 0.0000000000
31545  19.335  -27.618  72.543 0.0000000000
32296  19.259  -26.904  72.888 0.0000000000
89205  18.479  -24.722  69.754 0.0000000000
50644  37.182  -4.126  58.602 0.0000000000
52293  38.250  -1.554  57.890 0.0000000000
33041  21.583  -25.839  78.361 0.0000000000
33054  16.637  -25.810  76.469 0.0000000000
33053  17.394  -25.901  76.740 0.0000000000
32284  17.655  -26.857  75.814 0.0000000000
31536  18.258  -27.517  75.988 0.0000000000
31537  17.856  -27.636  75.254 0.0000000000
30821  18.370  -28.354  75.467 0.0000000000
32298  16.091  -26.986  72.809 0.0000000000
31544  16.627  -27.532  73.313 0.0000000000
33080  12.768  -24.960  73.315 0.0000000000
33086  12.602  -25.359  72.563 0.0000000000
33081  11.162  -25.525  73.252 0.0000000000
39547  29.053  -18.090  65.833 0.0000000000
92479  26.378  -18.724  65.462 0.0000000000
38773  26.445  -18.304  64.852 0.0000000000
103120  25.228  -18.870  64.854 0.0000000000
36138  21.516  -21.521  67.392 0.0000000000
37007  21.708  -20.738  66.240 0.0000000000
41249  28.742  -15.374  59.050 0.0000000000
58546  42.254  6.882  51.083 0.0000000000
58551  42.421  6.616  50.091 0.0000000000
57878  42.204  6.001  49.689 0.0000000000
48204  34.561  -7.419  58.705 0.0000000000
47398  33.239  -9.088  58.069 0.0000000000
46483  32.172  -10.042  58.007 0.0000000000
46488  32.552  -9.461  57.615 0.0000000000
48996  37.178  -6.156  62.553 0.0000000000
49847  37.747  -5.249  62.195 0.0000000000
49848  37.029  -5.725  61.837 0.0000000000
49864  36.957  -4.913  60.201 0.0000000000
35299  23.538  -23.986  71.615 0.0000000000
34552  22.459  -24.046  70.697 0.0000000000
104257  21.453  -22.482  68.325 0.0000000000
91542  19.593  -23.659  67.393 0.0000000000
55889  33.815  2.545  53.067 0.0000000000
56549  35.232  3.831  52.940 0.0000000000
57210  35.555  4.537  53.376 0.0000000000
57863  36.415  5.684  53.999 0.0000000000
57209  36.328  5.044  53.185 0.0000000000
92283  36.988  0.488  53.242 0.0000000000
54552  36.415  1.020  52.788 0.0000000000
57221  37.109  3.962  52.051 0.0000000000
56563  36.700  3.320  52.074 0.0000000000
57869  37.105  5.244  52.775 0.0000000000
91486  37.730  5.451  52.514 0.0000000000
96240  38.532  4.127  51.137 0.0000000000
57219  38.885  4.958  51.313 0.0000000000
57875  39.623  5.475  51.360 0.0000000000
57228  39.281  4.336  50.715 0.0000000000
34548  18.321  -23.779  71.488 0.0000000000
34529  18.497  -23.409  73.378 0.0000000000
34513  18.944  -23.173  75.056 0.0000000000
34536  22.687  -24.302  72.035 0.0000000000
35291  20.789  -22.699  72.209 0.0000000000
48208  34.027  -7.828  57.335 0.0000000000
53846  34.814  -0.327  53.560 0.0000000000
54538  35.187  0.354  53.196 0.0000000000
52334  37.983  -1.472  56.587 0.0000000000
53125  37.183  -1.592  55.499 0.0000000000
31534  21.532  -27.607  75.705 0.0000000000
30815  22.259  -28.179  76.499 0.0000000000
30814  22.970  -28.655  77.165 0.0000000000
32257  20.638  -25.872  79.936 0.0000000000
32256  21.229  -26.583  79.815 0.0000000000
32276  19.361  -26.688  78.257 0.0000000000
30805  20.820  -27.788  79.118 0.0000000000
31522  20.555  -27.417  79.185 0.0000000000
31517  21.655  -27.186  79.349 0.0000000000
30803  21.993  -27.784  79.015 0.0000000000
86711  10.042  -26.000  74.160 0.0000000000
85866  8.621  -27.165  73.586 0.0000000000
42137  34.350  -14.211  61.650 0.0000000000
40389  30.789  -16.340  62.441 0.0000000000
40402  30.788  -15.908  61.520 0.0000000000
40378  30.471  -16.848  63.353 0.0000000000
40392  27.421  -16.632  62.400 0.0000000000
40393  24.939  -16.765  61.972 0.0000000000
39568  26.848  -17.757  64.332 0.0000000000
39581  26.690  -17.501  63.676 0.0000000000
39584  24.250  -17.711  63.028 0.0000000000
39609  24.244  -17.076  61.930 0.0000000000
39611  22.730  -17.469  61.213 0.0000000000
38796  22.334  -17.966  61.935 0.0000000000
38803  21.639  -18.472  61.678 0.0000000000
37990  21.073  -18.985  61.224 0.0000000000
36109  25.564  -21.747  70.511 0.0000000000
36118  26.003  -21.377  69.778 0.0000000000
36992  23.799  -20.903  68.220 0.0000000000
36990  25.652  -20.798  68.560 0.0000000000
36979  26.276  -21.045  69.125 0.0000000000
36989  26.582  -20.478  68.489 0.0000000000
37893  26.527  -20.091  67.747 0.0000000000
91744  26.854  -19.605  67.240 0.0000000000
37919  26.314  -19.424  66.582 0.0000000000
38765  24.608  -19.107  64.869 0.0000000000
37935  23.954  -19.351  64.925 0.0000000000
37967  22.086  -19.028  63.562 0.0000000000
44829  34.942  -11.935  62.034 0.0000000000
43947  33.905  -12.910  61.085 0.0000000000
43065  32.809  -13.638  60.061 0.0000000000
43957  33.326  -12.811  60.323 0.0000000000
42155  30.900  -15.078  59.533 0.0000000000
43968  31.068  -12.759  58.924 0.0000000000
61105  44.627  10.409  50.575 0.0000000000
61104  45.414  10.824  50.622 0.0000000000
57879  40.959  5.349  50.256 0.0000000000
56572  40.580  3.634  50.035 0.0000000000
46459  35.482  -9.269  62.525 0.0000000000
46468  34.912  -9.591  61.669 0.0000000000
93197  34.473  -11.112  61.511 0.0000000000
34554  18.464  -23.882  70.870 0.0000000000
33797  20.844  -24.529  78.091 0.0000000000
33791  21.107  -24.445  79.297 0.0000000000
33070  16.290  -26.064  75.078 0.0000000000
32289  16.667  -26.616  74.562 0.0000000000
32295  15.717  -26.367  73.278 0.0000000000
33083  15.002  -25.963  72.923 0.0000000000
33084  14.276  -25.629  72.640 0.0000000000
100780  13.967  -25.320  73.062 0.0000000000
36148  20.562  -21.507  66.350 0.0000000000
36158  19.676  -21.681  65.258 0.0000000000
41234  29.617  -15.633  60.473 0.0000000000
100796  28.489  -15.546  59.752 0.0000000000
58542  40.434  6.241  53.099 0.0000000000
58533  41.040  6.284  53.839 0.0000000000
59212  43.213  7.771  52.388 0.0000000000
48200  34.593  -7.628  59.541 0.0000000000
47395  33.888  -8.899  59.328 0.0000000000
45648  33.349  -10.599  59.695 0.0000000000
46478  33.127  -10.055  59.105 0.0000000000
49003  36.375  -6.229  61.451 0.0000000000
49004  35.825  -6.611  61.073 0.0000000000
90277  35.623  -6.487  60.408 0.0000000000
30827  20.923  -28.918  73.955 0.0000000000
34564  20.142  -24.324  69.077 0.0000000000
40406  25.110  -16.244  61.299 0.0000000000
55223  34.268  1.833  52.885 0.0000000000
55888  34.605  2.599  52.692 0.0000000000
55236  36.890  2.071  52.247 0.0000000000
55220  37.523  1.527  52.299 0.0000000000
56562  37.441  3.327  51.681 0.0000000000
57220  37.828  4.005  51.625 0.0000000000
56561  38.194  3.354  51.177 0.0000000000
55896  38.700  2.658  50.938 0.0000000000
53132  35.737  -1.632  54.396 0.0000000000
32279  20.963  -26.173  76.494 0.0000000000
32282  21.313  -26.864  76.120 0.0000000000
32270  19.912  -26.411  79.289 0.0000000000
31528  19.574  -27.459  77.833 0.0000000000
41211  32.177  -16.077  61.882 0.0000000000
40388  31.613  -16.294  62.382 0.0000000000
39553  29.593  -17.708  65.277 0.0000000000
40370  29.843  -17.189  64.005 0.0000000000
98760  29.611  -16.980  63.384 0.0000000000
39594  26.363  -17.254  63.061 0.0000000000
39570  25.320  -18.089  63.944 0.0000000000
38795  22.943  -17.918  62.521 0.0000000000
36999  25.340  -20.459  67.730 0.0000000000
93517  23.491  -19.757  65.385 0.0000000000
37014  21.168  -20.288  64.622 0.0000000000
37953  20.946  -20.213  64.037 0.0000000000
37969  20.970  -20.002  63.410 0.0000000000
92410  20.548  -20.322  63.026 0.0000000000
43051  34.297  -13.438  61.562 0.0000000000
42170  29.738  -14.669  58.590 0.0000000000
43077  30.268  -14.314  58.839 0.0000000000
59845  43.219  8.652  51.086 0.0000000000
100787  43.467  9.237  50.512 0.0000000000
47390  34.491  -8.805  60.587 0.0000000000
46475  34.076  -9.666  60.465 0.0000000000
44855  32.550  -11.742  59.377 0.0000000000
104399  36.275  -7.309  62.392 0.0000000000
53844  36.535  -0.257  53.601 0.0000000000
36071  19.591  -21.665  73.858 0.0000000000
52275  38.272  -1.404  58.025 0.0000000000
33811  20.284  -24.930  76.354 0.0000000000
32280  18.162  -26.152  77.060 0.0000000000
32283  18.225  -26.863  76.508 0.0000000000
101119  19.275  -28.518  76.598 0.0000000000
31539  17.520  -27.813  74.487 0.0000000000
39546  29.933  -18.001  65.949 0.0000000000
39567  27.579  -17.571  64.295 0.0000000000
36130  22.429  -21.563  68.538 0.0000000000
37002  22.725  -20.792  67.255 0.0000000000
37922  22.984  -20.191  65.946 0.0000000000
37012  20.760  -20.710  65.168 0.0000000000
42145  32.201  -15.119  60.007 0.0000000000
103601  29.883  -15.248  59.357 0.0000000000
90218  28.973  -14.973  58.274 0.0000000000
97616  43.197  7.999  51.628 0.0000000000
59224  42.823  7.078  49.619 0.0000000000
99998  35.788  -5.847  59.444 0.0000000000
34533  25.059  -24.661  73.247 0.0000000000
35287  25.697  -23.671  72.491 0.0000000000
35305  24.133  -22.835  71.087 0.0000000000
35317  20.533  -22.495  67.418 0.0000000000
35326  19.159  -23.026  65.920 0.0000000000
87157  18.279  -26.250  67.846 0.0000000000
99854  27.476  -15.856  61.158 0.0000000000
58537  37.234  6.120  53.797 0.0000000000
55221  36.050  1.804  52.480 0.0000000000
56555  35.865  3.396  52.428 0.0000000000
57213  36.747  4.528  52.522 0.0000000000
58536  38.040  6.450  53.531 0.0000000000
57867  39.483  6.098  52.851 0.0000000000
57868  38.260  5.261  52.019 0.0000000000
57866  39.924  5.904  52.198 0.0000000000
57874  40.410  5.832  51.545 0.0000000000
33825  18.398  -24.248  73.148 0.0000000000
34520  19.005  -23.941  75.081 0.0000000000
35264  19.222  -22.399  75.168 0.0000000000
33823  26.493  -24.734  74.109 0.0000000000
34535  23.496  -24.342  72.592 0.0000000000
49035  34.299  -7.262  57.032 0.0000000000
56551  33.415  3.042  53.693 0.0000000000
55209  33.927  1.143  53.211 0.0000000000
52350  36.235  -1.944  55.137 0.0000000000
53140  36.141  -0.982  53.962 0.0000000000
31541  20.289  -27.529  74.026 0.0000000000
32291  20.225  -26.940  74.400 0.0000000000
31523  20.016  -27.161  78.846 0.0000000000
31525  22.454  -27.674  77.975 0.0000000000
30811  22.977  -28.473  77.762 0.0000000000
33827  11.383  -25.115  73.858 0.0000000000
86153  10.715  -25.531  73.917 0.0000000000
86184  10.411  -26.059  73.479 0.0000000000
85654  10.152  -26.624  73.049 0.0000000000
42138  33.849  -14.742  61.220 0.0000000000
42139  33.285  -15.116  60.766 0.0000000000
41232  32.043  -15.487  60.549 0.0000000000
89323  31.307  -15.662  60.774 0.0000000000
99329  28.999  -15.786  61.027 0.0000000000
40377  31.438  -16.622  63.006 0.0000000000
38802  21.926  -17.935  60.964 0.0000000000
37905  28.443  -19.115  67.814 0.0000000000
35296  26.272  -22.701  71.827 0.0000000000
35295  27.090  -22.508  71.917 0.0000000000
36097  26.838  -22.038  71.181 0.0000000000
36117  27.241  -21.242  69.897 0.0000000000
36981  24.932  -21.176  69.126 0.0000000000
36978  27.706  -20.708  69.491 0.0000000000
104338  27.405  -19.152  66.981 0.0000000000
37950  23.209  -19.406  64.676 0.0000000000
37980  21.213  -19.110  62.183 0.0000000000
37981  20.842  -19.812  62.624 0.0000000000
92401  33.743  -12.004  60.589 0.0000000000
44847  33.243  -11.967  59.932 0.0000000000
44856  31.776  -11.741  58.952 0.0000000000
104481  31.633  -14.120  59.552 0.0000000000
43075  31.326  -13.426  59.286 0.0000000000
43980  31.196  -12.063  58.695 0.0000000000
57883  41.790  5.290  49.603 0.0000000000
32294  16.373  -26.795  73.693 0.0000000000
59216  43.052  7.873  50.891 0.0000000000
104706  44.768  10.844  51.099 0.0000000000
