#!ascii label  , from subject sub-v1s16x0051176_ses-1 vox2ras=TkReg
1663
27267  -16.379  -24.431  81.020 0.4444440007
27255  -16.004  -24.180  82.535 0.4444440007
27259  -16.636  -24.159  81.994 0.4444440007
27256  -16.682  -24.146  82.966 0.4444440007
73424  -17.156  -24.387  82.309 0.4444440007
27248  -15.876  -24.368  85.525 0.4444440007
27252  -16.484  -24.420  84.193 0.4444440007
74579  -17.260  -24.384  81.297 0.4444440007
26533  -16.761  -25.089  84.507 0.4444440007
25807  -16.022  -25.963  85.272 0.3333329856
25808  -16.931  -25.874  84.444 0.4444440007
88911  -17.261  -25.073  83.977 0.4444440007
25073  -15.539  -26.655  84.994 0.3333329856
25810  -17.617  -26.452  83.910 0.4444440007
86797  -17.487  -25.827  84.029 0.4444440007
76677  -16.800  -26.494  84.341 0.3333329856
25082  -16.207  -27.775  82.931 0.3333329856
25077  -16.065  -27.154  83.995 0.3333329856
77627  -16.090  -24.625  80.230 0.5555559993
27277  -16.467  -24.493  79.713 0.4444440007
75754  -16.968  -24.373  80.428 0.5555559993
27278  -17.417  -24.288  79.899 0.4444440007
26538  -17.684  -25.141  82.626 0.4444440007
27260  -17.628  -24.846  81.805 0.5555559993
79947  -17.782  -24.426  80.560 0.4444440007
26534  -17.696  -25.568  83.512 0.4444440007
27261  -18.073  -24.975  81.127 0.5555559993
27268  -18.440  -24.894  80.500 0.6666669846
25078  -17.502  -27.016  83.702 0.3333329856
26539  -18.118  -26.124  82.969 0.5555559993
88967  -18.520  -25.351  80.777 0.5555559993
25812  -18.204  -26.829  83.158 0.4444440007
75538  -18.490  -26.612  82.242 0.5555559993
25818  -18.636  -25.971  81.231 0.4444440007
25084  -18.184  -27.007  83.183 0.3333329856
88923  -19.273  -26.421  80.851 0.3333329856
27294  -16.989  -24.267  79.215 0.3333329856
28046  -17.495  -23.932  78.885 0.3333329856
28037  -17.785  -24.064  79.627 0.4444440007
27279  -18.257  -24.364  80.144 0.4444440007
27269  -18.896  -24.913  80.085 0.6666669846
72920  -29.071  -21.078  82.628 0.7777780294
83175  -29.411  -20.919  83.037 0.7777780294
26546  -18.993  -25.636  80.456 0.5555559993
72243  -29.863  -21.157  82.295 0.8888890147
28038  -18.672  -24.286  79.824 0.6666669846
72226  -26.757  -21.070  82.512 0.6666669846
83368  -27.400  -21.296  80.709 0.7777780294
72790  -27.992  -20.853  82.784 0.7777780294
83367  -28.829  -20.626  82.859 0.7777780294
83517  -30.531  -20.588  82.138 0.8888890147
85490  -31.503  -21.019  83.157 0.8888890147
26553  -19.501  -25.557  79.802 0.4444440007
83527  -29.909  -20.759  82.612 0.8888890147
83331  -30.481  -21.469  81.289 0.7777780294
28060  -17.863  -23.206  78.754 0.3333329856
28047  -18.209  -23.512  79.537 0.4444440007
74098  -25.909  -21.426  81.342 0.6666669846
28048  -18.825  -23.538  79.627 0.6666669846
27280  -19.337  -24.904  79.634 0.6666669846
72236  -26.501  -21.532  80.084 0.4444440007
72678  -27.945  -20.300  83.015 0.7777780294
27295  -19.591  -24.433  79.195 0.3333329856
83279  -27.071  -21.698  78.715 0.3333329856
83601  -28.985  -20.294  82.026 0.6666669846
83214  -29.392  -20.450  82.800 0.6666669846
27281  -19.938  -25.340  79.223 0.2222220004
72679  -28.194  -19.961  82.680 0.6666669846
83218  -29.670  -20.340  81.559 0.6666669846
72689  -30.565  -21.177  82.362 0.7777780294
72789  -31.302  -21.520  82.138 0.7777780294
26559  -20.595  -25.939  78.797 0.2222220004
27296  -20.461  -25.048  78.609 0.2222220004
83590  -28.900  -20.171  79.839 0.6666669846
83379  -31.115  -21.904  80.792 0.5555559993
88110  -32.127  -21.608  82.475 0.6666669846
28931  -18.194  -22.211  79.877 0.5555559993
28923  -18.647  -22.340  80.320 0.6666669846
83157  -25.921  -21.069  82.981 0.6666669846
83526  -26.471  -20.613  83.281 0.6666669846
72749  -25.799  -21.735  79.515 0.4444440007
83220  -25.210  -21.849  78.385 0.3333329856
72734  -26.064  -21.878  78.068 0.3333329856
83481  -27.153  -20.367  83.245 0.7777780294
83591  -31.279  -20.552  81.445 0.8888890147
83518  -32.407  -20.596  82.047 0.8888890147
83528  -32.777  -20.770  83.030 0.8888890147
28049  -19.841  -23.581  79.023 0.3333329856
28967  -26.014  -22.213  76.840 0.3333329856
28968  -26.916  -22.687  76.558 0.3333329856
83199  -33.615  -21.007  82.548 0.8888890147
83629  -28.097  -20.229  80.196 0.6666669846
83562  -32.625  -21.343  83.045 0.7777780294
27297  -21.052  -24.884  78.106 0.2222220004
26560  -21.139  -25.683  78.246 0.2222220004
28922  -18.566  -21.392  81.160 0.6666669846
28918  -19.218  -21.207  81.820 0.6666669846
87122  -18.855  -21.651  81.148 0.6666669846
83381  -24.582  -21.601  80.805 0.6666669846
83427  -25.129  -21.307  82.065 0.5555559993
28924  -19.376  -22.077  80.625 0.5555559993
72817  -25.227  -21.710  80.199 0.6666669846
73895  -19.240  -22.935  79.875 0.5555559993
28932  -20.258  -22.816  79.045 0.4444440007
72234  -24.756  -22.297  76.657 0.3333329856
83366  -27.357  -19.884  83.162 0.6666669846
27305  -20.497  -24.229  78.371 0.3333329856
83605  -25.128  -22.024  77.082 0.3333329856
83522  -27.314  -20.117  80.684 0.4444440007
72713  -33.281  -20.579  82.139 0.8888890147
83207  -27.330  -20.208  78.746 0.4444440007
28966  -25.182  -22.523  76.438 0.3333329856
28071  -26.135  -23.078  76.218 0.3333329856
83155  -28.097  -20.209  78.384 0.5555559993
83519  -29.641  -20.187  79.092 0.6666669846
28070  -25.367  -23.291  76.110 0.3333329856
80071  -21.654  -26.284  77.925 0.1111110002
28079  -25.866  -24.038  75.894 0.3333329856
73042  -24.147  -21.288  82.511 0.6666669846
72781  -20.116  -21.493  81.404 0.6666669846
73059  -20.465  -22.169  79.815 0.4444440007
72233  -23.712  -21.698  80.112 0.5555559993
83419  -24.068  -21.844  78.269 0.4444440007
83606  -24.560  -21.792  79.066 0.4444440007
28933  -21.006  -22.401  78.686 0.4444440007
29720  -24.091  -22.031  77.439 0.4444440007
83283  -24.562  -21.930  77.662 0.4444440007
28061  -20.827  -23.524  78.168 0.2222220004
28948  -21.278  -22.905  78.055 0.2222220004
29730  -24.416  -22.181  76.904 0.3333329856
83424  -32.907  -20.418  80.672 0.8888890147
87475  -24.147  -22.418  76.763 0.3333329856
83425  -33.983  -20.614  81.700 0.8888890147
27306  -21.304  -24.308  77.703 0.2222220004
28069  -24.725  -23.181  76.207 0.3333329856
72687  -30.406  -20.350  80.318 0.7777780294
28062  -21.679  -23.609  77.453 0.2222220004
72944  -34.401  -20.847  81.319 0.8888890147
27320  -25.119  -24.015  75.985 0.3333329856
72242  -34.424  -21.117  80.352 0.6666669846
26566  -21.746  -25.407  77.711 0.2222220004
83385  -19.443  -20.884  82.304 0.6666669846
83496  -20.108  -21.065  82.744 0.6666669846
29701  -20.930  -21.761  80.432 0.4444440007
83249  -22.587  -21.512  81.116 0.6666669846
29707  -21.204  -21.962  79.149 0.4444440007
72719  -21.854  -21.721  79.594 0.4444440007
72231  -23.393  -21.371  82.267 0.5555559993
83789  -22.797  -21.690  79.190 0.4444440007
29717  -21.782  -22.260  78.231 0.4444440007
72954  -23.484  -21.948  78.067 0.4444440007
28964  -23.744  -22.686  76.768 0.3333329856
29719  -23.887  -22.246  77.099 0.3333329856
30432  -32.088  -20.455  79.930 0.8888890147
72244  -33.703  -20.295  80.266 1.0000000000
28068  -24.057  -23.196  76.357 0.3333329856
27307  -22.278  -24.651  77.200 0.2222220004
72248  -34.388  -20.505  80.505 0.8888890147
28063  -22.544  -23.617  76.927 0.2222220004
77932  -24.390  -23.935  76.130 0.3333329856
29708  -34.410  -21.646  79.189 0.2222220004
29709  -34.963  -21.052  79.696 0.6666669846
83524  -21.485  -20.939  82.867 0.6666669846
72735  -21.304  -21.275  82.132 0.6666669846
29718  -22.606  -22.017  78.196 0.4444440007
84814  -22.551  -22.474  77.607 0.3333329856
82156  -22.138  -22.960  77.488 0.3333329856
28950  -23.231  -22.366  77.392 0.3333329856
28949  -22.939  -22.907  77.068 0.3333329856
28067  -23.368  -23.406  76.578 0.3333329856
84841  -23.778  -23.887  76.296 0.3333329856
27310  -23.210  -24.493  76.630 0.2222220004
73037  -34.633  -20.686  80.292 0.7777780294
31224  -34.400  -19.776  79.482 1.0000000000
31217  -34.867  -19.784  79.894 0.8888890147
72241  -34.947  -20.238  80.133 0.7777780294
30414  -35.395  -20.430  79.809 0.7777780294
30423  -36.239  -20.211  79.402 0.5555559993
30434  -36.507  -20.258  78.266 0.3333329856
30448  -36.610  -20.075  77.094 0.2222220004
31988  -33.814  -19.605  78.568 0.7777780294
31971  -35.153  -19.043  79.588 1.0000000000
31212  -36.121  -19.735  80.678 0.8888890147
85746  -35.719  -19.976  80.229 0.8888890147
30415  -35.850  -20.034  80.277 0.7777780294
80260  -36.935  -19.896  80.159 0.6666669846
31233  -37.373  -19.612  77.684 0.2222220004
75586  -37.058  -19.923  78.855 0.5555559993
31243  -37.364  -19.581  76.461 0.2222220004
81293  -37.325  -19.491  75.530 0.1111110002
31244  -37.759  -19.226  76.088 0.2222220004
83762  -34.756  -19.154  79.258 1.0000000000
30409  -36.162  -19.839  81.331 0.8888890147
31219  -37.756  -19.838  80.916 0.7777780294
85141  -38.083  -19.490  79.773 0.6666669846
31234  -38.097  -19.097  77.824 0.4444440007
31226  -38.598  -18.985  78.962 0.6666669846
31990  -38.063  -18.932  76.899 0.5555559993
31991  -38.531  -18.678  77.917 0.5555559993
31256  -37.631  -19.136  75.294 0.2222220004
31982  -35.542  -18.338  79.264 1.0000000000
31973  -36.196  -18.916  80.747 1.0000000000
84741  -36.081  -18.371  79.827 1.0000000000
32765  -36.613  -17.992  80.477 1.0000000000
76144  -36.405  -19.627  82.313 0.8888890147
32753  -36.926  -18.542  82.426 1.0000000000
31214  -38.312  -19.363  81.178 0.8888890147
31967  -38.620  -18.500  81.525 0.8888890147
31974  -39.162  -18.674  80.529 0.8888890147
31983  -39.207  -18.486  78.860 0.6666669846
32011  -37.996  -18.854  75.976 0.4444440007
32759  -37.348  -17.431  81.621 1.0000000000
32754  -37.809  -17.671  82.231 1.0000000000
31968  -39.204  -17.884  81.209 1.0000000000
32760  -39.526  -16.847  81.514 1.0000000000
32767  -39.891  -16.830  80.986 0.8888890147
32772  -39.598  -17.834  79.126 0.7777780294
32780  -38.909  -17.800  78.064 0.6666669846
32797  -37.974  -17.985  75.938 0.5555559993
33554  -37.151  -16.933  80.099 1.0000000000
34390  -39.022  -15.294  81.580 1.0000000000
33544  -39.782  -16.158  82.043 1.0000000000
33557  -41.025  -15.858  81.835 1.0000000000
33587  -37.988  -17.048  77.004 0.5555559993
33574  -38.592  -16.433  77.989 0.6666669846
33595  -37.694  -16.786  75.841 0.6666669846
34399  -39.468  -14.482  81.714 1.0000000000
85540  -38.791  -14.237  80.780 1.0000000000
33565  -40.279  -15.760  80.499 1.0000000000
34392  -40.989  -15.065  82.775 1.0000000000
33588  -38.106  -16.093  77.275 0.6666669846
33564  -39.426  -16.750  79.047 0.7777780294
33605  -37.619  -16.386  74.928 0.6666669846
34426  -37.859  -16.076  76.502 0.6666669846
35284  -38.416  -14.359  79.122 0.8888890147
35274  -40.661  -14.454  82.466 1.0000000000
35277  -40.030  -13.788  81.778 1.0000000000
34406  -39.596  -15.784  79.069 0.8888890147
35278  -41.152  -13.820  82.220 1.0000000000
35286  -41.472  -14.387  80.785 1.0000000000
34413  -38.826  -15.716  77.856 0.7777780294
34414  -40.088  -15.127  78.953 0.8888890147
34440  -37.888  -15.840  75.578 0.5555559993
33618  -37.424  -15.928  73.997 0.5555559993
34451  -37.999  -15.532  74.713 0.5555559993
35377  -39.016  -14.768  71.970 0.2222220004
35378  -40.175  -14.777  71.799 0.3333329856
35390  -39.067  -14.640  71.001 0.2222220004
35285  -39.346  -13.474  80.567 1.0000000000
36164  -41.310  -12.109  81.525 1.0000000000
35279  -41.615  -13.153  82.087 1.0000000000
35287  -41.613  -13.663  80.539 1.0000000000
35295  -40.494  -14.423  78.850 1.0000000000
85544  -38.271  -15.515  76.128 0.6666669846
35304  -39.049  -15.121  76.280 0.6666669846
34428  -39.506  -15.026  77.482 0.7777780294
35305  -40.125  -14.510  76.448 0.7777780294
36227  -41.171  -13.791  73.670 0.8888890147
34452  -38.651  -15.011  74.475 0.6666669846
35351  -40.820  -14.381  73.220 0.5555559993
34462  -37.690  -15.131  73.194 0.1111110002
35348  -38.019  -15.192  74.010 0.4444440007
35350  -39.796  -14.725  73.481 0.3333329856
74300  -37.950  -14.883  72.178 0.2222220004
35365  -39.987  -14.748  72.634 0.3333329856
36236  -41.274  -14.050  72.977 0.6666669846
35364  -38.803  -14.858  72.854 0.2222220004
35366  -40.932  -14.546  72.457 0.5555559993
36252  -40.195  -14.674  70.871 0.3333329856
35294  -38.685  -13.516  78.834 1.0000000000
36165  -41.569  -12.884  79.562 1.0000000000
35296  -40.955  -13.800  78.477 0.8888890147
75736  -40.326  -14.374  77.577 0.7777780294
36215  -41.259  -13.464  74.610 0.7777780294
34441  -38.625  -15.167  75.356 0.6666669846
35317  -39.611  -14.703  75.541 0.6666669846
35334  -40.214  -14.478  74.894 0.6666669846
76732  -40.782  -14.258  74.158 0.5555559993
88112  -39.319  -14.795  74.889 0.6666669846
80491  -41.252  -13.437  73.359 0.8888890147
35349  -38.692  -14.907  73.706 0.3333329856
36242  -41.384  -14.218  72.435 0.8888890147
36237  -41.416  -13.591  72.762 0.8888890147
35379  -41.227  -14.592  71.716 0.3333329856
74964  -40.026  -14.482  69.901 0.2222220004
36253  -41.101  -14.523  70.550 0.2222220004
36171  -38.831  -12.567  78.406 1.0000000000
37255  -40.759  -11.678  80.205 1.0000000000
37242  -41.781  -11.538  81.125 1.0000000000
36166  -42.166  -11.847  80.320 1.0000000000
35306  -40.966  -13.949  77.082 0.8888890147
35335  -41.034  -13.989  75.099 0.8888890147
35319  -41.076  -13.973  76.011 0.7777780294
35318  -40.485  -14.338  75.560 0.6666669846
36216  -41.235  -12.664  74.627 1.0000000000
82958  -41.204  -13.304  73.988 0.8888890147
36243  -41.687  -13.879  72.186 0.7777780294
37317  -41.970  -13.000  71.969 0.8888890147
36254  -41.891  -14.197  71.286 0.6666669846
37325  -42.255  -13.570  71.154 0.7777780294
37318  -42.453  -12.647  71.439 0.7777780294
36264  -41.494  -14.320  69.959 0.2222220004
75704  -41.763  -14.329  70.475 0.3333329856
37254  -39.698  -11.886  79.086 1.0000000000
37269  -40.305  -11.303  78.732 1.0000000000
38200  -40.794  -10.997  78.139 1.0000000000
38201  -41.328  -11.244  78.587 1.0000000000
38190  -41.441  -11.462  79.657 1.0000000000
79138  -40.808  -11.095  77.479 1.0000000000
37270  -41.948  -11.668  79.132 1.0000000000
38207  -41.374  -11.439  77.604 1.0000000000
37299  -41.114  -11.809  75.574 1.0000000000
36173  -41.752  -12.423  77.712 0.8888890147
36187  -41.620  -12.591  76.553 0.8888890147
37293  -41.536  -11.938  76.539 1.0000000000
36202  -41.441  -12.682  75.548 1.0000000000
36186  -41.441  -13.279  76.696 0.8888890147
36201  -41.366  -13.386  75.678 0.8888890147
37305  -41.027  -12.512  73.750 1.0000000000
37312  -41.474  -12.692  72.608 0.8888890147
86130  -41.968  -11.830  72.160 1.0000000000
39166  -41.387  -10.405  72.663 1.0000000000
36255  -42.100  -14.028  70.498 0.5555559993
37326  -42.671  -13.266  70.545 0.6666669846
38245  -42.532  -11.583  71.919 1.0000000000
39167  -42.608  -10.550  72.454 1.0000000000
36265  -41.939  -14.198  69.879 0.2222220004
38259  -43.111  -12.298  71.111 0.8888890147
81606  -41.565  -14.300  69.237 0.2222220004
36281  -42.226  -14.106  69.107 0.2222220004
38205  -39.295  -11.354  76.680 1.0000000000
38206  -40.285  -11.025  77.047 1.0000000000
38212  -39.646  -11.278  75.779 1.0000000000
74696  -40.326  -11.509  75.128 1.0000000000
38221  -40.896  -11.927  74.578 1.0000000000
74255  -40.188  -11.561  74.107 1.0000000000
37311  -41.165  -12.598  73.041 1.0000000000
38236  -41.096  -11.218  72.677 1.0000000000
39158  -41.633  -9.351  73.356 1.0000000000
38246  -43.453  -11.426  71.688 1.0000000000
36266  -42.548  -13.806  69.713 0.3333329856
37327  -43.528  -12.702  70.380 0.5555559993
38260  -44.026  -11.962  70.956 0.8888890147
39168  -43.913  -10.608  72.357 1.0000000000
37339  -43.165  -13.294  69.889 0.4444440007
36267  -43.403  -13.501  69.344 0.4444440007
37328  -44.498  -12.411  70.361 0.5555559993
36283  -43.796  -13.613  68.813 0.3333329856
36268  -44.288  -13.211  69.221 0.2222220004
78814  -44.150  -13.616  68.317 0.2222220004
38211  -38.536  -11.529  75.760 1.0000000000
38220  -39.432  -11.320  74.676 1.0000000000
38228  -40.169  -11.412  73.309 1.0000000000
38235  -40.438  -11.344  72.708 1.0000000000
38244  -39.999  -10.211  72.112 0.8888890147
39165  -40.099  -9.255  72.572 1.0000000000
39157  -40.671  -8.902  73.149 1.0000000000
39931  -42.016  -8.363  74.566 1.0000000000
39932  -43.451  -8.806  74.410 1.0000000000
39926  -44.053  -7.932  74.697 1.0000000000
38247  -44.649  -11.270  71.638 0.8888890147
39160  -44.501  -9.787  73.198 1.0000000000
38261  -45.164  -11.709  70.943 0.6666669846
39169  -45.370  -10.493  72.352 1.0000000000
39933  -45.060  -8.971  73.957 1.0000000000
36284  -44.607  -13.337  68.699 0.3333329856
37341  -44.906  -12.741  69.761 0.3333329856
37329  -45.613  -12.174  70.391 0.6666669846
38248  -46.042  -11.071  71.692 0.8888890147
39170  -46.610  -10.162  72.209 1.0000000000
36269  -45.230  -12.958  69.180 0.4444440007
37342  -45.962  -12.514  69.803 0.5555559993
38262  -46.389  -11.500  70.999 0.5555559993
38249  -46.999  -10.741  71.477 0.7777780294
36299  -44.816  -13.448  68.091 0.2222220004
36285  -45.474  -13.161  68.580 0.3333329856
37355  -46.249  -12.810  69.188 0.5555559993
37330  -46.670  -11.867  70.392 0.6666669846
74490  -45.063  -13.455  67.313 0.2222220004
39930  -41.383  -8.249  73.871 1.0000000000
39924  -41.515  -7.081  75.183 1.0000000000
39925  -42.638  -7.501  75.199 1.0000000000
41327  -44.220  -6.676  74.370 1.0000000000
40641  -45.421  -7.634  73.421 1.0000000000
39934  -46.206  -8.831  73.383 1.0000000000
39935  -46.645  -8.746  73.026 1.0000000000
39162  -46.788  -9.247  72.704 1.0000000000
86478  -47.128  -11.208  70.866 0.7777780294
36300  -45.559  -13.330  67.973 0.2222220004
84403  -46.475  -13.085  68.393 0.5555559993
37343  -46.996  -12.249  69.836 0.6666669846
37331  -47.321  -11.383  70.212 0.7777780294
37356  -47.307  -12.559  69.203 0.5555559993
39939  -40.296  -8.743  72.741 1.0000000000
40636  -41.099  -8.528  73.104 0.8888890147
40637  -41.435  -7.255  74.080 0.8888890147
41334  -42.196  -6.117  74.792 0.8888890147
41326  -43.394  -6.159  75.028 1.0000000000
75002  -44.286  -7.299  72.702 0.8888890147
39942  -46.694  -8.757  72.053 0.8888890147
40651  -46.208  -8.278  72.751 1.0000000000
39171  -47.041  -9.838  71.802 1.0000000000
36286  -47.684  -12.786  68.597 0.5555559993
78879  -47.083  -13.250  67.719 0.5555559993
39953  -47.025  -9.462  71.676 1.0000000000
39177  -47.305  -10.141  71.081 1.0000000000
88416  -47.084  -9.739  70.886 1.0000000000
37344  -47.733  -11.892  69.576 0.8888890147
39178  -47.339  -10.828  70.341 0.8888890147
36302  -48.198  -12.988  68.053 0.7777780294
37357  -48.214  -12.177  69.103 0.8888890147
39190  -47.146  -10.292  70.276 1.0000000000
38276  -47.614  -11.345  69.617 0.8888890147
88666  -48.537  -12.396  68.665 0.7777780294
37345  -48.191  -11.714  69.179 1.0000000000
87413  -49.526  -12.519  67.773 0.7777780294
39191  -47.337  -10.795  69.517 0.7777780294
84976  -47.855  -11.251  69.101 0.7777780294
36303  -49.063  -12.423  68.302 0.7777780294
37358  -48.839  -11.968  68.730 0.8888890147
37362  -49.447  -11.980  68.093 0.8888890147
88128  -47.374  -10.865  68.827 0.7777780294
38293  -48.380  -11.525  68.685 0.7777780294
38314  -48.916  -11.616  68.199 0.6666669846
37363  -49.691  -11.906  67.525 0.6666669846
36304  -50.051  -12.346  67.382 0.7777780294
36323  -50.903  -12.658  67.543 0.4444440007
36324  -51.676  -12.646  68.414 0.2222220004
37369  -52.430  -12.454  68.867 0.2222220004
36287  -51.659  -14.047  70.192 0.3333329856
36288  -52.211  -13.932  69.969 0.3333329856
37365  -53.385  -12.339  68.282 0.3333329856
36338  -54.170  -12.362  66.303 0.3333329856
38313  -48.203  -11.186  67.942 0.6666669846
38329  -48.593  -11.409  67.193 0.5555559993
38315  -49.270  -11.693  67.708 0.6666669846
38330  -49.468  -11.685  66.846 0.5555559993
37367  -50.403  -11.966  67.126 0.4444440007
87570  -50.943  -11.900  66.743 0.3333329856
38332  -52.518  -11.879  67.578 0.3333329856
38333  -53.599  -11.448  66.678 0.3333329856
82311  -53.698  -12.551  67.462 0.4444440007
36358  -54.505  -12.147  65.218 0.3333329856
81806  -47.568  -11.148  66.994 0.6666669846
38331  -51.659  -11.778  66.405 0.4444440007
38357  -52.901  -11.194  65.972 0.4444440007
37371  -53.917  -11.762  66.964 0.4444440007
37376  -54.442  -11.345  65.694 0.4444440007
74564  -46.847  -11.270  66.096 0.6666669846
38328  -47.769  -11.386  66.151 0.6666669846
38354  -48.615  -11.509  66.061 0.5555559993
76734  -49.354  -11.585  65.710 0.5555559993
38381  -49.697  -11.413  64.865 0.4444440007
73872  -50.682  -11.232  64.691 0.5555559993
38356  -51.872  -11.111  65.043 0.4444440007
38358  -53.951  -10.533  65.445 0.3333329856
38359  -54.130  -11.050  65.874 0.4444440007
38385  -54.414  -10.525  65.105 0.4444440007
38413  -54.450  -10.333  64.419 0.4444440007
37389  -54.426  -11.123  63.875 0.4444440007
38411  -50.199  -10.662  63.927 0.4444440007
38382  -51.466  -10.364  64.096 0.4444440007
37388  -53.772  -11.161  63.228 0.3333329856
37408  -51.132  -12.708  60.660 0.2222220004
36442  -51.826  -13.199  58.985 0.2222220004
37415  -51.879  -12.563  58.524 0.2222220004
37420  -52.520  -12.595  57.899 0.2222220004
39274  -51.212  -9.904  63.353 0.3333329856
39256  -52.310  -9.876  63.677 0.3333329856
39298  -51.849  -9.798  63.136 0.3333329856
39257  -53.361  -9.702  64.090 0.2222220004
39299  -52.881  -9.919  63.537 0.3333329856
38434  -52.220  -10.534  62.816 0.3333329856
38412  -53.982  -9.989  63.823 0.3333329856
38435  -53.231  -10.455  63.279 0.3333329856
37399  -52.012  -11.900  62.223 0.2222220004
84748  -51.500  -12.541  61.456 0.2222220004
87671  -51.357  -11.912  61.702 0.2222220004
36435  -50.969  -12.749  60.009 0.2222220004
37411  -50.839  -12.291  59.661 0.2222220004
38455  -50.908  -11.847  59.319 0.2222220004
37414  -51.328  -12.478  59.123 0.2222220004
38459  -51.391  -11.715  58.747 0.2222220004
38460  -52.177  -11.797  58.107 0.2222220004
38433  -51.201  -10.137  62.611 0.2222220004
37407  -50.846  -11.832  61.189 0.2222220004
37410  -50.584  -12.124  60.275 0.2222220004
39273  -50.249  -9.804  63.104 0.3333329856
39297  -50.886  -9.716  62.834 0.1111110002
39296  -50.130  -9.445  62.465 0.2222220004
39314  -50.406  -9.700  62.306 0.2222220004
38445  -51.311  -11.153  62.028 0.2222220004
38444  -50.606  -10.638  61.664 0.2222220004
38452  -50.299  -11.166  60.657 0.2222220004
38451  -49.933  -10.576  60.207 0.2222220004
38454  -50.405  -11.480  59.811 0.2222220004
39323  -50.048  -10.090  61.272 0.3333329856
39322  -49.549  -9.683  60.575 0.2222220004
38458  -50.793  -11.205  59.173 0.3333329856
38464  -51.854  -11.025  58.193 0.2222220004
78632  -51.220  -10.953  58.670 0.2222220004
38465  -52.655  -10.970  57.684 0.2222220004
40047  -54.190  -8.899  57.371 0.2222220004
76307  -49.563  -9.208  61.685 0.2222220004
40028  -49.236  -9.105  60.762 0.2222220004
41413  -49.069  -8.333  58.880 0.2222220004
40039  -49.496  -9.262  59.450 0.3333329856
39325  -49.752  -10.083  59.735 0.3333329856
40040  -50.308  -9.808  59.027 0.3333329856
39330  -50.815  -10.430  58.836 0.3333329856
39331  -51.530  -10.293  58.297 0.2222220004
39335  -52.387  -10.239  57.844 0.2222220004
40041  -51.174  -9.449  58.297 0.3333329856
40045  -52.176  -9.482  57.883 0.2222220004
39336  -53.353  -10.014  57.457 0.2222220004
40046  -53.044  -9.461  57.650 0.2222220004
76316  -53.862  -7.513  57.461 0.2222220004
41421  -53.453  -6.951  57.452 0.2222220004
43253  -53.301  -3.972  59.592 0.2222220004
40735  -49.696  -8.539  58.777 0.3333329856
40736  -50.401  -8.892  58.522 0.3333329856
40739  -52.035  -8.740  57.876 0.3333329856
40740  -53.267  -8.507  57.628 0.3333329856
41424  -52.576  -7.749  57.832 0.3333329856
74402  -52.461  -6.803  58.092 0.2222220004
42039  -52.401  -5.958  58.465 0.2222220004
42668  -53.056  -5.339  58.425 0.2222220004
43266  -52.769  -4.663  59.234 0.2222220004
44474  -53.868  -1.970  60.930 0.2222220004
43838  -54.281  -2.609  60.525 0.2222220004
40737  -51.314  -8.375  58.142 0.3333329856
42667  -52.207  -5.252  59.067 0.2222220004
42664  -52.207  -3.774  59.968 0.2222220004
43850  -52.831  -2.958  60.527 0.2222220004
45146  -54.075  -1.466  60.870 0.2222220004
43837  -53.551  -2.513  60.637 0.2222220004
41419  -50.439  -7.947  58.459 0.3333329856
41420  -51.488  -7.427  58.274 0.3333329856
43250  -49.638  -4.447  59.344 0.2222220004
43848  -49.875  -3.591  59.436 0.2222220004
43251  -50.408  -4.101  59.667 0.2222220004
42038  -51.459  -6.494  58.645 0.3333329856
43849  -50.625  -3.178  59.873 0.2222220004
42666  -51.635  -5.708  58.969 0.2222220004
86154  -51.901  -4.503  59.584 0.2222220004
81738  -51.660  -2.952  60.316 0.2222220004
77743  -51.805  -2.486  60.078 0.2222220004
88267  -50.115  -7.472  58.647 0.2222220004
74845  -50.651  -7.146  58.607 0.3333329856
42031  -50.840  -5.795  59.175 0.3333329856
42663  -51.188  -4.900  59.451 0.2222220004
43252  -51.232  -3.811  59.920 0.2222220004
36381  -54.303  -12.619  64.184 0.3333329856
35448  -53.704  -13.591  65.403 0.3333329856
38384  -54.076  -9.958  64.572 0.3333329856
74169  -16.150  -24.132  83.404 0.4444440007
27253  -17.196  -24.661  83.288 0.4444440007
26530  -16.120  -25.086  85.411 0.4444440007
26541  -18.098  -25.632  81.958 0.5555559993
26535  -17.904  -26.430  83.648 0.5555559993
25079  -17.969  -26.754  83.569 0.4444440007
25083  -17.606  -27.367  82.982 0.3333329856
83248  -26.888  -22.144  77.376 0.3333329856
72247  -32.877  -21.731  81.802 0.6666669846
72818  -32.025  -22.090  80.966 0.5555559993
29698  -18.935  -20.940  81.867 0.6666669846
83602  -28.856  -20.257  77.899 0.6666669846
28965  -24.427  -22.589  76.549 0.3333329856
27312  -24.886  -25.009  76.317 0.2222220004
29699  -34.581  -20.902  80.544 0.7777780294
73171  -35.217  -20.228  80.097 0.6666669846
31218  -35.403  -19.700  80.071 0.8888890147
31972  -35.707  -18.958  79.953 1.0000000000
31966  -36.199  -19.518  81.883 1.0000000000
31225  -37.774  -19.432  78.821 0.5555559993
85070  -37.783  -19.252  76.913 0.1111110002
78914  -36.507  -19.191  82.431 1.0000000000
88541  -36.805  -20.063  81.620 0.7777780294
31220  -38.639  -19.276  80.105 0.8888890147
32019  -37.721  -18.534  75.218 0.2222220004
32758  -36.567  -18.644  81.819 1.0000000000
31209  -36.701  -19.063  82.574 1.0000000000
31211  -37.847  -19.116  82.059 0.8888890147
32750  -37.574  -18.319  82.415 1.0000000000
32755  -38.215  -17.577  82.136 1.0000000000
79340  -39.165  -18.800  79.578 0.8888890147
31975  -39.521  -17.744  80.722 0.8888890147
32766  -39.674  -18.085  79.867 0.8888890147
32779  -38.321  -18.372  76.906 0.5555559993
33543  -39.144  -16.475  81.821 1.0000000000
33542  -38.503  -16.356  81.733 1.0000000000
33549  -40.464  -15.808  82.220 1.0000000000
33556  -39.855  -16.897  80.212 1.0000000000
34398  -38.144  -14.888  81.004 1.0000000000
34382  -39.626  -15.512  82.114 1.0000000000
82036  -37.883  -15.033  79.536 1.0000000000
34407  -41.030  -14.952  80.696 1.0000000000
34391  -40.191  -14.807  82.683 1.0000000000
34400  -41.444  -14.842  82.181 1.0000000000
34427  -38.392  -15.552  76.954 0.7777780294
36158  -40.483  -12.939  81.785 1.0000000000
36163  -39.817  -12.499  80.256 1.0000000000
88585  -41.838  -11.742  81.343 1.0000000000
37243  -42.041  -11.511  81.118 1.0000000000
85520  -39.575  -14.720  74.262 0.4444440007
37268  -39.148  -11.722  77.714 1.0000000000
38191  -41.740  -11.549  79.668 1.0000000000
36172  -41.396  -13.161  77.941 1.0000000000
38202  -41.619  -11.475  78.641 1.0000000000
38213  -40.516  -11.306  76.337 1.0000000000
37281  -41.777  -11.850  77.663 1.0000000000
79662  -38.801  -11.371  75.088 1.0000000000
39159  -42.950  -9.658  73.294 1.0000000000
36282  -42.994  -13.885  68.956 0.2222220004
37340  -43.927  -12.981  69.762 0.4444440007
36298  -43.453  -13.842  68.254 0.2222220004
74491  -44.075  -13.687  67.510 0.2222220004
40631  -44.329  -7.147  74.532 1.0000000000
39161  -45.983  -9.612  73.041 1.0000000000
40632  -45.076  -7.533  73.818 1.0000000000
40639  -43.127  -6.361  73.759 0.8888890147
40650  -45.482  -8.244  71.945 0.8888890147
39943  -46.899  -8.969  72.575 1.0000000000
38263  -47.293  -10.672  71.011 0.8888890147
40638  -42.013  -6.909  73.483 0.8888890147
36321  -47.610  -13.331  66.983 0.5555559993
76260  -48.784  -13.169  67.383 0.7777780294
39205  -47.752  -11.034  68.433 0.7777780294
39204  -46.799  -10.565  68.811 0.7777780294
37368  -51.369  -12.159  67.323 0.3333329856
36306  -51.455  -13.581  69.696 0.3333329856
37364  -52.997  -12.413  68.854 0.3333329856
38355  -50.475  -11.760  65.888 0.3333329856
37370  -53.305  -11.971  68.070 0.3333329856
38383  -53.344  -10.166  64.797 0.5555559993
38380  -48.643  -11.415  64.964 0.4444440007
38410  -49.151  -11.182  64.205 0.4444440007
88637  -52.579  -10.013  64.256 0.4444440007
37400  -52.888  -11.270  62.791 0.2222220004
36380  -54.024  -12.397  63.251 0.3333329856
36439  -51.350  -12.961  59.568 0.2222220004
39326  -50.295  -10.639  59.486 0.3333329856
39337  -54.544  -9.521  57.041 0.2222220004
80760  -49.070  -8.803  59.585 0.1111110002
43851  -53.866  -3.348  60.079 0.2222220004
44486  -52.639  -2.412  60.445 0.2222220004
43836  -53.421  -2.160  60.661 0.2222220004
44485  -51.083  -2.750  59.982 0.2222220004
28934  -32.486  -22.651  78.590 0.1111110002
85732  -33.293  -21.857  80.297 0.3333329856
83289  -33.010  -22.294  79.457 0.1111110002
75212  -33.807  -21.411  80.834 0.5555559993
77707  -32.882  -23.219  77.169 0.1111110002
28953  -33.237  -22.972  77.739 0.1111110002
28954  -33.690  -22.667  78.096 0.2222220004
28935  -33.699  -22.061  79.243 0.2222220004
83288  -31.510  -22.308  79.142 0.2222220004
28952  -32.130  -22.740  77.698 0.1111110002
28972  -32.386  -23.269  76.663 0.1111110002
28973  -33.178  -23.174  76.858 0.1111110002
28076  -32.428  -24.004  76.170 0.1111110002
28092  -32.256  -24.480  75.243 0.1111110002
28980  -32.573  -23.319  76.278 0.1111110002
72832  -31.076  -22.387  77.657 0.2222220004
28971  -31.023  -23.022  76.653 0.2222220004
28075  -31.940  -23.889  76.179 0.1111110002
28084  -32.615  -24.802  76.085 0.1111110002
25883  -33.943  -27.374  75.950 0.1111110002
27324  -33.436  -26.000  75.878 0.1111110002
26537  -13.962  -25.249  82.525 0.3333329856
78812  -29.882  -21.465  80.585 0.6666669846
73265  -29.903  -22.075  78.004 0.2222220004
28951  -30.147  -22.447  77.140 0.2222220004
30421  -31.175  -20.398  79.103 0.5555559993
31231  -31.962  -20.096  78.039 0.5555559993
31232  -32.956  -20.093  78.724 0.7777780294
28074  -30.473  -23.567  76.153 0.1111110002
30445  -31.159  -20.165  77.369 0.3333329856
31241  -32.635  -19.732  77.148 0.5555559993
26591  -32.612  -26.636  76.695 0.1111110002
82141  -32.490  -25.552  76.375 0.1111110002
26592  -33.896  -26.849  76.423 0.1111110002
26552  -13.220  -25.497  80.639 0.2222220004
26540  -13.522  -25.610  81.499 0.3333329856
27291  -13.554  -24.194  79.593 0.1111110002
28042  -13.268  -23.764  78.871 0.1111110002
83261  -29.215  -21.295  80.715 0.3333329856
72240  -29.165  -22.003  78.104 0.2222220004
28970  -29.688  -22.842  76.653 0.2222220004
29731  -29.303  -22.297  77.285 0.2222220004
31981  -34.992  -18.526  78.763 0.6666669846
28073  -29.020  -23.332  76.196 0.2222220004
86139  -30.412  -20.252  78.174 0.4444440007
31242  -33.340  -19.414  77.442 0.5555559993
31989  -34.438  -18.915  78.353 0.5555559993
28082  -29.703  -24.419  75.891 0.2222220004
30444  -30.503  -20.208  76.848 0.3333329856
31240  -31.865  -19.818  76.692 0.3333329856
84328  -32.413  -19.426  76.298 0.3333329856
32000  -33.622  -18.698  76.784 0.5555559993
27322  -31.093  -25.584  76.127 0.1111110002
30465  -30.177  -20.166  76.008 0.2222220004
31239  -31.074  -19.906  76.073 0.2222220004
31999  -32.997  -19.144  76.479 0.3333329856
26590  -30.674  -26.708  76.071 0.1111110002
31254  -31.929  -19.444  75.743 0.1111110002
31255  -32.618  -19.015  75.714 0.1111110002
79697  -32.783  -18.585  75.158 0.1111110002
27254  -15.148  -24.477  83.100 0.3333329856
27251  -15.600  -24.240  84.277 0.3333329856
27265  -14.146  -24.900  80.761 0.2222220004
27257  -14.494  -24.861  81.504 0.3333329856
73447  -14.782  -24.350  85.299 0.3333329856
77433  -15.252  -23.889  86.549 0.3333329856
27250  -15.802  -24.093  85.586 0.3333329856
27276  -13.870  -24.654  80.216 0.2222220004
28043  -14.394  -23.613  78.696 0.1111110002
72238  -28.643  -21.685  78.959 0.2222220004
74023  -28.676  -22.133  77.695 0.2222220004
77788  -35.408  -17.783  78.440 0.8888890147
32771  -36.139  -17.530  79.245 0.8888890147
74965  -28.539  -22.547  76.843 0.1111110002
28081  -28.244  -23.900  75.842 0.1111110002
76150  -29.674  -20.261  77.109 0.3333329856
32777  -34.857  -18.110  77.837 0.5555559993
32789  -34.649  -17.562  77.038 0.5555559993
33555  -37.789  -15.906  81.186 0.8888890147
30464  -29.359  -20.200  75.909 0.1111110002
32001  -34.257  -18.367  77.273 0.5555559993
27321  -29.469  -25.888  76.051 0.1111110002
32010  -33.212  -18.363  75.873 0.1111110002
32788  -33.947  -17.764  76.366 0.2222220004
75633  -33.589  -17.704  75.571 0.1111110002
26589  -29.050  -27.035  76.352 0.1111110002
83653  -30.543  -19.774  75.353 0.1111110002
31253  -31.271  -19.344  74.987 0.1111110002
32009  -32.203  -18.964  74.994 0.1111110002
32803  -33.103  -17.912  75.041 0.1111110002
31252  -29.825  -19.869  75.233 0.1111110002
31267  -30.341  -19.386  74.675 0.1111110002
32802  -32.541  -18.293  74.403 0.1111110002
32018  -31.780  -18.778  74.241 0.1111110002
32036  -32.072  -18.248  73.741 0.1111110002
26618  -25.990  -25.853  72.089 0.1111110002
84952  -15.020  -24.603  82.199 0.3333329856
27292  -14.848  -24.168  79.402 0.1111110002
25814  -19.194  -26.888  81.555 0.3333329856
72742  -28.375  -21.219  80.882 0.4444440007
25824  -19.754  -26.391  80.218 0.2222220004
84646  -27.840  -21.548  79.267 0.1111110002
26554  -20.136  -26.155  79.436 0.2222220004
74077  -27.870  -22.059  77.845 0.1111110002
28969  -27.591  -22.456  76.878 0.1111110002
25834  -20.660  -26.706  79.033 0.1111110002
83014  -27.867  -23.077  76.348 0.1111110002
76829  -28.191  -26.208  76.380 0.1111110002
26567  -22.474  -25.803  77.319 0.1111110002
26572  -23.029  -25.705  76.915 0.1111110002
26577  -27.137  -26.372  76.678 0.1111110002
26588  -27.815  -27.096  76.585 0.1111110002
25879  -28.676  -27.263  76.180 0.1111110002
32814  -33.168  -17.621  74.194 0.1111110002
25862  -23.436  -26.511  76.456 0.1111110002
25877  -26.659  -27.074  76.232 0.1111110002
25893  -27.293  -27.121  75.436 0.1111110002
31286  -30.024  -18.945  73.971 0.1111110002
32017  -30.914  -18.927  74.102 0.1111110002
32813  -32.587  -17.793  73.630 0.1111110002
25874  -23.856  -26.737  75.829 0.1111110002
25892  -26.331  -26.723  75.065 0.1111110002
83701  -31.441  -18.479  73.494 0.1111110002
76840  -25.326  -26.072  73.208 0.1111110002
25907  -26.178  -26.281  73.759 0.1111110002
88434  -23.227  -26.485  74.525 0.1111110002
25905  -23.506  -26.285  73.967 0.1111110002
76839  -26.250  -25.919  72.742 0.1111110002
25904  -22.498  -26.303  74.122 0.1111110002
87270  -24.088  -25.934  73.007 0.1111110002
26605  -22.854  -25.880  73.233 0.1111110002
86414  -23.198  -25.419  72.393 0.1111110002
27258  -15.675  -24.457  81.613 0.3333329856
28044  -15.595  -23.675  78.460 0.2222220004
28057  -15.102  -23.107  77.806 0.1111110002
32778  -35.222  -17.326  77.620 0.6666669846
33562  -36.642  -16.552  78.906 0.8888890147
28072  -27.161  -23.519  76.028 0.1111110002
32790  -35.071  -16.954  76.992 0.4444440007
33563  -37.542  -15.876  79.828 0.8888890147
28080  -26.578  -24.029  75.892 0.1111110002
83083  -27.453  -24.805  76.108 0.1111110002
72958  -28.798  -20.246  76.563 0.2222220004
33584  -34.728  -17.008  76.249 0.3333329856
27314  -26.477  -25.124  76.286 0.1111110002
32796  -34.184  -17.262  75.552 0.1111110002
33593  -34.741  -16.808  75.411 0.1111110002
27311  -24.077  -24.814  76.390 0.1111110002
26573  -23.757  -25.749  76.560 0.1111110002
26574  -24.659  -25.966  76.398 0.1111110002
26576  -26.345  -26.274  76.574 0.1111110002
26587  -26.936  -27.031  76.746 0.1111110002
86336  -28.690  -20.193  75.733 0.1111110002
31251  -29.028  -19.924  75.139 0.1111110002
32804  -33.738  -17.424  74.854 0.1111110002
32815  -33.978  -17.093  73.935 0.1111110002
25863  -24.098  -26.399  76.254 0.1111110002
25878  -27.606  -27.215  76.353 0.1111110002
31266  -29.507  -19.454  74.527 0.1111110002
25875  -24.723  -26.539  76.018 0.1111110002
25891  -24.641  -26.564  75.321 0.1111110002
25876  -25.632  -26.686  75.834 0.1111110002
80538  -25.397  -26.457  74.595 0.1111110002
25890  -23.807  -26.582  74.858 0.1111110002
25906  -24.463  -26.340  74.159 0.1111110002
27266  -15.327  -24.650  80.747 0.2222220004
79094  -15.289  -24.612  79.969 0.2222220004
27293  -16.028  -24.306  79.168 0.3333329856
28058  -16.381  -23.370  77.944 0.1111110002
88721  -15.759  -23.265  77.893 0.1111110002
33572  -35.600  -16.621  77.386 0.4444440007
33573  -36.278  -16.232  77.906 0.7777780294
83523  -27.456  -20.170  77.411 0.2222220004
33585  -35.372  -16.425  76.607 0.4444440007
33586  -35.958  -15.939  77.067 0.7777780294
72718  -28.135  -20.167  77.075 0.1111110002
33594  -35.208  -16.334  75.759 0.1111110002
34424  -35.744  -15.764  76.218 0.3333329856
34425  -36.318  -15.232  76.717 0.4444440007
27313  -25.690  -25.126  76.290 0.2222220004
86755  -27.629  -20.210  76.543 0.1111110002
34437  -35.042  -16.315  74.786 0.1111110002
34438  -35.567  -15.615  75.337 0.3333329856
26575  -25.553  -26.031  76.458 0.1111110002
30463  -28.140  -20.239  76.094 0.1111110002
33602  -34.434  -16.982  74.759 0.1111110002
26585  -25.419  -26.388  76.185 0.1111110002
26586  -26.196  -26.658  76.396 0.1111110002
88640  -32.631  -17.592  73.113 0.1111110002
28045  -16.660  -23.889  78.572 0.1111110002
29706  -18.292  -21.213  80.291 0.1111110002
34412  -37.526  -15.018  78.206 0.7777780294
83600  -26.553  -20.088  79.346 0.1111110002
34411  -36.691  -15.515  77.563 0.7777780294
83592  -26.674  -20.193  77.742 0.1111110002
35292  -36.972  -14.708  77.248 0.7777780294
34439  -36.049  -14.998  75.886 0.4444440007
35316  -36.301  -14.128  75.584 0.4444440007
28059  -17.225  -23.430  78.152 0.1111110002
72225  -26.560  -20.110  83.342 0.4444440007
83530  -25.915  -20.528  83.202 0.4444440007
84282  -26.568  -19.973  81.643 0.4444440007
85287  -25.892  -19.991  82.281 0.4444440007
83156  -25.327  -19.924  80.510 0.3333329856
35293  -37.899  -14.245  77.854 0.7777780294
36170  -38.117  -13.325  77.505 0.7777780294
88583  -25.973  -19.970  80.285 0.2222220004
35303  -37.301  -13.862  76.874 0.7777780294
36185  -38.297  -12.444  77.260 0.8888890147
29700  -18.605  -20.871  81.270 0.5555559993
72227  -19.050  -20.787  81.864 0.5555559993
72235  -19.522  -20.668  81.980 0.5555559993
72823  -20.205  -20.760  82.701 0.5555559993
83563  -23.862  -20.984  83.376 0.5555559993
72771  -24.251  -20.398  82.381 0.3333329856
83627  -24.662  -20.817  82.961 0.4444440007
83213  -24.548  -20.005  80.710 0.3333329856
83263  -25.174  -20.230  82.302 0.4444440007
37280  -38.165  -11.894  76.517 0.8888890147
36184  -37.639  -12.867  76.482 0.7777780294
38199  -39.989  -11.040  77.624 0.8888890147
88303  -24.819  -20.024  79.138 0.1111110002
72975  -20.357  -20.505  81.832 0.6666669846
83810  -20.828  -20.659  82.582 0.6666669846
83525  -23.558  -21.125  83.213 0.5555559993
83529  -23.911  -20.744  83.274 0.4444440007
37292  -37.650  -11.883  75.663 0.7777780294
36200  -37.140  -12.535  75.599 0.6666669846
38210  -37.959  -11.584  75.002 0.7777780294
88704  -37.580  -12.253  76.056 0.6666669846
37291  -37.124  -11.882  74.962 0.5555559993
87062  -37.018  -11.631  73.723 0.6666669846
85292  -36.751  -11.772  73.280 0.5555559993
38218  -37.508  -11.549  74.160 0.6666669846
38219  -38.480  -11.347  74.380 0.7777780294
38227  -39.161  -11.229  73.825 0.8888890147
38225  -37.468  -11.381  73.208 0.6666669846
38226  -38.241  -11.231  73.587 0.6666669846
38233  -38.192  -11.126  72.903 0.6666669846
38231  -36.920  -11.435  72.418 0.5555559993
73952  -47.062  -13.375  66.129 0.4444440007
75345  -38.904  -11.127  73.054 0.6666669846
38232  -37.849  -11.195  72.351 0.6666669846
38241  -36.793  -11.305  71.509 0.4444440007
38240  -35.992  -11.403  71.201 0.2222220004
38253  -35.821  -11.315  70.410 0.1111110002
36335  -47.909  -13.470  66.024 0.5555559993
36336  -48.567  -13.751  65.381 0.4444440007
36354  -47.676  -13.556  64.868 0.6666669846
38234  -39.424  -11.075  72.537 0.6666669846
74205  -38.346  -11.261  71.642 0.6666669846
38242  -37.532  -11.245  71.765 0.4444440007
38254  -36.621  -11.240  70.721 0.3333329856
36355  -48.849  -14.144  64.632 0.4444440007
35446  -49.510  -14.962  64.846 0.3333329856
82219  -50.194  -13.216  67.187 0.5555559993
35436  -50.468  -15.622  66.740 0.4444440007
34540  -49.627  -16.438  64.832 0.4444440007
33675  -50.143  -17.112  65.441 0.4444440007
34536  -50.610  -16.636  66.306 0.4444440007
84313  -38.651  -11.155  72.310 0.6666669846
38255  -37.669  -11.262  71.001 0.3333329856
86874  -48.874  -13.519  66.475 0.6666669846
36356  -49.256  -14.174  65.351 0.5555559993
36337  -49.510  -13.754  66.303 0.4444440007
36322  -49.609  -13.095  67.196 0.6666669846
35435  -49.815  -14.706  65.924 0.4444440007
35427  -50.295  -14.218  66.846 0.4444440007
34535  -49.999  -15.997  65.726 0.4444440007
38243  -39.536  -10.667  71.999 0.6666669846
74742  -39.093  -11.148  71.730 0.6666669846
38256  -38.803  -11.293  70.930 0.6666669846
76526  -37.235  -11.229  70.305 0.3333329856
38271  -36.439  -11.159  69.867 0.2222220004
39222  -46.799  -10.673  68.045 0.5555559993
39235  -46.553  -10.915  66.953 0.5555559993
38312  -47.391  -10.937  67.676 0.5555559993
38327  -45.510  -10.992  66.512 0.4444440007
38349  -43.659  -11.384  65.495 0.3333329856
38326  -44.488  -11.183  66.163 0.3333329856
38351  -46.063  -11.172  66.076 0.4444440007
38375  -43.015  -11.282  64.734 0.3333329856
81409  -43.823  -11.410  64.815 0.3333329856
38350  -44.480  -11.415  65.224 0.3333329856
83943  -45.316  -11.287  65.657 0.4444440007
38352  -46.164  -11.382  65.209 0.4444440007
85346  -42.997  -11.062  63.956 0.2222220004
38405  -43.613  -11.249  64.171 0.3333329856
38377  -45.203  -11.457  64.754 0.3333329856
39270  -43.391  -10.924  63.448 0.3333329856
38406  -44.155  -11.201  63.609 0.3333329856
38257  -39.496  -10.845  71.046 0.6666669846
38258  -39.838  -10.173  71.197 0.6666669846
84647  -38.160  -11.291  70.225 0.2222220004
39221  -45.731  -10.692  67.375 0.5555559993
38311  -44.922  -10.831  66.905 0.4444440007
38325  -43.405  -11.268  66.362 0.3333329856
38379  -47.702  -11.391  64.582 0.3333329856
38378  -46.799  -11.437  64.407 0.4444440007
38353  -47.166  -11.420  65.299 0.4444440007
76090  -45.889  -11.464  64.145 0.4444440007
38407  -44.996  -11.427  63.836 0.3333329856
76341  -43.985  -10.712  62.919 0.2222220004
39175  -39.883  -9.270  71.500 0.6666669846
75380  -39.745  -10.427  70.414 0.6666669846
39947  -40.014  -8.726  72.175 0.7777780294
74939  -46.504  -10.267  69.352 0.7777780294
39203  -45.789  -10.404  68.359 0.6666669846
38309  -43.119  -11.099  67.232 0.3333329856
38310  -44.087  -10.950  66.992 0.4444440007
39220  -44.795  -10.621  67.608 0.5555559993
82688  -45.647  -11.338  63.217 0.4444440007
38430  -44.776  -11.176  63.000 0.2222220004
74906  -39.138  -11.007  70.091 0.6666669846
39176  -40.256  -8.912  70.886 0.6666669846
40647  -41.475  -8.043  72.784 0.7777780294
39948  -40.697  -8.559  71.326 0.7777780294
40648  -42.132  -7.900  72.106 0.7777780294
40649  -43.052  -7.476  72.473 0.7777780294
40656  -44.030  -8.215  71.593 0.7777780294
39200  -42.324  -10.586  68.900 0.5555559993
39952  -46.245  -9.128  71.072 0.7777780294
39961  -46.288  -9.763  70.084 0.7777780294
39201  -43.420  -10.503  68.622 0.5555559993
39188  -44.117  -9.997  69.197 0.5555559993
39189  -45.364  -9.953  69.162 0.6666669846
38292  -42.787  -10.952  68.093 0.3333329856
39219  -43.781  -10.728  67.796 0.5555559993
39202  -44.527  -10.341  68.413 0.5555559993
38308  -42.298  -11.254  67.572 0.3333329856
38408  -46.588  -11.327  63.453 0.3333329856
73528  -47.457  -11.277  63.739 0.3333329856
86846  -45.428  -11.017  62.578 0.4444440007
38431  -46.297  -11.041  62.652 0.3333329856
38274  -39.939  -9.814  70.286 0.6666669846
39184  -40.020  -9.291  70.381 0.6666669846
39957  -41.185  -9.078  70.320 0.7777780294
40655  -42.981  -8.234  71.469 0.7777780294
38273  -39.534  -10.489  69.720 0.6666669846
38289  -39.894  -10.458  69.440 0.6666669846
39185  -40.677  -9.499  69.912 0.6666669846
39958  -42.437  -9.352  70.212 0.6666669846
39950  -43.579  -8.941  70.661 0.6666669846
39951  -44.858  -8.811  70.973 0.7777780294
39186  -41.795  -9.876  69.613 0.6666669846
39959  -43.601  -9.599  69.842 0.6666669846
39960  -44.894  -9.409  70.040 0.7777780294
39187  -42.962  -10.091  69.400 0.5555559993
85081  -48.100  -10.940  63.334 0.3333329856
76207  -18.212  -21.605  79.214 0.1111110002
28947  -18.085  -22.385  78.392 0.1111110002
72229  -22.646  -21.089  83.158 0.5555559993
83635  -22.550  -20.882  83.139 0.6666669846
72245  -30.439  -21.928  79.493 0.3333329856
75218  -47.941  -11.437  65.401 0.4444440007
38409  -48.319  -11.239  63.995 0.3333329856
39940  -40.584  -8.440  72.397 0.7777780294
73899  -32.966  -23.461  76.590 0.1111110002
28085  -32.363  -23.849  75.831 0.1111110002
28986  -32.125  -22.840  75.286 0.1111110002
28083  -31.583  -24.533  76.093 0.1111110002
27323  -33.142  -25.966  76.487 0.1111110002
26532  -14.091  -24.994  83.976 0.3333329856
73200  -29.505  -21.730  79.183 0.3333329856
85104  -33.880  -18.990  77.621 0.5555559993
25880  -30.049  -27.139  75.884 0.1111110002
82802  -28.567  -24.968  76.072 0.1111110002
33561  -35.838  -16.980  78.216 0.7777780294
25861  -22.777  -26.696  76.949 0.1111110002
83684  -32.011  -17.808  73.021 0.1111110002
85850  -22.960  -26.719  75.176 0.1111110002
26617  -25.097  -25.758  72.208 0.1111110002
34405  -37.174  -15.802  78.536 0.7777780294
86508  -34.625  -16.653  74.132 0.1111110002
35302  -36.597  -14.406  76.388 0.7777780294
35315  -35.824  -14.749  75.081 0.3333329856
72246  -25.631  -20.142  78.390 0.1111110002
36183  -36.917  -13.524  76.006 0.7777780294
74166  -18.987  -20.525  81.085 0.4444440007
83146  -23.310  -20.959  83.314 0.5555559993
37304  -36.636  -12.055  74.140 0.5555559993
35428  -50.724  -14.899  68.051 0.3333329856
38376  -44.375  -11.410  64.404 0.3333329856
39941  -41.343  -8.265  71.677 0.7777780294
39949  -42.312  -8.564  71.066 0.7777780294
29721  -34.654  -21.911  77.856 0.3333329856
29722  -35.223  -21.375  78.429 0.4444440007
30422  -35.750  -20.797  78.916 0.4444440007
29734  -35.293  -21.324  77.226 0.2222220004
30433  -35.907  -20.788  77.744 0.3333329856
30446  -35.153  -20.903  76.167 0.2222220004
30447  -35.904  -20.505  76.622 0.2222220004
34450  -35.463  -15.392  74.360 0.2222220004
34461  -35.266  -15.519  73.531 0.2222220004
35333  -36.115  -13.914  74.816 0.2222220004
36199  -36.578  -13.252  75.238 0.5555559993
37290  -36.728  -12.475  74.906 0.5555559993
36214  -36.367  -13.062  74.485 0.4444440007
36226  -36.185  -12.937  73.716 0.4444440007
37303  -36.360  -12.256  73.378 0.3333329856
38288  -39.351  -10.855  68.907 0.3333329856
38275  -40.306  -9.957  69.709 0.5555559993
75347  -40.110  -11.043  68.706 0.3333329856
39199  -41.201  -10.342  69.200 0.3333329856
38290  -40.631  -10.771  68.907 0.3333329856
38291  -41.666  -11.106  68.379 0.3333329856
39292  -45.792  -10.478  62.119 0.3333329856
39310  -45.196  -9.608  61.892 0.2222220004
75265  -45.064  -8.245  62.201 0.1111110002
41392  -45.577  -7.056  62.083 0.1111110002
40709  -46.565  -7.991  61.671 0.2222220004
40708  -45.748  -7.581  62.108 0.2222220004
41393  -46.247  -7.323  61.807 0.2222220004
42006  -45.935  -6.896  61.297 0.1111110002
42007  -46.089  -6.930  60.184 0.2222220004
41401  -46.427  -7.357  60.782 0.1111110002
41411  -46.552  -7.309  59.366 0.2222220004
42026  -46.038  -6.501  59.514 0.1111110002
41394  -46.884  -7.957  61.242 0.1111110002
81747  -46.912  -8.145  59.785 0.1111110002
76198  -46.600  -6.484  59.048 0.1111110002
41412  -47.196  -8.014  58.840 0.1111110002
40730  -47.799  -8.258  58.769 0.1111110002
42027  -47.254  -6.929  58.728 0.2222220004
40731  -48.298  -8.600  59.001 0.2222220004
42035  -47.902  -7.614  58.622 0.2222220004
82203  -47.732  -6.079  58.735 0.2222220004
41417  -48.511  -8.029  58.703 0.2222220004
42036  -48.831  -7.260  58.733 0.2222220004
42028  -48.204  -6.675  58.668 0.2222220004
42660  -48.515  -5.735  58.973 0.1111110002
42661  -49.385  -5.392  59.270 0.1111110002
43248  -47.776  -5.152  58.744 0.1111110002
43249  -48.800  -4.816  59.007 0.1111110002
43265  -49.104  -3.952  59.005 0.1111110002
43865  -48.585  -3.554  58.454 0.1111110002
42030  -49.987  -6.004  59.239 0.2222220004
42662  -50.222  -5.083  59.424 0.2222220004
43866  -49.388  -3.294  58.904 0.1111110002
42037  -49.835  -6.934  58.829 0.2222220004
37310  -36.267  -12.003  72.730 0.3333329856
39311  -46.414  -9.671  61.747 0.2222220004
42029  -49.122  -6.327  59.099 0.1111110002
43264  -48.220  -4.259  58.598 0.2222220004
28936  -34.151  -22.310  78.270 0.1111110002
72698  -22.485  -20.698  83.064 0.3333329856
83384  -23.448  -20.531  82.744 0.3333329856
73298  -37.584  -17.464  75.146 0.3333329856
74492  -43.075  -13.968  67.425 0.1111110002
78231  -42.827  -13.532  62.886 0.1111110002
78230  -43.685  -13.620  62.890 0.1111110002
77871  -44.585  -13.658  62.967 0.1111110002
36397  -45.083  -13.728  62.318 0.1111110002
36395  -43.202  -13.620  62.113 0.1111110002
36396  -44.167  -13.719  62.098 0.1111110002
36400  -48.151  -14.108  63.152 0.1111110002
82206  -48.219  -13.770  64.496 0.1111110002
36379  -48.495  -14.081  63.896 0.1111110002
73802  -42.999  -13.744  65.735 0.1111110002
36317  -43.516  -13.788  66.568 0.1111110002
36333  -42.544  -13.664  64.967 0.1111110002
73801  -43.903  -13.656  65.728 0.1111110002
36351  -43.385  -13.620  64.994 0.1111110002
85806  -42.250  -13.585  64.341 0.1111110002
36374  -43.270  -13.573  63.612 0.1111110002
74483  -43.737  -13.597  64.297 0.1111110002
85550  -44.933  -13.576  63.709 0.1111110002
74743  -46.976  -13.424  65.332 0.1111110002
36373  -42.394  -13.534  63.632 0.1111110002
36375  -44.114  -13.621  63.631 0.1111110002
74215  -45.745  -13.499  64.074 0.1111110002
73798  -46.095  -13.426  64.974 0.1111110002
36376  -45.578  -13.587  63.091 0.1111110002
36377  -46.584  -13.551  63.398 0.1111110002
36378  -47.627  -13.657  63.879 0.1111110002
36398  -46.754  -13.726  62.487 0.1111110002
75578  -47.363  -13.740  63.065 0.1111110002
36318  -44.474  -13.589  66.520 0.1111110002
73800  -44.813  -13.537  65.645 0.1111110002
74482  -44.537  -13.561  64.264 0.1111110002
36319  -45.535  -13.444  66.404 0.1111110002
36320  -46.580  -13.361  66.718 0.1111110002
36353  -45.155  -13.490  64.794 0.1111110002
73799  -46.300  -13.388  65.823 0.1111110002
38324  -42.311  -11.368  66.679 0.1111110002
80655  -42.688  -11.378  65.675 0.2222220004
38307  -40.772  -11.336  68.173 0.2222220004
84035  -41.528  -11.400  67.459 0.1111110002
38323  -41.353  -11.464  66.639 0.1111110002
39295  -49.484  -9.701  62.648 0.2222220004
39294  -47.773  -10.192  62.413 0.2222220004
39312  -47.586  -9.601  61.935 0.2222220004
40014  -47.135  -8.820  61.486 0.1111110002
40013  -46.009  -8.668  61.722 0.1111110002
39272  -49.107  -10.603  63.413 0.2222220004
39293  -46.843  -10.373  62.251 0.2222220004
38432  -47.345  -10.875  62.888 0.2222220004
39271  -48.404  -10.347  62.809 0.2222220004
42659  -47.018  -5.882  58.808 0.1111110002
36301  -46.025  -13.341  67.404 0.2222220004
29733  -34.575  -21.781  76.853 0.2222220004
85151  -45.910  -13.682  62.338 0.1111110002
36399  -47.676  -14.089  62.440 0.1111110002
74484  -42.922  -13.595  64.309 0.1111110002
36352  -44.247  -13.547  64.952 0.1111110002
88431  -45.086  -13.524  64.205 0.1111110002
76358  -46.789  -13.470  64.406 0.1111110002
88954  -46.212  -13.593  62.824 0.1111110002
36334  -45.580  -13.454  65.517 0.1111110002
85748  -37.386  -18.002  74.667 0.1111110002
33604  -37.317  -17.084  74.392 0.1111110002
36235  -36.017  -12.814  72.950 0.2222220004
37309  -35.756  -12.504  72.235 0.2222220004
36234  -35.574  -13.473  72.434 0.1111110002
36241  -35.281  -13.140  71.602 0.1111110002
37315  -35.595  -12.105  71.504 0.1111110002
37316  -36.153  -11.689  71.971 0.2222220004
38272  -38.898  -10.882  69.220 0.3333329856
35458  -48.819  -14.753  63.408 0.1111110002
35459  -49.244  -15.497  64.031 0.2222220004
33684  -50.342  -17.491  65.054 0.3333329856
33676  -50.730  -17.168  65.734 0.3333329856
33670  -51.141  -16.602  66.636 0.2222220004
36305  -50.994  -13.565  68.658 0.2222220004
34523  -51.092  -15.886  69.287 0.2222220004
36270  -51.719  -14.710  70.740 0.2222220004
34529  -51.010  -16.203  67.594 0.2222220004
34525  -52.134  -16.207  69.048 0.2222220004
35429  -52.726  -15.359  67.927 0.2222220004
35438  -53.436  -13.659  66.986 0.2222220004
34531  -52.101  -16.277  67.578 0.2222220004
34537  -52.302  -16.223  66.297 0.2222220004
35447  -52.623  -15.198  65.254 0.2222220004
76215  -53.629  -13.800  63.341 0.2222220004
33671  -51.663  -16.601  66.710 0.2222220004
34549  -52.811  -15.982  64.402 0.2222220004
82647  -50.624  -13.607  67.587 0.3333329856
36325  -53.161  -13.663  68.480 0.2222220004
35419  -52.550  -15.271  69.434 0.2222220004
78000  -53.112  -12.283  62.652 0.2222220004
36357  -53.145  -14.411  64.217 0.2222220004
35437  -52.712  -14.952  66.356 0.2222220004
34517  -51.047  -15.753  69.952 0.2222220004
35418  -50.844  -14.826  69.928 0.2222220004
35445  -49.045  -14.618  64.091 0.2222220004
33683  -49.780  -17.401  64.631 0.3333329856
33617  -36.974  -16.955  73.613 0.1111110002
33677  -51.421  -17.112  65.909 0.2222220004
34519  -52.047  -15.997  69.943 0.2222220004
34530  -51.550  -16.248  68.197 0.2222220004
88686  -52.448  -15.917  67.053 0.2222220004
75839  -38.246  -14.742  71.414 0.1111110002
36251  -39.379  -14.540  70.255 0.1111110002
76645  -39.404  -14.085  68.038 0.1111110002
81525  -39.080  -14.344  69.500 0.1111110002
77644  -39.694  -14.295  68.976 0.1111110002
85148  -40.202  -14.266  68.538 0.1111110002
36294  -40.231  -14.104  67.835 0.1111110002
36313  -39.548  -13.927  67.055 0.1111110002
74493  -42.146  -13.994  67.369 0.1111110002
36297  -42.608  -14.024  68.264 0.1111110002
74495  -40.451  -13.944  67.115 0.1111110002
36280  -40.742  -14.403  69.377 0.1111110002
78271  -40.913  -14.276  68.515 0.1111110002
36295  -40.899  -14.106  67.785 0.1111110002
74494  -41.261  -13.961  67.232 0.1111110002
36296  -41.677  -14.155  68.241 0.1111110002
72228  -19.696  -20.360  80.659 0.1111110002
36213  -35.973  -13.815  74.037 0.2222220004
83262  -22.687  -20.431  81.775 0.2222220004
72714  -23.445  -20.277  80.488 0.2222220004
79952  -21.502  -20.508  81.799 0.2222220004
72237  -22.431  -20.459  80.302 0.1111110002
38287  -38.708  -10.772  68.575 0.1111110002
39291  -44.741  -10.514  62.335 0.1111110002
39309  -43.898  -10.056  62.354 0.1111110002
38404  -42.390  -10.976  64.088 0.1111110002
39269  -42.727  -10.693  63.427 0.1111110002
88324  -44.466  -9.885  62.119 0.1111110002
40003  -48.728  -9.464  62.204 0.1111110002
42040  -53.058  -6.098  57.713 0.1111110002
42672  -53.465  -5.471  58.026 0.1111110002
40004  -49.686  -9.078  62.082 0.1111110002
43272  -54.452  -4.370  58.500 0.1111110002
40015  -48.258  -9.012  61.652 0.1111110002
88963  -49.728  -9.125  62.028 0.1111110002
39313  -49.698  -9.160  62.129 0.1111110002
43868  -55.286  -4.118  58.981 0.1111110002
40016  -49.140  -9.159  61.956 0.1111110002
43254  -54.407  -4.177  59.174 0.1111110002
43267  -53.701  -4.717  58.572 0.1111110002
43853  -55.844  -3.460  59.410 0.1111110002
40711  -48.542  -8.891  61.323 0.1111110002
40017  -49.283  -9.209  61.798 0.1111110002
40722  -48.987  -8.847  60.813 0.1111110002
43852  -54.913  -3.535  59.701 0.1111110002
44488  -56.229  -2.408  60.064 0.1111110002
44489  -56.831  -1.922  59.758 0.1111110002
44498  -56.405  -2.989  59.289 0.1111110002
44475  -54.517  -1.654  60.958 0.1111110002
45148  -55.609  -0.602  60.826 0.1111110002
46596  -56.570  0.075  59.360 0.1111110002
45158  -56.841  -0.879  60.023 0.1111110002
45839  -57.073  -0.307  59.327 0.1111110002
45167  -57.111  -0.485  59.401 0.1111110002
73397  -57.635  0.405  57.661 0.1111110002
45903  -58.385  -0.773  50.382 0.1111110002
45833  -56.216  -0.204  60.195 0.1111110002
46605  -56.541  0.351  58.604 0.1111110002
86497  -57.117  1.302  57.184 0.1111110002
47299  -57.580  0.961  57.162 0.1111110002
47313  -58.729  2.042  55.844 0.1111110002
46643  -59.433  1.100  52.900 0.1111110002
46665  -59.936  0.745  51.340 0.1111110002
80422  -60.258  0.332  49.944 0.1111110002
45902  -57.187  -1.292  50.957 0.1111110002
82896  -57.768  -0.779  51.628 0.1111110002
45914  -57.677  -0.957  49.694 0.1111110002
81045  -55.532  -0.160  60.245 0.1111110002
45837  -55.127  -0.363  59.205 0.1111110002
45850  -55.668  0.161  58.147 0.1111110002
77313  -56.496  0.753  57.662 0.1111110002
46630  -56.336  1.652  55.211 0.1111110002
46622  -56.828  1.729  56.430 0.1111110002
47311  -57.373  2.327  55.891 0.1111110002
47312  -58.206  2.315  56.034 0.1111110002
48046  -57.961  2.700  55.257 0.1111110002
48051  -58.947  2.695  54.639 0.1111110002
48056  -58.621  3.328  53.532 0.1111110002
47331  -59.292  2.600  54.081 0.1111110002
48057  -59.104  3.211  53.791 0.1111110002
46644  -59.674  2.184  53.099 0.1111110002
48073  -59.740  3.122  51.939 0.1111110002
47357  -60.303  2.380  51.126 0.1111110002
45904  -60.738  0.865  49.155 0.1111110002
45915  -59.089  -0.447  48.950 0.1111110002
45262  -56.862  -1.064  49.095 0.1111110002
73295  -58.445  -0.306  48.210 0.1111110002
41418  -49.515  -7.791  58.691 0.1111110002
77071  -50.559  -6.485  58.921 0.2222220004
45163  -51.934  -2.060  59.488 0.1111110002
81956  -53.576  -1.351  58.555 0.1111110002
88170  -55.476  0.458  56.292 0.1111110002
84553  -54.910  0.227  55.624 0.1111110002
46621  -55.855  0.908  55.818 0.1111110002
47318  -56.349  1.836  54.111 0.1111110002
47320  -57.850  2.919  54.318 0.1111110002
47328  -56.855  2.240  53.472 0.1111110002
47329  -57.725  2.957  53.431 0.1111110002
48063  -59.241  3.505  52.730 0.1111110002
48078  -59.978  2.910  50.810 0.1111110002
47367  -60.165  2.322  49.489 0.1111110002
45916  -60.283  0.238  48.648 0.1111110002
45941  -59.643  0.295  47.917 0.1111110002
45849  -54.741  -0.639  57.804 0.1111110002
45860  -54.872  -0.084  56.399 0.1111110002
47344  -57.151  2.305  52.475 0.1111110002
48072  -59.442  3.447  51.727 0.1111110002
85340  -59.477  2.499  49.485 0.1111110002
80905  -59.885  1.729  48.728 0.1111110002
46683  -59.691  0.877  48.023 0.1111110002
74007  -58.599  0.630  47.893 0.1111110002
85227  -57.126  -0.536  47.580 0.1111110002
45940  -57.990  -0.130  47.640 0.1111110002
47327  -56.126  1.617  53.130 0.1111110002
47343  -55.822  1.531  52.111 0.1111110002
47353  -55.129  1.417  51.356 0.1111110002
73341  -58.043  2.840  51.374 0.1111110002
47356  -58.247  2.426  50.139 0.1111110002
47366  -58.906  1.598  48.751 0.1111110002
45962  -55.987  -1.149  47.802 0.1111110002
46696  -57.743  0.255  47.181 0.1111110002
45963  -57.036  -0.530  47.191 0.1111110002
47354  -56.069  1.594  50.969 0.1111110002
47355  -56.978  1.916  51.193 0.1111110002
47365  -57.230  1.581  49.573 0.1111110002
47378  -58.572  0.704  47.793 0.1111110002
46682  -58.315  0.396  47.359 0.1111110002
46702  -57.585  0.666  46.927 0.1111110002
46703  -57.708  0.167  46.763 0.1111110002
47377  -56.989  1.140  48.494 0.1111110002
45145  -53.349  -1.905  60.543 0.1111110002
45147  -54.888  -0.856  60.993 0.1111110002
45155  -52.693  -1.999  60.178 0.1111110002
45164  -52.957  -1.693  59.326 0.1111110002
78513  -54.850  -0.396  60.383 0.1111110002
45157  -54.519  -0.824  60.819 0.1111110002
45156  -53.613  -1.438  60.442 0.1111110002
44487  -55.257  -2.599  60.299 0.1111110002
45149  -56.183  -0.450  60.507 0.1111110002
45838  -55.966  0.065  59.406 0.1111110002
46606  -57.152  0.690  57.981 0.1111110002
45180  -57.334  -0.579  58.853 0.1111110002
46607  -57.470  0.297  58.091 0.1111110002
47306  -58.186  1.690  56.354 0.1111110002
76385  -57.628  1.829  56.564 0.1111110002
48047  -58.665  2.470  55.339 0.1111110002
46658  -60.198  1.766  51.829 0.1111110002
46666  -60.630  1.414  50.247 0.1111110002
75411  -59.161  -0.289  51.113 0.1111110002
46670  -60.795  1.426  49.229 0.1111110002
45231  -56.231  -1.742  51.416 0.1111110002
77288  -59.577  -0.330  49.725 0.1111110002
45861  -55.061  -0.259  57.157 0.1111110002
45178  -54.296  -0.908  58.665 0.1111110002
46614  -56.281  0.976  56.771 0.1111110002
47319  -57.100  2.550  54.904 0.1111110002
48062  -58.637  3.431  52.310 0.1111110002
48064  -59.501  2.998  52.989 0.1111110002
47368  -60.590  2.074  49.863 0.1111110002
45917  -60.669  0.999  48.629 0.1111110002
45165  -53.990  -0.925  59.903 0.1111110002
84096  -55.671  1.161  54.319 0.1111110002
48071  -59.306  3.167  50.723 0.1111110002
45177  -53.794  -1.177  57.449 0.1111110002
27275  -12.785  -25.148  80.168 0.1111110002
81873  -13.284  -25.971  83.365 0.2222220004
27290  -12.477  -24.671  79.619 0.1111110002
26536  -13.337  -25.985  82.406 0.2222220004
26528  -13.344  -25.602  85.684 0.2222220004
25804  -13.199  -26.447  85.106 0.2222220004
25805  -13.872  -26.700  85.966 0.2222220004
25071  -13.787  -26.941  84.911 0.2222220004
25809  -13.141  -26.416  83.991 0.2222220004
25087  -18.151  -27.386  82.344 0.2222220004
24356  -18.837  -27.648  81.535 0.2222220004
24359  -19.475  -28.021  80.740 0.2222220004
84836  -19.713  -28.663  80.082 0.2222220004
82613  -19.942  -29.002  79.694 0.2222220004
26529  -13.655  -25.065  85.159 0.2222220004
26524  -14.830  -24.626  87.310 0.2222220004
25806  -14.997  -26.322  86.193 0.2222220004
25072  -14.539  -26.880  85.420 0.2222220004
25076  -14.783  -27.109  84.480 0.2222220004
24362  -19.954  -28.089  80.196 0.2222220004
24363  -20.176  -28.154  79.583 0.2222220004
24365  -20.270  -29.087  79.192 0.1111110002
84921  -20.299  -28.079  78.899 0.1111110002
24364  -20.401  -29.101  78.517 0.1111110002
25088  -18.595  -27.090  82.221 0.2222220004
25089  -19.381  -27.297  81.298 0.2222220004
25091  -19.896  -27.404  80.653 0.2222220004
34548  -49.279  -16.822  64.021 0.1111110002
33711  -49.052  -17.706  63.357 0.1111110002
33696  -48.899  -17.242  63.332 0.1111110002
32894  -48.550  -17.916  62.071 0.1111110002
32911  -48.972  -18.002  61.605 0.1111110002
31411  -50.114  -19.157  59.190 0.1111110002
33697  -49.426  -17.571  63.888 0.1111110002
32884  -49.497  -17.636  63.730 0.1111110002
77805  -49.835  -17.619  61.043 0.1111110002
32946  -50.272  -17.744  59.847 0.1111110002
32162  -49.948  -18.439  59.576 0.1111110002
31413  -50.941  -19.431  58.744 0.1111110002
79631  -50.263  -19.798  59.103 0.1111110002
32873  -49.928  -17.630  64.401 0.1111110002
79789  -50.044  -17.534  62.052 0.1111110002
32166  -50.768  -18.590  59.012 0.1111110002
30622  -50.731  -20.302  58.968 0.1111110002
32896  -50.114  -17.697  63.231 0.1111110002
32163  -50.804  -17.896  59.389 0.1111110002
26527  -15.768  -24.306  86.530 0.2222220004
25803  -15.621  -25.220  86.399 0.2222220004
27249  -14.099  -24.550  86.160 0.2222220004
25800  -13.443  -26.131  86.348 0.2222220004
25081  -15.024  -27.728  83.379 0.2222220004
32895  -49.101  -17.819  62.789 0.1111110002
32945  -49.500  -18.023  60.391 0.1111110002
32934  -50.244  -17.507  60.384 0.1111110002
32885  -50.359  -17.739  64.048 0.1111110002
33727  -50.641  -17.249  60.990 0.1111110002
24361  -14.844  -29.033  80.007 0.1111110002
23580  -14.213  -30.544  80.650 0.1111110002
26550  -11.880  -25.683  79.950 0.1111110002
26551  -12.598  -25.988  80.426 0.1111110002
25822  -12.363  -26.360  79.648 0.1111110002
23579  -14.020  -30.524  82.071 0.1111110002
22860  -13.939  -31.626  81.701 0.1111110002
25093  -14.785  -27.914  79.379 0.1111110002
25817  -13.342  -26.295  80.949 0.1111110002
23576  -13.993  -30.616  83.202 0.1111110002
26545  -13.210  -26.021  80.925 0.1111110002
24357  -14.386  -29.189  81.146 0.1111110002
25085  -13.646  -27.017  81.712 0.1111110002
24360  -14.501  -28.013  80.494 0.1111110002
24353  -14.340  -29.129  82.216 0.1111110002
25823  -13.305  -26.584  80.041 0.1111110002
25090  -13.971  -27.127  80.843 0.1111110002
88017  -14.688  -28.720  82.778 0.1111110002
24350  -15.154  -29.255  82.960 0.1111110002
24358  -18.601  -28.360  80.812 0.1111110002
25813  -13.320  -26.342  81.880 0.1111110002
25080  -13.517  -26.840  82.596 0.1111110002
25086  -14.181  -27.771  82.302 0.1111110002
82778  -14.017  -27.308  83.041 0.1111110002
24351  -15.962  -29.186  82.640 0.1111110002
24355  -17.688  -28.051  81.353 0.1111110002
25094  -20.273  -27.451  80.071 0.1111110002
25811  -13.390  -26.409  82.985 0.1111110002
25074  -13.405  -26.649  83.513 0.1111110002
25075  -13.984  -27.162  83.820 0.1111110002
80686  -20.538  -27.400  79.229 0.1111110002
25070  -13.298  -26.654  84.274 0.1111110002
25825  -20.396  -26.867  79.817 0.1111110002
25815  -19.810  -26.977  80.946 0.1111110002
84318  -20.910  -27.164  78.627 0.1111110002
35347  -35.579  -14.694  73.574 0.1111110002
33603  -34.991  -16.097  73.869 0.1111110002
35332  -35.771  -14.518  74.385 0.1111110002
36225  -35.811  -13.713  73.225 0.1111110002
83729  -37.427  -11.189  69.648 0.1111110002
85266  -38.292  -11.145  69.424 0.1111110002
77213  -52.901  -11.773  57.530 0.1111110002
37421  -53.146  -12.564  57.266 0.1111110002
81917  -53.489  -11.764  57.025 0.1111110002
38466  -53.603  -10.809  57.159 0.1111110002
36446  -52.887  -13.378  57.653 0.1111110002
36447  -53.391  -13.391  56.900 0.1111110002
35514  -53.309  -14.291  57.493 0.1111110002
34617  -53.775  -15.087  56.935 0.1111110002
76446  -54.052  -15.428  58.456 0.1111110002
34603  -54.229  -15.264  59.554 0.1111110002
34598  -53.776  -15.027  60.318 0.1111110002
33750  -53.684  -16.177  62.530 0.1111110002
32897  -51.273  -17.488  63.471 0.1111110002
33712  -52.411  -17.015  62.899 0.1111110002
33729  -53.149  -16.484  62.687 0.1111110002
35513  -52.792  -13.945  58.154 0.1111110002
36443  -52.362  -13.310  58.348 0.1111110002
34602  -53.693  -15.028  58.945 0.1111110002
35510  -53.200  -14.524  58.486 0.1111110002
35509  -52.528  -13.963  59.007 0.1111110002
35507  -53.164  -14.624  59.565 0.1111110002
36440  -51.906  -13.665  59.672 0.1111110002
32874  -50.717  -17.627  64.658 0.1111110002
75030  -51.780  -17.382  64.514 0.1111110002
33698  -52.199  -17.201  63.739 0.1111110002
35506  -52.552  -14.352  60.082 0.1111110002
74769  -52.949  -16.658  63.337 0.1111110002
33713  -53.418  -16.266  62.958 0.1111110002
34590  -53.731  -15.493  62.076 0.1111110002
33714  -53.579  -15.883  62.537 0.1111110002
36453  -53.833  -13.392  56.093 0.1111110002
37424  -53.805  -12.341  56.495 0.1111110002
33686  -52.216  -17.078  65.091 0.1111110002
33699  -52.780  -16.747  63.984 0.1111110002
34589  -52.789  -14.766  61.251 0.1111110002
36455  -54.351  -13.493  55.357 0.1111110002
87741  -52.947  -15.975  63.791 0.1111110002
76377  -53.176  -16.064  63.210 0.1111110002
34558  -53.440  -15.776  62.575 0.1111110002
34571  -53.327  -15.441  62.216 0.1111110002
35546  -55.624  -14.212  54.166 0.1111110002
35547  -56.854  -14.073  52.881 0.1111110002
35548  -58.386  -14.292  52.532 0.1111110002
35569  -58.285  -13.949  51.728 0.1111110002
73307  -58.428  -14.449  51.709 0.1111110002
35587  -57.339  -14.397  51.063 0.1111110002
35586  -55.661  -14.392  51.333 0.1111110002
38468  -54.119  -11.141  56.545 0.1111110002
33678  -51.965  -16.769  65.819 0.1111110002
34541  -52.437  -16.427  65.351 0.1111110002
36423  -52.351  -14.066  61.397 0.1111110002
36437  -52.090  -13.932  60.531 0.1111110002
35460  -52.786  -15.221  63.500 0.1111110002
35471  -52.831  -14.883  62.729 0.1111110002
37427  -54.352  -12.503  55.685 0.1111110002
36480  -57.147  -13.523  52.161 0.1111110002
35588  -58.338  -13.932  51.161 0.1111110002
36498  -57.723  -13.006  51.318 0.1111110002
35599  -57.776  -13.705  50.758 0.1111110002
36499  -58.277  -13.430  50.944 0.1111110002
82071  -56.298  -12.056  51.661 0.1111110002
36514  -56.243  -13.085  50.488 0.1111110002
37454  -56.851  -12.511  51.112 0.1111110002
85069  -54.974  -12.666  49.795 0.1111110002
37481  -56.412  -12.587  50.694 0.1111110002
36513  -53.925  -12.466  49.764 0.1111110002
81929  -51.717  -13.348  61.006 0.1111110002
74643  -52.652  -14.152  62.080 0.1111110002
79767  -55.087  -11.560  55.301 0.1111110002
38471  -54.634  -11.342  55.878 0.1111110002
81117  -54.574  -10.154  56.685 0.1111110002
37432  -54.874  -12.519  54.912 0.1111110002
37433  -55.402  -12.529  54.006 0.1111110002
38488  -55.831  -11.093  54.618 0.1111110002
38472  -56.029  -10.142  55.378 0.1111110002
78491  -55.807  -11.421  53.578 0.1111110002
37448  -56.031  -12.528  52.631 0.1111110002
38489  -56.496  -9.917  53.911 0.1111110002
38473  -57.056  -9.561  54.794 0.1111110002
38509  -56.149  -10.864  52.567 0.1111110002
38519  -56.244  -10.950  51.350 0.1111110002
39366  -56.641  -8.755  53.744 0.1111110002
39347  -57.862  -8.982  54.361 0.1111110002
38536  -55.572  -11.384  50.244 0.1111110002
40096  -56.187  -9.483  52.324 0.1111110002
36401  -53.247  -13.484  62.700 0.1111110002
36422  -52.334  -13.168  61.918 0.1111110002
38469  -55.254  -10.108  56.178 0.1111110002
39340  -57.157  -9.038  56.364 0.1111110002
39339  -56.050  -8.996  56.808 0.1111110002
40050  -55.862  -8.226  57.149 0.1111110002
39385  -56.033  -10.174  51.322 0.1111110002
40741  -54.958  -7.690  57.250 0.1111110002
36436  -51.440  -13.297  60.189 0.1111110002
84578  -20.187  -27.017  80.466 0.1111110002
33685  -51.140  -17.474  65.257 0.1111110002
26558  -11.400  -25.760  79.607 0.1111110002
75410  -14.265  -27.982  81.486 0.1111110002
88492  -14.458  -27.553  83.175 0.1111110002
35520  -53.705  -14.238  56.533 0.1111110002
34607  -53.650  -15.108  57.909 0.1111110002
34608  -54.363  -15.581  57.609 0.1111110002
34599  -54.757  -14.658  61.262 0.1111110002
73643  -54.181  -15.326  62.042 0.1111110002
35503  -53.282  -14.877  60.880 0.1111110002
35532  -54.761  -14.400  55.238 0.1111110002
36459  -54.992  -13.527  54.546 0.1111110002
35486  -52.829  -14.877  62.001 0.1111110002
35533  -55.640  -14.991  54.713 0.1111110002
85572  -56.602  -14.585  53.686 0.1111110002
36481  -58.341  -13.643  51.280 0.1111110002
34680  -57.858  -14.620  51.300 0.1111110002
34679  -56.489  -14.944  51.670 0.1111110002
34667  -57.413  -15.217  51.737 0.1111110002
35598  -56.530  -13.945  50.719 0.1111110002
36497  -54.925  -13.480  50.513 0.1111110002
35568  -54.820  -14.847  52.237 0.1111110002
36460  -55.814  -13.444  53.487 0.1111110002
36515  -57.485  -13.121  50.692 0.1111110002
37472  -56.850  -12.704  50.810 0.1111110002
36520  -55.398  -12.288  49.832 0.1111110002
38528  -56.010  -11.011  50.673 0.1111110002
39346  -57.810  -9.096  55.262 0.1111110002
39378  -56.246  -9.525  52.639 0.1111110002
39384  -55.586  -10.244  51.063 0.1111110002
25798  -13.911  -25.657  86.904 0.2222220004
25799  -14.386  -25.400  87.101 0.2222220004
25801  -14.170  -26.116  86.756 0.2222220004
25802  -14.947  -25.455  87.000 0.2222220004
26523  -14.294  -24.977  87.128 0.2222220004
26525  -13.808  -25.194  86.654 0.2222220004
26526  -15.424  -24.644  87.026 0.2222220004
26531  -13.108  -25.865  84.541 0.2222220004
26593  -33.999  -26.825  75.962 0.1111110002
27246  -14.655  -24.342  87.058 0.2222220004
27247  -15.418  -24.030  87.069 0.2222220004
27331  -33.811  -26.805  75.812 0.1111110002
31206  -37.098  -18.845  82.616 1.0000000000
31207  -37.501  -18.774  82.439 1.0000000000
31210  -37.019  -19.323  82.544 0.8888890147
31213  -37.316  -19.857  81.985 0.7777780294
31962  -37.169  -18.611  82.511 1.0000000000
31963  -38.157  -18.271  82.265 0.8888890147
31964  -38.881  -17.295  81.831 1.0000000000
34383  -40.270  -15.489  82.559 1.0000000000
34497  -51.831  -14.995  71.073 0.2222220004
34508  -51.627  -15.199  71.001 0.2222220004
34509  -51.678  -15.287  70.900 0.2222220004
34510  -51.802  -15.369  70.750 0.2222220004
34518  -51.668  -15.602  70.544 0.2222220004
34524  -51.590  -16.019  69.778 0.2222220004
35402  -51.545  -15.310  70.905 0.2222220004
35403  -51.599  -14.961  71.050 0.2222220004
35404  -51.933  -14.981  70.878 0.2222220004
35412  -51.256  -14.720  70.801 0.2222220004
35413  -52.193  -14.992  70.474 0.2222220004
35420  -52.638  -14.126  69.544 0.2222220004
36159  -42.022  -12.285  81.424 1.0000000000
36307  -52.876  -13.048  69.156 0.3333329856
36521  -56.029  -12.668  50.443 0.1111110002
37256  -42.032  -11.463  80.394 1.0000000000
37359  -52.252  -13.196  69.364 0.3333329856
37382  -54.656  -11.200  64.715 0.4444440007
37455  -57.888  -13.042  50.847 0.1111110002
37471  -56.270  -11.864  50.852 0.1111110002
37479  -55.112  -11.764  49.609 0.1111110002
37480  -55.721  -12.032  50.128 0.1111110002
38180  -42.113  -11.420  80.751 1.0000000000
38214  -41.068  -11.431  76.676 1.0000000000
38529  -56.066  -11.924  50.592 0.1111110002
39390  -55.727  -10.745  50.594 0.1111110002
39927  -45.223  -8.105  73.900 1.0000000000
39928  -45.947  -8.248  73.313 1.0000000000
40623  -43.169  -6.159  75.198 1.0000000000
40624  -43.645  -6.443  74.933 1.0000000000
40629  -42.601  -6.346  75.307 0.8888890147
40630  -43.398  -6.781  75.129 1.0000000000
40640  -44.331  -6.711  73.734 1.0000000000
40642  -46.366  -8.435  73.029 1.0000000000
41325  -42.977  -6.053  75.177 1.0000000000
41335  -43.342  -6.134  74.688 1.0000000000
44476  -55.481  -1.441  60.770 0.1111110002
44477  -56.329  -1.180  60.471 0.1111110002
45825  -55.423  -0.468  60.770 0.1111110002
45834  -56.678  -0.399  59.887 0.1111110002
45852  -57.448  -0.093  58.675 0.1111110002
45891  -59.034  0.249  52.165 0.1111110002
45942  -60.218  0.726  48.261 0.1111110002
46592  -56.801  -0.225  59.587 0.1111110002
46597  -57.155  0.084  58.868 0.1111110002
46613  -55.626  0.392  57.061 0.1111110002
47321  -59.047  2.186  55.183 0.1111110002
47345  -59.962  2.566  52.202 0.1111110002
47379  -60.343  1.259  48.575 0.1111110002
47380  -60.653  1.592  49.085 0.1111110002
48050  -58.571  2.961  54.520 0.1111110002
85019  -41.786  -12.348  78.898 1.0000000000
85654  -41.583  -8.744  70.829 0.7777780294
86525  -15.664  -24.063  86.463 0.2222220004
87219  -57.143  2.592  54.096 0.1111110002
87901  -45.319  -7.468  72.932 0.8888890147
88014  -58.900  1.902  55.706 0.1111110002
88683  -54.550  -0.608  59.577 0.1111110002
