#!ascii label  , from subject sub-v1s16x0051176_ses-1 vox2ras=TkReg
1700
79903  -24.526  -42.080  16.583 0.5000000000
83957  -24.080  -41.358  16.691 0.4000000060
78235  -25.106  -41.214  16.580 0.6000000238
78214  -24.585  -40.525  16.728 0.6000000238
16902  -22.705  -40.585  16.892 0.6000000238
17542  -21.188  -39.672  17.237 0.6000000238
78283  -26.102  -41.075  16.509 0.6999999881
77693  -23.800  -39.843  16.934 0.6999999881
87987  -23.676  -40.716  16.810 0.6999999881
17543  -22.511  -39.728  17.141 0.6999999881
17540  -19.436  -39.426  16.531 0.5000000000
18220  -20.754  -38.843  17.600 0.6999999881
16900  -20.195  -40.195  16.515 0.5000000000
13077  -20.975  -45.838  20.572 0.5000000000
78213  -25.578  -40.371  16.618 0.6999999881
17544  -24.982  -39.661  16.776 0.6999999881
80482  -24.364  -38.932  16.929 0.6999999881
18221  -23.322  -38.899  17.140 0.6999999881
18222  -23.891  -38.266  17.173 0.6999999881
18895  -19.148  -38.277  16.867 0.6000000238
16225  -30.560  -41.707  18.725 0.6999999881
84998  -29.826  -40.612  17.871 0.6999999881
16903  -26.586  -40.255  16.513 0.6999999881
16904  -27.554  -40.154  16.550 0.6999999881
13076  -20.199  -45.974  20.249 0.6000000238
12479  -18.574  -46.107  19.374 0.4000000060
79920  -22.099  -38.864  17.547 0.6999999881
18896  -20.037  -37.855  17.533 0.6999999881
82481  -21.812  -36.978  18.059 0.6999999881
19675  -19.033  -36.993  16.110 0.6000000238
15576  -31.331  -42.548  20.508 0.6999999881
16216  -30.918  -41.926  19.362 0.6999999881
16223  -29.385  -41.147  17.418 0.6999999881
81233  -30.291  -40.751  18.520 0.6999999881
16887  -30.777  -40.984  19.405 0.6999999881
79761  -22.044  -44.831  20.872 0.6000000238
16891  -29.268  -40.072  17.474 0.6999999881
17546  -27.194  -39.455  16.570 0.6999999881
16905  -28.429  -40.040  16.831 0.6999999881
16892  -29.968  -39.898  18.214 0.6999999881
13087  -18.559  -44.651  19.259 0.5000000000
80481  -25.311  -38.772  16.845 0.6999999881
17531  -29.575  -39.081  18.004 0.6999999881
12478  -17.787  -45.487  18.334 0.4000000060
78534  -22.845  -37.887  17.481 0.6999999881
17545  -26.089  -39.401  16.636 0.6999999881
17530  -28.738  -39.092  17.293 0.6999999881
12488  -16.775  -45.603  16.577 0.4000000060
18223  -24.724  -38.156  17.110 0.6999999881
18226  -28.507  -38.243  17.465 0.6999999881
79790  -21.415  -37.921  17.878 0.6999999881
18898  -22.952  -36.963  17.674 0.6999999881
18901  -26.198  -37.465  17.263 0.6999999881
18225  -27.076  -37.983  16.978 0.6999999881
18897  -20.749  -37.027  18.015 0.6999999881
19667  -19.497  -36.428  16.734 0.6000000238
19655  -20.937  -36.126  18.040 0.6999999881
21626  -21.652  -33.257  15.599 0.5000000000
21038  -21.783  -34.196  15.601 0.5000000000
21027  -23.692  -34.634  15.474 0.4000000060
80603  -22.802  -34.910  15.496 0.5000000000
16882  -31.149  -40.801  20.326 0.6999999881
14332  -21.615  -43.238  20.566 0.6000000238
17547  -28.017  -39.450  16.703 0.6999999881
13719  -19.386  -44.935  19.740 0.5000000000
17532  -30.131  -39.182  18.744 0.6999999881
18899  -24.012  -37.395  17.393 0.6999999881
85335  -25.523  -38.038  17.062 0.6999999881
19657  -24.693  -36.615  17.618 0.6999999881
22198  -21.341  -32.850  16.254 0.6999999881
19654  -19.947  -36.662  17.427 0.6999999881
21625  -21.198  -33.707  16.030 0.6999999881
20996  -20.983  -35.111  16.949 0.6999999881
22215  -21.265  -32.915  15.969 0.6999999881
14901  -26.045  -43.095  22.951 0.6999999881
15530  -28.314  -42.692  23.802 0.6999999881
15531  -29.214  -42.566  23.685 0.8000000119
16174  -30.339  -41.498  23.313 0.8000000119
85108  -25.516  -42.751  22.639 0.6000000238
15528  -26.303  -42.465  23.456 0.6000000238
15529  -27.318  -42.720  23.676 0.6000000238
16187  -30.859  -41.227  22.639 0.8000000119
14923  -24.683  -42.343  21.848 0.6000000238
14922  -24.113  -41.543  21.344 0.6000000238
16199  -31.354  -40.724  21.145 0.6999999881
14316  -23.239  -43.558  21.225 0.6000000238
14938  -23.466  -41.931  21.045 0.6000000238
82442  -20.718  -43.073  20.256 0.6000000238
14936  -21.455  -41.939  20.476 0.6000000238
16881  -30.774  -40.035  19.846 0.6999999881
80137  -19.177  -43.860  19.699 0.5000000000
14341  -19.385  -43.151  19.834 0.6000000238
17521  -31.141  -39.780  20.747 0.6999999881
18209  -29.171  -38.235  17.908 0.6999999881
18900  -25.169  -37.385  17.338 0.6999999881
81846  -27.905  -37.738  17.418 0.6999999881
84953  -21.405  -34.616  17.280 0.8000000119
20453  -21.074  -35.408  17.460 0.6999999881
19656  -23.614  -36.432  17.698 0.6999999881
18902  -27.179  -37.194  17.516 0.6999999881
22179  -21.454  -32.933  16.456 0.8000000119
18886  -22.312  -36.188  17.906 0.6999999881
19642  -24.254  -35.938  17.791 0.6999999881
82447  -22.226  -32.805  15.392 0.5000000000
84284  -23.597  -33.723  15.402 0.5000000000
76889  -23.553  -32.844  15.257 0.5000000000
21627  -24.594  -33.687  15.480 0.4000000060
15505  -28.719  -41.910  24.358 0.8000000119
16173  -29.629  -41.645  23.924 0.8999999762
15527  -25.458  -41.736  23.021 0.6000000238
16858  -30.662  -40.561  23.201 0.8000000119
16871  -31.344  -39.969  21.696 0.8000000119
15564  -22.657  -40.749  20.967 0.6000000238
15563  -21.694  -41.005  20.730 0.6000000238
13732  -18.537  -43.583  19.331 0.6000000238
14948  -19.757  -42.197  19.956 0.6000000238
14949  -20.645  -42.032  20.218 0.6000000238
17520  -30.718  -39.164  20.030 0.6999999881
13086  -17.758  -43.951  18.249 0.5000000000
18210  -29.837  -38.231  18.680 0.6999999881
18204  -30.263  -37.854  19.455 0.6999999881
13099  -16.687  -44.455  16.821 0.5000000000
13730  -17.121  -43.053  18.173 0.5000000000
21596  -22.005  -33.085  17.021 0.8000000119
20442  -21.823  -35.511  17.758 0.8000000119
20443  -23.229  -35.538  17.750 0.6999999881
19643  -25.168  -35.916  17.941 0.6999999881
19659  -26.526  -36.734  17.734 0.6999999881
75810  -22.499  -34.874  17.568 0.6999999881
15502  -25.740  -41.418  23.793 0.6999999881
15503  -26.629  -42.063  24.148 0.6999999881
77504  -29.213  -41.281  24.464 0.8000000119
81922  -29.639  -40.947  24.282 0.8000000119
15549  -24.239  -40.358  21.767 0.6999999881
77792  -27.934  -41.499  24.856 0.8000000119
17488  -30.547  -39.805  23.806 0.8000000119
15548  -23.448  -40.383  21.286 0.6000000238
16859  -31.141  -40.287  22.512 0.8000000119
17512  -31.226  -39.051  21.488 0.6999999881
14354  -18.506  -42.616  19.460 0.6000000238
17511  -30.939  -38.772  20.718 0.8000000119
18191  -31.048  -38.247  21.296 0.6999999881
14353  -17.748  -42.869  19.588 0.6000000238
84287  -30.768  -38.071  20.664 0.8000000119
13085  -16.282  -43.942  17.442 0.4000000060
19660  -27.973  -36.952  17.901 0.6999999881
18887  -28.653  -36.810  18.429 0.6999999881
18880  -29.816  -37.361  19.086 0.6999999881
12487  -14.824  -46.642  17.328 0.4000000060
76779  -27.933  -36.316  18.466 0.6999999881
18888  -29.287  -37.447  18.468 0.6999999881
20987  -21.983  -34.153  17.213 0.8000000119
81027  -23.614  -34.765  17.774 0.8000000119
85257  -27.210  -36.500  18.062 0.6999999881
20445  -25.413  -35.241  18.396 0.6999999881
22199  -21.466  -32.405  16.193 0.8000000119
22216  -21.614  -32.081  15.956 0.6999999881
77766  -22.383  -31.884  15.363 0.5000000000
22218  -25.174  -32.282  15.195 0.5000000000
75339  -25.789  -32.949  15.700 0.4000000060
16147  -26.031  -41.299  24.451 0.6000000238
16148  -26.976  -41.573  24.711 0.6999999881
16149  -28.689  -41.138  24.869 0.8000000119
16834  -29.896  -40.313  24.394 0.8000000119
15526  -24.737  -39.967  22.496 0.6999999881
16198  -22.657  -39.938  21.400 0.6999999881
17489  -31.111  -39.144  23.189 0.8000000119
16197  -21.844  -40.190  21.213 0.6000000238
16183  -20.558  -40.625  21.088 0.6000000238
18180  -31.300  -38.597  22.679 0.8000000119
18192  -31.282  -38.434  22.033 0.8000000119
14959  -18.180  -42.338  19.578 0.6000000238
15560  -19.443  -41.781  20.394 0.6000000238
18881  -30.177  -37.250  19.595 0.8999999762
75173  -30.801  -37.586  21.021 0.8000000119
19646  -29.336  -36.641  19.011 0.8000000119
77960  -29.891  -36.854  19.438 0.8000000119
13717  -16.710  -43.224  17.871 0.5000000000
20446  -27.805  -35.597  18.947 0.8000000119
13084  -15.319  -44.948  17.836 0.4000000060
22181  -22.247  -32.026  16.614 0.8000000119
85614  -22.880  -34.282  17.564 0.8000000119
20988  -23.760  -34.002  17.795 0.8000000119
20989  -24.659  -34.636  18.256 0.8000000119
19644  -27.250  -35.929  18.490 0.6999999881
22200  -21.684  -32.006  16.133 0.8000000119
20444  -24.426  -35.303  17.991 0.8000000119
77165  -26.312  -35.920  18.225 0.6999999881
82687  -22.353  -31.215  15.721 0.8000000119
21587  -24.239  -33.326  17.754 0.8000000119
22810  -22.635  -31.158  14.910 0.6000000238
22217  -23.741  -32.116  14.963 0.5000000000
16146  -25.316  -40.418  24.056 0.6000000238
16815  -28.778  -40.511  25.338 0.6999999881
16186  -23.228  -39.625  21.929 0.6000000238
17475  -30.145  -39.692  24.559 0.6999999881
16185  -22.110  -39.988  21.685 0.6000000238
16171  -24.408  -38.824  22.985 0.6000000238
16145  -24.828  -39.213  23.774 0.6000000238
15547  -21.272  -40.247  22.026 0.6000000238
18166  -31.243  -38.418  23.244 0.8000000119
14934  -19.049  -41.890  20.593 0.6000000238
16184  -21.190  -40.327  21.384 0.6000000238
18165  -30.919  -38.907  23.840 0.6999999881
14340  -17.791  -42.414  19.606 0.5000000000
18867  -31.128  -37.716  21.758 0.8000000119
13718  -16.876  -43.036  18.587 0.3000000119
19629  -30.181  -36.185  20.440 0.8000000119
75114  -30.571  -36.936  20.690 0.8000000119
19634  -29.138  -35.906  19.438 0.8000000119
19635  -29.769  -36.315  19.673 0.8000000119
20979  -27.015  -34.241  19.193 0.8000000119
84974  -23.234  -33.293  17.478 0.8000000119
73415  -26.923  -35.354  18.733 0.8000000119
77349  -24.924  -33.934  18.313 0.8000000119
22811  -24.330  -31.412  14.663 0.6000000238
22219  -26.129  -32.369  15.556 0.3000000119
16128  -25.601  -40.644  24.682 0.6000000238
16814  -27.439  -40.651  25.715 0.6999999881
16789  -28.110  -40.353  25.892 0.6999999881
17454  -29.443  -39.282  25.781 0.6999999881
13045  -19.378  -46.108  22.544 0.5000000000
16170  -23.519  -39.159  22.811 0.6000000238
76854  -30.732  -38.487  24.509 0.6999999881
14935  -19.285  -41.747  21.202 0.5000000000
15546  -20.494  -40.680  21.509 0.5000000000
15524  -22.358  -40.009  22.725 0.6000000238
83770  -31.121  -38.297  23.827 0.6999999881
76281  -17.752  -44.162  20.863 0.3000000119
14329  -18.302  -42.279  20.270 0.5000000000
18856  -31.133  -37.175  22.167 0.8000000119
20435  -28.930  -35.405  19.847 0.8999999762
19620  -30.633  -36.476  21.209 0.8000000119
84006  -30.919  -36.689  21.806 0.8000000119
13073  -16.141  -43.785  18.453 0.4000000060
20980  -27.761  -34.447  19.508 0.8999999762
20434  -28.495  -35.503  19.419 0.8999999762
20425  -29.513  -35.703  20.045 0.8999999762
87783  -22.641  -31.545  16.488 0.8000000119
20990  -25.706  -34.525  18.661 0.8000000119
80876  -26.186  -35.150  18.643 0.8000000119
22795  -22.177  -31.381  16.108 0.8000000119
22827  -22.348  -30.425  15.052 0.6999999881
23520  -26.201  -30.874  14.826 0.6000000238
22812  -25.907  -31.651  15.118 0.6000000238
16832  -25.086  -39.708  24.495 0.6000000238
16813  -26.565  -40.591  25.626 0.6000000238
17429  -28.125  -39.685  26.368 0.6999999881
79655  -23.543  -39.115  23.557 0.6000000238
17430  -28.835  -39.303  26.284 0.6999999881
18137  -29.827  -38.673  25.765 0.8000000119
14314  -19.525  -42.498  21.909 0.6000000238
14920  -20.736  -41.255  22.265 0.5000000000
14921  -21.585  -41.082  22.733 0.6000000238
17455  -30.156  -39.123  25.108 0.6999999881
18830  -31.175  -37.796  24.111 0.8000000119
13707  -18.235  -44.227  21.446 0.4000000060
18156  -31.303  -37.781  23.397 0.6999999881
88914  -17.550  -42.907  19.882 0.4000000060
77530  -31.290  -37.872  22.589 0.8000000119
20971  -29.142  -35.050  20.328 0.8000000119
20406  -30.805  -36.085  21.798 0.8000000119
20415  -30.396  -35.760  21.157 0.8000000119
21580  -27.513  -33.495  19.383 0.8000000119
82786  -24.559  -32.546  17.623 0.8000000119
22168  -25.592  -32.323  18.061 0.8000000119
83918  -26.344  -34.177  18.931 0.6999999881
23470  -23.179  -31.025  16.405 0.8000000119
20978  -25.841  -33.748  18.678 0.8000000119
76056  -25.266  -33.182  18.177 0.8000000119
23518  -22.345  -30.115  15.243 0.8000000119
22780  -24.279  -31.244  16.990 0.8000000119
22828  -22.991  -30.525  14.468 0.6999999881
22829  -24.417  -30.563  14.338 0.6999999881
23543  -26.207  -30.037  14.229 0.6000000238
23544  -27.389  -29.857  14.258 0.6000000238
23521  -27.224  -30.574  15.008 0.6000000238
16144  -23.907  -39.064  24.037 0.6000000238
17428  -27.310  -39.265  26.668 0.8000000119
13669  -20.671  -45.457  23.609 0.5000000000
14898  -22.193  -42.026  23.554 0.5000000000
18138  -30.318  -38.269  25.375 0.8000000119
14315  -21.033  -43.877  23.092 0.5000000000
14897  -21.520  -42.740  23.112 0.5000000000
18120  -29.872  -38.018  26.078 0.8000000119
18812  -30.396  -37.502  25.685 0.8000000119
13689  -20.036  -45.481  22.781 0.5000000000
18829  -30.797  -37.714  24.871 0.8000000119
19581  -31.384  -37.195  23.806 0.8000000119
76105  -31.448  -36.561  23.549 0.8000000119
19594  -31.333  -37.120  22.982 0.8000000119
83825  -31.159  -36.512  22.456 0.8000000119
86970  -31.370  -36.594  23.003 0.8000000119
20426  -29.794  -35.397  20.681 0.8000000119
21581  -28.275  -33.966  19.849 0.8000000119
79157  -30.163  -35.061  21.171 0.8000000119
22771  -24.913  -31.730  17.488 0.8000000119
22156  -26.969  -32.716  18.933 0.8000000119
21588  -26.157  -32.955  18.561 0.8999999762
23495  -22.498  -30.565  15.688 0.8000000119
23471  -24.256  -30.583  16.727 0.8000000119
23541  -23.292  -29.759  14.062 0.6999999881
23540  -22.486  -29.734  14.704 0.6999999881
23542  -25.471  -30.518  14.390 0.6999999881
24306  -23.468  -28.970  13.565 0.6999999881
24307  -24.707  -29.750  13.799 0.6999999881
83080  -25.489  -29.241  13.467 0.6999999881
17426  -25.366  -39.124  25.978 0.8000000119
17452  -25.215  -39.589  25.491 0.6000000238
18117  -27.422  -38.637  26.966 0.8000000119
75136  -20.104  -43.968  25.735 0.6000000238
14865  -20.969  -43.837  25.738 0.5000000000
15501  -22.967  -39.875  24.486 0.6000000238
16127  -23.089  -39.760  25.079 0.6000000238
18118  -28.269  -38.862  26.785 0.8000000119
14862  -17.928  -43.671  25.379 0.6000000238
14864  -19.455  -43.216  25.778 0.6000000238
14850  -20.469  -43.031  25.998 0.6000000238
14866  -21.618  -43.536  25.422 0.5000000000
14878  -22.471  -42.734  24.229 0.5000000000
16830  -17.610  -40.510  24.638 0.5000000000
81380  -17.912  -42.158  25.199 0.5000000000
16126  -19.112  -41.538  25.662 0.6000000238
15485  -19.654  -42.314  25.910 0.6000000238
76783  -21.166  -44.774  23.765 0.5000000000
82108  -22.253  -43.075  24.969 0.5000000000
18798  -29.962  -37.251  26.432 0.8000000119
19564  -30.894  -36.987  25.167 0.8000000119
16807  -18.073  -40.870  25.038 0.5000000000
14289  -22.094  -43.205  23.824 0.5000000000
16848  -16.534  -40.234  23.699 0.4000000060
19565  -31.348  -36.513  24.487 0.6999999881
20416  -30.735  -35.191  21.764 0.8000000119
77145  -31.136  -35.684  22.424 0.8000000119
20388  -31.405  -36.012  23.118 0.6999999881
22158  -28.310  -33.048  19.636 0.8000000119
20970  -28.892  -34.315  20.322 0.8000000119
88940  -31.105  -34.369  21.892 0.8000000119
73653  -30.096  -33.614  20.771 0.8000000119
24268  -23.524  -29.334  15.761 0.8999999762
23457  -25.953  -31.379  17.868 0.8000000119
22169  -26.475  -32.078  18.433 0.8000000119
24289  -22.465  -29.222  14.875 0.8000000119
24305  -22.692  -28.701  14.133 0.6999999881
85308  -24.757  -38.666  25.926 0.8000000119
82776  -25.864  -38.781  26.513 0.8000000119
18797  -27.911  -38.164  27.271 0.8000000119
16106  -19.949  -41.499  26.046 0.6000000238
16786  -23.704  -38.958  25.607 0.6000000238
17451  -24.605  -38.944  25.410 0.6000000238
18778  -28.384  -37.502  27.431 0.8000000119
16125  -18.316  -41.530  25.298 0.5000000000
15468  -21.138  -42.376  26.215 0.6000000238
16109  -22.653  -41.018  25.805 0.6000000238
18092  -28.740  -38.095  27.039 0.8000000119
19552  -30.467  -36.704  26.040 0.6999999881
16808  -18.678  -40.783  25.407 0.5000000000
81626  -22.238  -41.106  26.292 0.6000000238
76534  -23.228  -39.584  25.563 0.6000000238
17472  -17.156  -39.998  24.194 0.4000000060
17449  -18.647  -39.247  25.175 0.4000000060
81667  -18.993  -39.990  25.522 0.4000000060
82482  -19.779  -39.923  25.906 0.4000000060
20359  -30.922  -36.140  25.505 0.6999999881
17474  -18.038  -39.234  24.644 0.4000000060
18135  -18.986  -38.470  25.313 0.4000000060
16783  -21.133  -40.037  26.545 0.4000000060
20368  -31.601  -35.726  23.994 0.6999999881
18811  -19.320  -37.689  25.427 0.4000000060
18795  -20.584  -37.627  26.515 0.5000000000
20952  -31.280  -34.802  22.441 0.6999999881
18810  -18.694  -37.738  24.908 0.3000000119
18794  -20.017  -37.674  25.885 0.5000000000
18111  -20.960  -38.250  26.773 0.5000000000
21569  -28.905  -33.474  20.066 0.8000000119
20961  -30.525  -34.256  21.325 0.8000000119
24247  -24.405  -29.819  16.530 0.8000000119
22781  -25.112  -30.923  17.318 1.0000000000
23458  -26.601  -30.839  17.905 0.8000000119
22772  -26.751  -31.369  18.256 0.8000000119
22170  -27.336  -31.769  18.686 0.8000000119
88430  -28.430  -32.318  19.373 0.8000000119
22159  -29.096  -32.550  19.693 0.8000000119
78546  -25.065  -30.241  17.067 1.0000000000
22761  -28.151  -31.757  19.008 0.8000000119
79686  -22.561  -29.684  15.364 0.8000000119
23472  -25.937  -30.377  17.490 0.8000000119
88665  -22.643  -28.538  14.572 0.8999999762
24324  -23.093  -27.997  13.432 0.6999999881
24326  -25.490  -28.239  13.014 0.6999999881
24308  -26.538  -29.313  13.554 0.6999999881
24309  -27.690  -29.449  13.420 0.6999999881
82460  -28.249  -29.791  14.144 0.6000000238
18090  -25.932  -38.116  26.927 0.8000000119
18091  -26.980  -38.119  27.218 0.8000000119
15467  -20.388  -42.173  26.163 0.5000000000
17424  -23.349  -38.855  26.303 0.8000000119
18114  -24.527  -38.252  26.342 0.8000000119
18089  -25.028  -37.819  26.713 0.8000000119
18777  -27.512  -37.467  27.526 0.8000000119
16809  -19.479  -40.729  25.776 0.5000000000
16107  -20.805  -41.582  26.325 0.6000000238
81919  -21.680  -39.445  26.710 0.5000000000
17425  -24.110  -38.634  25.979 0.8000000119
18779  -29.464  -37.013  27.038 0.6999999881
17450  -19.348  -39.206  25.629 0.4000000060
17421  -20.882  -39.107  26.605 0.5000000000
17423  -22.502  -39.222  26.622 0.6999999881
80386  -23.011  -39.626  26.172 0.6999999881
77353  -28.889  -36.896  27.505 0.6999999881
19538  -30.009  -36.441  26.790 0.6999999881
20350  -30.492  -35.816  26.387 0.6999999881
20360  -31.418  -35.544  24.984 0.6999999881
20924  -31.683  -34.862  24.639 0.6999999881
74244  -20.760  -36.934  26.705 0.5000000000
20941  -32.033  -34.175  23.691 0.6999999881
19563  -20.003  -36.301  25.766 0.4000000060
19550  -20.528  -36.095  26.441 0.4000000060
22149  -30.483  -32.734  20.534 0.8000000119
21533  -31.760  -34.459  23.053 0.6999999881
22148  -29.650  -33.058  20.271 0.8000000119
87852  -29.517  -31.878  19.465 0.8000000119
22762  -30.145  -31.536  19.490 0.6999999881
23473  -26.887  -30.231  17.673 0.8000000119
77513  -28.889  -31.807  19.217 0.8000000119
24985  -23.635  -28.356  15.386 0.8999999762
82113  -22.654  -28.797  15.100 0.8999999762
24269  -24.673  -29.088  16.248 0.8999999762
24270  -25.761  -29.027  16.640 0.8000000119
24249  -26.350  -29.601  17.232 0.8000000119
24250  -27.273  -29.626  17.323 0.8000000119
25028  -22.965  -27.511  14.204 0.8999999762
25007  -23.313  -27.627  14.655 0.8000000119
24323  -22.813  -27.950  13.803 0.8999999762
25041  -23.480  -27.205  12.960 0.8000000119
81836  -28.198  -30.185  14.777 0.4000000060
24325  -24.245  -28.382  13.156 0.8000000119
80928  -26.716  -28.750  13.008 0.6999999881
79562  -29.426  -29.572  12.944 0.5000000000
18775  -25.551  -37.295  27.216 0.6999999881
18776  -26.514  -37.408  27.426 0.8000000119
74974  -24.146  -37.104  27.184 0.6999999881
19516  -27.568  -36.156  27.885 0.6999999881
18136  -19.687  -38.437  25.757 0.4000000060
18772  -22.978  -37.260  27.303 0.6000000238
19535  -26.116  -36.605  27.629 0.6999999881
75465  -29.408  -36.164  27.426 0.6999999881
20334  -30.063  -35.571  27.160 0.6999999881
20906  -30.554  -34.790  26.812 0.6999999881
20351  -31.001  -35.209  25.912 0.6999999881
19531  -21.941  -35.911  27.404 0.5000000000
20914  -31.487  -34.635  25.462 0.6999999881
20349  -21.173  -35.491  26.934 0.4000000060
20925  -31.977  -34.210  24.404 0.6999999881
20348  -20.579  -35.041  26.240 0.3000000119
20905  -21.169  -34.494  26.714 0.3000000119
20882  -22.431  -34.554  27.443 0.5000000000
22754  -29.976  -32.257  19.930 0.6999999881
21558  -31.291  -33.630  21.625 0.6999999881
21534  -32.215  -33.607  23.156 0.6999999881
20327  -21.835  -34.942  27.260 0.4000000060
21559  -31.894  -33.111  21.891 0.6999999881
22150  -31.334  -32.513  20.812 0.6999999881
23447  -29.489  -31.311  19.045 0.6999999881
23459  -27.338  -30.867  18.201 0.8000000119
81830  -28.161  -30.660  18.248 0.8000000119
23446  -28.699  -31.127  18.681 0.8000000119
23474  -27.732  -30.204  17.768 0.8000000119
24986  -25.011  -28.403  15.864 0.8000000119
25744  -23.491  -26.966  14.166 0.8000000119
25723  -24.466  -26.952  14.465 0.8000000119
25711  -24.184  -27.598  15.044 0.8999999762
25040  -23.059  -27.363  13.656 0.8999999762
77017  -24.102  -26.584  12.904 0.8000000119
25042  -24.952  -27.034  12.671 0.8000000119
24328  -28.444  -29.435  12.946 0.6999999881
25043  -26.194  -27.899  12.625 0.6999999881
25790  -26.658  -26.326  11.863 0.6999999881
20885  -24.827  -35.168  27.939 0.6000000238
75054  -24.881  -35.949  27.602 0.6000000238
20331  -25.656  -35.726  27.825 0.6999999881
20316  -27.620  -35.507  28.046 0.6999999881
19517  -28.224  -35.931  27.915 0.6999999881
81454  -28.737  -36.290  27.726 0.6999999881
81720  -22.097  -36.870  27.345 0.5000000000
78955  -23.543  -36.976  27.339 0.6000000238
20317  -28.321  -35.197  28.112 0.6999999881
19518  -28.927  -35.612  27.862 0.6999999881
20333  -29.545  -35.197  27.666 0.6999999881
19533  -23.814  -36.415  27.456 0.6000000238
20358  -20.049  -35.505  25.655 0.3000000119
20328  -22.613  -35.347  27.519 0.5000000000
20329  -23.446  -35.606  27.632 0.5000000000
20870  -25.570  -34.888  28.091 0.6000000238
20907  -31.149  -34.244  26.279 0.6999999881
21478  -22.745  -33.892  27.528 0.4000000060
20883  -23.148  -34.722  27.649 0.5000000000
20884  -24.432  -34.429  28.024 0.6000000238
21508  -31.690  -33.632  25.758 0.6999999881
79718  -32.453  -32.972  22.902 0.6999999881
21519  -32.367  -33.494  24.158 0.6999999881
82314  -22.502  -32.605  26.977 0.3000000119
22756  -31.874  -31.809  20.563 0.6999999881
23475  -28.538  -30.161  17.855 0.8000000119
87641  -28.813  -30.534  18.276 0.8000000119
23460  -29.529  -30.632  18.513 0.6999999881
23448  -30.170  -30.915  19.007 0.6999999881
23437  -31.570  -31.140  19.963 0.6999999881
24252  -29.165  -29.659  17.530 0.8000000119
25712  -25.365  -27.760  15.357 0.8000000119
24987  -26.157  -28.521  16.123 0.8000000119
24271  -26.760  -29.082  16.793 0.8000000119
24272  -27.723  -29.166  16.839 0.8000000119
25745  -24.555  -26.363  13.657 0.8000000119
25725  -26.872  -27.433  14.764 0.8000000119
25009  -27.640  -28.117  15.735 0.8000000119
25010  -28.673  -28.191  15.860 0.8000000119
25748  -28.570  -27.336  14.403 0.8000000119
24338  -28.650  -29.073  12.453 0.6000000238
25054  -25.703  -26.775  12.439 0.8000000119
25055  -26.788  -27.841  12.294 0.6000000238
26504  -26.485  -25.271  11.647 0.6999999881
26505  -27.708  -26.471  11.379 0.6000000238
25791  -27.718  -27.416  11.720 0.6000000238
20315  -26.293  -35.016  28.105 0.6000000238
20869  -25.118  -34.318  28.164 0.6000000238
20886  -29.681  -34.224  27.877 0.6999999881
80883  -30.078  -34.788  27.460 0.6999999881
80819  -25.994  -34.144  28.225 0.6000000238
21480  -30.313  -33.340  28.227 0.6999999881
20887  -30.349  -33.947  27.472 0.6999999881
20888  -30.796  -33.829  26.976 0.6999999881
22046  -23.100  -33.093  27.523 0.4000000060
77819  -23.712  -33.943  27.826 0.4000000060
21465  -26.060  -33.300  28.252 0.5000000000
21469  -29.430  -33.442  28.083 0.6999999881
21464  -25.377  -33.536  28.156 0.5000000000
22031  -25.611  -32.821  28.043 0.5000000000
22083  -32.202  -32.791  25.369 0.6999999881
87050  -32.371  -33.140  24.754 0.6999999881
22069  -24.354  -32.069  27.106 0.3000000119
22047  -24.135  -32.894  27.683 0.4000000060
22755  -30.905  -31.860  20.100 0.6999999881
22093  -32.642  -32.610  24.468 0.6999999881
22068  -23.425  -32.322  27.074 0.3000000119
22668  -24.669  -31.458  26.546 0.3000000119
22732  -32.824  -31.917  21.830 0.6999999881
22125  -33.032  -32.014  22.693 0.6999999881
82693  -32.320  -31.082  20.406 0.6999999881
22743  -33.058  -31.300  21.536 0.6999999881
24251  -28.178  -29.667  17.378 0.8000000119
85115  -30.735  -30.551  18.999 0.6999999881
22763  -30.824  -31.056  19.498 0.6999999881
23427  -33.042  -30.812  20.892 0.6999999881
23449  -31.430  -30.455  19.361 0.6999999881
23450  -32.176  -30.117  19.543 0.6999999881
23461  -30.297  -30.413  18.596 0.6999999881
24219  -31.744  -29.847  19.026 0.6999999881
24220  -32.480  -29.491  19.137 0.6999999881
24988  -27.196  -28.597  16.292 0.8000000119
24273  -28.667  -29.205  16.896 0.8000000119
24232  -30.874  -29.243  17.831 0.8000000119
24234  -32.594  -28.810  18.394 0.6999999881
25724  -25.627  -27.175  14.679 0.8000000119
24989  -28.191  -28.690  16.355 0.8000000119
25011  -29.606  -28.170  15.965 0.8000000119
77255  -30.754  -28.304  16.651 0.8000000119
77701  -25.719  -26.592  14.087 0.8000000119
25726  -28.134  -27.725  15.093 0.8000000119
25012  -30.995  -27.843  15.993 0.8000000119
88039  -27.596  -27.223  14.358 0.8000000119
25727  -29.179  -27.738  15.245 0.8000000119
76549  -31.191  -27.420  15.198 0.8000000119
26468  -25.548  -25.665  12.781 0.8000000119
25749  -29.646  -27.308  14.508 0.8000000119
25767  -24.899  -26.116  12.952 0.8000000119
24339  -29.566  -29.126  12.288 0.5000000000
84092  -28.629  -28.173  11.811 0.6000000238
26500  -25.894  -25.447  12.588 0.8000000119
80405  -28.914  -28.693  12.055 0.6000000238
79768  -29.898  -27.673  11.378 0.6000000238
25792  -28.822  -27.576  11.536 0.6000000238
20872  -27.416  -34.323  28.273 0.6999999881
78778  -27.752  -34.889  28.204 0.6999999881
21468  -28.623  -33.559  28.266 0.6999999881
22050  -30.805  -32.511  28.138 0.6999999881
21481  -30.701  -32.815  27.613 0.6999999881
22033  -27.500  -32.900  28.264 0.5000000000
22035  -29.878  -32.850  27.959 0.6999999881
22048  -25.007  -32.478  27.592 0.4000000060
22071  -25.875  -31.491  27.068 0.4000000060
22644  -26.730  -31.601  27.567 0.5000000000
21500  -31.623  -32.610  26.352 0.6999999881
73470  -26.421  -31.069  26.948 0.3000000119
22672  -32.433  -31.179  25.643 0.6999999881
22699  -33.002  -31.824  24.464 0.6999999881
22667  -23.781  -31.608  26.350 0.3000000119
24140  -26.538  -30.143  25.532 0.3000000119
22718  -33.395  -31.378  23.132 0.6999999881
81982  -26.465  -29.768  25.010 0.3000000119
24201  -33.847  -30.010  22.036 0.6999999881
76928  -30.012  -29.358  17.507 0.8000000119
23462  -30.971  -29.958  18.606 0.6999999881
23439  -33.302  -29.970  20.454 0.6999999881
24233  -31.722  -29.325  18.478 0.6999999881
24235  -33.185  -29.073  19.051 0.6999999881
24990  -29.130  -28.692  16.430 0.8000000119
24254  -31.765  -28.741  17.824 0.8000000119
25008  -26.531  -27.959  15.563 0.8000000119
74270  -31.875  -28.303  17.288 0.8000000119
88215  -30.323  -28.108  16.143 0.8000000119
25729  -31.774  -27.528  15.813 0.8000000119
25747  -26.495  -26.541  13.926 0.8000000119
26469  -26.109  -25.676  13.251 0.8000000119
25750  -30.598  -27.156  14.575 0.8000000119
26453  -31.948  -27.076  15.131 0.8000000119
26487  -25.976  -25.036  12.527 0.8000000119
26471  -28.952  -26.787  13.808 0.8000000119
77562  -32.156  -26.623  14.605 0.8000000119
86419  -26.035  -25.487  12.201 0.8000000119
21466  -26.855  -33.603  28.287 0.6000000238
84876  -28.187  -33.055  28.276 0.6000000238
22636  -29.581  -32.127  27.859 0.6000000238
22645  -27.898  -31.308  27.636 0.5000000000
22647  -29.954  -31.751  27.696 0.6999999881
22036  -30.548  -32.157  28.138 0.6999999881
82218  -31.418  -31.886  26.707 0.6999999881
23337  -28.708  -31.096  27.539 0.6000000238
22648  -30.641  -31.610  28.048 0.6999999881
22649  -31.186  -31.802  27.725 0.6999999881
86076  -31.881  -31.345  26.187 0.6999999881
23374  -25.875  -30.529  25.776 0.3000000119
24099  -27.433  -30.452  26.551 0.3000000119
23360  -31.260  -30.703  26.346 0.6999999881
23373  -25.217  -30.374  25.300 0.3000000119
24891  -28.715  -28.461  24.550 0.3000000119
22673  -32.670  -30.580  25.423 0.6999999881
22687  -32.972  -31.022  24.912 0.6999999881
75527  -26.893  -27.987  23.310 0.3000000119
24911  -27.340  -28.308  23.715 0.3000000119
25621  -27.969  -28.015  23.770 0.3000000119
25642  -29.053  -27.623  23.860 0.3000000119
25661  -26.808  -27.385  22.775 0.3000000119
78798  -33.532  -30.257  21.231 0.6999999881
24975  -32.420  -28.289  17.670 0.8000000119
25713  -32.415  -27.514  16.289 0.8000000119
25730  -32.388  -27.170  15.640 0.8000000119
26470  -27.583  -26.506  13.757 0.8000000119
77514  -28.181  -25.981  13.302 0.8000000119
26489  -29.271  -26.188  13.380 0.8000000119
26490  -30.046  -25.911  13.121 0.8000000119
26491  -31.082  -26.256  13.586 0.8000000119
25751  -31.407  -26.796  14.472 0.8000000119
27228  -26.129  -24.439  11.931 0.8000000119
26501  -26.049  -24.909  12.168 0.8000000119
27231  -26.196  -24.380  11.738 0.6999999881
27235  -26.803  -24.447  10.997 0.6000000238
22646  -29.186  -31.565  27.753 0.6000000238
23359  -30.552  -30.668  26.596 0.6000000238
22671  -31.312  -31.386  26.602 0.6999999881
24142  -28.535  -29.559  25.749 0.4000000060
24120  -31.041  -29.941  26.038 0.6000000238
24121  -31.794  -29.918  25.831 0.6999999881
23362  -32.672  -30.124  25.430 0.6999999881
88476  -31.123  -28.547  25.324 0.4000000060
24146  -33.192  -29.552  24.916 0.6999999881
24159  -33.443  -29.699  24.517 0.6999999881
23403  -33.655  -30.642  23.503 0.6999999881
26367  -30.111  -26.874  23.679 0.3000000119
74066  -31.829  -28.217  25.045 0.4000000060
24883  -33.077  -29.222  24.989 0.6000000238
24931  -34.350  -28.625  22.775 0.6999999881
24211  -33.879  -29.636  21.154 0.6999999881
24212  -34.330  -28.936  21.083 0.6999999881
24947  -33.898  -29.288  20.339 0.6999999881
24952  -33.944  -28.849  19.507 0.6999999881
24974  -31.208  -28.557  17.250 0.8000000119
24992  -31.629  -27.994  16.632 0.8000000119
24993  -32.387  -27.908  17.020 0.8000000119
25731  -33.113  -26.955  15.845 0.8000000119
86390  -30.095  -26.649  13.868 0.8000000119
26492  -31.948  -26.299  13.971 0.8000000119
27995  -27.491  -24.451  12.460 0.8000000119
78530  -28.777  -25.343  12.861 0.8000000119
27221  -30.772  -25.591  12.919 0.8000000119
27997  -29.939  -24.950  12.608 0.8000000119
26515  -28.355  -26.051  11.065 0.6000000238
87196  -26.241  -24.159  11.739 0.8000000119
28016  -27.562  -23.984  10.436 0.6000000238
28012  -26.562  -23.810  11.366 0.6999999881
28906  -27.450  -22.941  10.365 0.6999999881
23338  -29.628  -31.243  27.487 0.6000000238
23358  -29.767  -30.496  26.688 0.6000000238
73440  -30.100  -27.911  24.693 0.3000000119
24122  -32.436  -29.802  25.490 0.6000000238
26351  -29.747  -27.431  24.045 0.3000000119
24893  -31.008  -27.886  24.964 0.3000000119
24158  -32.156  -28.829  25.229 0.5000000000
25625  -31.706  -27.438  24.499 0.3000000119
25626  -32.530  -27.691  24.492 0.5000000000
24912  -33.965  -28.531  23.624 0.6999999881
27109  -29.585  -25.834  22.169 0.3000000119
26389  -31.046  -26.060  23.013 0.3000000119
25662  -34.347  -27.086  22.939 0.4000000060
24944  -34.563  -28.392  21.878 0.6999999881
27125  -29.194  -25.332  21.565 0.3000000119
77163  -34.736  -28.229  21.022 0.6000000238
25692  -34.938  -27.828  19.335 0.6000000238
24949  -35.013  -27.917  20.220 0.6000000238
24976  -33.939  -27.976  18.260 0.8000000119
24962  -34.303  -28.227  18.998 0.6999999881
25698  -35.351  -27.316  18.871 0.6000000238
88962  -32.901  -27.882  17.418 0.8000000119
25706  -34.422  -27.542  17.739 0.6999999881
25697  -34.724  -27.716  18.539 0.6999999881
25714  -33.162  -27.465  16.765 0.8000000119
84723  -33.732  -26.930  16.365 0.6999999881
26437  -34.851  -27.007  17.241 0.6999999881
25707  -35.253  -27.291  18.010 0.6999999881
26454  -32.638  -26.737  15.104 0.8000000119
74158  -34.010  -26.389  15.746 0.6999999881
26441  -34.425  -26.670  16.513 0.6999999881
26472  -32.789  -26.217  14.314 0.8000000119
26473  -33.380  -26.378  15.053 0.8000000119
86884  -34.601  -25.879  15.410 0.6999999881
26455  -34.856  -26.152  16.033 0.6999999881
27220  -27.246  -25.116  12.807 0.8000000119
78037  -31.756  -26.006  13.502 0.8000000119
27206  -33.551  -25.937  14.430 0.8000000119
27996  -28.651  -24.340  12.478 0.8000000119
27998  -31.035  -24.886  12.606 0.8000000119
27223  -32.351  -25.664  13.467 0.8000000119
27219  -26.397  -24.452  12.283 0.8000000119
28009  -27.552  -23.744  12.181 0.8000000119
28874  -30.352  -24.017  12.406 0.8000000119
28875  -31.345  -23.936  12.454 0.8000000119
28008  -26.498  -23.835  11.821 0.8000000119
28886  -27.148  -23.097  11.639 0.8000000119
28891  -27.156  -22.622  11.113 0.6999999881
27236  -28.199  -25.178  10.665 0.6000000238
27237  -29.580  -25.316  10.529 0.6000000238
28890  -26.776  -23.252  11.309 0.8000000119
28895  -26.911  -23.027  10.857 0.6999999881
29678  -27.898  -22.247  10.231 0.6999999881
25627  -33.137  -28.032  24.406 0.5000000000
24896  -33.493  -28.536  24.275 0.5000000000
80958  -30.825  -26.547  23.608 0.3000000119
26370  -33.005  -26.526  23.586 0.4000000060
88660  -33.904  -27.273  23.463 0.5000000000
74349  -34.523  -27.733  22.503 0.6000000238
27094  -31.877  -26.003  23.139 0.3000000119
25677  -34.814  -27.664  21.728 0.6000000238
27127  -31.997  -25.003  22.121 0.3000000119
27112  -32.394  -25.554  22.773 0.3000000119
25663  -34.736  -27.023  22.227 0.6000000238
25688  -35.047  -27.614  21.006 0.6000000238
27895  -29.646  -24.832  21.147 0.3000000119
27897  -31.489  -24.667  21.368 0.3000000119
27129  -34.160  -24.947  21.844 0.3000000119
27915  -30.993  -24.311  20.648 0.3000000119
25693  -35.411  -27.305  19.694 0.6000000238
27937  -29.561  -23.854  19.642 0.3000000119
26442  -35.225  -26.429  16.759 0.6999999881
28000  -32.878  -24.751  13.144 0.8000000119
27224  -34.057  -25.411  14.206 0.6999999881
27207  -34.815  -25.323  14.763 0.6999999881
27205  -33.287  -25.505  13.782 0.6999999881
27999  -31.969  -24.813  12.811 0.8000000119
28877  -33.289  -23.905  12.884 0.6999999881
28873  -29.411  -23.969  12.389 0.8000000119
29652  -30.565  -23.001  12.289 0.6999999881
28876  -32.363  -23.768  12.612 0.6000000238
27238  -30.649  -25.347  10.431 0.6000000238
74110  -27.649  -22.503  11.496 0.6999999881
28892  -27.756  -21.964  11.089 0.6999999881
29665  -28.509  -22.236  11.658 0.6999999881
28907  -28.243  -22.643  10.062 0.6999999881
80579  -29.229  -23.029  9.868 0.6999999881
28897  -28.290  -21.755  10.550 0.6999999881
31900  -32.160  -19.738  8.704 0.5000000000
31152  -31.712  -20.245  9.090 0.5000000000
88854  -35.271  -26.534  21.199 0.6000000238
25689  -35.380  -27.078  20.589 0.6000000238
26419  -35.575  -26.218  20.610 0.6000000238
26423  -36.067  -26.289  19.264 0.6000000238
26438  -35.630  -26.640  17.540 0.6999999881
26439  -36.382  -26.034  17.757 0.6999999881
29582  -27.577  -22.826  18.091 0.3000000119
27193  -35.265  -25.570  15.593 0.6999999881
84824  -35.930  -26.142  17.054 0.6999999881
27176  -35.649  -25.869  16.347 0.6999999881
29653  -31.527  -22.923  12.347 0.6999999881
28001  -33.842  -24.634  13.504 0.6999999881
82527  -34.566  -24.836  14.019 0.6000000238
77126  -28.298  -23.202  12.107 0.6999999881
28887  -29.479  -23.015  12.229 0.6999999881
29666  -29.730  -22.021  11.776 0.6999999881
28018  -29.796  -24.308  10.161 0.6000000238
28019  -31.038  -24.558  10.116 0.5000000000
30360  -29.099  -21.498  10.264 0.6999999881
30361  -29.873  -21.069  10.192 0.6999999881
30366  -30.562  -20.874  9.719 0.6000000238
26407  -35.218  -25.865  21.279 0.5000000000
27144  -35.563  -25.317  20.589 0.4000000060
26420  -35.988  -25.860  19.979 0.6000000238
27145  -36.114  -25.068  19.903 0.5000000000
27155  -36.347  -25.566  19.303 0.6000000238
27169  -36.791  -25.460  18.147 0.6000000238
86067  -27.935  -22.260  17.657 0.3000000119
29583  -28.557  -22.625  17.954 0.3000000119
27177  -36.449  -25.500  16.894 0.6999999881
27977  -35.657  -24.890  15.144 0.6000000238
27194  -36.059  -25.210  15.960 0.6000000238
86009  -32.932  -23.216  12.633 0.6000000238
28002  -34.654  -24.118  13.610 0.6000000238
76035  -30.819  -22.227  12.096 0.6999999881
29654  -32.336  -22.685  12.438 0.6000000238
28878  -34.015  -23.645  13.123 0.6000000238
29667  -31.581  -21.996  12.175 0.6999999881
30343  -32.594  -21.178  11.819 0.6000000238
30351  -30.198  -21.070  10.901 0.6999999881
28909  -30.445  -21.785  9.578 0.6999999881
84851  -30.785  -22.851  9.611 0.6000000238
28899  -31.518  -23.733  9.811 0.5000000000
29680  -31.472  -22.735  9.409 0.6000000238
30362  -30.784  -20.759  10.485 0.6000000238
29685  -31.312  -21.650  9.126 0.5000000000
31141  -31.218  -20.526  9.764 0.5000000000
30367  -31.729  -21.115  8.792 0.5000000000
31164  -31.888  -19.918  8.269 0.5000000000
31912  -31.792  -18.987  7.965 0.5000000000
28781  -35.549  -24.025  20.186 0.4000000060
27920  -35.726  -24.636  20.254 0.4000000060
28778  -33.263  -23.622  20.345 0.4000000060
27160  -36.658  -25.362  18.738 0.6000000238
29609  -29.138  -22.214  17.733 0.3000000119
29610  -29.889  -22.127  17.827 0.3000000119
29586  -31.431  -22.330  18.500 0.3000000119
31080  -30.044  -20.588  17.031 0.3000000119
27978  -36.427  -24.477  15.569 0.6000000238
28867  -35.783  -23.762  14.264 0.5000000000
29656  -33.922  -22.594  12.860 0.6000000238
74909  -34.689  -23.204  13.328 0.6000000238
29655  -33.068  -22.524  12.561 0.6000000238
28879  -35.289  -23.604  13.800 0.6000000238
29668  -32.418  -21.838  12.247 0.6000000238
29670  -34.074  -21.646  12.549 0.6000000238
30341  -30.687  -21.499  11.542 0.6999999881
30363  -31.619  -20.568  10.839 0.6999999881
28779  -34.107  -23.699  20.489 0.4000000060
27938  -36.134  -24.286  19.779 0.4000000060
76832  -35.243  -23.511  19.976 0.4000000060
27948  -36.587  -24.776  19.183 0.5000000000
78779  -35.171  -22.884  19.529 0.4000000060
87286  -36.976  -24.347  18.714 0.4000000060
27949  -37.289  -24.365  18.176 0.4000000060
27170  -37.137  -24.895  17.844 0.5000000000
31059  -30.187  -21.362  17.370 0.3000000119
73353  -31.049  -21.288  17.565 0.3000000119
30262  -32.046  -21.816  18.301 0.4000000060
27965  -37.332  -24.307  16.812 0.4000000060
31060  -31.550  -20.621  17.465 0.3000000119
31044  -32.793  -21.215  18.136 0.4000000060
28857  -36.710  -23.757  15.190 0.5000000000
27964  -36.775  -24.721  16.413 0.6000000238
27989  -36.067  -24.180  14.795 0.5000000000
28880  -35.889  -23.015  13.966 0.5000000000
29657  -34.857  -22.244  13.094 0.6000000238
29658  -36.347  -22.220  13.848 0.5000000000
29669  -33.232  -21.775  12.359 0.6000000238
30356  -34.248  -20.858  12.146 0.6000000238
30353  -32.062  -20.750  11.392 0.6000000238
30354  -32.773  -20.710  11.489 0.6000000238
31142  -32.026  -20.333  10.358 0.5000000000
31884  -32.643  -20.064  9.920 0.5000000000
32670  -32.137  -18.744  8.292 0.5000000000
32685  -31.602  -18.070  7.656 0.5000000000
28800  -34.583  -23.322  19.977 0.4000000060
28802  -36.650  -23.837  19.164 0.4000000060
28801  -35.909  -23.477  19.635 0.4000000060
29567  -36.997  -23.106  18.775 0.4000000060
27939  -37.202  -23.785  18.530 0.4000000060
29565  -35.955  -22.811  19.277 0.4000000060
82448  -37.494  -23.176  18.237 0.4000000060
28832  -37.700  -23.371  17.632 0.4000000060
77374  -30.558  -20.029  16.996 0.3000000119
28858  -37.266  -23.302  15.484 0.4000000060
28841  -37.652  -23.626  16.892 0.5000000000
32581  -30.196  -18.836  16.594 0.3000000119
29648  -36.509  -22.798  14.343 0.4000000060
81300  -35.673  -22.333  13.471 0.5000000000
29659  -36.834  -21.689  13.976 0.4000000060
29671  -34.799  -21.438  12.680 0.6000000238
88180  -36.008  -21.920  13.424 0.5000000000
30344  -33.385  -21.080  11.967 0.6000000238
30345  -35.250  -20.884  12.518 0.5000000000
82038  -32.657  -20.317  10.858 0.5000000000
31134  -33.025  -20.505  11.328 0.6000000238
31135  -33.887  -20.434  11.542 0.6000000238
31143  -33.396  -20.205  10.876 0.6000000238
31901  -32.957  -19.518  9.201 0.5000000000
82497  -31.671  -17.474  7.299 0.5000000000
83866  -29.089  -16.581  15.213 0.3000000119
33395  -31.373  -16.644  16.157 0.4000000060
33396  -32.285  -16.684  16.243 0.4000000060
31144  -34.350  -20.105  11.003 0.5000000000
34245  -29.927  -15.699  14.226 0.4000000060
31136  -35.920  -19.910  11.663 0.5000000000
31127  -37.000  -20.086  12.746 0.5000000000
31886  -34.727  -19.713  10.325 0.5000000000
31146  -35.985  -19.641  11.023 0.5000000000
31902  -34.043  -19.266  9.559 0.6000000238
33488  -32.063  -17.043  6.874 0.5000000000
32686  -32.083  -17.759  8.018 0.6000000238
32687  -33.451  -17.723  8.221 0.5000000000
33477  -32.318  -17.167  7.456 0.6000000238
33489  -32.699  -16.638  6.856 0.4000000060
34228  -31.285  -15.699  15.191 0.4000000060
33371  -33.480  -17.553  16.679 0.4000000060
31903  -35.122  -19.108  9.763 0.5000000000
32672  -34.411  -18.509  9.091 0.5000000000
32673  -35.543  -18.494  9.320 0.5000000000
31904  -36.035  -18.899  9.968 0.5000000000
32671  -33.137  -18.598  8.776 0.5000000000
34203  -33.445  -16.185  15.850 0.4000000060
35083  -30.921  -15.708  14.218 0.4000000060
31887  -35.627  -19.450  10.456 0.5000000000
31137  -36.707  -19.726  12.048 0.4000000060
33479  -34.552  -17.432  8.031 0.4000000060
33478  -33.464  -17.007  7.489 0.5000000000
34302  -33.580  -16.444  6.988 0.3000000119
31888  -36.402  -19.235  10.606 0.4000000060
32688  -34.994  -17.963  8.654 0.4000000060
34303  -34.846  -16.776  7.614 0.5000000000
34315  -34.321  -16.120  7.006 0.4000000060
32689  -35.957  -18.032  8.974 0.4000000060
36078  -33.785  -13.903  5.435 0.4000000060
34316  -35.492  -16.096  7.419 0.4000000060
33465  -37.553  -17.352  9.361 0.4000000060
35194  -34.594  -15.556  6.708 0.4000000060
35202  -33.614  -14.819  5.946 0.4000000060
33481  -36.920  -16.974  8.732 0.4000000060
34304  -36.211  -16.584  8.087 0.3000000119
34317  -36.598  -15.863  7.798 0.3000000119
35195  -35.970  -15.452  7.130 0.4000000060
35203  -35.211  -15.002  6.523 0.4000000060
37140  -35.443  -13.278  5.626 0.4000000060
35185  -37.344  -15.479  8.055 0.4000000060
36069  -36.433  -14.733  6.745 0.5000000000
34288  -37.790  -16.461  8.995 0.4000000060
34305  -37.174  -16.180  8.398 0.4000000060
15551  -31.161  -41.818  22.043 0.6999999881
13720  -20.132  -44.725  20.093 0.6000000238
15504  -27.688  -42.145  24.327 0.6999999881
16172  -25.134  -39.970  23.224 0.6000000238
16129  -26.300  -40.998  25.029 0.6000000238
16131  -28.072  -40.923  25.381 0.6999999881
18866  -30.862  -37.100  21.444 0.8000000119
13058  -18.293  -45.463  21.951 0.4000000060
22167  -23.363  -32.629  17.298 0.8000000119
17427  -26.330  -39.364  26.419 0.6000000238
13654  -20.869  -45.281  24.454 0.5000000000
19580  -31.181  -37.253  24.482 0.8000000119
18093  -29.402  -37.756  26.732 0.8000000119
82333  -20.430  -39.785  26.300 0.5000000000
18112  -22.850  -38.423  26.817 0.6000000238
19537  -28.085  -36.739  27.751 0.6999999881
21467  -27.804  -33.629  28.331 0.6999999881
25728  -30.244  -27.697  15.386 0.8000000119
22051  -31.003  -32.097  28.060 0.6999999881
24221  -33.282  -29.445  19.704 0.6999999881
24961  -33.539  -28.551  18.679 0.6999999881
24894  -32.611  -28.395  24.884 0.6000000238
24953  -34.573  -28.322  19.669 0.6000000238
87994  -29.679  -29.731  26.112 0.6000000238
84061  -33.251  -27.251  23.893 0.5000000000
27988  -35.293  -24.438  14.292 0.6000000238
78517  -37.368  -22.406  18.426 0.4000000060
16233  -22.898  -41.443  16.706 0.5000000000
16901  -21.393  -40.518  16.828 0.5000000000
15604  -27.158  -42.366  16.448 0.6999999881
77283  -18.710  -37.929  15.925 0.5000000000
13061  -22.200  -45.992  21.205 0.5000000000
19653  -18.965  -37.396  16.566 0.6999999881
16210  -31.397  -41.601  20.779 0.6999999881
16893  -30.407  -40.028  19.027 0.6999999881
83782  -26.904  -38.760  16.675 0.6999999881
79290  -27.836  -38.642  16.890 0.6999999881
19658  -25.699  -36.666  17.684 0.6999999881
20459  -20.333  -35.747  16.787 0.6999999881
75195  -22.649  -33.917  15.448 0.5000000000
21641  -21.326  -33.560  15.842 0.6000000238
14937  -22.451  -42.372  20.766 0.6000000238
82407  -21.343  -33.859  16.552 0.6999999881
16188  -31.305  -40.892  21.930 0.8000000119
18211  -30.361  -38.657  19.358 0.6999999881
75357  -24.786  -32.933  15.377 0.4000000060
16150  -30.134  -40.788  23.834 0.8000000119
15562  -20.767  -41.144  20.585 0.6000000238
15575  -20.033  -41.372  20.418 0.6000000238
22166  -22.333  -32.804  17.055 0.8000000119
17498  -30.990  -39.810  23.039 0.6999999881
14339  -17.466  -42.686  18.987 0.5000000000
19636  -30.251  -36.806  19.955 0.8000000119
16833  -29.298  -40.694  24.754 0.6999999881
15561  -19.839  -41.188  20.909 0.6000000238
19645  -28.600  -36.099  18.913 0.8000000119
16816  -29.514  -39.939  25.115 0.6999999881
21579  -26.633  -33.569  18.992 0.8999999762
23519  -25.356  -31.057  14.667 0.6000000238
76605  -26.766  -31.278  15.311 0.4000000060
13044  -18.827  -46.798  22.451 0.3000000119
14919  -19.912  -41.503  21.658 0.5000000000
14331  -18.837  -42.400  21.232 0.5000000000
13706  -17.888  -43.072  20.557 0.5000000000
13057  -17.441  -45.226  21.151 0.4000000060
20981  -28.469  -34.844  19.866 0.8999999762
24246  -23.288  -30.150  16.052 0.8000000119
16787  -25.947  -39.943  25.931 0.6000000238
16788  -27.108  -40.084  26.229 0.6000000238
18119  -29.252  -38.608  26.405 0.8000000119
14899  -22.565  -41.411  23.866 0.5000000000
14313  -19.464  -43.854  22.204 0.4000000060
82615  -20.247  -43.600  22.523 0.5000000000
76795  -20.474  -42.611  22.447 0.5000000000
20972  -29.654  -34.522  20.779 0.8000000119
16810  -24.277  -38.866  24.665 0.6000000238
13014  -20.528  -45.837  24.269 0.5000000000
14867  -22.774  -41.765  24.617 0.5000000000
14288  -21.629  -43.948  23.821 0.5000000000
14851  -21.420  -43.065  25.909 0.6000000238
14259  -21.192  -44.276  25.286 0.5000000000
13640  -20.791  -45.004  25.068 0.5000000000
15483  -17.911  -42.930  25.319 0.6000000238
15484  -18.692  -42.432  25.549 0.6000000238
14260  -21.691  -43.866  25.017 0.5000000000
15470  -22.472  -42.092  25.752 0.6000000238
15469  -21.956  -42.404  26.084 0.6000000238
14273  -21.922  -43.634  24.475 0.5000000000
15486  -22.542  -42.376  25.290 0.5000000000
75647  -17.692  -39.808  24.539 0.4000000060
22157  -27.759  -32.491  19.231 0.8000000119
16782  -20.395  -40.649  26.243 0.5000000000
81620  -21.401  -40.918  26.441 0.6000000238
16108  -21.676  -41.750  26.325 0.6000000238
16785  -22.737  -40.421  26.096 0.6000000238
16784  -22.158  -40.182  26.507 0.6000000238
18110  -20.355  -38.392  26.289 0.4000000060
17420  -20.058  -39.154  26.104 0.4000000060
17422  -21.785  -38.545  26.941 0.5000000000
80707  -31.723  -34.894  23.747 0.6999999881
19549  -20.268  -36.934  26.132 0.4000000060
19551  -21.253  -36.469  27.085 0.5000000000
18086  -21.356  -37.507  27.047 0.5000000000
21571  -30.884  -33.260  21.087 0.6999999881
24248  -25.409  -29.641  16.948 0.8000000119
24327  -27.503  -28.779  12.623 0.6999999881
18113  -23.740  -38.191  26.584 0.6999999881
18774  -24.777  -37.188  27.089 0.6999999881
18773  -23.694  -37.561  27.060 0.6000000238
20915  -31.820  -34.202  25.070 0.6999999881
21547  -32.156  -33.227  22.505 0.6999999881
75721  -24.288  -27.355  12.756 0.8000000119
80599  -25.220  -36.552  27.437 0.6000000238
19534  -24.516  -36.510  27.394 0.6000000238
20332  -26.772  -35.828  27.918 0.6999999881
18087  -22.376  -37.764  27.161 0.5000000000
22137  -31.508  -32.958  21.360 0.6999999881
22111  -32.616  -32.897  23.565 0.6999999881
22045  -22.337  -33.242  27.310 0.3000000119
25766  -23.656  -26.685  13.453 0.8999999762
25782  -26.723  -27.150  12.074 0.6000000238
25783  -27.870  -28.244  12.118 0.6000000238
25781  -25.902  -26.084  12.310 0.8000000119
73523  -23.950  -34.964  27.905 0.6000000238
73861  -27.092  -35.003  28.135 0.6999999881
20874  -29.053  -34.108  28.219 0.6999999881
22030  -24.942  -33.065  27.907 0.4000000060
22138  -32.130  -32.398  21.351 0.6999999881
23476  -29.204  -30.178  18.037 0.8000000119
86624  -32.031  -30.641  19.869 0.6999999881
25746  -25.397  -26.024  13.272 0.8000000119
75449  -25.446  -25.831  12.768 0.8000000119
21482  -31.219  -33.216  26.753 0.6999999881
22032  -26.571  -32.607  28.093 0.5000000000
22686  -32.601  -31.896  25.176 0.6999999881
22094  -33.062  -32.113  23.646 0.6999999881
23354  -24.337  -31.126  25.981 0.3000000119
22742  -32.609  -31.601  21.047 0.6999999881
22733  -33.274  -31.362  22.252 0.6999999881
23438  -32.624  -30.426  20.136 0.6999999881
23428  -33.434  -30.756  21.744 0.6999999881
23451  -32.777  -29.894  19.782 0.6999999881
24274  -29.568  -29.085  16.999 0.8000000119
24253  -30.400  -28.846  17.147 0.8000000119
24991  -29.978  -28.563  16.557 0.8000000119
22072  -31.126  -32.092  27.411 0.6999999881
22669  -25.324  -31.320  26.654 0.3000000119
23335  -27.152  -30.866  27.125 0.5000000000
80263  -32.062  -31.920  25.944 0.6999999881
23356  -25.851  -30.960  26.479 0.3000000119
23336  -28.022  -30.677  27.091 0.5000000000
76577  -33.387  -31.294  24.029 0.6999999881
23416  -33.627  -30.706  22.615 0.6999999881
24139  -25.910  -30.040  25.174 0.3000000119
23339  -30.265  -31.231  27.208 0.6000000238
24892  -29.445  -28.622  25.043 0.3000000119
25623  -29.247  -27.988  24.396 0.3000000119
24178  -33.775  -29.863  23.848 0.6999999881
25641  -28.452  -27.562  23.535 0.3000000119
24119  -30.311  -29.880  26.158 0.6000000238
24144  -31.528  -29.154  25.477 0.6000000238
24145  -32.133  -29.359  25.439 0.6000000238
81021  -30.410  -28.528  25.263 0.4000000060
24160  -33.696  -29.164  24.065 0.6999999881
24179  -34.066  -29.274  23.358 0.6999999881
24195  -33.986  -30.033  23.008 0.6999999881
24202  -34.273  -29.220  21.915 0.6999999881
27222  -31.531  -25.591  13.101 0.8000000119
28027  -28.505  -23.579  10.185 0.6000000238
28017  -28.768  -24.515  10.393 0.6000000238
25624  -30.725  -27.221  24.249 0.3000000119
24880  -29.984  -29.213  25.638 0.5000000000
25643  -31.573  -26.790  23.979 0.3000000119
75919  -34.194  -27.812  23.246 0.5000000000
27881  -29.988  -25.225  21.757 0.3000000119
27111  -31.471  -25.520  22.583 0.3000000119
25705  -33.573  -27.711  17.528 0.8000000119
26422  -35.704  -26.858  19.238 0.6000000238
27192  -34.090  -25.922  14.923 0.6999999881
29683  -28.746  -22.039  9.980 0.6999999881
27095  -32.594  -26.101  23.246 0.3000000119
27126  -31.074  -25.102  21.938 0.3000000119
27113  -33.291  -25.949  22.911 0.3000000119
27914  -29.977  -24.434  20.474 0.3000000119
27916  -31.934  -24.193  20.780 0.3000000119
74102  -35.732  -26.621  19.903 0.6000000238
26427  -35.868  -26.673  18.457 0.6000000238
29679  -29.261  -21.350  10.722 0.6999999881
29675  -29.653  -21.400  11.236 0.6999999881
26428  -36.427  -25.961  18.599 0.6000000238
86006  -36.813  -25.360  17.586 0.6999999881
28898  -30.419  -23.517  9.813 0.5000000000
27900  -35.209  -24.534  20.684 0.4000000060
30342  -31.761  -21.294  11.731 0.6000000238
30376  -32.040  -20.795  8.320 0.4000000060
28780  -34.893  -23.869  20.474 0.4000000060
29562  -32.887  -22.527  19.062 0.4000000060
29585  -30.662  -22.277  18.218 0.3000000119
31058  -29.517  -21.084  17.140 0.3000000119
31081  -30.769  -20.673  17.256 0.3000000119
27979  -37.192  -23.918  16.053 0.5000000000
28868  -36.321  -23.448  14.549 0.5000000000
81977  -35.294  -22.895  13.521 0.5000000000
30352  -31.221  -20.962  11.177 0.5000000000
27958  -37.454  -24.205  17.525 0.4000000060
30281  -31.864  -21.249  17.795 0.4000000060
31061  -32.409  -20.510  17.677 0.4000000060
28869  -36.941  -23.066  14.853 0.5000000000
29611  -37.819  -22.591  17.841 0.4000000060
29641  -37.512  -22.633  15.314 0.4000000060
30335  -35.562  -21.609  13.066 0.5000000000
31885  -33.718  -19.874  10.167 0.6000000238
84460  -29.809  -16.549  15.570 0.3000000119
31145  -35.282  -19.939  11.051 0.5000000000
84475  -32.713  -16.226  15.927 0.4000000060
33480  -35.794  -17.371  8.470 0.4000000060
33464  -36.693  -17.721  9.122 0.4000000060
36079  -35.435  -14.246  6.038 0.4000000060
34289  -38.396  -16.886  9.622 0.4000000060
77720  -30.469  -46.116  20.242 0.5000000000
13101  -30.420  -45.830  18.742 0.5000000000
87216  -26.995  -46.966  23.835 0.4000000060
12436  -28.153  -47.218  23.114 0.5000000000
13062  -30.213  -46.297  21.000 0.5000000000
13733  -30.688  -45.492  19.643 0.6000000238
13741  -30.627  -45.109  18.846 0.6000000238
13018  -26.423  -46.883  24.236 0.5000000000
13657  -26.212  -46.356  24.070 0.5000000000
13035  -28.414  -46.268  22.913 0.5000000000
13709  -30.187  -45.592  21.647 0.5000000000
13656  -25.735  -46.136  23.931 0.5000000000
14355  -30.845  -44.596  19.407 0.6000000238
14969  -30.501  -43.401  18.503 0.6000000238
14365  -30.542  -44.387  18.607 0.6000000238
14968  -29.987  -43.124  17.761 0.6000000238
82550  -28.662  -42.677  16.860 0.6000000238
15605  -28.018  -42.099  16.603 0.6000000238
88361  -28.206  -41.351  16.647 0.6000000238
73854  -27.628  -45.808  23.195 0.5000000000
13693  -29.659  -45.873  22.178 0.5000000000
14344  -30.916  -44.722  20.321 0.6000000238
13033  -24.467  -46.255  23.540 0.5000000000
13672  -26.353  -45.768  23.574 0.5000000000
82728  -30.813  -43.899  19.169 0.6000000238
13048  -23.313  -46.225  22.450 0.5000000000
87495  -24.588  -45.558  23.102 0.5000000000
15595  -30.322  -42.432  18.157 0.6000000238
15594  -29.525  -42.276  17.451 0.6000000238
81728  -27.494  -41.508  16.502 0.6000000238
13692  -29.063  -45.503  22.566 0.5000000000
14334  -30.673  -44.750  21.290 0.5000000000
13655  -25.138  -45.820  23.549 0.5000000000
80075  -27.572  -44.967  22.963 0.5000000000
13674  -28.240  -45.304  22.856 0.5000000000
14318  -30.186  -44.725  22.076 0.5000000000
14345  -31.119  -43.858  19.966 0.6000000238
13670  -24.005  -45.855  22.864 0.5000000000
13671  -25.807  -45.206  23.176 0.5000000000
14960  -30.916  -43.230  19.396 0.6000000238
13047  -22.724  -46.178  21.779 0.5000000000
85427  -23.664  -45.452  22.291 0.5000000000
16224  -30.059  -41.458  17.951 0.6000000238
16234  -27.057  -40.908  16.471 0.6000000238
16235  -27.929  -40.777  16.582 0.6000000238
76508  -26.518  -45.061  23.114 0.5000000000
14925  -29.996  -43.989  22.631 0.5000000000
84654  -30.743  -43.820  21.889 0.6000000238
14939  -31.254  -43.147  21.227 0.6000000238
76249  -25.034  -44.930  22.894 0.5000000000
14950  -31.130  -43.974  20.895 0.6000000238
13708  -22.633  -45.500  21.377 0.5000000000
76173  -21.638  -45.679  20.832 0.5000000000
16236  -28.714  -40.817  16.900 0.6000000238
14292  -26.271  -44.165  22.880 0.5000000000
14294  -27.646  -44.187  23.036 0.5000000000
79988  -29.197  -44.033  22.967 0.5000000000
14926  -30.370  -43.102  22.661 0.6000000238
83843  -24.259  -44.825  22.440 0.5000000000
81542  -23.586  -44.630  21.778 0.5000000000
14903  -27.922  -43.425  23.355 0.6000000238
14904  -28.806  -43.347  23.362 0.5000000000
14905  -29.613  -43.256  23.126 0.5000000000
14290  -24.832  -43.833  22.310 0.6000000238
14902  -26.947  -43.506  23.120 0.6000000238
15566  -31.376  -42.248  21.347 0.6000000238
82653  -22.502  -43.847  20.967 0.5000000000
79062  -24.134  -43.291  21.593 0.6000000238
13721  -21.100  -44.899  20.539 0.4000000060
81868  -25.736  -43.524  22.714 0.6000000238
15550  -30.645  -42.173  22.708 0.6000000238
77269  -31.380  -41.473  21.443 0.6000000238
15532  -30.018  -42.421  23.312 0.6999999881
22635  -28.581  -31.917  27.867 0.5000000000
73543  -33.125  -28.170  18.006 0.6000000238
26514  -27.407  -25.499  11.090 0.5000000000
26516  -29.344  -26.112  10.885 0.5000000000
28908  -29.878  -22.436  9.750 0.5000000000
36080  -36.940  -13.884  6.336 0.3000000119
37128  -37.844  -13.164  6.531 0.3000000119
12419  -26.120  -47.524  24.725 0.4000000060
12435  -27.433  -47.479  23.623 0.5000000000
79308  -29.353  -46.996  21.974 0.5000000000
78389  -29.535  -45.135  17.563 0.5000000000
13017  -25.831  -46.778  24.455 0.4000000060
13740  -30.235  -45.110  18.189 0.6000000238
14364  -29.968  -44.144  17.787 0.6000000238
14363  -29.048  -44.346  17.182 0.5000000000
82264  -27.776  -42.979  16.587 0.5000000000
12416  -23.898  -47.856  24.160 0.4000000060
13032  -23.743  -46.622  23.240 0.5000000000
78750  -22.762  -46.750  22.277 0.5000000000
13046  -22.181  -46.902  21.713 0.3000000119
13060  -21.576  -46.488  21.037 0.4000000060
13075  -19.431  -46.111  19.879 0.4000000060
23357  -28.893  -30.587  26.932 0.5000000000
24118  -29.046  -29.920  26.266 0.4000000060
26506  -29.091  -26.832  11.256 0.5000000000
26517  -30.406  -26.145  10.743 0.5000000000
26392  -34.910  -26.430  21.792 0.4000000060
80090  -37.407  -14.187  7.025 0.3000000119
36059  -38.408  -13.389  7.672 0.3000000119
12417  -24.688  -47.518  24.541 0.4000000060
14961  -31.175  -43.112  20.028 0.6000000238
14343  -21.222  -44.053  20.470 0.5000000000
14333  -22.904  -44.728  21.320 0.5000000000
26507  -30.177  -26.914  11.095 0.5000000000
12420  -26.775  -47.555  24.216 0.4000000060
13049  -29.213  -46.373  22.362 0.5000000000
13722  -30.576  -45.518  20.712 0.6000000238
13034  -26.854  -46.268  23.660 0.5000000000
13016  -25.089  -46.641  24.256 0.5000000000
14295  -28.722  -44.707  22.796 0.5000000000
84139  -28.094  -44.646  22.925 0.5000000000
14291  -25.517  -44.165  22.724 0.5000000000
35186  -37.818  -14.540  7.827 0.4000000060
12434  -23.508  -47.391  23.514 0.4000000060
14977  -28.430  -43.619  16.815 0.4000000060
13031  -23.131  -47.019  22.862 0.4000000060
13012  -19.683  -46.708  24.658 0.4000000060
13030  -20.309  -46.154  23.653 0.3000000119
12444  -19.931  -46.416  23.105 0.4000000060
13688  -19.027  -44.848  22.107 0.4000000060
84171  -19.527  -45.599  25.382 0.4000000060
13000  -19.748  -46.142  25.085 0.4000000060
14271  -16.610  -44.084  24.842 0.4000000060
13639  -17.934  -45.066  25.366 0.4000000060
78357  -18.862  -45.234  25.488 0.4000000060
85212  -19.703  -44.831  25.554 0.4000000060
14874  -15.274  -43.857  23.991 0.3000000119
15498  -15.740  -42.580  23.845 0.4000000060
14257  -18.442  -44.336  25.496 0.4000000060
14875  -15.942  -43.423  24.258 0.4000000060
14877  -17.284  -43.437  25.082 0.5000000000
15499  -16.395  -42.577  24.325 0.4000000060
16143  -16.718  -41.754  24.336 0.4000000060
16829  -16.922  -40.841  24.283 0.4000000060
24117  -28.146  -30.106  26.282 0.3000000119
26390  -33.792  -26.631  23.195 0.3000000119
26391  -34.354  -26.370  22.479 0.3000000119
86669  -33.879  -26.146  22.741 0.3000000119
27114  -34.625  -25.730  21.868 0.3000000119
75247  -34.973  -20.319  11.831 0.4000000060
27919  -34.370  -24.364  21.053 0.3000000119
29563  -33.563  -22.685  19.375 0.3000000119
29587  -32.178  -22.398  18.757 0.3000000119
75249  -32.816  -21.940  18.601 0.3000000119
30336  -36.345  -21.460  13.422 0.4000000060
30347  -36.615  -20.709  13.122 0.3000000119
31126  -36.036  -20.333  12.434 0.4000000060
29564  -34.266  -22.761  19.531 0.3000000119
29589  -34.555  -22.179  19.114 0.3000000119
29590  -35.589  -22.195  19.089 0.3000000119
84881  -33.992  -22.407  19.247 0.3000000119
29591  -36.537  -22.361  18.882 0.3000000119
30264  -34.158  -21.542  18.656 0.3000000119
30265  -35.086  -21.506  18.782 0.3000000119
30266  -36.095  -21.469  18.839 0.3000000119
30267  -37.137  -21.438  18.564 0.3000000119
28833  -37.933  -22.799  17.091 0.3000000119
31045  -33.715  -20.971  18.292 0.3000000119
29624  -37.755  -22.977  16.170 0.3000000119
31793  -31.992  -19.823  17.370 0.3000000119
31794  -32.924  -19.613  17.499 0.3000000119
81390  -31.582  -19.277  17.059 0.3000000119
31814  -32.289  -19.009  17.120 0.3000000119
30320  -37.759  -21.836  15.159 0.3000000119
30328  -37.387  -21.442  14.421 0.3000000119
31119  -37.668  -20.739  14.207 0.3000000119
34201  -30.739  -16.175  15.714 0.3000000119
30337  -37.021  -21.064  13.771 0.3000000119
31872  -36.599  -19.504  11.283 0.3000000119
32674  -36.445  -18.374  9.507 0.3000000119
31046  -34.587  -20.852  18.454 0.3000000119
31047  -35.527  -20.740  18.614 0.3000000119
29612  -38.115  -22.034  17.351 0.3000000119
29625  -38.142  -22.147  16.545 0.3000000119
31062  -33.284  -20.403  17.879 0.3000000119
31063  -34.112  -20.255  18.099 0.3000000119
31784  -34.988  -20.074  18.307 0.3000000119
31048  -36.477  -20.659  18.649 0.3000000119
30282  -37.792  -20.865  18.047 0.3000000119
30283  -38.126  -21.385  17.545 0.3000000119
76256  -33.714  -19.768  17.720 0.3000000119
31795  -34.436  -19.507  17.863 0.3000000119
31785  -35.934  -19.904  18.525 0.3000000119
29642  -37.980  -22.209  15.831 0.3000000119
32582  -31.590  -18.455  16.728 0.3000000119
31815  -33.012  -18.811  17.165 0.3000000119
32566  -33.767  -18.976  17.426 0.3000000119
30329  -37.959  -21.041  14.964 0.3000000119
33370  -32.685  -17.319  16.488 0.3000000119
34202  -31.973  -16.024  15.721 0.3000000119
34229  -32.098  -15.671  15.066 0.3000000119
34230  -32.848  -15.744  15.373 0.3000000119
77673  -37.382  -20.422  13.462 0.3000000119
31873  -37.332  -19.298  11.533 0.3000000119
31889  -37.148  -19.077  10.788 0.3000000119
32675  -37.268  -18.157  9.693 0.3000000119
32663  -36.859  -18.748  10.122 0.3000000119
31049  -37.185  -20.586  18.466 0.3000000119
82469  -37.969  -20.049  17.686 0.3000000119
31064  -38.265  -20.756  17.301 0.3000000119
32567  -34.721  -18.689  17.606 0.3000000119
31796  -35.340  -19.236  18.153 0.3000000119
31786  -36.832  -19.913  18.470 0.3000000119
81444  -37.463  -20.134  18.207 0.3000000119
30301  -38.342  -21.439  16.881 0.3000000119
32584  -33.419  -18.342  16.982 0.3000000119
32585  -34.146  -18.136  17.120 0.3000000119
75029  -38.344  -21.336  15.910 0.3000000119
31837  -38.814  -19.753  15.397 0.3000000119
31105  -38.451  -20.477  15.295 0.3000000119
34182  -33.946  -16.798  16.289 0.3000000119
31120  -38.198  -20.046  13.902 0.3000000119
34204  -34.340  -16.192  15.774 0.3000000119
35086  -33.351  -15.442  14.773 0.3000000119
35063  -33.808  -15.713  15.274 0.3000000119
31128  -37.809  -19.784  13.054 0.3000000119
31863  -37.525  -19.522  12.298 0.3000000119
31874  -38.107  -19.034  11.765 0.3000000119
32664  -37.627  -18.565  10.328 0.3000000119
32568  -35.647  -18.399  17.836 0.3000000119
32569  -36.540  -18.147  17.868 0.3000000119
88726  -37.637  -18.718  17.694 0.3000000119
31082  -38.497  -20.810  16.585 0.3000000119
33372  -34.447  -17.331  16.835 0.3000000119
31799  -38.131  -19.246  17.417 0.3000000119
76120  -38.653  -20.364  16.004 0.3000000119
33373  -35.339  -17.053  17.051 0.3000000119
33360  -35.923  -17.533  17.577 0.3000000119
34183  -34.834  -16.670  16.349 0.3000000119
34205  -35.236  -16.136  15.767 0.3000000119
34206  -36.081  -15.948  15.891 0.3000000119
80221  -38.847  -19.348  14.051 0.3000000119
35087  -34.154  -15.157  14.614 0.3000000119
35064  -34.739  -15.673  15.201 0.3000000119
31856  -38.540  -19.380  13.313 0.3000000119
31864  -38.304  -19.227  12.554 0.3000000119
31890  -37.891  -18.865  10.997 0.3000000119
33466  -38.135  -17.864  10.015 0.3000000119
86397  -37.101  -18.620  18.040 0.3000000119
31816  -38.651  -19.064  16.645 0.3000000119
81326  -38.845  -19.537  16.056 0.3000000119
33361  -36.824  -17.335  17.590 0.3000000119
34184  -35.696  -16.446  16.483 0.3000000119
34185  -36.550  -16.171  16.646 0.3000000119
31817  -39.183  -19.036  15.473 0.3000000119
35964  -34.717  -14.528  14.298 0.3000000119
35088  -35.140  -15.090  14.754 0.3000000119
35065  -35.607  -15.552  15.299 0.3000000119
35049  -36.875  -15.640  16.156 0.3000000119
32635  -39.492  -18.686  14.073 0.3000000119
31865  -39.008  -18.884  12.840 0.3000000119
32652  -38.732  -18.545  11.145 0.3000000119
32665  -38.251  -18.422  10.572 0.3000000119
33362  -37.683  -17.394  17.273 0.3000000119
33375  -38.384  -17.474  16.715 0.3000000119
32586  -38.835  -18.246  16.395 0.3000000119
79123  -37.215  -16.582  17.122 0.3000000119
33374  -37.950  -16.838  16.850 0.3000000119
32609  -39.388  -18.201  15.657 0.3000000119
74886  -37.249  -15.992  16.620 0.3000000119
35089  -35.965  -14.916  14.949 0.3000000119
35066  -36.414  -15.328  15.498 0.3000000119
35050  -37.676  -15.572  16.252 0.3000000119
34186  -37.858  -16.214  16.599 0.3000000119
32644  -39.607  -18.540  13.233 0.3000000119
31875  -38.907  -18.764  12.036 0.3000000119
80293  -39.516  -18.247  11.614 0.3000000119
75478  -38.708  -18.051  10.536 0.3000000119
33457  -38.908  -17.339  10.280 0.3000000119
33376  -39.052  -17.415  16.162 0.3000000119
35965  -35.519  -14.410  14.492 0.3000000119
34187  -38.580  -16.631  16.366 0.3000000119
33414  -39.860  -17.794  14.991 0.3000000119
35949  -36.729  -14.661  15.230 0.3000000119
35067  -37.237  -15.071  15.763 0.3000000119
34188  -39.188  -16.739  15.943 0.3000000119
32624  -39.978  -18.106  14.361 0.3000000119
84880  -40.286  -17.702  14.009 0.3000000119
32636  -40.073  -18.122  13.663 0.3000000119
33437  -40.450  -17.377  12.557 0.3000000119
32645  -40.154  -18.034  12.889 0.3000000119
34269  -39.672  -16.987  10.687 0.3000000119
33448  -39.943  -17.489  11.410 0.3000000119
33458  -39.316  -17.842  10.882 0.3000000119
37010  -35.093  -13.851  14.101 0.3000000119
35966  -36.291  -14.208  14.713 0.3000000119
35932  -38.220  -14.947  15.824 0.3000000119
35933  -38.991  -15.328  15.695 0.3000000119
34207  -39.580  -16.428  15.503 0.3000000119
33399  -40.071  -16.909  14.901 0.3000000119
33415  -40.403  -17.084  14.126 0.3000000119
34255  -40.709  -16.724  12.842 0.3000000119
34246  -40.622  -16.522  13.574 0.3000000119
33426  -40.465  -17.413  13.380 0.3000000119
33438  -40.591  -16.821  12.205 0.3000000119
33449  -40.351  -17.245  11.930 0.3000000119
34279  -39.175  -16.434  10.012 0.3000000119
85740  -40.378  -16.535  11.413 0.3000000119
35170  -37.897  -15.524  8.545 0.3000000119
35157  -38.622  -15.737  9.251 0.3000000119
35196  -37.006  -15.102  7.461 0.3000000119
37011  -35.819  -13.687  14.316 0.3000000119
36989  -37.029  -13.918  15.061 0.3000000119
35950  -37.544  -14.381  15.524 0.3000000119
35951  -38.324  -14.104  15.450 0.3000000119
35952  -39.005  -14.500  15.440 0.3000000119
34208  -39.984  -15.930  15.029 0.3000000119
35091  -40.330  -15.299  14.484 0.3000000119
34231  -40.371  -16.236  14.323 0.3000000119
34280  -39.892  -16.088  10.502 0.3000000119
36990  -37.727  -13.761  15.278 0.3000000119
14270  -15.706  -44.452  24.434 0.3000000119
88015  -19.072  -44.629  25.566 0.4000000060
77818  -20.177  -45.366  25.288 0.4000000060
14256  -17.513  -44.255  25.256 0.4000000060
16124  -17.537  -41.452  24.805 0.4000000060
15500  -17.192  -42.498  24.845 0.4000000060
30263  -33.412  -21.560  18.511 0.3000000119
29566  -36.416  -23.124  19.145 0.3000000119
30346  -35.960  -20.986  12.898 0.4000000060
32608  -31.009  -17.634  16.486 0.3000000119
34227  -30.340  -15.908  14.996 0.3000000119
35084  -31.790  -15.707  14.280 0.3000000119
29592  -37.824  -21.784  18.029 0.3000000119
13652  -16.317  -44.893  24.840 0.4000000060
13637  -16.451  -45.731  25.154 0.4000000060
14896  -15.181  -43.162  23.720 0.3000000119
14876  -16.670  -43.203  24.684 0.4000000060
32583  -32.650  -18.161  16.732 0.3000000119
84697  -38.200  -20.450  14.626 0.3000000119
35085  -32.613  -15.522  14.523 0.3000000119
35109  -31.406  -15.451  13.683 0.3000000119
31798  -37.407  -19.353  18.080 0.3000000119
31797  -36.414  -19.022  18.305 0.3000000119
33359  -35.024  -17.845  17.354 0.3000000119
74246  -38.633  -19.893  14.688 0.3000000119
32570  -37.339  -18.059  17.675 0.3000000119
73990  -38.482  -19.991  16.836 0.3000000119
32571  -38.167  -18.312  17.179 0.3000000119
34170  -36.241  -16.765  17.219 0.3000000119
32623  -39.575  -18.544  14.893 0.3000000119
84300  -39.058  -18.855  16.039 0.3000000119
35051  -38.419  -15.795  16.128 0.3000000119
35052  -39.063  -16.085  15.909 0.3000000119
35068  -39.486  -15.739  15.498 0.3000000119
35090  -39.714  -15.004  15.176 0.3000000119
13651  -15.812  -45.253  24.726 0.4000000060
13098  -15.961  -44.979  16.777 0.3000000119
13097  -15.165  -45.884  17.322 0.3000000119
12489  -17.239  -45.233  17.018 0.3000000119
16168  -15.627  -41.869  23.484 0.3000000119
16142  -16.132  -41.993  23.948 0.3000000119
16169  -16.167  -41.176  23.735 0.3000000119
12400  -18.460  -47.064  25.195 0.3000000119
13638  -17.454  -45.790  25.384 0.3000000119
82224  -18.255  -45.786  25.443 0.3000000119
14255  -17.039  -44.966  25.142 0.3000000119
12401  -19.181  -46.837  25.009 0.3000000119
12999  -18.906  -46.222  25.360 0.3000000119
12996  -16.147  -46.646  25.328 0.3000000119
12998  -17.991  -46.503  25.396 0.3000000119
12402  -25.116  -48.066  24.931 0.4000000060
12403  -25.676  -47.927  24.941 0.4000000060
12418  -25.434  -47.380  24.721 0.4000000060
12447  -28.821  -47.078  22.531 0.5000000000
12448  -29.756  -46.409  21.739 0.5000000000
12997  -17.028  -46.649  25.422 0.3000000119
13013  -20.145  -46.298  24.482 0.4000000060
13015  -24.230  -47.039  23.919 0.5000000000
13019  -27.588  -46.661  23.406 0.5000000000
13059  -20.857  -46.760  20.700 0.4000000060
13096  -15.170  -46.098  17.052 0.4000000060
13653  -20.377  -45.676  24.835 0.5000000000
13673  -27.001  -45.418  23.241 0.5000000000
13690  -20.550  -44.646  22.957 0.5000000000
13691  -23.160  -45.509  21.809 0.5000000000
13705  -17.190  -43.636  19.944 0.4000000060
13731  -17.813  -43.092  18.700 0.6000000238
14258  -20.550  -44.599  25.477 0.5000000000
14272  -21.350  -44.480  24.650 0.5000000000
14293  -26.992  -44.542  23.008 0.5000000000
14317  -29.481  -44.718  22.545 0.5000000000
14330  -18.481  -43.367  21.361 0.5000000000
14342  -20.388  -43.745  20.187 0.6000000238
14852  -22.095  -42.815  25.576 0.5000000000
14863  -18.599  -43.436  25.553 0.4000000060
14900  -25.254  -43.137  22.376 0.6000000238
14924  -25.018  -41.765  22.303 0.6000000238
14947  -18.780  -42.144  19.914 0.6000000238
14951  -31.231  -43.338  20.534 0.6000000238
14967  -29.307  -43.391  17.291 0.6000000238
15487  -22.751  -41.374  25.278 0.5000000000
15525  -22.834  -39.833  23.735 0.5000000000
15565  -31.044  -42.757  22.031 0.6000000238
15585  -30.720  -42.552  18.975 0.6000000238
15586  -31.091  -42.532  19.704 0.6999999881
15593  -28.787  -41.695  16.896 0.6000000238
16130  -27.227  -41.092  25.255 0.6999999881
16195  -20.390  -40.870  20.832 0.6000000238
16196  -20.974  -40.468  20.954 0.6000000238
16217  -31.201  -41.747  19.998 0.6999999881
16811  -24.783  -39.376  25.008 0.6000000238
16812  -25.560  -40.251  25.240 0.6000000238
16831  -18.242  -40.066  25.005 0.4000000060
17453  -28.858  -39.901  25.860 0.6999999881
17526  -30.487  -39.416  19.402 0.6999999881
17539  -18.989  -38.849  16.522 0.5000000000
17541  -20.153  -39.482  17.087 0.5000000000
18088  -23.170  -37.873  27.031 0.6000000238
18115  -25.231  -38.469  26.370 0.8000000119
18116  -26.623  -38.721  26.791 0.8000000119
18155  -18.389  -38.508  24.765 0.4000000060
18199  -30.617  -38.309  20.049 0.8000000119
18208  -28.634  -37.528  17.891 0.6999999881
18219  -19.623  -38.890  17.147 0.6000000238
18224  -26.175  -38.391  16.845 0.6999999881
18796  -24.326  -37.696  26.771 0.6999999881
18875  -30.536  -37.509  20.171 0.8000000119
18909  -18.737  -38.305  16.243 0.5000000000
19532  -22.906  -36.345  27.497 0.5000000000
19536  -27.098  -36.714  27.721 0.6999999881
19562  -19.653  -36.916  25.573 0.4000000060
19676  -19.795  -36.320  16.341 0.6000000238
20318  -29.018  -34.801  28.079 0.6999999881
20330  -24.239  -35.778  27.648 0.6000000238
20433  -26.582  -34.729  18.913 0.6999999881
20452  -20.321  -35.873  17.302 0.6999999881
20871  -26.726  -34.421  28.218 0.6999999881
20873  -28.305  -34.369  28.285 0.6999999881
20904  -20.590  -34.082  26.016 0.3000000119
21010  -21.063  -34.692  16.561 0.6999999881
21026  -21.119  -34.359  15.715 0.6000000238
21477  -21.867  -33.910  27.161 0.3000000119
21479  -24.605  -33.683  28.012 0.6000000238
21509  -32.129  -33.602  24.949 0.6999999881
21546  -31.654  -33.852  22.371 0.6999999881
21570  -29.382  -33.810  20.502 0.8000000119
21586  -22.603  -33.608  17.352 0.8000000119
21595  -21.528  -33.681  16.745 0.8000000119
22034  -28.915  -32.738  28.112 0.6000000238
22049  -25.831  -32.157  27.588 0.5000000000
22070  -25.173  -31.827  27.115 0.3000000119
22124  -32.483  -32.607  22.294 0.6999999881
22180  -21.618  -32.484  16.493 0.8000000119
22634  -27.574  -32.129  27.890 0.5000000000
22670  -30.781  -31.501  27.050 0.6999999881
22770  -23.618  -31.826  16.988 0.8000000119
22773  -27.929  -31.219  18.573 0.8000000119
23355  -25.088  -30.888  26.039 0.3000000119
23361  -32.094  -30.607  25.896 0.6999999881
23375  -33.108  -30.121  25.053 0.6999999881
23384  -33.438  -30.423  24.363 0.6999999881
24116  -26.634  -30.578  26.328 0.3000000119
24123  -32.897  -29.630  25.222 0.6999999881
24138  -25.381  -29.882  24.829 0.3000000119
24143  -29.205  -29.320  25.644 0.4000000060
24147  -33.357  -29.142  24.634 0.6000000238
24154  -26.007  -29.517  24.589 0.3000000119
24231  -30.010  -29.915  18.073 0.8000000119
24310  -28.807  -29.689  13.622 0.6000000238
24881  -30.733  -29.225  25.625 0.4000000060
24882  -32.677  -29.126  25.162 0.6000000238
24895  -33.104  -28.723  24.775 0.6000000238
24948  -34.460  -28.639  20.290 0.6000000238
25006  -22.827  -28.081  14.642 0.8999999762
25027  -22.741  -27.969  14.136 0.8999999762
25622  -28.543  -28.027  24.069 0.3000000119
25645  -33.664  -27.862  23.843 0.5000000000
25678  -35.088  -27.056  21.479 0.6000000238
25715  -34.036  -27.268  16.983 0.8000000119
26488  -26.912  -25.595  13.171 0.8000000119
27161  -36.962  -24.901  18.459 0.4000000060
27178  -37.077  -24.865  17.184 0.6000000238
28015  -26.890  -23.561  10.692 0.6999999881
28799  -33.774  -23.211  19.878 0.3000000119
28821  -37.524  -23.808  18.046 0.4000000060
28896  -27.482  -22.364  10.667 0.6999999881
29584  -29.321  -22.577  18.062 0.3000000119
29588  -33.621  -22.118  18.916 0.3000000119
29649  -37.064  -22.254  14.525 0.4000000060
29674  -28.730  -21.600  11.183 0.6999999881
29684  -29.565  -21.646  9.955 0.6999999881
30355  -33.432  -20.664  11.632 0.6000000238
31133  -32.332  -20.502  11.164 0.6000000238
31813  -31.210  -19.937  17.189 0.3000000119
31848  -39.128  -19.214  14.778 0.3000000119
31857  -39.089  -18.954  13.502 0.3000000119
32653  -39.606  -18.437  12.433 0.3000000119
32654  -40.083  -17.862  12.115 0.3000000119
33369  -31.931  -17.456  16.513 0.3000000119
33397  -33.088  -16.784  16.252 0.4000000060
33398  -39.554  -17.253  15.541 0.3000000119
37012  -36.558  -13.373  14.587 0.3000000119
75066  -31.502  -35.249  23.027 0.6999999881
75198  -31.292  -39.291  22.379 0.6999999881
75981  -29.740  -45.298  22.241 0.5000000000
76052  -27.965  -35.093  19.432 0.8999999762
76638  -19.239  -44.080  25.648 0.4000000060
77139  -21.448  -32.591  15.830 0.6999999881
77369  -33.977  -25.607  22.439 0.3000000119
80129  -17.068  -43.785  17.348 0.5000000000
80431  -28.409  -44.062  23.086 0.5000000000
80470  -26.598  -41.724  16.433 0.6999999881
80471  -25.612  -41.921  16.497 0.6000000238
82362  -32.754  -32.530  23.022 0.6999999881
83021  -28.146  -32.521  28.106 0.6000000238
84414  -24.139  -38.877  25.083 0.6000000238
84585  -30.523  -39.222  24.382 0.6999999881
84694  -32.305  -22.852  19.184 0.3000000119
85210  -24.090  -39.201  22.296 0.6000000238
85314  -21.680  -34.975  17.364 0.8000000119
85557  -21.365  -32.442  16.114 0.6999999881
86032  -29.013  -37.484  27.216 0.6999999881
86830  -27.336  -34.931  19.170 0.8000000119
86849  -22.315  -41.789  26.109 0.6000000238
87410  -29.401  -24.635  20.677 0.3000000119
87509  -23.908  -26.513  13.908 0.8000000119
87591  -30.614  -21.780  17.772 0.3000000119
87809  -31.325  -16.040  15.748 0.4000000060
87848  -34.184  -29.463  22.614 0.6999999881
88120  -40.162  -17.546  14.482 0.3000000119
88254  -31.566  -35.484  23.471 0.6999999881
88418  -16.560  -47.044  25.435 0.3000000119
88424  -15.701  -44.159  18.037 0.4000000060
88723  -30.816  -26.715  14.144 0.8000000119
88759  -28.609  -31.422  27.725 0.6000000238
88994  -33.469  -23.175  12.807 0.6000000238
