#!ascii label  , from subject sub-v1s16x0051176_ses-1 vox2ras=TkReg
397
28828  25.400  -13.248  72.745 0.0000000000
32085  31.246  -9.135  69.450 0.0000000000
36230  37.168  -3.114  55.263 0.0000000000
33542  32.061  -7.391  59.802 0.0000000000
33514  29.406  -7.732  63.533 0.0000000000
40274  45.267  3.617  50.289 0.0000000000
36220  35.815  -3.117  57.540 0.0000000000
34222  35.062  -6.480  56.878 0.0000000000
67997  24.994  -16.542  73.087 0.0000000000
73716  29.967  -11.758  71.925 0.0000000000
30486  29.910  -11.531  69.495 0.0000000000
29685  25.883  -12.886  70.263 0.0000000000
38615  39.743  0.565  51.715 0.0000000000
29664  28.192  -12.440  74.290 0.0000000000
28804  26.118  -13.914  76.246 0.0000000000
38038  38.233  -0.482  53.417 0.0000000000
25816  24.025  -17.042  76.225 0.0000000000
24431  21.637  -19.243  75.397 0.0000000000
34879  35.068  -5.839  59.433 0.0000000000
33530  30.450  -7.461  61.631 0.0000000000
31323  29.863  -10.438  63.895 0.0000000000
64200  29.956  -11.003  66.450 0.0000000000
72480  36.789  -3.775  58.951 0.0000000000
35545  35.526  -4.805  57.640 0.0000000000
34877  36.234  -5.644  59.014 0.0000000000
68605  37.546  -2.397  59.172 0.0000000000
27303  25.080  -14.602  71.349 0.0000000000
67628  25.149  -16.103  72.098 0.0000000000
28044  24.852  -14.836  73.457 0.0000000000
29670  27.562  -12.470  72.685 0.0000000000
64106  27.524  -12.541  71.283 0.0000000000
29678  25.664  -12.854  71.163 0.0000000000
28053  25.170  -14.279  70.586 0.0000000000
36235  38.450  -3.127  54.288 0.0000000000
37462  37.124  -1.322  55.655 0.0000000000
74617  38.042  -1.504  54.447 0.0000000000
37473  38.988  -1.539  53.163 0.0000000000
28019  25.899  -14.696  77.576 0.0000000000
27285  24.559  -15.611  75.709 0.0000000000
26548  24.322  -16.816  77.163 0.0000000000
25106  21.035  -18.665  78.527 0.0000000000
25115  22.375  -18.617  77.281 0.0000000000
24422  20.255  -18.955  76.472 0.0000000000
24424  18.457  -19.414  76.495 0.0000000000
24414  18.066  -19.190  77.238 0.0000000000
72140  30.884  -5.831  61.602 0.0000000000
33519  29.722  -7.938  62.835 0.0000000000
32801  29.948  -8.695  62.842 0.0000000000
32105  29.745  -9.132  63.574 0.0000000000
72232  28.752  -12.357  69.081 0.0000000000
30492  29.797  -10.930  67.918 0.0000000000
29699  28.994  -12.679  67.473 0.0000000000
68291  29.724  -11.811  66.356 0.0000000000
34209  33.121  -6.417  59.629 0.0000000000
34217  34.085  -6.912  58.803 0.0000000000
33541  32.519  -8.110  59.262 0.0000000000
40283  47.098  3.772  48.365 0.0000000000
39736  45.900  2.618  48.605 0.0000000000
36226  35.691  -3.100  56.439 0.0000000000
35559  35.398  -4.842  55.932 0.0000000000
37451  36.277  -1.441  57.461 0.0000000000
31297  31.012  -10.576  71.350 0.0000000000
31303  30.847  -9.960  69.693 0.0000000000
29681  29.385  -12.282  70.702 0.0000000000
29688  28.258  -12.392  69.663 0.0000000000
29694  26.823  -12.854  68.908 0.0000000000
39718  40.807  2.085  53.034 0.0000000000
39723  41.748  2.223  51.854 0.0000000000
39728  42.803  2.054  50.797 0.0000000000
39732  43.988  1.822  50.020 0.0000000000
73493  26.660  -12.783  73.755 0.0000000000
28819  25.531  -13.561  74.449 0.0000000000
29647  27.193  -13.080  75.294 0.0000000000
30470  29.283  -12.118  73.416 0.0000000000
38050  39.056  0.051  52.120 0.0000000000
28041  24.654  -14.916  74.348 0.0000000000
26555  24.365  -16.517  74.534 0.0000000000
63448  23.809  -18.063  74.300 0.0000000000
70438  23.417  -18.083  77.747 0.0000000000
75397  23.048  -18.583  75.652 0.0000000000
61453  14.824  -19.805  78.899 0.0000000000
35524  36.711  -4.875  59.897 0.0000000000
34201  32.449  -6.108  60.168 0.0000000000
34195  31.190  -6.175  61.057 0.0000000000
34203  30.983  -7.031  60.936 0.0000000000
32121  30.671  -8.879  61.854 0.0000000000
31333  30.600  -10.161  62.721 0.0000000000
30510  29.965  -11.903  64.096 0.0000000000
31307  29.926  -10.316  68.590 0.0000000000
72643  29.785  -10.027  67.252 0.0000000000
32099  29.629  -9.647  65.967 0.0000000000
31312  29.778  -10.562  65.618 0.0000000000
30511  29.719  -11.431  64.878 0.0000000000
34207  35.331  -6.354  58.858 0.0000000000
33558  34.670  -7.932  57.675 0.0000000000
63497  36.805  -4.524  59.210 0.0000000000
35536  36.285  -4.906  58.579 0.0000000000
35531  36.637  -5.052  59.339 0.0000000000
36215  37.419  -4.113  59.581 0.0000000000
28050  25.044  -14.154  71.954 0.0000000000
66368  25.118  -15.071  72.077 0.0000000000
28825  25.124  -14.005  73.133 0.0000000000
29671  26.688  -12.621  72.468 0.0000000000
29677  26.593  -12.623  71.596 0.0000000000
28831  25.230  -13.298  71.963 0.0000000000
63673  25.098  -13.661  71.223 0.0000000000
36236  37.841  -3.568  54.708 0.0000000000
36867  37.286  -2.160  55.347 0.0000000000
37465  37.628  -1.474  55.049 0.0000000000
36871  37.866  -2.739  54.755 0.0000000000
36870  38.378  -2.248  54.212 0.0000000000
64699  20.315  -18.885  77.987 0.0000000000
67987  20.983  -18.685  77.636 0.0000000000
24412  19.815  -18.987  77.289 0.0000000000
24423  19.331  -19.222  76.467 0.0000000000
24413  18.993  -19.136  77.296 0.0000000000
63907  29.535  -7.049  62.916 0.0000000000
32796  29.640  -8.381  63.360 0.0000000000
32794  29.443  -8.387  64.030 0.0000000000
32782  30.227  -8.820  68.685 0.0000000000
29700  28.068  -12.924  67.802 0.0000000000
29693  28.850  -12.493  68.333 0.0000000000
34210  32.397  -6.722  59.824 0.0000000000
69932  32.806  -7.165  59.374 0.0000000000
75582  45.022  3.491  51.007 0.0000000000
40869  45.532  3.896  51.084 0.0000000000
66390  45.891  4.236  50.423 0.0000000000
40872  45.864  3.991  49.532 0.0000000000
40278  45.301  3.395  49.497 0.0000000000
36232  35.424  -4.016  56.140 0.0000000000
36227  35.267  -3.859  57.011 0.0000000000
34892  35.294  -5.715  57.441 0.0000000000
34910  35.130  -5.606  56.288 0.0000000000
36854  36.380  -2.947  58.395 0.0000000000
36858  36.179  -2.232  57.739 0.0000000000
36865  36.095  -2.117  56.758 0.0000000000
25825  24.724  -17.383  73.171 0.0000000000
30478  30.492  -11.275  71.664 0.0000000000
30482  30.572  -11.210  70.782 0.0000000000
30479  30.012  -11.853  71.165 0.0000000000
29684  26.667  -12.561  70.563 0.0000000000
29683  27.793  -12.432  70.423 0.0000000000
65006  27.246  -12.501  69.655 0.0000000000
29690  26.356  -12.758  69.642 0.0000000000
28835  25.741  -13.466  69.609 0.0000000000
32120  31.134  -9.373  61.767 0.0000000000
71838  40.364  1.754  52.481 0.0000000000
39724  40.970  1.990  52.173 0.0000000000
39180  40.404  1.367  51.672 0.0000000000
39178  41.974  1.963  51.098 0.0000000000
39184  42.232  1.386  50.552 0.0000000000
39727  43.596  2.214  50.553 0.0000000000
29665  27.357  -12.625  73.990 0.0000000000
29657  26.915  -12.955  74.440 0.0000000000
29656  27.716  -12.710  74.814 0.0000000000
70676  28.574  -12.312  73.727 0.0000000000
69980  27.824  -12.436  73.476 0.0000000000
39173  39.291  1.066  52.913 0.0000000000
38043  38.559  -0.227  52.721 0.0000000000
28812  25.802  -13.781  75.331 0.0000000000
28040  24.980  -14.195  74.852 0.0000000000
28035  25.325  -14.364  75.744 0.0000000000
26551  24.433  -16.226  76.317 0.0000000000
26553  24.283  -16.334  75.449 0.0000000000
25819  23.991  -17.033  75.126 0.0000000000
25823  23.888  -17.634  74.683 0.0000000000
25820  23.753  -17.750  75.650 0.0000000000
25814  22.831  -18.390  77.964 0.0000000000
25123  22.033  -18.850  76.353 0.0000000000
73792  22.778  -18.647  76.359 0.0000000000
25127  22.475  -18.869  75.582 0.0000000000
64783  22.944  -18.671  75.050 0.0000000000
34872  33.444  -5.306  60.356 0.0000000000
34196  30.617  -6.501  61.542 0.0000000000
32813  30.649  -8.284  61.522 0.0000000000
31334  29.988  -9.986  63.381 0.0000000000
32110  30.179  -9.430  62.830 0.0000000000
31322  30.232  -10.743  63.354 0.0000000000
30524  29.882  -11.101  64.025 0.0000000000
31304  30.220  -10.560  69.272 0.0000000000
66667  29.938  -10.638  67.199 0.0000000000
31311  29.848  -10.244  66.559 0.0000000000
70574  29.636  -9.775  65.046 0.0000000000
29707  29.508  -12.598  66.218 0.0000000000
30503  29.754  -11.389  65.763 0.0000000000
35533  35.316  -5.279  59.865 0.0000000000
34878  35.855  -5.959  59.141 0.0000000000
33559  33.992  -8.230  58.142 0.0000000000
33549  34.370  -7.451  58.315 0.0000000000
40288  47.594  3.222  47.854 0.0000000000
36216  36.329  -3.943  58.392 0.0000000000
35544  35.860  -4.132  57.808 0.0000000000
35537  35.901  -5.543  58.366 0.0000000000
36851  38.086  -3.414  59.623 0.0000000000
36853  37.125  -3.071  59.096 0.0000000000
27299  25.038  -15.548  72.894 0.0000000000
63254  28.238  -12.447  72.027 0.0000000000
29675  29.288  -12.240  71.701 0.0000000000
29676  27.323  -12.565  71.996 0.0000000000
28832  25.411  -13.465  70.437 0.0000000000
68323  40.084  -0.063  51.344 0.0000000000
29655  28.537  -12.384  75.231 0.0000000000
71327  37.733  -0.972  54.684 0.0000000000
37468  37.958  -0.777  54.102 0.0000000000
37467  38.437  -1.357  53.717 0.0000000000
64964  38.825  -2.031  53.655 0.0000000000
28028  25.649  -14.498  76.645 0.0000000000
28029  24.972  -14.990  76.124 0.0000000000
27280  25.279  -15.247  76.950 0.0000000000
27273  24.777  -16.045  77.117 0.0000000000
75505  22.271  -18.467  78.093 0.0000000000
72496  21.703  -18.588  77.895 0.0000000000
65680  21.557  -18.720  77.084 0.0000000000
24421  21.153  -18.834  76.278 0.0000000000
24433  19.670  -19.437  75.584 0.0000000000
34182  30.072  -6.750  62.172 0.0000000000
33518  29.986  -7.490  62.342 0.0000000000
32800  30.234  -8.251  62.188 0.0000000000
65917  29.724  -9.824  64.169 0.0000000000
65080  29.403  -11.997  68.893 0.0000000000
30489  29.711  -11.186  68.737 0.0000000000
29692  29.545  -11.880  67.928 0.0000000000
30497  29.891  -11.436  67.151 0.0000000000
29698  29.565  -12.245  66.990 0.0000000000
28844  29.065  -12.926  66.683 0.0000000000
34880  33.925  -5.897  59.678 0.0000000000
34208  34.605  -6.448  59.094 0.0000000000
62648  33.838  -6.499  59.262 0.0000000000
33540  33.462  -7.596  58.775 0.0000000000
66024  46.855  4.358  48.784 0.0000000000
40284  46.452  3.208  48.502 0.0000000000
35557  37.074  -3.999  55.135 0.0000000000
36231  36.308  -3.523  55.723 0.0000000000
35551  35.095  -4.724  56.590 0.0000000000
37445  36.746  -1.987  58.488 0.0000000000
37459  36.555  -1.237  56.407 0.0000000000
37463  36.630  -1.810  55.957 0.0000000000
36868  36.477  -2.615  55.873 0.0000000000
32080  31.292  -9.473  70.161 0.0000000000
31300  30.981  -10.347  70.461 0.0000000000
30485  30.502  -10.974  69.970 0.0000000000
30483  30.068  -11.833  70.280 0.0000000000
29682  28.523  -12.478  71.074 0.0000000000
73302  28.662  -12.373  70.320 0.0000000000
29687  29.284  -12.205  69.767 0.0000000000
29689  27.863  -12.631  68.784 0.0000000000
28837  27.112  -13.057  68.037 0.0000000000
40266  42.880  2.966  52.929 0.0000000000
39179  41.180  1.759  51.371 0.0000000000
39722  42.696  2.433  51.579 0.0000000000
40272  43.043  2.834  52.230 0.0000000000
40271  43.647  2.948  51.682 0.0000000000
40276  44.017  2.757  50.938 0.0000000000
39726  44.302  2.512  50.301 0.0000000000
40279  44.805  2.987  49.875 0.0000000000
29667  26.079  -12.795  73.142 0.0000000000
28824  25.425  -13.318  73.592 0.0000000000
28823  26.117  -13.044  74.043 0.0000000000
28818  26.379  -13.335  74.882 0.0000000000
28811  26.641  -13.459  75.770 0.0000000000
29646  27.973  -12.731  75.754 0.0000000000
28803  26.791  -13.395  76.811 0.0000000000
28018  26.667  -14.162  78.245 0.0000000000
32084  31.426  -8.934  69.896 0.0000000000
31299  31.370  -9.750  71.048 0.0000000000
31293  30.987  -10.720  72.309 0.0000000000
30473  30.374  -11.416  72.545 0.0000000000
30469  30.146  -11.715  73.414 0.0000000000
30474  29.672  -11.921  72.584 0.0000000000
29669  28.394  -12.287  72.974 0.0000000000
29666  26.986  -12.595  73.245 0.0000000000
39172  40.037  1.659  53.244 0.0000000000
39181  39.820  1.270  52.351 0.0000000000
67891  38.635  -0.877  53.059 0.0000000000
38042  39.157  -0.864  52.480 0.0000000000
38049  39.671  -0.423  51.785 0.0000000000
28820  24.922  -14.084  73.944 0.0000000000
27294  24.752  -15.896  73.845 0.0000000000
28036  24.679  -14.911  75.263 0.0000000000
27289  24.474  -15.678  74.845 0.0000000000
26558  24.616  -16.910  73.799 0.0000000000
25822  24.265  -17.662  73.866 0.0000000000
25813  23.925  -17.537  77.397 0.0000000000
25817  23.689  -17.958  76.707 0.0000000000
25126  23.360  -18.312  76.100 0.0000000000
25129  23.470  -18.241  75.090 0.0000000000
24411  16.305  -19.215  77.787 0.0000000000
36213  37.278  -4.507  59.827 0.0000000000
34871  34.366  -5.259  60.093 0.0000000000
34881  33.082  -5.779  60.042 0.0000000000
34202  31.703  -6.646  60.376 0.0000000000
34874  31.895  -5.790  60.790 0.0000000000
33534  31.435  -7.574  60.367 0.0000000000
33535  30.921  -7.927  60.948 0.0000000000
32812  31.115  -8.804  61.112 0.0000000000
32109  30.676  -9.440  62.307 0.0000000000
65700  30.338  -8.955  62.389 0.0000000000
30523  30.386  -11.487  63.487 0.0000000000
32792  29.286  -8.318  64.832 0.0000000000
31306  30.596  -9.491  69.032 0.0000000000
32089  29.828  -9.552  68.377 0.0000000000
32093  29.566  -9.508  67.707 0.0000000000
31309  29.773  -10.169  67.899 0.0000000000
32096  29.528  -9.527  66.891 0.0000000000
72648  29.403  -8.988  65.377 0.0000000000
32102  29.524  -9.077  64.508 0.0000000000
31317  29.742  -10.508  64.609 0.0000000000
34887  35.685  -6.032  58.668 0.0000000000
34223  35.217  -6.647  58.014 0.0000000000
34216  34.812  -6.869  58.501 0.0000000000
33557  34.947  -7.170  57.309 0.0000000000
39730  45.141  2.700  49.076 0.0000000000
36212  38.124  -4.219  60.022 0.0000000000
28829  25.110  -13.845  72.492 0.0000000000
29672  25.867  -12.798  72.169 0.0000000000
25117  19.546  -19.059  78.104 0.0000000000
32779  30.943  -8.690  69.155 0.0000000000
39183  43.189  1.402  50.246 0.0000000000
30463  29.162  -12.170  74.539 0.0000000000
38039  37.762  -0.108  53.841 0.0000000000
38044  38.142  0.149  53.219 0.0000000000
38608  38.732  0.423  52.706 0.0000000000
71518  35.711  -5.679  59.455 0.0000000000
36850  38.998  -3.212  59.736 0.0000000000
28047  25.044  -14.589  72.652 0.0000000000
66095  37.896  -2.052  54.788 0.0000000000
25105  21.827  -18.440  78.583 0.0000000000
25116  20.424  -18.800  77.282 0.0000000000
71370  20.872  -18.747  76.952 0.0000000000
24432  20.618  -19.274  75.539 0.0000000000
62783  17.084  -19.389  77.105 0.0000000000
71731  33.450  -6.901  59.163 0.0000000000
40285  45.769  3.374  48.912 0.0000000000
68116  46.383  3.876  48.841 0.0000000000
68537  35.680  -5.706  55.677 0.0000000000
37444  37.467  -1.557  58.993 0.0000000000
64280  25.401  -14.078  69.971 0.0000000000
39717  41.563  2.329  52.725 0.0000000000
39716  42.353  2.565  52.427 0.0000000000
38613  40.906  1.086  50.947 0.0000000000
71656  43.350  2.486  51.094 0.0000000000
29639  27.363  -13.029  76.250 0.0000000000
28027  26.398  -13.996  77.228 0.0000000000
32079  31.574  -8.966  70.781 0.0000000000
38607  39.328  0.695  52.316 0.0000000000
37472  39.590  -1.748  52.747 0.0000000000
37478  39.912  -1.252  52.089 0.0000000000
72001  24.212  -17.174  74.353 0.0000000000
25110  16.774  -18.762  78.479 0.0000000000
62242  15.388  -19.508  78.301 0.0000000000
35525  35.780  -4.829  60.251 0.0000000000
34873  32.637  -5.450  60.596 0.0000000000
34869  31.469  -5.466  61.438 0.0000000000
29715  29.681  -12.197  65.520 0.0000000000
35532  36.152  -5.412  59.490 0.0000000000
71593  34.885  -7.295  57.935 0.0000000000
40287  48.302  3.433  47.426 0.0000000000
39745  48.739  2.670  47.066 0.0000000000
39737  44.963  1.832  49.069 0.0000000000
28012  26.202  -15.030  78.363 0.0000000000
27272  25.339  -15.808  77.988 0.0000000000
25118  18.637  -18.976  78.072 0.0000000000
28845  28.286  -13.229  67.019 0.0000000000
40866  45.050  3.664  51.628 0.0000000000
40871  46.405  4.587  49.887 0.0000000000
26563  24.977  -17.058  72.363 0.0000000000
25132  24.388  -18.080  73.156 0.0000000000
72192  26.151  -13.190  69.020 0.0000000000
28839  25.877  -13.925  68.800 0.0000000000
39185  41.501  1.422  50.814 0.0000000000
27281  24.777  -15.599  76.417 0.0000000000
40289  47.017  3.019  48.175 0.0000000000
30475  28.989  -12.226  72.536 0.0000000000
38614  40.371  0.548  51.158 0.0000000000
63461  37.351  -0.746  55.245 0.0000000000
40878  46.472  4.381  49.222 0.0000000000
39741  46.635  2.448  48.296 0.0000000000
35558  36.163  -4.382  55.571 0.0000000000
28056  25.556  -14.394  69.352 0.0000000000
32823  31.805  -8.213  59.921 0.0000000000
40265  43.622  3.226  52.544 0.0000000000
40264  44.369  3.446  52.084 0.0000000000
40270  44.461  3.257  51.324 0.0000000000
40275  44.649  3.114  50.621 0.0000000000
32778  31.184  -8.601  69.611 0.0000000000
31296  31.543  -9.994  71.969 0.0000000000
25122  23.138  -18.411  77.058 0.0000000000
25130  23.264  -18.590  74.259 0.0000000000
25119  17.520  -18.847  77.997 0.0000000000
25111  16.013  -18.901  78.714 0.0000000000
74426  31.378  -8.320  60.507 0.0000000000
32108  31.106  -9.813  62.259 0.0000000000
30544  30.907  -11.083  62.879 0.0000000000
70191  29.148  -7.649  64.316 0.0000000000
32789  29.263  -8.759  66.344 0.0000000000
29723  29.836  -12.223  64.748 0.0000000000
65629  45.488  2.073  48.747 0.0000000000
