#!ascii label  , from subject sub-v1s16x0051198_ses-1 vox2ras=TkReg
591
38841  -35.657  -9.975  56.634 0.0000000000
38757  -28.635  -10.953  63.784 0.0000000000
40715  -30.990  -8.549  60.400 0.0000000000
55955  -41.372  7.264  42.235 0.0000000000
60125  -45.472  12.186  39.223 0.0000000000
39685  -23.912  -9.892  66.793 0.0000000000
52337  -40.752  2.974  44.122 0.0000000000
40755  -38.132  -9.033  55.844 0.0000000000
38829  -32.738  -10.351  57.666 0.0000000000
36742  -27.348  -12.575  65.892 0.0000000000
34079  -25.284  -14.867  67.070 0.0000000000
42483  -32.225  -6.898  55.112 0.0000000000
41671  -34.760  -6.788  53.763 0.0000000000
95855  -30.201  -7.927  63.190 0.0000000000
42461  -31.337  -6.960  58.084 0.0000000000
45630  -40.569  -3.739  46.099 0.0000000000
94974  -43.090  -0.944  45.291 0.0000000000
51383  -43.513  2.595  45.174 0.0000000000
36713  -18.955  -12.402  69.680 0.0000000000
34914  -15.400  -14.565  71.842 0.0000000000
42515  -37.184  -6.901  53.301 0.0000000000
42555  -38.247  -6.234  50.510 0.0000000000
43554  -39.610  -5.430  48.587 0.0000000000
37706  -22.081  -11.522  68.642 0.0000000000
35850  -29.099  -13.421  64.401 0.0000000000
37757  -30.568  -11.679  63.763 0.0000000000
38831  -34.337  -10.921  57.152 0.0000000000
39695  -27.923  -10.322  65.554 0.0000000000
37755  -28.062  -11.889  64.858 0.0000000000
35838  -27.475  -13.671  65.335 0.0000000000
43444  -33.436  -5.667  57.098 0.0000000000
112136  -31.879  -6.964  56.537 0.0000000000
47653  -39.694  -1.639  45.421 0.0000000000
46656  -42.334  -2.435  45.438 0.0000000000
48678  -41.031  -0.371  45.371 0.0000000000
51391  -42.003  2.808  44.277 0.0000000000
53387  -42.493  4.700  42.561 0.0000000000
52351  -44.067  3.698  43.848 0.0000000000
55150  -42.620  6.425  41.685 0.0000000000
55980  -43.161  8.040  40.792 0.0000000000
44492  -35.760  -4.528  54.400 0.0000000000
100899  -36.381  -6.451  53.696 0.0000000000
44508  -37.173  -5.365  53.631 0.0000000000
43505  -37.401  -5.361  51.156 0.0000000000
44548  -37.408  -4.390  50.020 0.0000000000
42569  -38.696  -5.866  49.935 0.0000000000
44576  -37.908  -4.214  48.401 0.0000000000
44586  -38.413  -3.962  47.367 0.0000000000
40710  -30.613  -7.730  61.801 0.0000000000
38684  -20.766  -9.996  68.065 0.0000000000
38715  -22.769  -10.643  66.978 0.0000000000
33203  -15.124  -17.110  71.661 0.0000000000
32428  -13.627  -17.392  73.188 0.0000000000
106814  -40.378  1.634  45.469 0.0000000000
39852  -39.439  -9.449  54.341 0.0000000000
110040  -32.115  -9.938  59.081 0.0000000000
37726  -25.902  -11.726  66.698 0.0000000000
36739  -24.093  -12.379  66.576 0.0000000000
98472  -26.037  -13.748  66.028 0.0000000000
60912  -47.078  13.733  38.968 0.0000000000
39833  -33.448  -9.525  55.530 0.0000000000
40751  -34.732  -8.668  54.913 0.0000000000
41670  -33.174  -7.212  53.981 0.0000000000
40696  -27.821  -8.758  63.918 0.0000000000
39715  -29.136  -9.393  63.366 0.0000000000
40703  -28.803  -7.575  62.931 0.0000000000
41606  -29.679  -6.789  61.631 0.0000000000
41612  -30.388  -7.249  60.263 0.0000000000
43424  -30.893  -5.656  59.360 0.0000000000
40725  -30.846  -8.112  58.938 0.0000000000
39795  -31.737  -9.195  57.658 0.0000000000
40739  -32.102  -8.956  56.096 0.0000000000
44591  -42.521  -4.785  47.564 0.0000000000
50516  -41.623  1.816  45.334 0.0000000000
50509  -43.238  1.528  45.793 0.0000000000
57586  -44.113  9.364  39.972 0.0000000000
35781  -17.220  -13.411  71.100 0.0000000000
34034  -17.510  -15.343  71.204 0.0000000000
40770  -36.393  -8.011  54.864 0.0000000000
99505  -37.430  -8.095  54.041 0.0000000000
96781  -38.500  -8.708  52.888 0.0000000000
43482  -37.395  -5.493  52.800 0.0000000000
41705  -37.780  -7.087  51.846 0.0000000000
40809  -39.014  -8.163  51.889 0.0000000000
41725  -40.162  -7.018  50.989 0.0000000000
42571  -40.620  -6.010  50.097 0.0000000000
43556  -41.400  -5.415  48.526 0.0000000000
44589  -40.208  -4.887  47.271 0.0000000000
45643  -39.045  -3.124  45.892 0.0000000000
38760  -30.653  -8.981  64.217 0.0000000000
38670  -19.385  -10.150  68.953 0.0000000000
37704  -20.571  -11.344  68.827 0.0000000000
101565  -23.544  -13.372  68.127 0.0000000000
32416  -11.382  -18.205  75.193 0.0000000000
36758  -28.822  -12.655  64.086 0.0000000000
36759  -29.476  -12.674  63.940 0.0000000000
37767  -29.253  -11.461  63.565 0.0000000000
38832  -35.272  -10.746  57.129 0.0000000000
38756  -28.119  -10.471  64.228 0.0000000000
38744  -27.992  -11.057  65.050 0.0000000000
112845  -28.297  -11.878  64.400 0.0000000000
35849  -28.399  -13.225  64.574 0.0000000000
48677  -39.704  -0.724  45.486 0.0000000000
96713  -40.517  -1.210  45.260 0.0000000000
111393  -40.313  -0.319  45.445 0.0000000000
55139  -41.327  6.454  42.365 0.0000000000
53386  -41.610  4.562  42.767 0.0000000000
54303  -41.904  6.006  42.080 0.0000000000
54304  -42.546  5.560  42.101 0.0000000000
55149  -41.888  6.774  41.840 0.0000000000
55965  -42.478  7.784  41.208 0.0000000000
44507  -36.165  -5.182  54.000 0.0000000000
105003  -37.325  -3.772  50.434 0.0000000000
103302  -37.618  -4.309  49.179 0.0000000000
45588  -37.428  -3.468  49.661 0.0000000000
45604  -37.607  -3.544  48.724 0.0000000000
40711  -30.960  -8.304  61.175 0.0000000000
40706  -31.438  -8.129  62.848 0.0000000000
96366  -31.791  -8.890  61.909 0.0000000000
39670  -22.688  -9.795  67.160 0.0000000000
39684  -23.372  -10.142  66.782 0.0000000000
59290  -45.226  11.448  39.278 0.0000000000
32441  -14.168  -17.229  72.575 0.0000000000
105159  -38.148  -9.169  56.603 0.0000000000
96871  -38.775  -9.301  55.164 0.0000000000
38820  -32.699  -10.428  58.532 0.0000000000
38812  -33.274  -10.935  58.970 0.0000000000
37738  -28.007  -12.114  66.627 0.0000000000
108231  -27.550  -12.226  66.690 0.0000000000
37727  -27.130  -12.160  67.092 0.0000000000
37737  -26.503  -12.542  66.363 0.0000000000
36741  -25.713  -12.946  66.201 0.0000000000
100638  -26.560  -13.110  65.902 0.0000000000
34993  -27.928  -14.290  65.363 0.0000000000
34981  -27.477  -14.859  65.925 0.0000000000
39849  -32.897  -8.823  55.021 0.0000000000
40767  -33.215  -8.370  54.499 0.0000000000
42498  -32.771  -6.621  54.409 0.0000000000
41595  -27.723  -7.931  63.900 0.0000000000
40697  -28.267  -8.174  63.408 0.0000000000
41596  -28.025  -7.147  63.303 0.0000000000
42449  -28.993  -6.403  62.063 0.0000000000
42453  -29.467  -6.178  61.318 0.0000000000
41607  -30.222  -7.250  61.225 0.0000000000
42455  -29.826  -6.011  60.591 0.0000000000
43425  -31.673  -5.619  59.046 0.0000000000
42462  -31.270  -6.271  58.660 0.0000000000
41616  -30.618  -7.233  59.274 0.0000000000
41621  -31.005  -7.538  58.451 0.0000000000
40726  -31.327  -8.430  58.167 0.0000000000
41627  -31.427  -7.666  57.633 0.0000000000
42472  -31.924  -7.328  55.880 0.0000000000
40738  -31.792  -8.552  56.546 0.0000000000
40750  -32.354  -8.574  55.399 0.0000000000
39832  -32.727  -9.292  55.636 0.0000000000
102071  -41.827  -4.530  47.045 0.0000000000
44604  -42.601  -4.220  46.862 0.0000000000
107745  -41.921  -4.019  46.533 0.0000000000
47656  -42.735  -1.729  45.334 0.0000000000
46657  -43.212  -2.385  45.515 0.0000000000
51381  -40.443  2.577  44.697 0.0000000000
51374  -40.825  2.015  45.239 0.0000000000
51382  -41.310  2.504  44.619 0.0000000000
52338  -42.860  2.849  44.553 0.0000000000
50517  -42.209  2.301  45.002 0.0000000000
51375  -42.981  2.190  45.395 0.0000000000
49621  -44.422  0.836  45.970 0.0000000000
56738  -43.627  8.661  40.384 0.0000000000
57585  -43.420  9.730  40.245 0.0000000000
57595  -44.043  10.222  39.803 0.0000000000
37699  -18.481  -11.927  69.894 0.0000000000
97714  -17.443  -11.936  70.976 0.0000000000
36705  -18.405  -12.809  70.193 0.0000000000
34924  -18.292  -14.877  70.908 0.0000000000
32460  -17.761  -17.109  71.784 0.0000000000
112515  -34.386  -7.400  53.931 0.0000000000
40769  -35.468  -8.002  54.654 0.0000000000
41655  -35.172  -7.400  54.178 0.0000000000
41673  -36.606  -7.068  53.926 0.0000000000
41674  -37.298  -7.558  53.606 0.0000000000
40783  -37.844  -8.292  53.315 0.0000000000
41689  -37.668  -7.541  52.699 0.0000000000
44521  -37.434  -4.870  52.270 0.0000000000
42554  -37.667  -5.890  50.782 0.0000000000
42539  -37.491  -6.196  51.628 0.0000000000
42540  -37.958  -6.628  51.121 0.0000000000
41690  -38.221  -7.853  52.088 0.0000000000
41706  -38.573  -7.362  51.408 0.0000000000
41707  -39.587  -7.654  51.398 0.0000000000
41724  -39.275  -7.004  50.897 0.0000000000
43538  -39.187  -5.633  49.301 0.0000000000
42570  -39.603  -6.006  49.933 0.0000000000
43539  -40.110  -5.712  49.330 0.0000000000
43540  -41.035  -5.659  49.356 0.0000000000
43555  -40.504  -5.470  48.585 0.0000000000
43565  -40.800  -5.216  47.807 0.0000000000
43564  -39.970  -5.247  47.881 0.0000000000
45627  -38.012  -3.188  47.044 0.0000000000
45628  -38.678  -3.544  46.583 0.0000000000
101625  -38.410  -2.851  46.370 0.0000000000
39716  -30.074  -8.619  63.575 0.0000000000
38759  -30.115  -9.944  63.576 0.0000000000
39704  -30.940  -8.250  64.165 0.0000000000
37716  -21.692  -11.163  68.144 0.0000000000
37715  -21.008  -10.885  68.289 0.0000000000
37705  -21.463  -11.416  68.783 0.0000000000
35827  -24.447  -13.240  66.691 0.0000000000
35820  -23.736  -12.939  67.102 0.0000000000
34966  -24.180  -13.763  67.311 0.0000000000
103671  -28.811  -14.435  65.402 0.0000000000
35840  -29.667  -13.787  64.765 0.0000000000
35852  -30.755  -12.951  64.583 0.0000000000
98881  -31.094  -12.208  64.234 0.0000000000
38830  -33.455  -10.751  57.330 0.0000000000
37818  -33.955  -11.357  58.643 0.0000000000
37748  -27.967  -12.069  65.649 0.0000000000
36749  -27.753  -12.576  65.176 0.0000000000
36748  -27.300  -13.151  65.474 0.0000000000
35848  -27.827  -13.128  64.937 0.0000000000
35839  -27.977  -13.636  64.960 0.0000000000
105510  -32.767  -5.814  55.815 0.0000000000
43451  -32.639  -6.134  55.111 0.0000000000
97679  -32.191  -6.113  58.383 0.0000000000
42466  -31.704  -7.022  57.245 0.0000000000
43443  -32.812  -5.973  56.622 0.0000000000
45644  -39.936  -3.167  45.660 0.0000000000
45646  -41.907  -3.068  45.644 0.0000000000
46654  -40.427  -2.320  45.347 0.0000000000
94976  -41.438  -1.123  45.224 0.0000000000
48679  -41.812  -0.348  45.348 0.0000000000
52348  -41.381  3.172  43.846 0.0000000000
53376  -41.445  3.872  43.240 0.0000000000
52349  -42.254  3.451  43.636 0.0000000000
52350  -43.228  3.512  43.818 0.0000000000
52339  -43.749  3.133  44.569 0.0000000000
98684  -43.426  4.511  42.797 0.0000000000
54293  -43.292  5.187  42.290 0.0000000000
54294  -43.991  5.647  42.164 0.0000000000
97804  -42.960  7.216  41.274 0.0000000000
55979  -42.485  8.533  40.847 0.0000000000
35802  -19.959  -12.929  69.765 0.0000000000
35790  -18.714  -13.668  70.325 0.0000000000
34936  -20.135  -14.110  70.595 0.0000000000
95655  -34.906  -5.717  53.606 0.0000000000
42513  -35.359  -6.182  53.578 0.0000000000
43480  -35.689  -5.651  53.732 0.0000000000
95942  -36.310  -6.038  53.560 0.0000000000
43481  -37.049  -5.906  53.285 0.0000000000
102240  -37.379  -4.200  51.633 0.0000000000
44534  -37.299  -4.477  50.869 0.0000000000
43521  -37.506  -5.145  50.403 0.0000000000
43522  -37.947  -5.597  50.098 0.0000000000
42556  -38.999  -6.453  50.390 0.0000000000
43536  -37.719  -5.018  49.614 0.0000000000
43537  -38.333  -5.386  49.383 0.0000000000
43553  -38.747  -5.236  48.620 0.0000000000
44587  -39.008  -4.589  47.387 0.0000000000
112841  -38.118  -4.091  47.909 0.0000000000
40705  -30.286  -7.670  62.642 0.0000000000
40698  -30.866  -8.070  63.732 0.0000000000
97577  -30.894  -7.861  62.624 0.0000000000
38699  -22.084  -10.193  67.458 0.0000000000
37717  -22.230  -11.394  67.913 0.0000000000
34032  -15.106  -15.482  71.672 0.0000000000
100441  -14.653  -14.975  72.285 0.0000000000
34018  -14.477  -15.883  72.165 0.0000000000
34007  -13.553  -15.925  73.607 0.0000000000
33165  -12.942  -16.471  74.101 0.0000000000
39751  -31.879  -9.698  59.882 0.0000000000
39738  -31.976  -9.641  60.859 0.0000000000
38701  -25.409  -10.743  66.990 0.0000000000
38718  -24.760  -11.204  66.538 0.0000000000
38717  -24.005  -10.552  66.588 0.0000000000
37735  -24.558  -11.938  66.408 0.0000000000
36740  -24.862  -12.673  66.380 0.0000000000
34979  -25.588  -14.387  66.491 0.0000000000
35837  -26.824  -13.688  65.685 0.0000000000
111076  -26.086  -14.429  66.220 0.0000000000
104753  -25.850  -15.340  67.057 0.0000000000
60126  -46.231  12.520  38.911 0.0000000000
38850  -34.938  -9.800  55.994 0.0000000000
112086  -35.704  -9.411  56.110 0.0000000000
39834  -34.333  -9.432  55.439 0.0000000000
41654  -33.663  -7.777  54.048 0.0000000000
107618  -33.902  -6.951  53.707 0.0000000000
43464  -33.177  -5.915  54.365 0.0000000000
43465  -33.806  -5.269  54.473 0.0000000000
43479  -34.374  -5.515  53.820 0.0000000000
44491  -34.952  -4.503  54.547 0.0000000000
39713  -27.941  -9.576  64.012 0.0000000000
38758  -29.344  -10.382  63.468 0.0000000000
39714  -28.407  -9.075  63.529 0.0000000000
94360  -29.111  -8.394  63.130 0.0000000000
40704  -29.597  -7.650  62.805 0.0000000000
42446  -28.346  -6.315  62.742 0.0000000000
41600  -28.700  -6.898  62.680 0.0000000000
41601  -29.458  -7.152  62.369 0.0000000000
41602  -30.060  -7.304  61.999 0.0000000000
40714  -30.645  -7.864  60.733 0.0000000000
43418  -30.364  -5.809  59.959 0.0000000000
42456  -30.289  -6.528  59.990 0.0000000000
40719  -30.684  -7.966  59.775 0.0000000000
103661  -31.060  -8.667  59.539 0.0000000000
99038  -31.220  -8.767  58.863 0.0000000000
39778  -31.607  -9.287  58.512 0.0000000000
39779  -32.157  -9.836  58.099 0.0000000000
40731  -31.596  -8.488  57.242 0.0000000000
39813  -31.902  -9.142  56.835 0.0000000000
39796  -32.260  -9.732  57.236 0.0000000000
39815  -33.146  -9.903  56.108 0.0000000000
38849  -34.002  -10.023  55.963 0.0000000000
112412  -27.697  -9.205  64.394 0.0000000000
45647  -42.824  -2.993  45.694 0.0000000000
49617  -40.626  0.418  45.546 0.0000000000
49618  -41.421  0.411  45.499 0.0000000000
111187  -42.089  0.351  45.466 0.0000000000
50508  -42.449  1.633  45.528 0.0000000000
48681  -43.374  -0.074  45.444 0.0000000000
48682  -44.160  0.023  45.575 0.0000000000
57596  -44.917  9.502  39.734 0.0000000000
58416  -44.647  10.778  39.534 0.0000000000
60124  -44.776  11.917  39.652 0.0000000000
36699  -17.010  -12.569  71.337 0.0000000000
104903  -16.710  -14.035  71.357 0.0000000000
34933  -18.274  -14.185  70.660 0.0000000000
34923  -17.543  -14.348  70.997 0.0000000000
103488  -15.906  -15.214  71.415 0.0000000000
33205  -16.356  -16.621  71.375 0.0000000000
39835  -36.177  -8.900  55.860 0.0000000000
40753  -36.692  -8.466  55.477 0.0000000000
40754  -37.452  -8.694  55.629 0.0000000000
41656  -36.070  -7.420  54.398 0.0000000000
41657  -36.875  -7.685  54.322 0.0000000000
40772  -38.004  -8.836  55.002 0.0000000000
94432  -37.893  -8.654  54.139 0.0000000000
40784  -38.356  -8.900  53.559 0.0000000000
40785  -39.144  -9.237  53.353 0.0000000000
43492  -37.280  -6.047  52.482 0.0000000000
99428  -37.349  -5.523  51.933 0.0000000000
42528  -37.428  -6.687  52.465 0.0000000000
40795  -38.604  -8.363  52.368 0.0000000000
42557  -39.886  -6.515  50.470 0.0000000000
97229  -40.626  -6.511  50.634 0.0000000000
43557  -42.394  -5.280  48.438 0.0000000000
44590  -41.005  -4.760  47.133 0.0000000000
44602  -40.340  -4.358  46.680 0.0000000000
44600  -39.015  -4.127  46.880 0.0000000000
45629  -39.577  -3.830  46.337 0.0000000000
46653  -39.466  -2.470  45.575 0.0000000000
47652  -39.083  -1.852  45.660 0.0000000000
37768  -30.019  -11.084  63.486 0.0000000000
37769  -30.708  -10.556  63.864 0.0000000000
40691  -31.337  -8.344  64.650 0.0000000000
37702  -19.176  -11.622  69.375 0.0000000000
38683  -19.980  -10.050  68.506 0.0000000000
37703  -19.709  -10.909  68.834 0.0000000000
36714  -19.573  -12.334  69.497 0.0000000000
36715  -20.357  -12.063  69.381 0.0000000000
37733  -23.204  -11.251  66.793 0.0000000000
36734  -23.289  -12.014  66.988 0.0000000000
36726  -22.602  -11.926  68.038 0.0000000000
31634  -13.586  -18.275  73.303 0.0000000000
32417  -12.316  -17.959  74.316 0.0000000000
33164  -11.927  -17.159  74.585 0.0000000000
38842  -36.579  -9.764  56.998 0.0000000000
37756  -28.627  -11.884  63.915 0.0000000000
36767  -29.169  -12.165  63.704 0.0000000000
99560  -36.074  -10.361  57.199 0.0000000000
38745  -28.247  -11.339  64.357 0.0000000000
49616  -39.707  0.285  45.678 0.0000000000
55964  -41.888  7.549  41.654 0.0000000000
39737  -31.331  -8.922  61.076 0.0000000000
59299  -45.803  11.309  39.026 0.0000000000
60131  -45.970  11.850  38.862 0.0000000000
94670  -38.916  -9.310  56.214 0.0000000000
40766  -32.636  -8.175  54.702 0.0000000000
41652  -32.570  -7.433  54.520 0.0000000000
110152  -29.501  -5.560  61.272 0.0000000000
42452  -29.086  -5.848  61.718 0.0000000000
42460  -30.874  -6.846  58.691 0.0000000000
41644  -32.152  -7.775  55.191 0.0000000000
44603  -41.190  -4.191  46.560 0.0000000000
45631  -41.494  -3.626  46.040 0.0000000000
94975  -42.265  -1.047  45.243 0.0000000000
52336  -40.165  3.199  44.276 0.0000000000
51376  -43.685  2.128  45.819 0.0000000000
58408  -43.484  10.484  40.269 0.0000000000
100168  -17.949  -12.145  70.443 0.0000000000
41723  -38.566  -6.756  50.854 0.0000000000
104341  -21.924  -11.632  69.311 0.0000000000
95872  -22.318  -11.870  69.215 0.0000000000
34978  -24.826  -14.100  66.812 0.0000000000
34967  -24.679  -14.581  67.607 0.0000000000
35770  -15.450  -13.709  72.300 0.0000000000
39816  -37.566  -9.224  56.736 0.0000000000
34994  -29.152  -14.057  64.863 0.0000000000
36760  -30.279  -12.505  63.959 0.0000000000
37825  -34.115  -11.241  57.849 0.0000000000
35000  -28.520  -13.894  64.838 0.0000000000
43452  -33.299  -5.392  56.161 0.0000000000
42467  -31.911  -6.570  57.816 0.0000000000
47654  -41.122  -1.809  45.227 0.0000000000
53375  -40.897  4.457  43.121 0.0000000000
54292  -41.810  5.268  42.401 0.0000000000
103535  -42.100  4.065  42.954 0.0000000000
53377  -42.841  4.001  43.108 0.0000000000
54305  -43.274  5.900  41.845 0.0000000000
55151  -43.430  6.640  41.534 0.0000000000
98260  -41.935  8.322  41.413 0.0000000000
44506  -35.147  -5.095  53.962 0.0000000000
104610  -36.475  -5.677  53.702 0.0000000000
44563  -38.054  -4.881  48.824 0.0000000000
97969  -38.470  -4.623  48.036 0.0000000000
45616  -37.828  -3.512  47.891 0.0000000000
94501  -31.001  -7.898  63.391 0.0000000000
39728  -32.182  -8.620  62.879 0.0000000000
37724  -22.141  -10.890  67.569 0.0000000000
37725  -22.696  -11.345  67.278 0.0000000000
34031  -15.007  -16.320  71.616 0.0000000000
33187  -13.953  -16.457  72.866 0.0000000000
33174  -13.404  -16.683  73.509 0.0000000000
39838  -39.682  -9.474  55.345 0.0000000000
39853  -40.356  -9.515  54.519 0.0000000000
39765  -31.503  -9.297  59.325 0.0000000000
38800  -32.543  -10.244  60.059 0.0000000000
38702  -26.525  -11.478  67.467 0.0000000000
37736  -25.325  -12.167  66.393 0.0000000000
35828  -25.214  -13.513  66.390 0.0000000000
34094  -26.984  -15.292  66.455 0.0000000000
34980  -26.651  -14.499  66.000 0.0000000000
34093  -26.164  -14.999  66.515 0.0000000000
39850  -33.633  -8.975  54.971 0.0000000000
40768  -33.926  -8.421  54.473 0.0000000000
42511  -33.503  -6.457  53.853 0.0000000000
97815  -33.167  -5.487  55.199 0.0000000000
44484  -33.912  -4.804  55.496 0.0000000000
44485  -34.708  -4.254  55.237 0.0000000000
111552  -34.335  -4.691  54.789 0.0000000000
101394  -34.493  -4.986  54.295 0.0000000000
101782  -28.527  -10.002  63.658 0.0000000000
41611  -29.952  -6.617  60.787 0.0000000000
109406  -31.354  -5.167  59.648 0.0000000000
44465  -30.734  -5.114  60.056 0.0000000000
41636  -31.678  -7.734  56.701 0.0000000000
39814  -32.455  -9.565  56.437 0.0000000000
38838  -32.882  -10.190  56.849 0.0000000000
40690  -27.595  -8.534  64.497 0.0000000000
44592  -43.435  -4.464  47.382 0.0000000000
104798  -40.154  1.094  45.633 0.0000000000
50507  -41.015  1.232  45.535 0.0000000000
102011  -41.892  1.069  45.573 0.0000000000
49619  -42.740  0.759  45.620 0.0000000000
49620  -43.639  0.807  45.797 0.0000000000
55966  -43.731  7.382  41.187 0.0000000000
109478  -44.315  8.618  40.312 0.0000000000
56746  -44.889  8.905  40.099 0.0000000000
59288  -44.045  10.919  39.848 0.0000000000
59289  -44.566  11.320  39.635 0.0000000000
36704  -17.636  -12.752  70.743 0.0000000000
35780  -16.560  -13.221  71.596 0.0000000000
34934  -18.923  -14.415  70.610 0.0000000000
34922  -16.739  -14.899  71.283 0.0000000000
34033  -16.597  -15.763  71.306 0.0000000000
32459  -16.849  -17.370  71.644 0.0000000000
99541  -35.302  -9.156  55.563 0.0000000000
40752  -35.804  -8.488  55.254 0.0000000000
41672  -35.679  -6.815  53.971 0.0000000000
40771  -37.287  -8.277  54.805 0.0000000000
44509  -37.646  -4.890  53.161 0.0000000000
110586  -37.345  -4.892  51.528 0.0000000000
40796  -39.207  -8.731  52.495 0.0000000000
42572  -41.583  -5.816  50.054 0.0000000000
95656  -41.910  -5.575  49.301 0.0000000000
37758  -31.290  -11.279  64.257 0.0000000000
38746  -31.384  -9.758  64.640 0.0000000000
40699  -31.513  -8.005  64.248 0.0000000000
104759  -18.592  -11.066  69.691 0.0000000000
104729  -19.115  -10.818  69.218 0.0000000000
39658  -20.352  -9.274  68.403 0.0000000000
37714  -20.359  -10.629  68.467 0.0000000000
97912  -19.855  -11.674  69.136 0.0000000000
37734  -23.892  -11.429  66.512 0.0000000000
98619  -23.189  -12.591  67.738 0.0000000000
60911  -46.435  13.308  39.271 0.0000000000
36768  -29.779  -11.998  63.573 0.0000000000
39703  -27.829  -9.946  64.684 0.0000000000
36757  -28.249  -12.465  64.534 0.0000000000
111240  -33.986  -5.527  57.550 0.0000000000
54291  -41.110  5.183  42.736 0.0000000000
98380  -41.352  5.766  42.457 0.0000000000
110391  -42.382  7.125  41.494 0.0000000000
44493  -36.791  -4.742  54.249 0.0000000000
98562  -31.175  -8.229  61.940 0.0000000000
58417  -45.411  10.702  39.285 0.0000000000
32442  -14.697  -17.540  72.160 0.0000000000
32429  -14.206  -17.925  72.712 0.0000000000
38811  -32.765  -10.489  59.281 0.0000000000
37809  -33.853  -11.340  59.468 0.0000000000
37728  -28.027  -12.144  67.374 0.0000000000
34992  -27.231  -14.228  65.610 0.0000000000
111226  -33.124  -9.196  55.265 0.0000000000
41653  -32.966  -7.841  54.211 0.0000000000
43408  -28.686  -5.717  62.251 0.0000000000
42459  -30.658  -6.353  59.265 0.0000000000
40749  -31.909  -8.189  55.932 0.0000000000
45632  -42.485  -3.596  46.140 0.0000000000
51373  -40.070  2.155  45.265 0.0000000000
50510  -44.023  1.522  46.039 0.0000000000
56737  -43.002  8.724  40.496 0.0000000000
55981  -44.064  8.039  40.729 0.0000000000
35789  -17.951  -13.543  70.631 0.0000000000
33206  -17.396  -16.365  71.458 0.0000000000
102475  -34.550  -8.000  54.300 0.0000000000
40794  -38.116  -8.198  52.629 0.0000000000
46652  -38.770  -2.385  45.898 0.0000000000
111473  -29.670  -9.574  63.482 0.0000000000
38698  -21.484  -10.516  67.835 0.0000000000
36716  -21.399  -11.787  69.474 0.0000000000
39837  -37.653  -8.998  56.226 0.0000000000
34995  -29.765  -14.269  65.484 0.0000000000
35841  -30.397  -13.658  65.034 0.0000000000
35851  -29.936  -13.226  64.354 0.0000000000
38821  -33.331  -10.896  58.144 0.0000000000
38734  -28.195  -11.458  66.199 0.0000000000
42473  -32.276  -6.532  56.963 0.0000000000
100854  -32.299  -6.472  56.014 0.0000000000
45645  -40.937  -3.119  45.591 0.0000000000
46655  -41.422  -2.460  45.373 0.0000000000
47655  -41.879  -1.793  45.248 0.0000000000
52347  -40.676  3.682  43.674 0.0000000000
53378  -43.573  3.995  43.311 0.0000000000
35801  -19.207  -13.058  69.867 0.0000000000
35791  -19.568  -13.789  70.285 0.0000000000
42514  -37.091  -6.297  53.230 0.0000000000
45565  -37.326  -3.587  51.060 0.0000000000
43563  -39.185  -5.094  47.919 0.0000000000
46631  -37.741  -2.711  47.626 0.0000000000
40707  -31.776  -7.981  63.763 0.0000000000
102950  -21.479  -9.793  67.712 0.0000000000
97250  -22.009  -9.401  67.527 0.0000000000
107541  -25.485  -15.382  67.649 0.0000000000
34913  -14.932  -14.236  72.466 0.0000000000
34008  -14.134  -15.430  72.994 0.0000000000
33188  -14.508  -16.764  72.105 0.0000000000
101802  -13.186  -15.614  74.384 0.0000000000
50506  -39.724  1.697  45.653 0.0000000000
51380  -39.745  2.786  44.920 0.0000000000
39865  -40.115  -9.409  53.621 0.0000000000
39750  -31.421  -9.204  60.179 0.0000000000
38787  -32.737  -10.171  60.967 0.0000000000
38700  -24.531  -10.211  66.802 0.0000000000
111280  -25.705  -14.941  66.742 0.0000000000
60910  -45.780  12.930  39.611 0.0000000000
42512  -34.300  -6.179  53.535 0.0000000000
43478  -33.765  -5.856  53.806 0.0000000000
45536  -35.444  -4.019  54.948 0.0000000000
102957  -27.925  -6.182  63.415 0.0000000000
44454  -30.071  -5.166  60.708 0.0000000000
38839  -33.690  -10.438  56.605 0.0000000000
38840  -34.625  -10.391  56.543 0.0000000000
96828  -27.571  -9.280  65.052 0.0000000000
45633  -43.271  -3.378  45.991 0.0000000000
48680  -42.575  -0.227  45.368 0.0000000000
95291  -43.898  -0.846  45.442 0.0000000000
57597  -45.471  9.913  39.512 0.0000000000
94694  -44.719  10.094  39.576 0.0000000000
60116  -45.086  12.604  39.953 0.0000000000
35771  -16.010  -13.098  72.146 0.0000000000
35779  -16.007  -13.851  71.744 0.0000000000
34921  -16.131  -14.522  71.497 0.0000000000
95248  -15.718  -16.013  71.368 0.0000000000
33204  -15.596  -16.679  71.441 0.0000000000
103274  -15.904  -17.313  71.531 0.0000000000
39851  -38.565  -9.181  54.240 0.0000000000
39877  -39.992  -9.078  52.795 0.0000000000
40810  -40.016  -8.395  52.001 0.0000000000
43566  -41.669  -5.064  47.713 0.0000000000
44588  -39.578  -4.894  47.449 0.0000000000
44601  -39.596  -4.483  46.963 0.0000000000
48676  -39.092  -1.133  45.673 0.0000000000
103290  -39.060  -0.306  45.825 0.0000000000
38771  -32.649  -9.623  61.897 0.0000000000
38716  -23.454  -10.793  66.666 0.0000000000
34956  -24.102  -14.166  68.221 0.0000000000
36727  -22.951  -12.517  68.770 0.0000000000
31624  -12.841  -18.700  74.138 0.0000000000
99031  -13.061  -17.897  73.672 0.0000000000
32427  -12.929  -17.259  73.872 0.0000000000
97256  -12.330  -16.085  74.640 0.0000000000
32409  -10.511  -17.932  75.730 0.0000000000
33163  -11.218  -16.504  75.073 0.0000000000
