#!ascii label  , from subject sub-v1s16x0051198_ses-1 vox2ras=TkReg
801
80257  -41.908  42.956  26.206 0.0000000000
102005  -32.614  53.012  18.506 0.0000000000
84125  -34.660  51.484  24.823 0.0000000000
80839  -40.641  41.913  15.030 0.0000000000
85011  -39.042  53.491  16.808 0.0000000000
83296  -36.640  48.671  17.519 0.0000000000
82358  -37.622  47.106  13.560 0.0000000000
79870  -32.749  39.996  11.378 0.0000000000
78281  -35.108  38.893  29.453 0.0000000000
80225  -37.746  42.024  27.501 0.0000000000
86575  -29.741  57.012  21.213 0.0000000000
86180  -33.143  55.224  16.242 0.0000000000
85804  -37.219  54.902  12.386 0.0000000000
105068  -38.952  47.382  25.050 0.0000000000
83267  -32.079  48.837  20.735 0.0000000000
81803  -37.086  45.974  20.783 0.0000000000
80782  -42.438  42.311  18.691 0.0000000000
96291  -34.088  43.705  18.327 0.0000000000
78878  -30.856  37.774  16.533 0.0000000000
80274  -38.799  42.335  24.331 0.0000000000
84656  -40.505  49.708  12.095 0.0000000000
83788  -39.147  49.642  14.203 0.0000000000
83322  -37.418  48.255  13.729 0.0000000000
82356  -34.569  46.261  14.810 0.0000000000
79284  -36.091  40.653  28.105 0.0000000000
79770  -35.012  41.737  26.786 0.0000000000
86573  -26.814  56.604  20.679 0.0000000000
94884  -35.736  56.254  15.293 0.0000000000
82267  -36.325  47.043  24.557 0.0000000000
83228  -38.497  50.101  25.729 0.0000000000
84989  -29.888  52.493  19.367 0.0000000000
84175  -32.303  50.726  18.850 0.0000000000
81839  -38.244  45.702  15.510 0.0000000000
82312  -36.109  47.242  19.375 0.0000000000
81824  -38.862  44.843  18.208 0.0000000000
81806  -40.398  45.211  20.123 0.0000000000
80827  -41.004  42.576  16.515 0.0000000000
94012  -37.399  43.165  19.434 0.0000000000
80837  -37.482  42.972  16.136 0.0000000000
107378  -31.476  38.659  14.346 0.0000000000
85004  -35.847  53.063  17.334 0.0000000000
84189  -34.643  50.479  17.922 0.0000000000
84204  -37.203  50.614  16.921 0.0000000000
83307  -37.646  48.183  15.449 0.0000000000
81872  -40.044  44.744  11.768 0.0000000000
96405  -37.653  42.238  12.333 0.0000000000
81357  -35.470  43.561  12.168 0.0000000000
81346  -31.448  44.222  13.465 0.0000000000
78282  -37.364  38.745  29.270 0.0000000000
79270  -39.975  40.228  28.876 0.0000000000
80686  -41.380  43.016  27.533 0.0000000000
85762  -24.847  53.911  20.820 0.0000000000
85767  -27.776  54.177  19.931 0.0000000000
85770  -30.789  54.912  19.924 0.0000000000
86162  -33.004  54.893  18.585 0.0000000000
86172  -36.849  55.665  17.526 0.0000000000
104260  -38.321  55.040  15.831 0.0000000000
85064  -38.973  51.928  11.292 0.0000000000
102852  -38.629  52.878  10.562 0.0000000000
80706  -35.589  43.452  25.602 0.0000000000
80708  -38.594  44.548  25.825 0.0000000000
81761  -42.648  45.687  25.607 0.0000000000
83711  -32.641  49.278  23.106 0.0000000000
83285  -34.876  48.794  19.148 0.0000000000
83258  -34.628  48.437  21.224 0.0000000000
83241  -36.357  49.446  23.187 0.0000000000
82286  -38.325  46.293  23.103 0.0000000000
81786  -43.439  45.524  22.704 0.0000000000
80732  -42.129  43.845  23.935 0.0000000000
93621  -38.098  42.866  21.575 0.0000000000
80759  -35.079  43.391  21.270 0.0000000000
80327  -32.134  42.794  20.769 0.0000000000
106723  -33.122  42.401  15.238 0.0000000000
93123  -31.776  41.786  17.528 0.0000000000
79346  -30.504  39.925  20.137 0.0000000000
79774  -43.249  41.623  27.680 0.0000000000
79788  -39.886  41.779  25.852 0.0000000000
80275  -39.800  42.681  24.803 0.0000000000
84230  -39.399  49.520  11.480 0.0000000000
83329  -39.851  47.462  11.617 0.0000000000
83803  -37.712  48.828  13.019 0.0000000000
83321  -36.274  48.441  14.582 0.0000000000
84112  -36.722  51.283  25.991 0.0000000000
84991  -31.539  52.433  18.875 0.0000000000
81840  -39.417  44.187  15.111 0.0000000000
81831  -37.768  45.636  17.093 0.0000000000
108305  -40.557  42.617  15.777 0.0000000000
81325  -40.575  43.729  16.908 0.0000000000
93846  -40.413  42.366  16.151 0.0000000000
80826  -39.434  42.485  16.870 0.0000000000
80838  -39.852  42.000  15.560 0.0000000000
85005  -36.990  53.312  17.315 0.0000000000
99234  -36.451  52.231  17.210 0.0000000000
84622  -37.925  51.560  16.622 0.0000000000
82840  -38.426  47.423  12.975 0.0000000000
83787  -37.998  48.916  15.099 0.0000000000
82359  -38.444  47.306  13.124 0.0000000000
82346  -39.000  46.862  13.527 0.0000000000
97399  -38.691  46.790  12.550 0.0000000000
81358  -38.405  43.360  11.912 0.0000000000
81857  -36.755  45.573  13.791 0.0000000000
81868  -33.352  45.336  13.145 0.0000000000
107438  -37.127  41.441  27.676 0.0000000000
79268  -37.767  40.200  28.808 0.0000000000
100935  -38.550  41.628  28.113 0.0000000000
79757  -41.239  41.873  28.440 0.0000000000
80239  -39.643  43.100  27.134 0.0000000000
101544  -27.762  56.427  20.728 0.0000000000
86144  -27.387  55.321  20.395 0.0000000000
86147  -29.131  55.829  20.555 0.0000000000
85769  -29.903  55.021  20.140 0.0000000000
86148  -30.252  56.548  20.797 0.0000000000
86178  -31.738  55.427  17.024 0.0000000000
86160  -31.918  55.798  19.309 0.0000000000
99710  -33.499  54.990  17.391 0.0000000000
85784  -34.502  54.640  17.586 0.0000000000
96321  -34.157  55.107  16.434 0.0000000000
86199  -36.341  56.384  14.592 0.0000000000
107700  -36.620  56.069  15.591 0.0000000000
85798  -37.570  54.357  14.382 0.0000000000
98533  -38.240  53.232  13.689 0.0000000000
85801  -37.851  53.627  12.685 0.0000000000
85442  -38.837  52.646  10.983 0.0000000000
85805  -38.507  53.466  11.100 0.0000000000
81259  -31.747  45.308  24.885 0.0000000000
80702  -32.086  43.792  25.496 0.0000000000
81247  -32.687  44.382  24.950 0.0000000000
80704  -33.891  43.600  25.379 0.0000000000
81249  -34.446  44.263  24.977 0.0000000000
81769  -37.920  47.128  25.017 0.0000000000
81768  -36.855  45.905  24.824 0.0000000000
81758  -39.241  46.467  25.427 0.0000000000
81254  -40.662  45.293  26.064 0.0000000000
82261  -41.389  47.215  25.323 0.0000000000
83254  -31.005  48.917  21.121 0.0000000000
112320  -31.404  48.840  22.405 0.0000000000
83256  -32.478  48.616  21.510 0.0000000000
83765  -35.314  49.827  18.039 0.0000000000
83764  -34.618  49.862  18.348 0.0000000000
83286  -35.678  48.588  18.694 0.0000000000
82313  -36.462  46.518  19.645 0.0000000000
82798  -35.647  47.792  19.869 0.0000000000
82790  -35.784  47.607  20.842 0.0000000000
83714  -35.362  49.171  22.713 0.0000000000
82776  -36.415  47.707  22.300 0.0000000000
104174  -37.061  47.672  22.985 0.0000000000
82297  -37.256  46.101  21.735 0.0000000000
81308  -42.661  44.308  19.021 0.0000000000
81796  -41.477  45.516  21.118 0.0000000000
81809  -43.589  44.511  20.358 0.0000000000
81275  -44.269  45.009  23.167 0.0000000000
80765  -43.085  43.601  21.592 0.0000000000
80748  -40.084  42.892  22.463 0.0000000000
80781  -40.686  42.687  20.361 0.0000000000
94009  -36.435  43.494  19.173 0.0000000000
94013  -36.329  43.440  20.221 0.0000000000
112113  -34.694  43.729  20.083 0.0000000000
96369  -33.708  43.346  20.888 0.0000000000
109547  -33.528  43.547  19.608 0.0000000000
80359  -34.951  41.545  12.130 0.0000000000
80846  -34.900  42.805  14.695 0.0000000000
80358  -33.736  41.499  13.371 0.0000000000
106058  -31.289  38.552  15.325 0.0000000000
107567  -31.943  41.100  16.396 0.0000000000
79843  -31.393  40.559  17.841 0.0000000000
79837  -31.278  41.325  19.057 0.0000000000
79355  -30.858  39.238  18.773 0.0000000000
78347  -29.962  37.497  19.390 0.0000000000
78811  -42.126  39.448  27.535 0.0000000000
79805  -37.016  41.824  23.825 0.0000000000
84641  -39.851  51.801  14.940 0.0000000000
84640  -39.686  52.005  15.342 0.0000000000
84224  -40.492  49.624  13.187 0.0000000000
83324  -39.700  47.223  12.520 0.0000000000
82839  -37.071  47.518  13.970 0.0000000000
82357  -35.802  46.335  14.578 0.0000000000
82830  -35.644  47.541  14.912 0.0000000000
105142  -35.673  39.265  29.290 0.0000000000
79283  -35.116  40.444  28.052 0.0000000000
80224  -36.751  41.954  27.130 0.0000000000
86581  -28.982  57.683  21.071 0.0000000000
86190  -33.842  55.581  15.437 0.0000000000
86623  -35.879  57.440  13.006 0.0000000000
86207  -36.826  56.107  11.980 0.0000000000
81767  -34.815  45.653  24.494 0.0000000000
82771  -37.171  48.062  24.817 0.0000000000
105823  -38.465  47.670  24.906 0.0000000000
83742  -32.421  49.634  19.600 0.0000000000
82819  -36.981  47.388  17.008 0.0000000000
83287  -36.372  48.228  18.208 0.0000000000
112933  -36.568  46.819  18.222 0.0000000000
81822  -36.922  45.945  19.027 0.0000000000
81815  -37.708  45.475  19.213 0.0000000000
81805  -38.389  45.331  20.488 0.0000000000
81316  -40.237  44.557  18.058 0.0000000000
81317  -41.617  43.843  17.652 0.0000000000
80797  -42.156  42.026  17.426 0.0000000000
94010  -40.605  42.497  18.903 0.0000000000
80811  -39.054  42.611  17.501 0.0000000000
94004  -37.910  42.905  17.540 0.0000000000
80825  -35.371  43.643  17.363 0.0000000000
79860  -32.052  39.087  12.978 0.0000000000
84123  -32.729  50.719  24.792 0.0000000000
85002  -34.069  53.146  17.785 0.0000000000
84995  -33.576  52.233  17.931 0.0000000000
95741  -35.319  52.111  17.365 0.0000000000
84191  -36.385  50.538  17.326 0.0000000000
83775  -36.748  49.834  17.176 0.0000000000
108123  -38.126  50.021  15.480 0.0000000000
104742  -37.389  48.875  16.219 0.0000000000
83306  -37.129  48.270  16.718 0.0000000000
82336  -37.952  46.787  15.032 0.0000000000
81848  -38.877  45.614  14.130 0.0000000000
80857  -40.660  42.184  12.074 0.0000000000
80855  -39.147  41.797  13.076 0.0000000000
80864  -38.325  42.101  11.231 0.0000000000
80366  -36.254  41.959  10.786 0.0000000000
80873  -34.802  42.313  10.057 0.0000000000
81869  -34.566  44.907  13.279 0.0000000000
81355  -33.260  44.490  12.267 0.0000000000
78800  -37.144  39.394  29.239 0.0000000000
78801  -38.075  39.242  29.209 0.0000000000
78284  -40.114  39.031  28.487 0.0000000000
79271  -41.432  40.449  28.529 0.0000000000
80229  -43.314  42.161  28.117 0.0000000000
80241  -43.152  42.355  27.684 0.0000000000
96555  -25.884  52.939  20.401 0.0000000000
85388  -26.484  53.648  20.227 0.0000000000
84985  -27.469  52.688  19.816 0.0000000000
85392  -28.927  53.699  19.650 0.0000000000
85394  -30.706  53.643  19.387 0.0000000000
85396  -32.205  54.337  19.214 0.0000000000
103138  -30.806  56.692  20.590 0.0000000000
86159  -31.480  56.189  20.122 0.0000000000
85779  -32.231  55.144  19.411 0.0000000000
85781  -33.177  54.474  18.543 0.0000000000
108838  -34.381  54.560  17.739 0.0000000000
85785  -36.846  55.233  17.737 0.0000000000
85786  -38.262  55.470  17.840 0.0000000000
96465  -35.951  55.876  16.433 0.0000000000
86184  -38.566  56.118  17.265 0.0000000000
85423  -39.346  54.411  16.799 0.0000000000
85037  -39.619  51.787  13.831 0.0000000000
85053  -39.387  51.641  12.057 0.0000000000
84662  -38.746  51.709  11.260 0.0000000000
85080  -38.678  52.574  10.819 0.0000000000
86220  -37.878  54.775  10.382 0.0000000000
80254  -35.039  42.877  25.850 0.0000000000
80694  -36.506  43.282  26.010 0.0000000000
81264  -36.001  44.972  24.845 0.0000000000
80707  -37.129  44.040  25.646 0.0000000000
80696  -38.689  43.732  26.394 0.0000000000
101201  -39.879  43.803  26.650 0.0000000000
81242  -42.877  44.130  26.565 0.0000000000
107405  -43.043  44.436  25.784 0.0000000000
84140  -33.827  51.157  24.449 0.0000000000
84176  -33.143  50.744  18.505 0.0000000000
83754  -33.423  49.989  18.804 0.0000000000
83268  -33.491  48.791  20.119 0.0000000000
98334  -35.510  48.286  19.290 0.0000000000
83269  -34.406  48.531  20.230 0.0000000000
83257  -33.762  48.547  20.965 0.0000000000
105754  -33.905  48.589  22.017 0.0000000000
83699  -35.338  50.301  23.349 0.0000000000
84557  -35.928  51.821  24.726 0.0000000000
84144  -38.900  50.829  24.941 0.0000000000
83243  -38.227  48.948  24.583 0.0000000000
82275  -39.163  46.963  24.083 0.0000000000
96350  -38.960  45.458  21.840 0.0000000000
95753  -40.118  45.592  22.435 0.0000000000
82276  -40.386  47.010  24.493 0.0000000000
100622  -42.757  46.271  24.617 0.0000000000
80733  -43.765  44.804  24.287 0.0000000000
80718  -41.072  43.333  24.652 0.0000000000
80731  -40.423  43.115  23.516 0.0000000000
108004  -38.287  42.629  22.958 0.0000000000
80306  -37.632  42.717  22.501 0.0000000000
93974  -38.395  42.901  20.578 0.0000000000
80746  -37.182  42.968  21.821 0.0000000000
80305  -35.910  42.846  22.474 0.0000000000
80743  -34.159  42.923  22.074 0.0000000000
80302  -32.828  42.249  22.339 0.0000000000
96348  -37.209  42.498  14.114 0.0000000000
109654  -35.041  43.283  15.810 0.0000000000
80834  -33.748  43.298  16.860 0.0000000000
80351  -32.521  41.495  15.165 0.0000000000
110112  -32.319  41.933  16.210 0.0000000000
80822  -32.678  43.078  17.982 0.0000000000
80807  -31.930  42.740  19.097 0.0000000000
79829  -31.089  41.703  20.815 0.0000000000
80240  -42.940  42.438  26.967 0.0000000000
79773  -41.403  41.430  26.783 0.0000000000
79789  -41.007  42.291  26.309 0.0000000000
80256  -40.250  42.517  25.564 0.0000000000
84229  -37.993  49.893  12.464 0.0000000000
83804  -39.027  48.259  11.748 0.0000000000
84111  -35.216  51.151  25.452 0.0000000000
85404  -32.107  53.246  18.810 0.0000000000
84993  -32.221  52.275  18.613 0.0000000000
81336  -40.590  42.510  14.552 0.0000000000
105461  -39.308  44.286  16.148 0.0000000000
80848  -40.422  41.785  14.364 0.0000000000
85006  -38.430  54.148  17.319 0.0000000000
84608  -37.929  52.592  17.045 0.0000000000
84623  -39.118  52.559  16.278 0.0000000000
111689  -37.972  47.588  13.097 0.0000000000
82841  -38.776  47.467  13.446 0.0000000000
81858  -38.404  45.182  12.644 0.0000000000
79755  -37.818  41.186  28.227 0.0000000000
80226  -38.934  42.325  27.692 0.0000000000
86574  -29.080  57.233  21.169 0.0000000000
86145  -28.537  56.172  20.693 0.0000000000
86189  -32.173  55.492  16.133 0.0000000000
107455  -30.982  55.603  16.936 0.0000000000
86179  -32.610  55.222  17.230 0.0000000000
103547  -36.373  56.648  13.246 0.0000000000
85800  -36.904  55.200  13.854 0.0000000000
81764  -32.206  45.762  24.761 0.0000000000
81260  -32.405  45.064  24.651 0.0000000000
81261  -33.181  44.961  24.578 0.0000000000
81248  -33.557  44.299  24.925 0.0000000000
82260  -40.254  47.317  25.129 0.0000000000
83731  -31.409  49.249  20.442 0.0000000000
113169  -31.513  48.852  20.939 0.0000000000
83255  -31.610  48.704  21.570 0.0000000000
83295  -36.016  49.084  18.054 0.0000000000
82305  -36.553  46.469  20.434 0.0000000000
82791  -36.247  46.986  20.834 0.0000000000
82784  -36.273  47.241  21.514 0.0000000000
82296  -36.665  46.552  21.269 0.0000000000
82284  -36.896  46.908  22.282 0.0000000000
107298  -43.547  43.048  18.637 0.0000000000
81309  -43.557  43.883  19.255 0.0000000000
80784  -43.597  43.590  19.886 0.0000000000
80766  -43.748  44.165  21.151 0.0000000000
96471  -42.494  42.784  20.188 0.0000000000
80810  -35.554  43.726  18.789 0.0000000000
80795  -35.429  43.711  19.690 0.0000000000
80794  -34.411  43.789  19.227 0.0000000000
94277  -33.995  43.586  20.146 0.0000000000
80809  -33.336  43.501  18.767 0.0000000000
80364  -34.364  40.924  11.094 0.0000000000
98929  -33.746  40.735  12.131 0.0000000000
79866  -33.179  39.977  11.563 0.0000000000
79365  -31.344  38.721  16.409 0.0000000000
79364  -31.199  38.924  17.591 0.0000000000
109238  -30.674  37.568  17.582 0.0000000000
78362  -30.219  36.829  17.176 0.0000000000
79797  -38.317  41.771  24.711 0.0000000000
80273  -37.933  42.049  24.008 0.0000000000
84649  -40.346  50.468  13.398 0.0000000000
84225  -40.702  49.210  12.460 0.0000000000
83328  -38.925  47.462  12.264 0.0000000000
83805  -40.671  47.542  12.049 0.0000000000
83323  -38.572  47.931  13.397 0.0000000000
102994  -37.555  47.719  13.707 0.0000000000
104889  -36.291  47.889  14.620 0.0000000000
83316  -35.203  48.308  15.218 0.0000000000
79265  -34.465  39.886  28.495 0.0000000000
79771  -35.902  41.795  26.908 0.0000000000
96031  -28.127  57.497  21.073 0.0000000000
86622  -35.180  57.476  13.562 0.0000000000
86624  -36.335  57.137  12.345 0.0000000000
86634  -35.229  57.607  12.663 0.0000000000
83227  -36.834  49.709  25.676 0.0000000000
83236  -36.261  48.655  25.150 0.0000000000
83237  -37.857  48.910  25.165 0.0000000000
82772  -38.238  48.460  24.727 0.0000000000
109095  -32.151  50.174  19.288 0.0000000000
82335  -37.414  46.564  16.417 0.0000000000
82327  -36.926  46.619  17.513 0.0000000000
81832  -39.085  44.561  17.119 0.0000000000
81823  -37.768  45.453  18.206 0.0000000000
81816  -38.587  45.148  19.402 0.0000000000
81326  -41.458  43.278  16.943 0.0000000000
80814  -42.459  42.672  17.177 0.0000000000
80813  -41.604  42.266  16.883 0.0000000000
112350  -41.161  41.992  17.379 0.0000000000
80812  -40.603  42.173  17.022 0.0000000000
93990  -38.659  42.639  16.640 0.0000000000
94003  -36.700  43.373  17.224 0.0000000000
85003  -34.907  53.056  17.484 0.0000000000
84607  -34.383  52.114  17.593 0.0000000000
102895  -36.965  51.419  17.124 0.0000000000
103569  -35.900  51.292  17.355 0.0000000000
84215  -39.096  50.975  15.321 0.0000000000
82831  -38.207  47.675  14.467 0.0000000000
82820  -37.564  47.453  15.661 0.0000000000
81859  -39.401  45.779  12.448 0.0000000000
103971  -39.577  46.201  12.781 0.0000000000
81860  -40.170  45.192  12.111 0.0000000000
81849  -39.522  44.519  13.808 0.0000000000
81349  -40.399  43.678  11.680 0.0000000000
80866  -40.159  42.327  11.167 0.0000000000
81359  -39.480  42.869  11.179 0.0000000000
81348  -36.858  44.008  12.830 0.0000000000
99480  -36.734  42.451  12.084 0.0000000000
81369  -36.012  42.345  10.871 0.0000000000
80874  -35.636  41.902  10.112 0.0000000000
81856  -35.163  45.558  14.218 0.0000000000
81855  -33.998  45.752  14.105 0.0000000000
81347  -32.324  45.063  13.105 0.0000000000
79266  -35.868  39.956  28.676 0.0000000000
105538  -36.394  39.474  29.160 0.0000000000
79267  -36.710  40.071  28.698 0.0000000000
79742  -38.954  40.862  28.753 0.0000000000
79269  -38.873  39.839  29.044 0.0000000000
78802  -39.011  39.111  28.967 0.0000000000
78803  -40.748  39.688  28.550 0.0000000000
80228  -42.253  42.451  28.149 0.0000000000
79758  -42.781  42.012  28.394 0.0000000000
80687  -42.965  42.791  27.650 0.0000000000
85386  -24.361  53.465  21.211 0.0000000000
84982  -25.084  53.117  20.732 0.0000000000
85763  -25.609  53.915  20.492 0.0000000000
103266  -25.857  56.076  20.571 0.0000000000
86143  -26.471  55.572  20.490 0.0000000000
85765  -28.054  55.023  20.230 0.0000000000
85764  -26.466  54.567  20.338 0.0000000000
95357  -27.193  54.342  20.162 0.0000000000
85389  -27.231  53.509  19.953 0.0000000000
85391  -28.018  53.546  19.727 0.0000000000
85393  -29.842  53.728  19.545 0.0000000000
85395  -31.482  53.492  19.147 0.0000000000
85771  -31.572  54.805  19.604 0.0000000000
105131  -31.470  56.143  19.200 0.0000000000
86161  -32.469  55.341  19.136 0.0000000000
85780  -32.720  54.870  19.088 0.0000000000
85783  -33.648  54.628  18.064 0.0000000000
86171  -35.559  55.149  17.333 0.0000000000
102574  -35.491  54.866  17.570 0.0000000000
85789  -37.875  55.940  17.904 0.0000000000
86197  -34.709  56.306  14.874 0.0000000000
86191  -34.902  55.589  15.782 0.0000000000
85797  -37.291  55.711  15.464 0.0000000000
86193  -37.543  56.117  16.717 0.0000000000
85793  -38.373  55.935  16.605 0.0000000000
85794  -39.220  55.540  16.981 0.0000000000
85422  -39.040  54.107  15.975 0.0000000000
85036  -39.064  52.961  14.705 0.0000000000
85431  -38.978  52.366  11.914 0.0000000000
112832  -38.901  52.331  13.274 0.0000000000
85065  -39.376  51.174  11.455 0.0000000000
85461  -38.427  52.791  10.520 0.0000000000
111093  -37.272  55.878  11.136 0.0000000000
80252  -33.369  42.947  25.763 0.0000000000
80705  -34.746  43.536  25.434 0.0000000000
80693  -35.751  42.877  26.040 0.0000000000
99338  -35.785  45.938  24.523 0.0000000000
81252  -37.805  44.750  25.492 0.0000000000
81251  -36.959  44.931  25.204 0.0000000000
111990  -37.907  44.056  25.884 0.0000000000
81240  -39.633  44.455  26.215 0.0000000000
81760  -41.644  46.287  25.782 0.0000000000
81255  -42.098  45.033  26.145 0.0000000000
81256  -42.986  44.643  25.899 0.0000000000
83696  -32.341  50.220  23.894 0.0000000000
84595  -33.924  51.206  17.943 0.0000000000
84594  -33.219  51.556  18.246 0.0000000000
83744  -34.142  49.477  18.843 0.0000000000
83743  -33.268  49.415  19.418 0.0000000000
83277  -34.093  48.916  19.517 0.0000000000
82804  -36.325  47.447  18.607 0.0000000000
82803  -35.995  47.960  19.009 0.0000000000
83270  -35.196  48.199  20.545 0.0000000000
83278  -35.080  48.398  19.781 0.0000000000
84141  -34.932  51.416  24.240 0.0000000000
84142  -36.362  51.468  24.012 0.0000000000
84143  -37.900  51.675  24.635 0.0000000000
83700  -37.462  50.464  23.986 0.0000000000
82777  -37.608  47.358  23.399 0.0000000000
82774  -37.787  48.454  23.940 0.0000000000
96714  -38.115  47.666  24.364 0.0000000000
82274  -38.382  47.132  23.833 0.0000000000
81306  -39.383  45.072  19.723 0.0000000000
110759  -38.370  45.461  21.305 0.0000000000
93729  -39.100  45.247  20.870 0.0000000000
81797  -43.207  45.479  21.589 0.0000000000
81785  -41.876  45.662  22.552 0.0000000000
81775  -40.930  46.090  23.599 0.0000000000
82277  -41.740  47.033  24.732 0.0000000000
106518  -42.404  45.980  23.724 0.0000000000
80750  -43.716  44.318  23.046 0.0000000000
80719  -43.054  44.379  25.184 0.0000000000
80763  -39.910  42.830  21.561 0.0000000000
80747  -38.834  42.774  22.194 0.0000000000
94011  -38.367  42.907  19.583 0.0000000000
107556  -39.181  42.782  19.669 0.0000000000
96292  -35.816  43.427  20.997 0.0000000000
80760  -36.635  43.210  21.194 0.0000000000
80745  -36.454  43.084  21.961 0.0000000000
105503  -35.787  43.243  21.709 0.0000000000
80744  -34.949  43.074  22.097 0.0000000000
80757  -32.896  43.100  20.940 0.0000000000
80316  -33.422  42.922  21.691 0.0000000000
80315  -32.461  42.602  21.531 0.0000000000
79821  -32.026  41.933  21.926 0.0000000000
80314  -31.693  42.232  21.225 0.0000000000
80352  -33.750  42.470  14.595 0.0000000000
80845  -34.013  43.045  15.792 0.0000000000
80835  -34.722  43.490  16.660 0.0000000000
79856  -31.677  38.880  13.801 0.0000000000
106117  -32.034  39.587  14.819 0.0000000000
80345  -32.196  42.337  17.286 0.0000000000
80833  -32.902  42.874  17.078 0.0000000000
80340  -32.027  42.566  18.213 0.0000000000
80808  -32.519  43.088  18.752 0.0000000000
79836  -30.936  40.651  19.536 0.0000000000
80325  -31.085  41.688  19.979 0.0000000000
79828  -30.816  41.037  20.350 0.0000000000
79340  -30.760  40.878  21.047 0.0000000000
79300  -42.524  40.529  27.459 0.0000000000
79772  -39.723  40.899  26.233 0.0000000000
84231  -40.747  48.844  11.903 0.0000000000
83811  -39.890  48.161  11.183 0.0000000000
83664  -35.913  50.449  25.894 0.0000000000
83665  -37.633  50.695  26.286 0.0000000000
84990  -30.832  52.561  19.151 0.0000000000
109727  -31.104  51.811  19.102 0.0000000000
84592  -31.745  51.450  18.884 0.0000000000
81331  -40.611  43.148  16.283 0.0000000000
108465  -40.949  42.412  16.206 0.0000000000
93991  -40.587  42.186  16.479 0.0000000000
85415  -36.430  54.006  17.519 0.0000000000
83796  -39.118  47.844  13.514 0.0000000000
83317  -38.414  47.908  14.169 0.0000000000
105702  -38.646  47.364  13.808 0.0000000000
103664  -38.457  46.363  13.167 0.0000000000
81871  -39.571  44.502  11.632 0.0000000000
81870  -35.699  44.686  13.506 0.0000000000
103812  -36.507  38.925  29.460 0.0000000000
79285  -36.983  40.808  28.171 0.0000000000
79743  -40.485  41.082  28.735 0.0000000000
79756  -39.654  41.708  28.326 0.0000000000
80227  -40.402  42.429  27.900 0.0000000000
103630  -25.026  54.629  20.695 0.0000000000
85768  -28.684  54.624  19.994 0.0000000000
109005  -29.507  55.482  20.367 0.0000000000
86149  -30.941  56.124  20.416 0.0000000000
86168  -32.296  55.493  18.353 0.0000000000
86169  -32.923  55.105  18.310 0.0000000000
86170  -33.591  54.752  17.955 0.0000000000
95513  -34.404  54.956  17.197 0.0000000000
86181  -35.239  55.363  16.846 0.0000000000
86198  -36.041  56.518  14.858 0.0000000000
107512  -38.243  53.861  14.891 0.0000000000
82259  -31.659  46.340  25.217 0.0000000000
81756  -31.215  45.585  25.284 0.0000000000
81246  -31.245  44.875  25.203 0.0000000000
105761  -31.914  44.597  25.004 0.0000000000
81250  -35.324  44.213  25.138 0.0000000000
106380  -36.845  46.728  24.665 0.0000000000
81757  -38.014  46.050  25.247 0.0000000000
105033  -38.539  45.346  25.524 0.0000000000
81253  -39.424  45.380  25.774 0.0000000000
81759  -40.412  46.509  25.661 0.0000000000
82262  -42.179  46.698  25.420 0.0000000000
83246  -32.135  48.758  22.344 0.0000000000
83247  -32.975  48.701  22.255 0.0000000000
83755  -35.099  49.265  18.538 0.0000000000
82304  -36.077  47.081  20.169 0.0000000000
83259  -35.369  48.157  21.432 0.0000000000
83248  -34.920  48.582  22.097 0.0000000000
82783  -35.882  47.817  21.676 0.0000000000
83249  -35.860  48.435  22.345 0.0000000000
83250  -36.799  48.390  23.100 0.0000000000
82285  -37.662  46.485  22.737 0.0000000000
81307  -41.485  44.627  18.881 0.0000000000
81807  -41.831  45.112  19.869 0.0000000000
81808  -43.068  45.019  20.313 0.0000000000
81276  -44.246  45.214  22.630 0.0000000000
81288  -44.358  45.011  21.954 0.0000000000
80751  -44.121  44.554  22.204 0.0000000000
80749  -41.699  43.389  22.741 0.0000000000
80764  -41.295  42.928  21.527 0.0000000000
80762  -39.161  42.804  21.121 0.0000000000
80779  -35.286  43.594  20.517 0.0000000000
80778  -34.489  43.514  20.740 0.0000000000
80777  -33.230  43.372  20.257 0.0000000000
107777  -32.577  43.110  20.315 0.0000000000
80863  -36.204  42.215  11.898 0.0000000000
80854  -36.229  42.485  13.535 0.0000000000
80853  -35.410  42.300  13.237 0.0000000000
107689  -34.480  42.306  13.767 0.0000000000
93189  -31.070  38.409  14.734 0.0000000000
93194  -31.681  39.062  15.183 0.0000000000
106017  -31.646  40.287  16.687 0.0000000000
93689  -31.603  41.341  17.709 0.0000000000
100410  -31.577  41.938  18.467 0.0000000000
79842  -31.152  40.229  18.615 0.0000000000
78863  -30.119  38.835  20.432 0.0000000000
78869  -30.405  38.144  19.035 0.0000000000
78352  -30.140  36.928  18.059 0.0000000000
78292  -40.699  38.387  27.661 0.0000000000
84624  -39.578  52.747  15.614 0.0000000000
84216  -40.202  51.010  14.428 0.0000000000
83797  -40.215  48.138  12.853 0.0000000000
83798  -40.737  48.532  12.408 0.0000000000
104124  -36.183  47.043  14.606 0.0000000000
82345  -35.097  46.914  15.088 0.0000000000
82829  -34.586  47.605  15.377 0.0000000000
78799  -34.804  39.323  29.148 0.0000000000
105846  -35.192  39.774  28.719 0.0000000000
79754  -36.391  41.313  27.562 0.0000000000
101931  -26.945  57.331  20.822 0.0000000000
86582  -29.482  57.353  21.103 0.0000000000
86615  -35.500  56.979  14.368 0.0000000000
86202  -35.919  57.189  13.972 0.0000000000
82770  -35.665  47.649  24.697 0.0000000000
82268  -37.727  47.604  24.681 0.0000000000
83741  -31.655  49.840  19.740 0.0000000000
83732  -32.037  49.274  20.075 0.0000000000
103565  -36.776  48.046  17.527 0.0000000000
82811  -36.623  47.459  17.881 0.0000000000
81830  -36.947  46.142  18.194 0.0000000000
82319  -36.473  46.643  18.859 0.0000000000
81814  -36.976  45.917  19.895 0.0000000000
81804  -37.673  45.552  20.187 0.0000000000
107899  -37.740  45.655  21.119 0.0000000000
109590  -40.527  44.818  18.876 0.0000000000
81318  -42.598  43.521  17.814 0.0000000000
80815  -43.069  42.852  17.565 0.0000000000
80798  -43.182  42.557  17.846 0.0000000000
80796  -39.689  42.589  18.524 0.0000000000
94007  -38.676  42.786  18.481 0.0000000000
94008  -37.568  43.077  18.461 0.0000000000
94005  -36.583  43.447  18.236 0.0000000000
106654  -35.778  43.670  17.995 0.0000000000
94006  -34.902  43.789  18.232 0.0000000000
79865  -32.471  39.635  12.141 0.0000000000
79864  -32.105  39.501  12.272 0.0000000000
79859  -31.544  39.153  13.362 0.0000000000
106016  -31.256  38.678  14.145 0.0000000000
112484  -31.077  38.336  14.873 0.0000000000
106013  -30.930  38.375  15.459 0.0000000000
78890  -30.462  37.661  16.094 0.0000000000
85406  -33.273  53.372  18.292 0.0000000000
84994  -32.900  52.281  18.326 0.0000000000
94230  -34.878  51.253  17.573 0.0000000000
84190  -35.493  50.508  17.629 0.0000000000
83766  -36.078  49.816  17.644 0.0000000000
112523  -36.499  49.278  17.491 0.0000000000
101545  -38.767  51.590  15.985 0.0000000000
84205  -37.975  50.726  16.185 0.0000000000
83776  -37.425  49.745  16.380 0.0000000000
104871  -36.984  49.114  16.998 0.0000000000
81342  -40.393  43.198  12.931 0.0000000000
80849  -40.702  41.890  13.828 0.0000000000
104975  -40.524  41.682  13.077 0.0000000000
109736  -38.945  41.782  11.637 0.0000000000
80365  -35.621  41.633  10.698 0.0000000000
80372  -34.960  41.477  10.186 0.0000000000
79875  -33.493  40.799  10.737 0.0000000000
81356  -34.195  44.238  12.052 0.0000000000
78291  -39.386  38.463  28.389 0.0000000000
78285  -41.442  39.078  27.930 0.0000000000
78804  -42.078  39.855  28.147 0.0000000000
78805  -42.622  40.266  27.854 0.0000000000
79744  -42.134  41.330  28.443 0.0000000000
79745  -43.292  41.667  28.128 0.0000000000
79287  -43.160  41.045  27.927 0.0000000000
79759  -43.420  41.785  28.043 0.0000000000
80258  -43.156  43.272  26.829 0.0000000000
101737  -25.757  54.793  20.479 0.0000000000
104706  -26.685  52.777  20.135 0.0000000000
84987  -28.328  52.711  19.604 0.0000000000
84988  -29.123  52.855  19.480 0.0000000000
86583  -30.150  57.122  21.087 0.0000000000
86150  -31.413  55.758  20.104 0.0000000000
105300  -31.796  55.603  19.659 0.0000000000
85405  -32.738  53.961  18.831 0.0000000000
85407  -33.883  54.184  18.127 0.0000000000
85413  -34.711  53.962  17.784 0.0000000000
85414  -35.618  54.160  17.606 0.0000000000
85419  -39.374  54.535  17.043 0.0000000000
86182  -36.876  56.082  17.127 0.0000000000
86192  -36.509  56.077  16.024 0.0000000000
86183  -37.884  56.151  17.622 0.0000000000
85790  -38.815  55.842  17.656 0.0000000000
85791  -39.278  55.208  17.364 0.0000000000
85012  -39.364  53.557  16.313 0.0000000000
85425  -39.577  53.028  15.641 0.0000000000
84655  -39.899  50.859  12.187 0.0000000000
84664  -39.730  50.240  11.609 0.0000000000
84663  -39.308  50.891  11.410 0.0000000000
85817  -37.727  54.710  11.231 0.0000000000
85818  -38.508  53.418  10.348 0.0000000000
80234  -34.565  42.337  26.272 0.0000000000
80253  -34.211  42.918  25.779 0.0000000000
80235  -35.416  42.355  26.390 0.0000000000
80236  -36.245  42.485  26.516 0.0000000000
80237  -37.144  42.682  26.729 0.0000000000
81263  -35.063  44.977  24.629 0.0000000000
93959  -36.224  44.117  25.385 0.0000000000
80695  -37.554  43.439  26.268 0.0000000000
80238  -38.220  42.870  26.920 0.0000000000
80697  -40.859  43.589  27.068 0.0000000000
81241  -41.189  44.242  26.571 0.0000000000
80698  -42.538  43.598  27.176 0.0000000000
80699  -43.191  43.348  27.018 0.0000000000
80710  -42.951  44.039  26.350 0.0000000000
80709  -42.878  43.773  25.932 0.0000000000
84138  -32.324  50.480  24.442 0.0000000000
84139  -32.981  50.783  24.483 0.0000000000
84177  -33.954  50.284  18.367 0.0000000000
83753  -32.765  50.097  19.044 0.0000000000
83733  -32.692  49.074  20.100 0.0000000000
110781  -34.612  48.651  19.648 0.0000000000
94572  -32.935  48.686  20.786 0.0000000000
105431  -33.207  48.572  21.502 0.0000000000
83712  -33.547  49.285  22.999 0.0000000000
83713  -34.499  49.300  22.833 0.0000000000
83698  -34.143  50.484  23.616 0.0000000000
84558  -36.863  52.156  24.969 0.0000000000
84551  -38.934  51.949  26.152 0.0000000000
83667  -39.540  50.842  26.395 0.0000000000
83242  -37.623  49.165  23.810 0.0000000000
83701  -38.416  49.679  24.645 0.0000000000
83238  -38.498  49.191  25.126 0.0000000000
99407  -38.839  47.441  24.671 0.0000000000
81794  -38.066  45.749  22.123 0.0000000000
81795  -39.865  45.368  21.329 0.0000000000
81784  -38.926  45.836  22.854 0.0000000000
82269  -39.814  47.416  24.921 0.0000000000
82270  -41.024  47.405  25.102 0.0000000000
82271  -42.015  47.047  25.167 0.0000000000
81770  -42.817  46.119  25.137 0.0000000000
81776  -43.633  45.468  23.628 0.0000000000
95659  -43.539  45.313  24.402 0.0000000000
81265  -43.322  45.044  25.274 0.0000000000
80276  -40.984  43.005  25.378 0.0000000000
80293  -39.490  42.769  24.012 0.0000000000
80730  -39.164  42.726  23.126 0.0000000000
104554  -38.489  42.461  23.599 0.0000000000
80292  -37.638  42.369  23.334 0.0000000000
94014  -39.493  42.768  20.212 0.0000000000
80780  -37.405  43.124  20.392 0.0000000000
80761  -37.522  43.003  21.131 0.0000000000
110182  -36.780  42.817  22.391 0.0000000000
80290  -35.677  42.317  23.134 0.0000000000
109946  -35.145  42.663  22.718 0.0000000000
80304  -34.456  42.633  22.604 0.0000000000
80758  -34.291  43.231  21.467 0.0000000000
80303  -33.695  42.534  22.455 0.0000000000
94454  -38.252  42.458  14.950 0.0000000000
94284  -36.771  43.027  15.479 0.0000000000
80847  -35.904  43.044  15.130 0.0000000000
80836  -35.916  43.416  16.332 0.0000000000
80824  -34.374  43.631  17.552 0.0000000000
79861  -32.803  39.726  12.403 0.0000000000
80844  -33.032  42.678  16.127 0.0000000000
80823  -33.515  43.424  17.771 0.0000000000
80793  -32.709  43.240  19.556 0.0000000000
80792  -31.955  42.869  19.962 0.0000000000
80334  -31.482  42.262  19.522 0.0000000000
80326  -31.501  42.360  20.410 0.0000000000
79272  -42.755  40.766  28.132 0.0000000000
79871  -33.762  40.730  10.852 0.0000000000
79876  -34.299  41.356  10.229 0.0000000000
80783  -43.350  42.719  19.059 0.0000000000
80799  -43.375  43.176  18.121 0.0000000000
80856  -39.970  41.695  11.811 0.0000000000
80858  -40.202  42.829  11.196 0.0000000000
80865  -39.542  41.968  11.045 0.0000000000
80875  -40.183  42.683  11.084 0.0000000000
80876  -40.235  42.888  11.008 0.0000000000
80880  -33.784  41.429  10.378 0.0000000000
80881  -34.474  41.844  9.963 0.0000000000
80882  -34.993  41.784  9.817 0.0000000000
81298  -43.884  44.506  20.972 0.0000000000
81360  -40.185  43.369  11.272 0.0000000000
81774  -39.786  46.129  23.494 0.0000000000
81787  -44.115  45.244  22.005 0.0000000000
81798  -43.916  45.095  21.262 0.0000000000
83666  -38.992  50.903  26.600 0.0000000000
83668  -39.837  51.145  25.858 0.0000000000
83683  -38.960  50.238  25.505 0.0000000000
83806  -40.839  48.352  11.929 0.0000000000
83812  -40.531  47.914  11.415 0.0000000000
83813  -40.687  48.431  11.649 0.0000000000
84103  -39.604  51.497  26.548 0.0000000000
84113  -38.535  51.314  26.554 0.0000000000
84114  -39.528  51.416  26.596 0.0000000000
84115  -39.767  51.553  26.540 0.0000000000
84126  -39.142  51.697  25.558 0.0000000000
84127  -39.723  51.744  26.131 0.0000000000
84237  -40.328  48.802  11.467 0.0000000000
84544  -39.739  51.593  26.515 0.0000000000
84549  -36.053  51.817  25.186 0.0000000000
84550  -37.478  51.908  25.647 0.0000000000
84552  -39.700  51.629  26.421 0.0000000000
84559  -38.102  52.090  25.278 0.0000000000
84560  -39.307  51.942  25.900 0.0000000000
84566  -36.955  52.042  24.705 0.0000000000
85416  -39.137  55.280  17.509 0.0000000000
93187  -30.955  38.378  14.799 0.0000000000
104474  -36.187  55.720  17.187 0.0000000000
105396  -37.321  54.426  17.572 0.0000000000
106854  -43.358  43.284  20.263 0.0000000000
111939  -36.332  50.466  23.534 0.0000000000
112541  -39.651  39.591  28.841 0.0000000000
