#!ascii label  , from subject sub-v1s16x0051198_ses-1 vox2ras=TkReg
1844
43214  6.353  -9.807  80.836 0.2222220004
42302  6.719  -10.467  81.554 0.2222220004
43208  6.621  -9.578  81.615 0.2222220004
42299  6.950  -10.522  81.889 0.1111110002
43215  5.825  -9.425  80.318 0.2222220004
91915  7.070  -9.800  81.959 0.2222220004
42298  7.497  -10.570  82.024 0.1111110002
101637  7.459  -9.123  82.135 0.1111110002
44186  7.046  -8.465  82.007 0.1111110002
43204  6.703  -9.094  81.999 0.1111110002
43205  6.280  -8.978  81.479 0.2222220004
43209  5.947  -9.170  80.900 0.2222220004
43202  8.561  -9.739  81.995 0.1111110002
42297  8.309  -10.508  82.102 0.1111110002
43203  7.875  -9.797  82.091 0.1111110002
101716  8.243  -9.052  82.017 0.1111110002
44185  7.820  -8.371  81.999 0.1111110002
45169  7.404  -7.805  82.013 0.3333329856
45170  6.728  -7.975  81.934 0.3333329856
44187  6.499  -8.518  81.696 0.3333329856
44188  6.073  -8.670  80.919 0.4444440007
43206  5.616  -9.044  80.639 0.4444440007
107845  5.310  -8.974  80.703 0.3333329856
43210  4.926  -8.954  80.473 0.2222220004
103370  4.956  -9.005  80.493 0.2222220004
44183  8.731  -8.852  81.760 0.1111110002
44184  8.573  -8.202  81.994 0.1111110002
45168  8.158  -7.603  82.057 0.1111110002
45174  7.219  -7.567  81.717 0.3333329856
46201  7.089  -7.425  81.405 0.4444440007
45175  6.540  -7.841  81.605 0.4444440007
45171  6.348  -8.166  81.431 0.4444440007
44190  5.236  -8.804  80.387 0.4444440007
109854  4.400  -8.881  80.461 0.2222220004
43217  3.900  -8.879  80.366 0.2222220004
47123  13.533  -5.335  79.938 0.4444440007
45167  8.808  -7.380  81.959 0.1111110002
46217  12.873  -5.109  80.304 0.2222220004
46229  12.380  -5.802  79.961 0.2222220004
46196  8.427  -6.936  81.941 0.2222220004
46200  7.816  -7.052  81.787 0.3333329856
105050  7.811  -7.300  81.917 0.3333329856
91829  6.274  -7.822  80.781 0.6666669846
45186  5.601  -7.747  80.191 0.6666669846
45176  6.094  -8.044  80.982 0.6666669846
45172  5.938  -8.227  80.572 0.4444440007
45177  4.649  -8.572  80.052 0.5555559993
43211  4.081  -8.886  80.233 0.4444440007
43212  3.163  -8.809  79.973 0.4444440007
43218  2.624  -8.825  79.998 0.2222220004
93532  1.750  -9.368  78.858 0.2222220004
47124  12.266  -4.917  80.258 0.3333329856
44189  9.100  -8.604  81.467 0.1111110002
95375  12.261  -5.241  80.338 0.2222220004
46218  11.698  -5.699  80.122 0.2222220004
45173  9.214  -7.165  81.761 0.1111110002
92766  9.268  -7.834  81.537 0.1111110002
98065  9.014  -7.944  81.867 0.1111110002
46230  11.722  -5.672  80.235 0.2222220004
47111  8.801  -6.523  81.772 0.2222220004
46195  8.908  -6.813  81.944 0.1111110002
47134  13.673  -5.001  79.751 0.4444440007
94094  13.001  -4.827  80.106 0.3333329856
46231  11.079  -6.679  79.438 0.2222220004
46199  8.401  -6.741  81.732 0.2222220004
46207  7.839  -6.917  81.226 0.5555559993
45185  6.923  -7.430  80.431 0.6666669846
45187  4.616  -8.021  79.937 0.5555559993
45178  3.460  -8.409  79.892 0.4444440007
44192  2.169  -8.577  79.974 0.3333329856
44194  9.451  -8.232  80.815 0.1111110002
46219  11.026  -5.868  80.659 0.2222220004
45183  9.574  -7.307  81.093 0.1111110002
45198  10.266  -6.467  80.850 0.1111110002
46197  9.737  -5.928  81.071 0.3333329856
47112  9.175  -6.129  81.234 0.4444440007
47122  14.266  -5.630  79.745 0.4444440007
103990  13.281  -4.793  79.399 0.5555559993
47136  11.692  -5.090  79.270 0.4444440007
47116  9.033  -5.972  80.784 0.3333329856
101376  14.115  -5.089  78.915 0.5555559993
108432  13.521  -4.954  78.387 0.4444440007
47143  12.868  -4.850  78.539 0.4444440007
106697  12.246  -4.959  78.591 0.4444440007
90956  8.352  -6.709  80.473 0.5555559993
47132  14.975  -5.713  78.930 0.5555559993
47141  14.849  -5.659  77.875 0.6666669846
47142  14.040  -5.319  77.579 0.4444440007
97431  13.276  -5.215  77.390 0.5555559993
47152  12.996  -5.455  76.334 0.5555559993
46221  7.939  -6.991  79.459 0.6666669846
47150  14.661  -5.634  76.748 0.6666669846
47151  13.843  -5.458  76.521 0.6666669846
47162  12.725  -5.649  75.374 0.6666669846
47161  13.570  -5.591  75.620 0.6666669846
45179  2.516  -8.206  80.057 0.5555559993
44191  3.036  -8.557  79.850 0.4444440007
47125  11.337  -5.264  80.090 0.2222220004
46205  10.363  -5.833  81.001 0.2222220004
47114  10.176  -5.617  80.913 0.4444440007
47115  9.642  -5.752  80.954 0.4444440007
109648  12.406  -5.321  77.283 0.5555559993
101297  7.608  -7.118  80.162 0.5555559993
46250  15.552  -6.095  76.958 0.6666669846
92758  12.087  -5.590  76.023 0.5555559993
45184  7.011  -7.412  79.234 0.5555559993
47159  15.167  -5.845  76.112 0.5555559993
47160  14.464  -5.676  75.730 0.5555559993
92371  6.063  -7.782  79.555 0.5555559993
45200  5.122  -7.729  79.503 0.5555559993
96192  3.752  -7.950  79.910 0.5555559993
46208  3.864  -7.299  79.764 0.5555559993
46204  10.863  -5.791  80.594 0.2222220004
47137  10.746  -5.582  79.209 0.4444440007
47126  10.485  -5.557  80.196 0.4444440007
47127  9.674  -5.780  80.360 0.5555559993
47144  11.621  -5.463  77.723 0.4444440007
46241  15.667  -6.325  78.305 0.5555559993
104379  11.603  -5.611  76.675 0.4444440007
47145  10.824  -5.681  78.021 0.4444440007
46233  8.334  -6.931  78.664 0.5555559993
46261  15.263  -5.924  75.356 0.6666669846
47173  14.012  -5.697  75.039 0.6666669846
47174  13.314  -5.727  74.793 0.6666669846
47153  10.875  -5.838  76.829 0.5555559993
46251  11.066  -5.951  75.735 0.6666669846
47163  11.773  -5.870  74.943 0.6666669846
46240  16.505  -6.969  78.276 0.4444440007
46220  8.801  -6.525  79.805 0.5555559993
100839  16.198  -6.652  77.458 0.5555559993
47138  9.897  -5.847  79.292 0.4444440007
93438  15.801  -6.265  75.927 0.7777780294
46232  9.215  -6.465  79.218 0.4444440007
46243  10.027  -6.109  78.171 0.4444440007
46262  14.669  -5.824  74.819 0.6666669846
91516  9.152  -6.717  78.160 0.4444440007
106797  4.464  -7.364  79.579 0.5555559993
46274  13.980  -5.856  74.197 0.6666669846
45204  17.409  -7.932  78.575 0.4444440007
45217  17.126  -7.572  77.982 0.4444440007
46239  16.872  -7.071  77.302 0.5555559993
46249  16.337  -6.681  76.568 0.6666669846
93598  15.977  -6.316  75.075 0.5555559993
46242  10.125  -6.428  77.062 0.5555559993
91580  14.836  -5.992  73.975 0.6666669846
95169  9.464  -6.702  77.311 0.5555559993
47175  12.556  -5.806  74.596 0.6666669846
46275  12.985  -5.902  73.883 0.6666669846
45227  17.566  -7.486  77.049 0.6666669846
46248  17.108  -7.057  76.319 0.6666669846
46260  16.526  -6.706  75.670 0.5555559993
102349  16.690  -6.722  74.788 0.5555559993
46273  15.402  -6.076  74.537 0.6666669846
46272  16.103  -6.445  74.225 0.6666669846
46288  15.526  -6.284  73.704 0.6666669846
46252  10.164  -6.441  76.028 0.5555559993
46289  14.299  -6.109  73.329 0.6666669846
46290  13.624  -6.017  73.418 0.6666669846
46276  12.026  -5.999  74.025 0.6666669846
46263  10.884  -6.184  74.815 0.6666669846
93152  15.017  -6.241  73.104 0.6666669846
46259  17.278  -7.012  75.397 0.5555559993
46271  16.823  -6.791  73.877 0.6666669846
93924  15.619  -6.453  72.943 0.6666669846
46291  12.332  -5.928  73.281 0.6666669846
106092  13.073  -6.038  72.984 0.5555559993
46301  14.490  -6.233  72.461 0.5555559993
95474  18.726  -7.626  76.045 0.7777780294
99233  17.891  -7.285  75.100 0.5555559993
45239  17.435  -7.034  74.511 0.5555559993
46287  16.182  -6.587  73.341 0.6666669846
103876  13.778  -6.130  72.707 0.5555559993
46300  15.285  -6.393  72.118 0.4444440007
45231  18.560  -7.501  75.285 0.6666669846
109113  19.711  -7.911  76.159 0.7777780294
45247  17.602  -7.115  73.584 0.6666669846
46286  16.919  -6.879  72.844 0.5555559993
46299  16.120  -6.616  72.414 0.6666669846
106167  19.460  -7.775  75.575 0.6666669846
45237  19.062  -7.592  74.749 0.6666669846
45245  19.147  -7.600  73.966 0.6666669846
45238  18.300  -7.371  74.341 0.6666669846
104184  16.658  -6.787  71.950 0.5555559993
45260  17.355  -7.009  72.053 0.4444440007
46315  16.053  -6.493  71.384 0.4444440007
44246  20.043  -8.032  75.984 0.6666669846
44263  19.752  -7.848  74.615 0.6666669846
45258  19.349  -7.615  73.081 0.7777780294
45246  18.455  -7.375  73.237 0.6666669846
45259  18.228  -7.336  72.224 0.5555559993
46314  16.921  -6.750  71.233 0.3333329856
43247  25.983  -10.018  76.728 0.5555559993
43263  26.103  -9.518  76.395 0.7777780294
43248  25.384  -10.193  76.465 0.8888890147
106315  26.214  -9.202  75.962 0.7777780294
44226  25.808  -9.093  75.873 0.8888890147
43265  25.010  -9.896  76.064 0.8888890147
43264  25.651  -9.527  76.257 0.8888890147
42336  24.105  -10.621  75.883 0.7777780294
44227  25.322  -9.083  75.757 0.8888890147
43281  24.595  -9.651  75.382 0.7777780294
42337  23.099  -10.798  76.012 0.7777780294
42354  23.573  -10.411  75.213 0.7777780294
43266  22.146  -10.206  75.818 0.7777780294
43283  21.591  -9.521  75.318 0.7777780294
44229  20.519  -8.460  76.332 0.7777780294
42355  22.768  -10.387  74.939 0.7777780294
43282  22.146  -10.000  74.931 0.7777780294
44244  21.092  -8.840  75.832 0.7777780294
44245  20.355  -8.252  75.344 0.7777780294
44262  20.473  -8.302  74.341 0.6666669846
44282  19.904  -7.894  73.760 0.7777780294
102384  20.016  -7.938  73.087 0.7777780294
103723  18.822  -7.445  72.689 0.5555559993
43261  27.694  -9.823  76.023 0.5555559993
43262  27.061  -9.960  76.454 0.5555559993
43246  26.498  -9.983  76.714 0.6666669846
101928  27.096  -9.504  76.043 0.5555559993
94548  26.573  -9.516  76.288 0.6666669846
44225  26.669  -9.145  75.769 0.7777780294
44241  26.111  -8.762  75.510 0.8888890147
44242  25.629  -8.620  75.324 0.8888890147
44243  25.183  -8.631  75.182 0.7777780294
44258  25.963  -8.215  74.978 0.7777780294
91938  24.634  -8.999  74.676 0.6666669846
43298  23.962  -9.867  74.671 0.7777780294
96226  26.297  -8.211  74.493 0.7777780294
44259  25.504  -8.209  74.736 0.7777780294
101207  23.269  -10.275  74.612 0.7777780294
44261  21.100  -8.792  74.891 0.6666669846
43299  22.369  -9.935  74.250 0.8888890147
43300  21.680  -9.484  74.496 0.7777780294
45235  25.767  -7.858  74.203 0.8888890147
106145  25.114  -8.246  74.632 0.7777780294
43297  24.065  -9.455  74.003 0.7777780294
107029  23.492  -9.970  74.191 0.7777780294
42373  22.922  -10.187  74.126 0.7777780294
92649  21.177  -8.830  74.042 0.7777780294
93172  27.097  -8.435  73.262 0.7777780294
44278  26.415  -8.030  73.744 0.7777780294
45236  25.283  -7.889  74.147 0.7777780294
44260  24.665  -8.370  73.933 0.7777780294
44281  20.621  -8.373  73.419 0.7777780294
44301  26.564  -7.980  72.899 0.6666669846
45243  25.472  -7.609  73.581 0.6666669846
45255  25.844  -7.538  73.266 0.5555559993
45244  25.023  -7.637  73.463 0.6666669846
42334  28.296  -10.303  75.987 0.4444440007
42353  28.973  -10.499  75.895 0.4444440007
43279  28.310  -9.869  75.512 0.4444440007
43280  27.409  -9.348  75.599 0.5555559993
44257  26.742  -8.747  75.078 0.7777780294
44277  27.183  -8.677  74.089 0.8888890147
43320  27.807  -8.901  73.226 0.8888890147
103745  27.410  -8.623  72.383 0.7777780294
44279  24.436  -8.176  73.036 0.6666669846
43368  28.134  -9.177  71.475 0.8888890147
44325  26.625  -7.955  72.000 0.5555559993
91263  26.099  -7.491  72.608 0.5555559993
45256  25.338  -7.278  72.886 0.5555559993
44324  27.273  -8.545  71.270 0.5555559993
93993  25.650  -7.273  72.613 0.5555559993
42333  29.439  -11.135  76.067 0.2222220004
42352  29.769  -10.721  75.750 0.4444440007
43278  29.196  -10.274  75.111 0.4444440007
42371  30.953  -10.557  74.838 0.5555559993
42372  30.047  -10.484  74.898 0.5555559993
42390  31.204  -10.249  73.959 0.5555559993
92512  29.456  -10.096  74.202 0.5555559993
43295  28.637  -9.785  74.515 0.6666669846
43294  30.280  -10.253  73.979 0.5555559993
43296  27.760  -9.251  74.836 0.7777780294
43318  29.636  -9.890  73.326 0.7777780294
43319  28.890  -9.725  73.632 0.7777780294
95788  28.147  -9.268  73.925 0.8888890147
93979  28.987  -9.612  72.827 0.7777780294
43341  28.968  -9.504  71.981 0.7777780294
43342  28.292  -9.244  72.503 0.8888890147
43367  29.019  -9.467  71.100 0.8888890147
43394  29.090  -9.322  70.375 0.6666669846
43395  28.394  -9.197  70.521 0.6666669846
103428  27.765  -8.893  70.651 0.5555559993
43418  29.528  -9.120  69.817 0.3333329856
44347  26.587  -7.803  70.850 0.4444440007
42332  30.319  -11.223  76.054 0.3333329856
42351  30.697  -10.796  75.718 0.3333329856
43340  29.685  -9.699  72.463 0.7777780294
43339  30.381  -9.671  72.088 0.7777780294
43365  30.410  -9.525  71.361 0.8888890147
43392  30.995  -9.324  70.740 0.8888890147
43366  29.722  -9.565  71.619 0.7777780294
43393  29.898  -9.418  70.692 0.8888890147
43416  31.253  -8.863  69.995 0.8888890147
43417  30.471  -9.070  69.912 0.7777780294
44364  30.001  -8.678  69.119 0.4444440007
42350  31.659  -10.817  75.689 0.2222220004
43316  31.484  -9.910  73.095 0.7777780294
43337  32.527  -9.441  72.040 0.6666669846
43338  31.731  -9.624  72.247 0.7777780294
100611  31.006  -9.749  72.410 0.7777780294
43317  30.500  -9.910  73.023 0.8888890147
43363  32.715  -9.049  71.448 0.8888890147
43364  31.068  -9.565  71.673 0.8888890147
95355  31.931  -9.296  71.308 0.8888890147
43391  31.868  -8.827  70.448 0.8888890147
44345  31.854  -8.552  69.658 0.8888890147
93372  31.847  -8.320  68.814 0.6666669846
44363  31.019  -8.593  69.170 0.5555559993
42330  31.949  -11.193  76.050 0.2222220004
42388  33.025  -10.376  73.908 0.3333329856
42348  32.635  -10.935  74.943 0.4444440007
42370  31.996  -10.619  74.991 0.5555559993
42369  32.687  -10.676  74.827 0.4444440007
42389  32.144  -10.317  73.945 0.6666669846
43314  33.459  -9.919  73.346 0.6666669846
43315  32.487  -9.823  73.032 0.6666669846
44323  33.309  -8.759  71.255 0.8888890147
43390  32.626  -8.761  70.835 0.8888890147
44343  33.417  -8.431  70.450 0.8888890147
44344  32.578  -8.499  70.067 0.8888890147
44361  33.215  -8.249  69.614 0.8888890147
44381  33.087  -8.107  68.975 0.8888890147
44362  32.535  -8.328  69.282 0.7777780294
45309  33.323  -7.629  68.404 0.7777780294
44382  32.571  -8.069  68.529 0.7777780294
42368  33.263  -10.842  74.265 0.3333329856
42387  34.068  -10.455  74.035 0.3333329856
99469  33.097  -9.588  72.527 0.7777780294
92801  33.233  -9.225  71.892 0.8888890147
90957  33.960  -8.539  71.073 0.8888890147
44360  33.957  -8.042  69.824 0.8888890147
93404  34.291  -7.615  69.348 0.8888890147
45296  33.672  -7.838  69.150 0.8888890147
45308  34.120  -7.329  68.719 0.8888890147
43336  33.773  -9.558  72.532 0.7777780294
44300  35.038  -8.965  72.246 0.7777780294
43362  34.067  -8.976  71.822 0.8888890147
44342  34.340  -8.239  70.514 1.0000000000
44322  34.812  -8.493  71.325 1.0000000000
44341  35.113  -8.094  70.630 1.0000000000
45284  34.841  -7.727  69.924 0.8888890147
45307  34.941  -7.144  69.103 1.0000000000
46358  34.677  -6.867  68.215 0.8888890147
43335  34.556  -9.529  72.680 0.5555559993
91383  34.195  -9.893  73.379 0.3333329856
45295  35.529  -7.281  69.689 1.0000000000
46357  35.514  -6.656  68.446 1.0000000000
46373  35.262  -6.448  67.626 1.0000000000
43313  35.005  -9.992  73.794 0.3333329856
95177  35.610  -8.608  71.919 0.6666669846
99397  35.841  -7.663  70.395 0.8888890147
45294  36.260  -7.044  69.852 1.0000000000
46342  35.866  -6.852  69.181 1.0000000000
46372  35.989  -6.135  67.951 1.0000000000
44276  35.839  -9.670  73.430 0.3333329856
44321  35.744  -8.219  71.189 0.6666669846
97044  36.321  -6.388  68.663 1.0000000000
106210  36.352  -5.573  67.666 1.0000000000
47275  35.763  -5.756  67.136 1.0000000000
44275  36.721  -9.273  73.246 0.3333329856
44298  37.174  -8.730  73.095 0.4444440007
44299  36.075  -8.967  72.862 0.3333329856
44320  36.457  -8.437  72.052 0.5555559993
45283  36.835  -7.313  70.472 0.6666669846
46328  36.992  -6.836  69.921 0.8888890147
46341  36.684  -6.622  69.332 0.8888890147
46356  37.063  -6.021  68.948 1.0000000000
47259  36.672  -5.740  68.275 1.0000000000
47273  36.905  -5.117  67.794 1.0000000000
47274  36.427  -5.064  67.152 1.0000000000
48106  36.460  -4.313  66.706 1.0000000000
44297  38.011  -8.443  72.940 0.2222220004
44319  37.413  -8.201  72.114 0.3333329856
45282  37.602  -7.559  71.277 0.4444440007
45269  36.636  -7.898  71.197 0.5555559993
46340  37.439  -6.398  69.595 0.8888890147
46327  37.740  -6.836  70.423 0.7777780294
48105  36.932  -4.419  67.333 1.0000000000
49008  36.858  -3.765  66.987 1.0000000000
48115  35.916  -4.083  65.979 0.8888890147
46326  38.715  -6.571  70.558 0.5555559993
47258  37.458  -5.273  68.505 0.8888890147
49017  36.476  -3.432  66.479 1.0000000000
49025  36.032  -2.989  65.906 0.8888890147
46339  38.216  -6.118  69.880 0.6666669846
47235  37.806  -5.700  69.247 0.8888890147
48100  37.452  -4.513  67.928 0.8888890147
49925  36.659  -2.622  66.295 1.0000000000
103653  35.785  -2.658  65.317 1.0000000000
47234  38.608  -5.352  69.466 0.7777780294
47257  38.116  -5.120  68.929 0.8888890147
48099  38.003  -4.537  68.488 0.8888890147
49000  37.849  -3.923  68.075 0.8888890147
49007  37.365  -3.648  67.513 0.8888890147
49016  36.941  -3.015  66.977 1.0000000000
49935  37.041  -1.949  66.015 1.0000000000
49936  36.389  -2.227  65.519 1.0000000000
49947  35.273  -2.651  64.701 1.0000000000
49955  35.041  -2.215  63.885 0.7777780294
48079  38.579  -4.550  69.009 0.7777780294
49006  37.891  -3.152  68.006 0.8888890147
49913  37.557  -2.756  67.373 0.8888890147
49924  37.303  -2.340  66.684 1.0000000000
50783  36.288  -1.385  63.767 1.0000000000
50755  36.917  -1.669  65.377 1.0000000000
50770  36.482  -1.649  64.712 1.0000000000
50771  35.725  -1.917  64.278 1.0000000000
49946  35.917  -2.203  64.922 1.0000000000
50795  35.533  -1.649  62.463 1.0000000000
50784  35.602  -1.711  63.405 1.0000000000
49973  34.913  -2.014  62.080 0.8888890147
49965  34.967  -2.048  63.002 0.8888890147
50803  35.406  -1.668  61.679 0.7777780294
48982  39.088  -3.824  69.184 0.8888890147
48999  38.401  -3.673  68.560 0.8888890147
50754  37.573  -1.438  65.607 1.0000000000
50769  37.311  -1.262  64.865 1.0000000000
50794  36.197  -1.275  62.796 1.0000000000
50802  36.061  -1.220  61.738 1.0000000000
49911  38.989  -2.201  68.241 0.7777780294
50732  38.675  -1.805  67.428 0.7777780294
48998  39.000  -2.966  68.824 0.7777780294
105837  38.432  -2.851  68.320 0.7777780294
49912  38.208  -2.455  67.758 0.8888890147
49923  37.936  -2.065  67.085 0.8888890147
50741  38.454  -1.505  66.696 0.8888890147
50753  38.356  -1.210  65.921 1.0000000000
51582  37.784  -0.587  63.419 1.0000000000
51566  37.780  -0.888  64.275 1.0000000000
50782  37.088  -1.129  64.035 1.0000000000
51593  37.456  -0.395  62.536 1.0000000000
50793  36.912  -0.911  63.137 1.0000000000
51594  36.761  -0.768  62.219 1.0000000000
51604  36.689  -0.613  61.351 1.0000000000
50808  36.161  -0.929  60.750 1.0000000000
50809  35.529  -1.502  60.918 1.0000000000
51614  35.635  -1.260  60.009 1.0000000000
50740  39.177  -1.246  66.973 0.7777780294
51580  38.911  -0.019  63.892 0.8888890147
51565  38.455  -0.548  64.031 1.0000000000
50768  38.255  -0.929  64.969 1.0000000000
51581  38.464  0.013  63.332 1.0000000000
51592  37.993  0.022  62.777 1.0000000000
94701  37.258  -0.179  61.747 1.0000000000
50724  39.849  -1.742  68.449 0.5555559993
50723  40.590  -1.428  68.714 0.4444440007
50730  40.245  -1.158  67.973 0.5555559993
50731  39.460  -1.492  67.727 0.6666669846
51534  39.946  -0.952  67.179 0.5555559993
50752  38.971  -1.088  66.302 1.0000000000
51563  40.247  0.317  64.750 0.8888890147
94410  39.727  -0.281  64.849 0.7777780294
51552  39.221  -0.759  65.481 1.0000000000
95213  39.087  -0.450  64.519 0.8888890147
51564  39.530  0.345  64.129 0.8888890147
52424  38.981  0.642  63.359 0.8888890147
52436  38.467  0.838  62.546 0.8888890147
52437  37.805  0.382  62.092 1.0000000000
98443  36.693  -0.389  60.633 1.0000000000
51622  35.704  -0.973  59.147 1.0000000000
50831  33.017  -1.759  57.507 0.5555559993
50839  32.849  -1.223  56.853 0.3333329856
51527  41.046  -0.897  68.204 0.5555559993
51542  39.678  -0.834  66.346 0.6666669846
51551  40.235  -0.377  65.560 0.6666669846
51541  40.517  -0.597  66.476 0.5555559993
52406  40.911  0.355  65.323 0.6666669846
52415  40.142  1.110  64.062 0.7777780294
52423  39.534  1.292  63.415 0.7777780294
107129  39.027  1.492  62.770 0.7777780294
53356  39.060  2.035  61.847 0.7777780294
52445  38.257  1.211  61.606 0.8888890147
52446  37.638  0.594  61.336 0.8888890147
51603  37.118  0.049  61.010 1.0000000000
51613  36.387  -0.508  59.825 1.0000000000
51628  35.682  -0.797  58.295 1.0000000000
50823  35.170  -1.280  58.651 1.0000000000
50829  34.908  -1.185  57.932 0.7777780294
98361  35.025  -0.524  56.358 0.7777780294
50830  34.523  -0.988  57.063 0.7777780294
94484  33.982  -1.531  57.686 0.5555559993
50838  33.580  -1.196  56.922 0.5555559993
51640  34.082  -0.725  56.258 0.5555559993
51647  32.998  -0.199  55.778 0.3333329856
52488  32.252  -0.164  56.331 0.1111110002
52489  31.717  0.277  56.791 0.1111110002
53389  31.448  0.948  57.891 0.1111110002
53390  31.672  0.931  57.075 0.1111110002
54325  31.831  1.640  57.535 0.1111110002
51533  40.782  -0.741  67.329 0.5555559993
51532  41.638  -0.530  67.475 0.5555559993
51540  41.332  -0.361  66.605 0.5555559993
52382  42.150  -0.005  66.725 0.5555559993
52396  40.948  -0.163  65.974 0.5555559993
98698  41.685  0.359  65.875 0.5555559993
53328  40.531  1.946  64.077 0.5555559993
53339  39.973  2.087  63.504 0.4444440007
53340  39.549  2.337  62.671 0.5555559993
54273  40.777  3.234  62.799 0.4444440007
54260  40.053  2.945  63.203 0.5555559993
97118  41.258  3.242  61.672 0.3333329856
54274  40.174  3.078  62.068 0.5555559993
54289  40.023  2.756  61.216 0.4444440007
53368  38.760  1.809  61.015 0.6666669846
52454  38.143  1.293  60.702 0.7777780294
52455  37.518  0.636  60.707 0.8888890147
102735  37.752  0.955  60.190 0.6666669846
51612  37.131  0.287  60.176 1.0000000000
51621  36.362  -0.315  58.807 1.0000000000
51634  35.580  -0.608  57.317 1.0000000000
51639  35.445  -0.128  55.707 1.0000000000
51645  34.538  -0.213  55.640 0.7777780294
52496  34.969  0.196  54.965 0.6666669846
51646  33.735  -0.267  55.705 0.5555559993
51641  33.288  -0.755  56.288 0.4444440007
52507  34.611  0.678  54.295 0.6666669846
52497  34.175  0.252  55.085 0.3333329856
104967  33.571  0.255  55.316 0.3333329856
104636  32.617  0.441  55.744 0.1111110002
52508  33.785  0.810  54.649 0.3333329856
99762  33.165  0.613  55.263 0.3333329856
51525  42.728  -0.546  68.684 0.4444440007
52366  43.925  0.159  68.158 0.2222220004
91490  43.355  0.135  67.562 0.4444440007
51531  42.596  -0.281  67.613 0.5555559993
53278  44.674  1.098  68.005 0.3333329856
52381  43.833  0.851  67.218 0.5555559993
52404  42.127  1.246  65.571 0.5555559993
52405  41.477  1.174  65.131 0.4444440007
53317  41.812  2.479  65.243 0.5555559993
54249  40.688  2.906  64.238 0.4444440007
100030  40.314  2.781  63.762 0.4444440007
55200  41.638  3.320  62.370 0.4444440007
54286  42.358  2.734  61.457 0.1111110002
53366  41.733  1.956  60.477 0.1111110002
54288  40.996  3.022  60.854 0.1111110002
54298  40.729  2.596  60.114 0.1111110002
53367  39.630  2.272  60.626 0.2222220004
53377  39.117  1.911  60.103 0.4444440007
52462  38.499  1.474  59.744 0.5555559993
52463  37.785  0.979  59.487 0.7777780294
52464  37.050  0.325  59.230 0.8888890147
52471  37.925  1.030  58.623 0.8888890147
52472  37.120  0.357  58.343 1.0000000000
51633  36.421  -0.020  57.218 1.0000000000
51627  36.370  -0.159  57.939 1.0000000000
52487  36.356  0.042  55.902 1.0000000000
51638  35.999  -0.173  56.526 1.0000000000
52505  36.440  0.250  54.543 1.0000000000
52495  35.866  0.111  55.094 1.0000000000
52521  36.201  0.603  53.624 1.0000000000
52506  35.458  0.446  54.212 0.8888890147
107561  35.050  0.758  53.887 0.6666669846
52523  34.834  1.145  53.623 0.6666669846
53416  34.224  1.311  53.914 0.4444440007
53432  35.229  1.545  53.072 0.4444440007
97387  43.003  0.362  66.848 0.5555559993
53296  44.560  1.934  67.617 0.3333329856
52394  43.230  1.051  66.459 0.5555559993
53307  42.778  1.952  65.919 0.5555559993
54225  43.382  3.141  66.232 0.4444440007
54248  41.268  3.124  64.693 0.4444440007
55177  41.874  3.537  64.503 0.4444440007
55186  42.734  3.575  63.210 0.3333329856
55199  42.187  3.355  62.524 0.3333329856
54297  41.364  2.750  60.310 0.1111110002
52444  41.766  0.158  60.387 0.1111110002
53376  40.132  2.227  59.547 0.2222220004
52470  38.755  1.562  58.861 0.5555559993
95975  38.059  0.998  57.781 0.7777780294
52493  37.647  0.396  55.889 0.7777780294
52485  38.382  0.772  56.546 0.7777780294
106159  38.016  0.850  57.092 0.7777780294
52478  37.180  0.344  57.529 0.8888890147
53401  38.114  0.505  55.469 0.8888890147
52486  37.141  0.271  56.618 0.8888890147
53415  38.052  0.592  54.734 0.8888890147
109264  36.991  0.182  55.974 1.0000000000
52504  37.385  0.311  55.040 0.8888890147
52494  36.781  0.143  55.418 1.0000000000
52522  35.425  0.923  53.517 0.6666669846
54213  44.845  2.422  67.220 0.3333329856
53306  43.737  1.896  66.697 0.5555559993
54224  44.219  2.832  67.025 0.4444440007
55153  44.080  3.729  66.162 0.3333329856
54234  42.540  3.494  65.594 0.4444440007
55175  43.381  4.157  63.970 0.3333329856
54271  42.499  3.194  62.327 0.3333329856
54270  43.166  2.609  62.690 0.2222220004
53374  41.222  2.196  59.882 0.1111110002
52452  41.613  1.145  60.297 0.1111110002
53375  40.764  2.130  59.219 0.1111110002
51626  40.255  0.477  58.319 0.1111110002
51619  40.582  0.033  58.960 0.1111110002
52453  41.314  0.866  59.783 0.1111110002
53383  39.573  1.993  59.074 0.5555559993
92981  38.966  1.533  58.048 0.6666669846
53393  38.624  0.529  56.024 0.6666669846
52477  38.996  1.270  57.200 0.7777780294
53430  37.967  0.852  53.578 1.0000000000
52520  37.164  0.453  54.043 1.0000000000
95719  36.923  0.880  53.078 1.0000000000
53431  35.990  1.210  52.959 0.7777780294
53445  36.640  1.699  52.434 0.7777780294
54223  44.733  3.193  66.555 0.3333329856
55998  44.459  4.643  65.281 0.3333329856
56009  43.537  4.293  64.625 0.4444440007
56008  44.273  4.472  64.871 0.3333329856
54247  44.187  4.057  64.348 0.2222220004
95884  39.996  1.074  57.670 0.1111110002
51632  39.592  -0.142  57.323 0.1111110002
52469  40.523  1.062  58.605 0.1111110002
101014  39.877  -0.382  58.048 0.1111110002
52476  39.653  1.428  57.817 0.3333329856
53382  40.112  2.027  58.579 0.3333329856
105579  40.262  2.105  58.926 0.1111110002
53388  39.681  1.791  58.399 0.5555559993
91892  39.974  0.615  54.561 0.3333329856
52502  39.472  0.308  55.014 0.5555559993
52492  39.128  0.577  55.898 0.5555559993
52484  39.180  0.734  56.582 0.6666669846
52501  40.744  1.290  54.354 0.2222220004
53413  39.578  0.624  54.572 0.5555559993
52503  39.210  0.342  55.286 0.5555559993
54362  41.090  1.796  54.413 0.4444440007
53400  38.748  0.515  55.435 0.6666669846
53412  40.369  1.161  54.309 0.5555559993
53414  38.843  0.793  54.662 0.6666669846
53428  39.749  1.405  53.804 0.6666669846
53429  38.942  1.183  53.738 0.8888890147
102552  38.343  1.280  52.881 1.0000000000
53444  37.600  1.315  52.632 1.0000000000
54380  37.451  1.915  52.208 0.6666669846
53446  35.635  1.963  52.603 0.3333329856
54395  36.940  2.461  52.035 0.3333329856
54381  36.034  2.520  52.213 0.3333329856
53387  40.166  1.608  58.249 0.1111110002
52483  39.482  1.096  56.994 0.2222220004
53381  40.429  1.827  58.728 0.1111110002
94978  39.470  0.359  55.282 0.2222220004
52491  39.242  0.544  56.130 0.4444440007
96441  39.276  0.362  55.596 0.4444440007
53411  41.346  2.030  54.767 0.2222220004
53399  41.651  2.636  55.466 0.2222220004
54349  41.853  3.238  56.157 0.3333329856
54361  41.694  2.559  54.996 0.4444440007
104616  41.181  2.093  54.367 0.6666669846
53427  40.541  1.808  53.790 0.7777780294
53443  39.036  1.527  52.815 0.8888890147
53442  39.799  1.838  52.765 1.0000000000
54377  41.533  2.377  52.304 1.0000000000
106481  40.610  2.178  52.397 1.0000000000
54390  41.125  2.642  51.552 0.8888890147
94437  39.844  2.201  52.003 1.0000000000
54378  39.148  2.043  52.125 1.0000000000
54379  38.277  1.797  52.242 1.0000000000
54389  42.060  2.799  51.520 0.8888890147
54391  40.247  2.599  51.560 0.8888890147
54392  39.430  2.573  51.617 0.5555559993
54393  38.617  2.472  51.728 0.5555559993
55306  41.509  3.200  50.982 0.7777780294
54348  42.287  2.645  57.069 0.3333329856
54360  42.301  2.338  55.698 0.3333329856
54350  41.679  3.186  55.825 0.4444440007
54369  41.879  2.448  53.174 1.0000000000
106844  42.475  2.670  52.874 1.0000000000
54376  42.198  2.565  52.306 1.0000000000
54375  42.894  2.828  51.998 1.0000000000
94501  43.684  3.118  51.301 0.8888890147
55305  42.829  3.142  51.046 0.8888890147
104079  42.172  3.292  50.880 0.6666669846
102223  43.540  3.604  50.532 0.5555559993
55323  42.630  3.694  50.577 0.5555559993
54335  41.946  3.156  57.319 0.4444440007
54336  41.780  3.257  56.320 0.4444440007
54323  42.544  3.223  58.023 0.5555559993
55260  41.814  3.222  55.955 0.4444440007
55272  41.691  3.055  55.338 0.5555559993
55284  41.691  2.437  54.396 0.7777780294
91722  43.107  3.272  54.227 1.0000000000
55283  42.207  2.992  54.080 1.0000000000
54370  41.167  2.164  53.423 1.0000000000
55282  43.907  3.262  53.360 1.0000000000
54368  43.049  2.994  53.081 1.0000000000
55294  43.810  3.063  52.279 1.0000000000
55304  44.558  3.179  51.618 0.5555559993
55322  44.444  3.358  50.746 0.4444440007
55345  44.363  3.800  50.211 0.3333329856
106997  43.275  3.226  58.227 0.3333329856
91726  44.312  4.005  58.048 0.7777780294
55251  43.368  3.356  58.209 0.6666669846
55252  42.831  3.307  58.038 0.5555559993
55259  41.939  3.290  56.600 0.4444440007
55257  43.619  3.676  57.535 0.7777780294
55258  42.927  3.535  56.693 0.7777780294
55271  42.669  3.344  55.276 0.6666669846
105854  44.377  4.024  56.593 1.0000000000
91596  43.842  3.756  55.895 1.0000000000
98586  45.249  4.290  56.184 1.0000000000
55268  44.648  3.912  55.129 1.0000000000
55270  43.280  3.510  55.272 1.0000000000
55280  45.476  3.977  54.362 0.8888890147
55269  43.950  3.547  54.521 1.0000000000
55281  44.739  3.574  53.764 1.0000000000
55292  45.627  3.519  52.992 0.7777780294
55293  44.674  3.267  52.633 0.8888890147
97733  45.283  3.275  52.019 0.5555559993
55303  45.427  3.279  51.043 0.5555559993
54331  46.505  3.400  58.148 0.3333329856
55249  45.968  4.226  58.968 0.3333329856
55250  45.191  3.979  58.302 0.4444440007
56094  45.756  4.471  58.563 0.7777780294
56101  46.018  4.778  58.351 0.7777780294
55256  45.393  4.448  58.077 0.7777780294
55267  46.316  4.610  56.331 1.0000000000
98561  46.107  4.306  54.892 0.7777780294
55279  46.345  3.949  53.731 0.7777780294
55321  45.140  3.655  50.208 0.4444440007
99785  46.042  3.555  50.230 0.2222220004
54320  47.410  3.620  58.439 0.2222220004
55248  46.491  4.350  59.144 0.5555559993
55243  46.654  4.631  59.133 0.6666669846
91024  47.033  4.318  54.406 0.7777780294
105333  47.054  3.914  53.354 0.6666669846
55291  46.611  3.626  52.747 0.5555559993
96743  46.079  3.377  51.933 0.5555559993
55302  46.478  3.373  51.013 0.4444440007
55300  48.387  3.461  50.990 0.4444440007
96745  47.843  3.505  51.847 0.4444440007
55301  47.403  3.440  50.994 0.3333329856
55320  46.943  3.553  50.238 0.3333329856
55318  48.593  3.603  50.040 0.2222220004
55319  47.794  3.564  50.213 0.2222220004
55342  47.417  3.802  49.772 0.2222220004
55242  47.104  4.936  59.480 0.4444440007
54318  49.133  3.446  58.227 0.3333329856
54319  48.164  4.225  58.940 0.2222220004
97062  47.253  5.416  59.527 0.6666669846
56100  46.902  5.083  57.398 0.8888890147
56107  47.473  4.714  55.537 0.7777780294
55266  48.040  4.322  54.264 0.7777780294
55278  47.756  3.959  53.425 0.6666669846
55290  47.430  3.665  52.652 0.6666669846
96744  46.983  3.487  51.864 0.6666669846
96061  48.583  3.496  51.931 0.5555559993
55317  49.277  3.523  50.584 0.4444440007
97742  48.080  3.773  49.800 0.2222220004
55341  48.691  3.892  49.701 0.2222220004
54317  50.865  3.094  57.970 0.2222220004
56874  48.993  6.482  59.711 0.5555559993
104427  48.002  6.229  59.685 0.5555559993
56090  48.673  6.534  59.093 0.6666669846
56091  47.491  5.903  58.767 0.6666669846
105409  48.494  5.709  57.424 0.6666669846
56099  47.954  5.182  56.551 0.6666669846
56098  48.943  5.165  55.978 0.6666669846
56106  48.441  4.682  55.078 0.6666669846
55277  48.612  3.911  53.433 0.6666669846
55288  49.184  3.589  52.590 0.6666669846
55289  48.246  3.652  52.649 0.6666669846
55299  49.236  3.475  51.564 0.5555559993
103203  49.866  3.466  52.066 0.4444440007
55340  49.395  3.728  49.844 0.2222220004
55241  48.000  5.855  60.041 0.2222220004
55240  49.053  4.890  59.154 0.3333329856
102388  49.887  3.560  58.277 0.2222220004
55238  52.116  3.676  58.596 0.2222220004
55239  50.564  4.674  58.904 0.2222220004
56077  50.216  6.423  59.464 0.4444440007
56881  50.048  6.867  59.170 0.5555559993
56089  49.575  6.022  57.422 0.6666669846
56105  49.322  4.446  54.707 0.6666669846
55264  50.253  4.074  54.378 0.5555559993
55276  49.556  3.877  53.635 0.6666669846
55265  48.801  4.251  54.165 0.7777780294
90444  50.125  3.460  51.154 0.4444440007
103120  49.975  3.561  50.166 0.3333329856
55233  51.845  4.769  59.205 0.2222220004
56076  50.748  5.866  59.536 0.2222220004
56075  51.701  5.484  59.169 0.3333329856
56074  52.928  5.247  59.079 0.3333329856
102884  54.074  3.292  58.438 0.2222220004
56873  51.129  6.476  59.124 0.3333329856
56880  51.236  6.621  58.928 0.4444440007
90201  54.551  2.933  58.030 0.2222220004
102835  51.985  5.399  57.679 0.6666669846
56083  52.489  5.833  58.964 0.4444440007
90182  50.783  5.221  56.471 0.6666669846
100040  49.970  4.800  55.527 0.6666669846
89993  50.569  3.698  53.521 0.5555559993
90575  50.126  3.566  52.799 0.4444440007
103251  50.643  3.454  52.111 0.4444440007
89997  50.911  3.539  52.852 0.4444440007
90228  51.165  3.431  51.302 0.4444440007
89996  50.765  3.532  50.294 0.4444440007
103339  53.605  3.743  58.998 0.2222220004
103320  53.562  4.503  59.062 0.3333329856
102924  53.684  5.045  58.831 0.3333329856
103173  53.826  2.686  56.349 0.2222220004
103037  54.598  2.611  56.072 0.2222220004
102858  55.410  2.938  58.000 0.2222220004
103145  51.848  4.615  56.275 0.6666669846
103219  51.127  4.304  55.152 0.6666669846
89995  51.921  3.867  54.547 0.6666669846
99091  51.052  3.827  54.150 0.5555559993
89994  51.576  3.625  53.502 0.4444440007
102789  51.685  3.480  52.396 0.5555559993
90862  52.653  3.564  53.336 0.5555559993
103304  52.146  3.443  51.399 0.4444440007
103202  51.696  3.528  50.439 0.4444440007
89990  51.333  3.801  49.804 0.4444440007
57722  50.222  5.591  49.810 0.1111110002
102859  54.043  4.165  58.854 0.3333329856
90286  53.265  4.617  57.359 0.4444440007
89983  55.570  2.439  56.123 0.2222220004
90323  56.992  1.789  55.530 0.3333329856
102997  52.491  4.209  55.776 0.6666669846
90715  53.230  4.007  55.314 0.6666669846
103066  56.533  1.455  54.129 0.3333329856
89981  52.528  3.707  54.134 0.5555559993
89980  53.943  3.568  53.556 0.5555559993
102822  52.873  3.455  52.370 0.5555559993
102936  54.047  3.401  52.434 0.5555559993
102824  53.105  3.401  51.366 0.4444440007
57706  49.910  6.273  50.218 0.1111110002
103343  52.490  3.505  50.606 0.4444440007
56915  50.968  5.128  49.656 0.1111110002
56140  50.512  4.336  49.552 0.1111110002
100072  51.066  3.996  49.622 0.1111110002
107679  51.267  4.482  49.576 0.1111110002
56139  51.924  4.142  49.670 0.1111110002
90194  54.947  3.433  58.065 0.3333329856
90658  56.017  3.634  58.014 0.3333329856
90242  54.345  4.125  58.157 0.3333329856
89986  56.258  2.951  57.833 0.2222220004
102811  55.532  4.199  57.930 0.3333329856
103050  56.546  2.143  55.990 0.3333329856
102931  54.070  4.295  56.958 0.4444440007
89992  55.240  4.363  56.825 0.4444440007
103282  56.646  4.529  56.867 0.5555559993
103297  55.361  3.993  55.277 0.5555559993
90772  53.721  3.772  54.618 0.5555559993
90149  55.205  3.394  52.449 0.5555559993
58525  49.508  6.929  50.819 0.1111110002
58524  50.489  6.812  50.972 0.1111110002
102903  54.138  3.304  51.284 0.4444440007
89989  53.268  3.551  50.368 0.4444440007
90626  52.385  3.773  49.905 0.4444440007
90148  56.538  3.845  57.228 0.3333329856
89978  56.953  2.753  57.218 0.3333329856
90264  57.266  2.602  56.352 0.3333329856
108075  56.205  4.314  57.568 0.4444440007
109424  57.531  1.589  54.355 0.3333329856
102897  56.942  4.475  56.630 0.5555559993
89982  57.713  1.326  53.633 0.3333329856
102967  57.615  2.138  55.400 0.3333329856
102812  57.074  4.661  56.038 0.5555559993
90332  58.061  0.198  51.790 0.2222220004
89979  58.747  -0.024  50.807 0.2222220004
102816  55.685  3.673  54.049 0.4444440007
108419  56.063  3.421  52.513 0.5555559993
90173  57.561  4.076  53.036 0.5555559993
90174  56.949  3.364  51.432 0.5555559993
102911  55.539  3.252  51.491 0.5555559993
89987  54.375  3.501  50.227 0.4444440007
54413  55.612  3.274  50.349 0.4444440007
89984  56.817  3.255  50.253 0.4444440007
102933  57.433  3.692  55.746 0.4444440007
90470  58.109  0.846  52.702 0.3333329856
103342  57.051  4.520  56.288 0.4444440007
103220  58.443  0.444  51.777 0.2222220004
103295  57.454  4.414  55.162 0.4444440007
52556  59.148  -0.285  49.715 0.1111110002
103003  56.705  3.834  53.557 0.4444440007
103637  58.076  4.632  54.178 0.4444440007
102790  58.676  4.513  52.962 0.5555559993
102993  58.778  4.269  51.453 0.5555559993
54412  59.487  4.411  50.680 0.5555559993
103347  57.868  3.481  50.058 0.4444440007
90198  57.918  2.124  54.575 0.3333329856
103281  57.869  3.118  54.928 0.3333329856
103116  58.230  1.951  53.579 0.3333329856
102788  58.326  3.642  54.030 0.4444440007
90167  57.931  4.407  54.441 0.4444440007
103350  58.662  3.062  53.157 0.4444440007
52540  58.970  0.567  51.332 0.3333329856
102860  58.739  1.670  52.418 0.4444440007
52564  59.362  -0.307  49.229 0.3333329856
103630  59.376  2.146  51.629 0.4444440007
102813  58.900  4.159  53.404 0.4444440007
103296  58.434  4.401  53.752 0.4444440007
90667  59.725  3.747  52.264 0.4444440007
103344  59.303  3.759  52.717 0.4444440007
90279  59.965  3.959  51.653 0.5555559993
55333  60.243  4.082  49.836 0.4444440007
52555  59.203  0.003  50.291 0.3333329856
53466  59.472  1.456  50.795 0.4444440007
53478  59.603  0.921  49.898 0.3333329856
53488  59.687  0.843  49.068 0.3333329856
53454  60.305  3.425  51.243 0.4444440007
107900  60.090  3.675  51.532 0.4444440007
90947  60.208  3.210  50.793 0.4444440007
54411  60.319  3.445  49.840 0.4444440007
55353  60.206  4.179  49.123 0.4444440007
53477  59.927  2.423  50.442 0.4444440007
53500  59.554  0.788  48.263 0.3333329856
53487  60.053  2.527  49.807 0.4444440007
101366  60.381  3.572  50.542 0.4444440007
54423  58.388  1.636  46.371 0.2222220004
54417  60.119  2.980  49.064 0.4444440007
91015  60.040  4.124  48.588 0.4444440007
104522  59.479  2.492  48.206 0.4444440007
54419  59.156  3.232  47.564 0.4444440007
96077  1.692  -9.079  79.704 0.2222220004
93073  5.340  -8.025  80.210 0.6666669846
43219  1.602  -8.821  79.902 0.4444440007
46198  9.149  -6.520  81.437 0.1111110002
46206  8.654  -6.451  81.318 0.5555559993
91770  9.785  -7.649  80.391 0.1111110002
45182  9.640  -6.528  81.102 0.2222220004
47133  14.362  -5.466  79.414 0.5555559993
47135  12.583  -4.747  79.614 0.4444440007
45188  2.943  -7.747  80.006 0.4444440007
108706  17.701  -7.169  72.776 0.5555559993
46316  15.204  -6.043  71.129 0.4444440007
46317  14.645  -6.148  71.711 0.4444440007
45275  17.718  -7.087  71.318 0.4444440007
42318  25.545  -10.945  76.896 0.6666669846
42319  24.695  -10.911  76.486 0.7777780294
43321  23.925  -9.105  73.251 0.6666669846
45270  25.926  -7.140  71.888 0.4444440007
108644  28.442  -9.376  73.203 0.7777780294
44346  27.229  -8.435  70.252 0.4444440007
42349  32.376  -10.962  75.779 0.3333329856
45320  33.893  -7.047  67.976 0.8888890147
43334  35.258  -9.484  72.884 0.3333329856
46311  38.520  -7.188  71.330 0.3333329856
47218  39.028  -5.905  70.048 0.5555559993
50742  37.744  -1.723  66.356 1.0000000000
103975  32.727  -0.708  56.409 0.2222220004
50840  32.241  -0.936  56.878 0.1111110002
52414  40.810  1.075  64.590 0.6666669846
53327  41.122  2.103  64.608 0.6666669846
52395  42.546  0.766  66.141 0.5555559993
55187  41.702  3.433  63.442 0.4444440007
54259  40.610  3.074  63.743 0.5555559993
108158  39.655  2.608  61.981 0.5555559993
54272  42.085  3.191  61.690 0.2222220004
54258  41.115  3.215  64.242 0.5555559993
53365  42.312  1.645  61.071 0.1111110002
54287  41.888  2.969  60.787 0.1111110002
52443  42.154  0.483  60.765 0.1111110002
54235  41.925  3.481  65.043 0.4444440007
55154  43.350  4.210  65.779 0.4444440007
55176  42.736  4.033  64.089 0.4444440007
54257  42.908  3.644  63.095 0.3333329856
51610  40.947  -0.194  59.631 0.1111110002
54256  43.536  3.060  63.604 0.2222220004
52461  40.862  1.008  59.073 0.1111110002
53410  42.064  1.701  54.722 0.2222220004
54394  37.780  2.445  51.845 0.4444440007
55307  40.644  3.283  51.070 0.6666669846
55311  37.314  3.076  51.753 0.3333329856
97237  42.806  2.731  57.736 0.3333329856
100287  42.232  3.274  57.509 0.5555559993
54322  42.888  3.082  58.322 0.3333329856
56093  46.106  4.538  58.802 0.6666669846
55344  45.776  3.961  49.788 0.2222220004
56092  46.576  5.135  58.913 0.7777780294
56084  49.438  6.108  59.759 0.4444440007
91032  50.654  6.272  58.029 0.6666669846
105619  52.907  4.117  59.061 0.2222220004
90411  55.359  1.890  54.140 0.2222220004
90147  57.073  3.780  56.755 0.4444440007
53509  59.111  0.966  47.375 0.2222220004
44195  1.505  -8.534  79.974 0.2222220004
44193  1.455  -8.089  80.181 0.3333329856
45190  1.521  -7.523  80.204 0.1111110002
107518  1.714  -8.313  80.081 0.4444440007
45189  2.171  -7.575  80.180 0.2222220004
46210  2.705  -6.861  80.011 0.2222220004
46211  1.820  -6.439  79.937 0.1111110002
45180  1.856  -8.096  80.214 0.3333329856
46224  3.411  -6.343  79.729 0.2222220004
99789  2.648  -5.761  79.881 0.1111110002
47129  4.111  -5.753  79.534 0.1111110002
47130  3.491  -5.264  79.955 0.2222220004
46209  3.287  -7.260  79.931 0.2222220004
46223  4.183  -6.578  79.481 0.2222220004
46237  4.689  -6.148  79.011 0.1111110002
47139  5.217  -5.944  78.382 0.1111110002
47128  4.914  -5.360  79.145 0.1111110002
46222  4.841  -6.951  79.170 0.3333329856
46236  5.240  -6.596  78.555 0.3333329856
46247  5.569  -6.335  77.994 0.2222220004
47146  6.292  -5.798  77.137 0.1111110002
47147  5.715  -5.880  77.747 0.1111110002
97120  5.549  -5.320  78.345 0.1111110002
47155  6.908  -5.707  76.543 0.1111110002
47985  6.690  -4.865  77.134 0.1111110002
47986  6.102  -5.163  77.721 0.1111110002
47992  7.256  -4.842  76.509 0.1111110002
45213  5.534  -7.374  78.841 0.4444440007
45223  6.518  -7.122  77.885 0.5555559993
46235  5.846  -6.948  78.159 0.4444440007
46246  6.121  -6.505  77.474 0.4444440007
102036  6.795  -6.859  77.289 0.4444440007
46256  6.769  -6.406  76.799 0.3333329856
47154  7.424  -5.509  76.110 0.1111110002
48003  7.740  -4.843  75.954 0.1111110002
45212  6.302  -7.458  78.592 0.4444440007
46245  7.521  -6.821  76.851 0.4444440007
46255  7.496  -6.253  76.157 0.4444440007
46266  8.246  -6.206  75.610 0.4444440007
47165  7.878  -5.665  75.649 0.2222220004
47164  8.424  -5.717  75.248 0.1111110002
48002  8.317  -4.832  75.366 0.1111110002
46234  7.340  -7.167  77.805 0.5555559993
45211  6.898  -7.347  78.357 0.5555559993
95443  8.179  -6.984  77.653 0.5555559993
46254  8.189  -6.592  76.144 0.4444440007
106320  8.719  -6.419  75.621 0.4444440007
46280  8.901  -6.136  75.024 0.4444440007
47176  9.460  -5.727  74.421 0.3333329856
48016  9.460  -4.782  74.107 0.1111110002
47198  10.864  -4.816  72.894 0.1111110002
98943  7.492  -7.213  78.644 0.4444440007
46253  9.238  -6.677  76.325 0.4444440007
46244  8.598  -6.882  77.002 0.5555559993
46265  9.433  -6.421  75.414 0.4444440007
46264  10.224  -6.342  75.125 0.5555559993
46278  10.372  -6.127  74.442 0.4444440007
46279  9.673  -6.173  74.733 0.4444440007
46293  10.626  -5.854  73.793 0.3333329856
46294  9.972  -5.956  74.197 0.4444440007
46292  11.519  -5.884  73.556 0.3333329856
47187  10.522  -5.332  73.408 0.3333329856
46303  12.601  -5.810  72.599 0.4444440007
46304  11.895  -5.711  72.905 0.3333329856
47186  11.160  -5.559  73.178 0.2222220004
95386  12.231  -5.432  72.337 0.3333329856
47197  11.596  -5.268  72.637 0.2222220004
47196  12.837  -5.546  71.939 0.3333329856
48039  11.477  -4.592  72.456 0.1111110002
46277  11.167  -6.094  74.207 0.5555559993
46318  13.993  -6.016  71.928 0.3333329856
46302  13.280  -5.919  72.259 0.3333329856
47209  13.570  -5.549  71.575 0.3333329856
48052  12.547  -4.335  71.772 0.2222220004
94325  13.147  -4.813  71.441 0.2222220004
47208  14.414  -5.645  71.203 0.2222220004
47231  13.971  -4.937  71.019 0.2222220004
47230  14.717  -5.057  70.667 0.2222220004
45257  24.819  -7.485  72.817 0.3333329856
44302  24.238  -7.937  72.305 0.3333329856
46336  15.870  -6.060  70.704 0.2222220004
47229  15.474  -5.373  70.492 0.2222220004
45271  25.366  -6.921  72.151 0.4444440007
45272  24.829  -7.063  72.209 0.3333329856
44326  23.986  -7.675  71.451 0.3333329856
45286  24.598  -6.730  71.326 0.3333329856
45287  23.973  -7.170  70.733 0.2222220004
46313  25.024  -6.567  71.692 0.3333329856
43322  23.362  -9.799  73.575 0.5555559993
44303  23.732  -8.777  72.488 0.4444440007
43343  23.035  -9.014  71.916 0.4444440007
93421  23.633  -8.480  71.827 0.3333329856
46335  16.532  -6.334  70.597 0.2222220004
44327  23.248  -8.500  71.127 0.3333329856
44348  23.451  -7.955  70.431 0.2222220004
46312  25.411  -6.435  71.267 0.3333329856
45285  26.065  -6.852  70.828 0.3333329856
95703  21.799  -9.458  73.718 0.5555559993
43323  22.585  -9.775  73.374 0.4444440007
93246  23.213  -9.478  72.783 0.4444440007
43324  21.827  -9.301  72.960 0.4444440007
94705  21.159  -8.730  72.762 0.4444440007
43344  22.464  -9.365  72.483 0.4444440007
43345  21.733  -8.984  72.245 0.4444440007
43369  22.261  -9.002  71.829 0.4444440007
44329  21.547  -8.725  71.399 0.2222220004
44330  20.634  -8.336  71.568 0.3333329856
44328  22.460  -8.776  71.141 0.2222220004
44350  21.824  -8.596  70.413 0.2222220004
46334  17.401  -6.616  70.409 0.2222220004
44349  22.731  -8.463  70.313 0.2222220004
44369  22.994  -7.975  69.563 0.2222220004
44370  22.125  -8.312  69.562 0.2222220004
44280  21.316  -8.917  73.373 0.6666669846
97128  20.436  -8.221  72.498 0.3333329856
106896  21.086  -8.612  72.092 0.3333329856
44331  19.907  -7.876  71.845 0.3333329856
44351  20.911  -8.385  70.640 0.2222220004
44352  20.062  -8.029  70.883 0.2222220004
46350  17.777  -6.016  69.684 0.2222220004
45288  20.293  -8.000  69.958 0.1111110002
44371  21.193  -8.245  69.752 0.2222220004
45301  21.493  -7.889  69.045 0.2222220004
45302  20.641  -7.665  69.280 0.2222220004
44304  19.778  -7.798  72.565 0.4444440007
93933  19.151  -7.556  72.157 0.3333329856
45273  19.296  -7.653  71.170 0.2222220004
45274  18.505  -7.390  71.334 0.3333329856
45291  18.080  -7.053  70.664 0.2222220004
45290  18.718  -7.298  70.448 0.1111110002
46333  18.220  -6.714  69.955 0.1111110002
45289  19.489  -7.611  70.211 0.1111110002
105114  18.627  -6.196  69.411 0.2222220004
45303  19.832  -7.303  69.470 0.2222220004
46348  20.232  -6.893  68.953 0.2222220004
108223  33.748  -6.832  67.456 0.5555559993
94737  33.165  -7.117  67.570 0.5555559993
45310  32.647  -7.651  67.943 0.3333329856
45331  32.686  -6.743  66.907 0.3333329856
46374  34.397  -6.648  67.335 0.6666669846
46385  34.438  -6.251  66.457 0.4444440007
46375  33.594  -6.609  66.828 0.4444440007
46397  33.675  -6.065  65.912 0.3333329856
101126  32.992  -6.393  66.315 0.2222220004
46398  32.728  -5.953  65.889 0.3333329856
46384  35.054  -6.234  66.914 0.5555559993
47302  33.141  -5.285  65.400 0.2222220004
47287  35.192  -5.617  66.302 0.5555559993
47288  34.491  -5.741  65.892 0.5555559993
47301  34.108  -5.333  65.411 0.2222220004
48116  35.476  -4.872  65.903 0.4444440007
47300  34.880  -5.142  65.604 0.5555559993
47286  35.937  -5.001  66.469 0.7777780294
48124  35.195  -4.347  65.402 0.3333329856
49026  35.475  -3.376  65.350 0.6666669846
48135  34.705  -3.677  64.745 0.3333329856
49036  34.060  -3.509  64.166 0.3333329856
97770  33.272  -3.777  64.081 0.1111110002
49948  34.510  -2.860  64.137 0.3333329856
49044  33.764  -3.091  63.580 0.2222220004
50816  35.069  -1.541  59.316 0.7777780294
92517  34.422  -1.686  58.615 0.6666669846
50002  33.834  -2.171  59.068 0.7777780294
50003  33.026  -2.428  58.715 0.4444440007
50004  32.226  -2.507  58.381 0.2222220004
49956  34.424  -2.529  63.402 0.6666669846
49974  34.227  -2.400  61.531 0.7777780294
49967  33.698  -2.703  62.213 0.5555559993
49056  33.028  -2.973  61.863 0.2222220004
49982  34.917  -1.972  61.170 0.6666669846
49975  33.523  -2.743  61.445 0.5555559993
50817  34.475  -1.929  59.405 0.6666669846
50810  34.896  -1.869  60.175 0.6666669846
49983  34.389  -2.275  60.645 0.6666669846
49984  33.642  -2.644  60.574 0.5555559993
49995  32.412  -2.812  59.150 0.2222220004
49957  33.877  -2.719  62.961 0.6666669846
49966  34.350  -2.377  62.559 0.7777780294
55309  38.994  3.119  51.409 0.4444440007
55308  39.800  3.165  51.272 0.4444440007
56122  38.631  3.897  51.497 0.2222220004
56920  39.948  4.599  51.206 0.3333329856
107014  38.373  4.622  51.754 0.2222220004
99985  39.163  4.876  51.567 0.2222220004
56907  38.578  5.286  52.060 0.2222220004
56893  38.067  5.626  53.300 0.1111110002
57669  39.385  6.127  56.805 0.1111110002
104908  41.195  3.747  50.757 0.5555559993
57675  38.961  5.985  55.317 0.1111110002
98457  41.867  3.757  50.623 0.5555559993
56919  40.616  5.068  51.013 0.2222220004
56898  39.429  5.770  52.099 0.2222220004
57684  38.885  5.884  53.426 0.1111110002
58467  40.699  6.682  57.615 0.1111110002
104284  40.408  6.516  55.744 0.1111110002
58475  39.870  6.312  56.318 0.1111110002
57674  39.688  6.280  55.523 0.1111110002
57677  40.207  6.453  54.953 0.1111110002
57678  39.510  6.202  54.688 0.1111110002
57683  39.430  6.114  53.828 0.1111110002
56129  41.372  4.547  50.625 0.3333329856
57698  40.210  5.965  51.873 0.2222220004
57689  39.423  6.077  52.960 0.1111110002
108522  39.955  6.334  53.390 0.1111110002
56128  42.329  4.439  50.382 0.2222220004
56918  41.315  5.494  50.902 0.2222220004
56905  40.712  5.766  51.428 0.2222220004
57697  40.824  6.304  51.907 0.1111110002
57688  41.135  6.586  52.631 0.1111110002
107375  40.216  6.271  52.575 0.1111110002
56935  43.053  4.825  50.176 0.2222220004
91220  41.881  5.179  50.521 0.2222220004
56904  41.409  6.124  51.364 0.2222220004
56917  42.462  5.260  50.383 0.2222220004
57713  42.114  5.879  50.773 0.2222220004
57687  41.541  6.586  51.925 0.1111110002
56127  43.073  4.129  50.290 0.2222220004
56147  43.833  4.344  50.052 0.2222220004
47981  6.441  -4.434  77.829 0.1111110002
47177  8.853  -5.309  74.756 0.2222220004
48017  8.894  -4.298  74.801 0.1111110002
48028  10.147  -4.733  73.442 0.1111110002
47188  9.971  -5.488  73.824 0.1111110002
47210  12.490  -5.013  71.832 0.2222220004
47211  11.997  -4.793  72.147 0.2222220004
48051  13.740  -4.164  71.136 0.1111110002
48074  14.457  -4.307  70.789 0.1111110002
108661  14.948  -5.538  70.823 0.2222220004
46331  24.968  -6.068  71.030 0.2222220004
47227  16.990  -5.867  69.984 0.1111110002
45315  20.973  -7.169  68.800 0.2222220004
45304  19.021  -6.944  69.685 0.1111110002
46349  19.505  -6.390  69.097 0.2222220004
49993  34.132  -2.305  59.880 0.4444440007
49994  33.334  -2.597  59.555 0.3333329856
50009  32.788  -2.183  58.100 0.2222220004
49985  32.719  -2.949  60.073 0.2222220004
49976  32.906  -2.960  61.000 0.2222220004
56130  40.065  3.847  51.102 0.4444440007
56121  39.425  3.895  51.302 0.3333329856
55324  40.605  4.194  50.868 0.4444440007
56908  37.857  4.880  52.088 0.1111110002
56906  39.991  5.413  51.517 0.2222220004
56899  38.735  5.726  52.686 0.2222220004
97832  38.112  5.400  52.522 0.2222220004
91260  39.186  6.082  56.132 0.1111110002
58469  39.872  6.362  57.968 0.1111110002
58468  39.946  6.309  57.152 0.1111110002
57679  38.693  5.857  54.311 0.1111110002
57682  40.070  6.410  54.142 0.1111110002
41320  22.441  -11.776  77.655 0.4444440007
41327  25.001  -11.748  77.064 0.3333329856
41319  23.178  -11.740  77.860 0.4444440007
40258  22.735  -12.091  77.981 0.3333329856
40259  22.272  -12.006  77.738 0.2222220004
99145  24.180  -11.557  77.189 0.6666669846
42310  21.668  -10.906  77.139 0.4444440007
42309  22.741  -11.585  77.605 0.4444440007
41321  21.370  -10.993  77.192 0.3333329856
91508  22.958  -11.247  77.058 0.4444440007
96440  23.811  -11.195  76.742 0.4444440007
41329  21.554  -11.484  77.262 0.2222220004
106577  21.017  -10.170  77.720 0.3333329856
42321  22.199  -11.030  77.202 0.5555559993
42322  21.562  -10.354  77.237 0.5555559993
43267  21.615  -9.877  76.782 0.5555559993
42338  22.233  -10.664  76.731 0.5555559993
44206  19.398  -8.565  79.065 0.3333329856
45202  18.719  -8.281  78.737 0.3333329856
45193  18.005  -8.324  78.926 0.3333329856
45194  16.993  -7.973  78.824 0.3333329856
46214  16.037  -7.342  79.099 0.3333329856
45195  15.331  -7.184  79.735 0.3333329856
45181  15.072  -6.681  79.995 0.3333329856
46203  14.220  -5.906  80.000 0.3333329856
44205  20.671  -8.968  78.861 0.4444440007
44216  20.090  -8.589  78.566 0.4444440007
45203  18.124  -8.258  78.903 0.3333329856
43234  20.880  -9.324  78.479 0.4444440007
44215  20.583  -8.792  78.282 0.4444440007
106977  19.363  -8.297  78.341 0.4444440007
43249  21.194  -9.539  77.634 0.5555559993
44214  20.958  -8.946  78.103 0.5555559993
44228  21.160  -8.977  76.965 0.5555559993
45205  16.592  -7.510  78.676 0.3333329856
46215  15.381  -6.583  79.714 0.3333329856
47113  14.996  -6.029  79.952 0.3333329856
46226  15.963  -6.840  79.067 0.3333329856
47121  15.008  -5.875  79.761 0.3333329856
98418  19.672  -8.197  77.494 0.4444440007
45216  18.008  -7.906  78.047 0.4444440007
46227  15.413  -6.266  79.307 0.4444440007
42331  31.172  -11.152  75.984 0.2222220004
98628  20.435  -8.547  77.438 0.6666669846
45215  18.917  -7.972  77.695 0.5555559993
98472  21.492  -9.516  76.128 0.6666669846
45225  19.275  -7.859  76.606 0.6666669846
45226  18.385  -7.704  76.873 0.6666669846
44230  19.969  -8.110  76.627 0.6666669846
45232  17.908  -7.427  75.982 0.6666669846
41352  35.420  -11.259  74.103 0.1111110002
40293  33.336  -11.504  74.280 0.2222220004
41361  35.646  -11.261  73.646 0.1111110002
41353  34.649  -11.507  74.048 0.1111110002
97625  34.039  -10.978  74.182 0.2222220004
98487  36.349  -10.956  73.260 0.1111110002
41351  35.968  -10.856  74.124 0.1111110002
42365  35.946  -10.642  74.106 0.2222220004
42366  35.624  -10.738  74.121 0.2222220004
42367  35.009  -10.757  74.092 0.2222220004
43293  35.689  -10.368  74.088 0.2222220004
43312  37.111  -9.803  73.195 0.2222220004
43292  36.227  -10.045  73.443 0.2222220004
45268  38.388  -7.839  72.183 0.3333329856
48981  39.759  -3.173  69.448 0.6666669846
49896  39.674  -2.378  68.900 0.5555559993
50824  33.507  -1.979  58.269 0.5555559993
53417  33.637  1.600  54.206 0.2222220004
53433  34.594  1.861  53.271 0.2222220004
54371  34.158  2.546  53.286 0.1111110002
54383  34.694  2.465  52.870 0.1111110002
55310  38.153  3.098  51.560 0.3333329856
46216  13.856  -6.050  80.008 0.2222220004
42335  27.585  -10.668  76.133 0.4444440007
50832  32.317  -1.576  57.336 0.1111110002
104241  24.693  -11.400  77.035 0.3333329856
42320  23.519  -11.624  77.744 0.4444440007
41328  23.919  -11.731  77.658 0.4444440007
40266  22.676  -12.524  77.630 0.2222220004
41322  20.633  -10.496  77.529 0.3333329856
97647  21.071  -9.961  77.854 0.5555559993
108801  14.327  -6.725  79.987 0.3333329856
53447  35.029  2.139  52.800 0.1111110002
53434  33.991  1.925  53.649 0.1111110002
54372  33.594  2.362  53.875 0.1111110002
44399  31.827  -7.910  67.914 0.2222220004
44383  31.186  -8.234  68.337 0.2222220004
45321  32.266  -7.279  67.385 0.2222220004
49045  33.142  -3.100  62.749 0.1111110002
55360  59.542  4.389  48.223 0.3333329856
55354  59.519  4.468  48.820 0.3333329856
55335  56.970  3.449  49.414 0.2222220004
106043  58.346  4.470  48.209 0.2222220004
55355  57.441  3.952  48.605 0.2222220004
47233  39.284  -5.274  69.822 0.5555559993
55334  58.557  3.960  49.437 0.2222220004
48136  33.960  -4.179  64.519 0.1111110002
43221  20.626  -9.676  78.422 0.3333329856
43231  0.915  -9.140  79.403 0.2222220004
100824  39.625  -4.009  69.709 0.6666669846
49046  32.056  -3.466  62.820 0.1111110002
40310  34.100  -11.927  74.019 0.1111110002
43420  27.865  -8.814  69.903 0.3333329856
43419  28.654  -9.023  69.783 0.3333329856
44365  29.046  -8.678  69.077 0.2222220004
48060  39.809  -4.712  70.025 0.3333329856
48078  39.176  -4.641  69.503 0.5555559993
48961  40.349  -3.832  70.158 0.5555559993
48980  40.452  -3.012  69.758 0.4444440007
49895  40.314  -2.429  69.379 0.4444440007
42317  26.343  -10.733  77.030 0.4444440007
42316  26.945  -10.670  77.007 0.4444440007
50717  40.248  -1.919  69.021 0.4444440007
55152  44.873  4.266  66.068 0.1111110002
40330  34.075  -12.081  73.656 0.1111110002
40294  33.303  -11.958  74.237 0.1111110002
40311  33.402  -12.153  73.898 0.1111110002
40255  6.092  -12.720  80.944 0.1111110002
40254  6.562  -12.137  80.884 0.1111110002
40250  6.502  -12.533  81.602 0.1111110002
41315  6.574  -11.515  80.437 0.1111110002
105974  6.416  -12.307  80.081 0.1111110002
109914  6.555  -11.671  79.676 0.1111110002
41312  6.711  -11.437  81.331 0.1111110002
41309  6.902  -11.418  81.702 0.1111110002
101960  6.507  -10.918  79.786 0.1111110002
42308  6.396  -10.498  79.130 0.1111110002
43239  6.139  -9.928  78.804 0.1111110002
42314  6.386  -10.652  78.385 0.1111110002
42304  6.533  -10.614  80.723 0.1111110002
43226  6.291  -10.043  79.858 0.1111110002
43227  5.868  -9.618  79.565 0.1111110002
105511  5.418  -9.464  79.027 0.1111110002
43243  0.758  -9.524  78.748 0.1111110002
43228  4.532  -9.223  79.372 0.1111110002
43240  5.595  -9.664  78.137 0.1111110002
43229  3.641  -9.049  79.849 0.1111110002
43276  1.187  -10.229  77.112 0.1111110002
43258  1.090  -9.949  78.031 0.1111110002
42315  0.069  -10.098  78.201 0.1111110002
43244  0.211  -9.562  78.675 0.1111110002
91607  4.182  -9.360  78.031 0.1111110002
43220  0.968  -8.875  79.712 0.1111110002
43232  0.507  -9.094  79.224 0.1111110002
44203  0.399  -8.770  79.458 0.1111110002
91608  3.732  -9.246  78.812 0.1111110002
43230  2.680  -9.124  79.436 0.1111110002
92811  4.053  -9.471  77.330 0.1111110002
106824  2.265  -10.001  76.714 0.1111110002
43275  2.002  -9.858  77.378 0.1111110002
43289  3.518  -9.812  75.870 0.1111110002
43290  2.594  -10.119  76.008 0.1111110002
42344  1.502  -10.391  76.287 0.1111110002
44197  0.313  -8.253  79.519 0.1111110002
43233  0.027  -9.225  79.009 0.1111110002
44204  -0.007  -8.569  79.268 0.1111110002
43245  -0.241  -9.708  78.288 0.1111110002
43273  4.855  -9.544  76.704 0.1111110002
43308  3.984  -9.851  75.138 0.1111110002
45201  0.078  -7.686  79.402 0.1111110002
48953  12.764  -3.650  71.839 0.1111110002
105070  13.129  -4.031  71.475 0.1111110002
47228  16.284  -5.611  70.235 0.1111110002
44366  28.171  -8.514  69.156 0.1111110002
44367  27.432  -8.240  69.433 0.1111110002
45298  26.839  -7.896  69.820 0.2222220004
40276  24.327  -12.265  77.110 0.2222220004
40265  23.298  -12.245  77.674 0.2222220004
44385  29.469  -8.259  68.323 0.1111110002
105358  19.190  -5.736  69.170 0.1111110002
46364  20.065  -6.099  68.774 0.1111110002
109655  19.654  -5.927  68.925 0.1111110002
99023  19.116  -5.087  69.387 0.1111110002
44384  30.390  -8.289  68.306 0.1111110002
45322  31.357  -7.275  67.310 0.1111110002
109948  26.528  -7.363  70.170 0.1111110002
45300  22.378  -7.760  68.992 0.1111110002
46329  26.047  -5.946  70.505 0.1111110002
45299  23.086  -7.247  69.079 0.1111110002
45314  21.777  -7.198  68.709 0.1111110002
46330  25.482  -5.477  70.520 0.1111110002
47223  27.750  -5.367  70.005 0.1111110002
45332  31.847  -6.714  66.891 0.1111110002
100091  26.816  -5.922  69.865 0.1111110002
47224  26.328  -5.204  70.285 0.1111110002
46332  24.305  -6.346  70.394 0.1111110002
46346  24.183  -5.717  69.883 0.1111110002
44368  23.605  -7.224  69.875 0.1111110002
46386  32.283  -6.305  66.390 0.1111110002
46347  23.617  -6.338  69.365 0.1111110002
48066  26.524  -4.553  70.379 0.1111110002
47289  32.079  -5.840  66.111 0.1111110002
47290  31.642  -5.327  66.312 0.1111110002
46310  39.333  -6.923  71.414 0.3333329856
46325  39.531  -6.409  70.683 0.1111110002
47217  39.820  -5.621  70.263 0.1111110002
104864  40.611  -5.642  70.754 0.2222220004
47216  41.325  -5.372  70.446 0.2222220004
48059  40.656  -4.785  70.669 0.2222220004
100700  41.050  -3.994  70.613 0.2222220004
49883  41.625  -2.662  70.127 0.2222220004
49884  40.900  -2.488  69.820 0.3333329856
50716  40.929  -1.802  69.455 0.3333329856
50705  41.462  -2.026  70.016 0.3333329856
50714  42.831  -1.240  70.077 0.1111110002
50715  41.812  -1.469  69.804 0.3333329856
52365  44.444  0.176  68.159 0.1111110002
52353  43.901  -0.369  68.775 0.1111110002
51517  43.696  -1.004  70.070 0.3333329856
51518  43.077  -0.743  69.589 0.2222220004
50722  41.377  -1.142  69.047 0.3333329856
51637  39.405  -0.131  56.543 0.1111110002
52354  43.381  -0.480  68.844 0.3333329856
51651  39.844  -0.136  54.631 0.1111110002
52500  41.390  1.365  54.401 0.1111110002
54333  43.093  2.999  58.393 0.2222220004
54334  42.467  2.913  58.135 0.3333329856
94195  44.259  2.913  57.986 0.2222220004
54345  46.238  2.615  57.023 0.1111110002
54332  45.192  3.547  58.260 0.2222220004
54321  43.933  3.351  58.267 0.2222220004
102400  43.794  3.482  58.139 0.2222220004
44196  0.812  -8.279  79.916 0.2222220004
43216  5.180  -9.271  79.860 0.1111110002
103490  4.415  -9.069  80.132 0.1111110002
43257  2.360  -9.554  77.969 0.1111110002
43242  2.802  -9.321  78.592 0.1111110002
51526  41.904  -0.683  68.428 0.3333329856
97892  43.189  2.397  56.661 0.2222220004
54359  43.111  2.103  55.685 0.2222220004
109355  1.197  -9.246  79.274 0.1111110002
44400  30.820  -7.860  67.670 0.1111110002
41318  6.540  -11.367  78.939 0.1111110002
106360  6.473  -12.233  79.201 0.1111110002
43241  4.752  -9.361  78.487 0.1111110002
43255  4.885  -9.461  77.639 0.1111110002
43256  3.388  -9.397  77.961 0.1111110002
43272  5.609  -9.757  77.251 0.1111110002
108369  3.082  -9.824  76.453 0.1111110002
43274  3.029  -9.646  77.173 0.1111110002
42361  3.013  -10.229  75.310 0.1111110002
43288  4.423  -9.637  75.842 0.1111110002
42362  1.959  -10.523  75.505 0.1111110002
98366  3.852  -9.605  76.547 0.1111110002
39388  23.700  -12.888  77.010 0.2222220004
103808  26.807  -7.284  69.630 0.1111110002
47246  18.325  -5.295  69.443 0.1111110002
47245  19.837  -5.615  69.030 0.1111110002
44401  29.927  -7.788  67.699 0.1111110002
45323  30.482  -7.201  67.407 0.1111110002
46345  26.547  -6.650  69.985 0.1111110002
93464  24.736  -5.496  70.438 0.1111110002
46362  22.124  -6.456  68.635 0.1111110002
48082  27.025  -5.234  69.994 0.1111110002
47239  27.506  -5.952  69.526 0.1111110002
47225  25.782  -4.568  70.389 0.1111110002
47226  25.063  -4.760  70.357 0.1111110002
46387  31.630  -6.093  66.574 0.1111110002
47303  32.264  -5.294  65.755 0.1111110002
47202  40.227  -6.243  70.800 0.1111110002
50704  42.140  -1.945  70.079 0.2222220004
51519  42.260  -0.889  69.393 0.2222220004
54347  43.760  2.566  57.221 0.2222220004
54357  45.004  2.219  56.121 0.2222220004
54346  45.390  2.670  57.159 0.2222220004
55295  36.479  3.121  51.998 0.1111110002
55336  55.872  3.542  49.580 0.2222220004
52565  59.284  -0.499  48.638 0.1111110002
52574  59.419  -0.550  48.263 0.2222220004
90178  56.964  0.993  53.316 0.2222220004
56124  36.960  3.655  51.971 0.1111110002
91325  26.084  -12.146  75.738 0.1111110002
104576  25.843  -12.318  76.574 0.1111110002
40288  25.149  -12.542  75.979 0.1111110002
40289  24.399  -12.835  75.438 0.1111110002
39418  23.085  -14.006  74.969 0.1111110002
39396  25.091  -12.503  76.695 0.1111110002
39408  24.052  -13.036  76.143 0.1111110002
39429  22.632  -13.853  73.687 0.1111110002
39438  22.388  -13.548  72.605 0.1111110002
39439  22.045  -13.594  72.878 0.1111110002
39398  23.469  -13.259  76.467 0.1111110002
39420  22.381  -13.830  74.357 0.1111110002
40304  21.656  -13.105  74.117 0.1111110002
39430  22.121  -13.669  73.606 0.1111110002
40283  30.652  -12.251  75.534 0.1111110002
40272  29.442  -12.084  76.062 0.1111110002
40273  28.539  -11.984  75.980 0.1111110002
40269  31.860  -11.912  76.104 0.1111110002
41333  31.586  -11.645  76.147 0.1111110002
40271  30.291  -12.041  75.988 0.1111110002
41336  29.055  -11.634  76.066 0.1111110002
41335  29.904  -11.783  76.059 0.1111110002
41337  28.074  -11.451  76.059 0.1111110002
97898  19.996  -10.517  77.209 0.1111110002
109370  20.305  -10.876  76.823 0.1111110002
42339  19.935  -10.618  76.410 0.1111110002
99519  28.605  -10.978  76.110 0.1111110002
41341  20.605  -11.267  76.288 0.1111110002
40263  26.073  -12.189  76.952 0.1111110002
40278  22.182  -12.867  76.910 0.1111110002
41346  21.236  -12.128  75.750 0.1111110002
39400  22.543  -13.516  76.139 0.1111110002
96050  21.824  -12.819  76.257 0.1111110002
41347  20.584  -11.434  75.132 0.1111110002
39410  22.974  -13.984  75.518 0.1111110002
40290  21.852  -13.203  75.223 0.1111110002
41355  20.538  -11.563  74.214 0.1111110002
42374  19.903  -10.992  74.463 0.1111110002
41354  21.123  -12.243  74.687 0.1111110002
40281  32.160  -11.957  75.576 0.1111110002
41344  32.405  -11.472  75.402 0.1111110002
42323  19.876  -10.212  77.964 0.2222220004
42340  19.409  -10.174  76.880 0.1111110002
41326  26.143  -11.712  77.061 0.1111110002
45210  11.631  -6.782  78.831 0.1111110002
42324  19.543  -10.124  77.930 0.2222220004
45209  12.617  -6.830  78.896 0.1111110002
42312  19.711  -9.931  78.725 0.2222220004
42311  20.107  -9.992  78.440 0.2222220004
43250  18.998  -9.818  78.613 0.1111110002
46228  13.191  -6.293  79.710 0.1111110002
108550  19.977  -9.886  78.854 0.2222220004
43235  19.119  -9.693  78.957 0.2222220004
44220  14.740  -8.158  77.848 0.1111110002
41316  20.537  -9.990  77.987 0.2222220004
43252  17.611  -9.293  77.990 0.1111110002
44217  17.077  -9.005  78.316 0.1111110002
44218  16.543  -8.676  77.815 0.1111110002
93595  15.280  -8.307  76.960 0.1111110002
44274  37.529  -9.069  73.182 0.1111110002
45197  13.963  -7.001  79.827 0.1111110002
45207  14.522  -7.515  79.501 0.1111110002
45208  13.634  -7.234  79.229 0.1111110002
44210  15.013  -8.062  78.963 0.1111110002
45218  14.155  -7.832  78.590 0.1111110002
42305  20.248  -9.765  78.777 0.2222220004
43222  20.487  -9.363  78.989 0.2222220004
43224  17.949  -9.146  79.176 0.1111110002
44207  17.221  -8.916  78.657 0.2222220004
44208  16.552  -8.509  78.497 0.2222220004
44219  15.754  -8.343  78.164 0.1111110002
44198  20.087  -8.974  79.151 0.2222220004
43223  18.825  -9.344  79.082 0.2222220004
44200  17.335  -8.546  78.781 0.2222220004
45196  14.782  -7.099  80.000 0.1111110002
45206  15.185  -7.659  79.510 0.1111110002
108207  15.644  -7.736  79.188 0.1111110002
44209  15.771  -8.144  78.961 0.1111110002
45267  39.274  -7.475  72.057 0.1111110002
44201  16.505  -8.202  78.715 0.1111110002
52498  32.072  0.882  56.210 0.1111110002
52509  33.263  1.252  54.791 0.1111110002
53402  32.677  1.301  55.357 0.1111110002
53394  32.238  1.745  55.943 0.1111110002
54364  33.112  2.074  54.620 0.1111110002
54351  32.631  2.283  55.384 0.1111110002
56123  37.734  3.942  51.719 0.1111110002
56916  43.076  5.724  50.370 0.1111110002
57696  42.124  6.507  51.394 0.1111110002
56146  44.893  4.262  49.819 0.1111110002
107361  43.628  5.171  50.021 0.1111110002
92131  44.350  5.080  49.796 0.1111110002
57695  42.828  6.458  50.876 0.1111110002
57729  43.959  5.810  50.113 0.1111110002
56145  45.656  4.488  49.634 0.1111110002
56934  45.212  5.104  49.612 0.1111110002
56144  46.361  4.359  49.583 0.1111110002
57712  43.615  6.403  50.562 0.1111110002
55343  46.606  3.860  49.767 0.1111110002
57728  44.788  5.852  49.842 0.1111110002
57727  45.680  5.882  49.666 0.1111110002
56933  46.062  5.108  49.515 0.1111110002
97737  47.971  4.074  49.585 0.1111110002
56143  47.181  4.246  49.550 0.1111110002
56932  46.915  5.016  49.440 0.1111110002
55338  53.446  3.854  49.860 0.1111110002
56138  52.857  4.044  49.742 0.1111110002
54422  58.565  3.312  46.276 0.2222220004
55337  55.062  3.722  49.766 0.1111110002
55362  59.416  4.657  47.515 0.2222220004
55359  59.524  4.508  48.096 0.2222220004
55365  58.312  3.036  44.906 0.2222220004
55364  59.258  3.913  45.550 0.2222220004
55368  59.884  3.801  44.358 0.2222220004
56927  53.021  4.595  49.698 0.1111110002
55356  56.240  3.976  48.920 0.1111110002
55357  55.461  4.247  49.320 0.1111110002
56137  53.861  4.306  49.715 0.1111110002
56170  59.979  5.074  46.470 0.2222220004
56163  59.860  6.016  47.720 0.2222220004
56136  55.023  4.736  49.413 0.1111110002
56169  60.654  6.555  47.188 0.1111110002
97895  58.343  4.888  47.708 0.1111110002
56158  57.155  4.562  47.944 0.1111110002
56154  56.489  4.438  48.352 0.1111110002
56155  55.862  4.762  48.555 0.1111110002
56174  60.859  4.860  44.864 0.2222220004
56970  61.571  7.290  45.905 0.1111110002
98820  59.567  6.894  47.714 0.1111110002
56164  58.216  5.589  47.070 0.1111110002
56165  56.950  5.100  47.176 0.1111110002
57759  61.395  8.902  46.302 0.1111110002
100356  59.355  8.070  47.417 0.1111110002
56159  56.098  5.005  47.678 0.1111110002
58559  60.665  9.532  47.220 0.1111110002
56961  58.384  6.974  46.600 0.1111110002
56982  61.416  7.377  44.359 0.1111110002
57767  59.040  8.293  45.718 0.1111110002
93995  60.830  3.979  40.031 0.1111110002
56971  57.396  6.666  45.483 0.1111110002
56962  56.933  5.722  46.222 0.1111110002
56160  55.532  5.154  47.909 0.1111110002
56997  61.211  6.571  43.389 0.1111110002
56983  59.654  7.464  44.690 0.1111110002
57754  58.759  8.104  46.311 0.1111110002
56166  55.160  5.279  47.173 0.1111110002
56191  61.790  5.306  42.065 0.1111110002
56984  57.866  7.110  45.258 0.1111110002
56963  55.733  5.424  46.464 0.1111110002
56184  59.987  5.458  42.908 0.1111110002
56998  58.635  6.181  44.004 0.1111110002
92008  56.430  6.186  45.007 0.1111110002
101197  56.002  5.844  45.358 0.1111110002
56192  58.858  4.615  42.586 0.1111110002
55396  58.681  4.072  41.466 0.1111110002
55409  61.055  4.243  40.816 0.1111110002
55424  59.254  3.950  40.064 0.1111110002
56999  56.806  5.975  44.513 0.1111110002
56972  55.060  5.690  45.441 0.1111110002
56185  57.715  5.090  43.384 0.1111110002
56985  55.374  5.744  44.948 0.1111110002
56193  57.046  4.305  42.827 0.1111110002
108098  55.508  4.459  43.259 0.1111110002
56175  55.709  5.547  44.537 0.1111110002
55411  57.733  4.159  40.877 0.1111110002
55381  56.517  4.161  42.028 0.1111110002
55410  57.782  4.280  40.074 0.1111110002
91529  54.690  5.523  46.273 0.1111110002
56176  54.784  5.361  44.478 0.1111110002
92378  54.723  5.684  44.982 0.1111110002
104311  55.206  4.879  43.762 0.1111110002
100622  55.867  4.248  42.718 0.1111110002
96534  56.707  4.499  40.577 0.1111110002
91016  56.249  4.383  41.302 0.1111110002
56973  54.338  5.695  45.407 0.1111110002
56986  54.162  5.568  44.834 0.1111110002
41339  26.733  -11.986  77.028 0.1111110002
40274  27.384  -11.739  76.053 0.1111110002
40287  27.049  -11.991  75.663 0.1111110002
108224  24.831  -12.503  76.904 0.1111110002
40277  22.679  -13.108  77.072 0.1111110002
41338  27.129  -11.380  76.378 0.1111110002
40264  25.365  -12.270  77.042 0.1111110002
94409  22.222  -12.414  77.470 0.1111110002
41330  20.690  -11.004  77.220 0.1111110002
41340  21.509  -12.037  76.876 0.1111110002
41334  30.771  -11.738  76.054 0.1111110002
41345  32.005  -11.570  75.996 0.1111110002
44199  18.562  -8.701  79.102 0.2222220004
92653  19.313  -8.984  79.087 0.2222220004
56157  59.278  5.257  47.630 0.1111110002
41325  26.704  -11.374  77.055 0.1111110002
39397  24.230  -12.785  76.611 0.1111110002
39389  23.085  -13.091  77.080 0.1111110002
40275  26.582  -12.083  76.586 0.1111110002
39417  23.619  -13.487  75.294 0.1111110002
40303  23.457  -13.658  74.413 0.1111110002
39409  23.239  -13.657  75.832 0.1111110002
39419  22.916  -14.106  74.610 0.1111110002
39411  22.646  -13.923  75.149 0.1111110002
40321  21.564  -13.132  73.219 0.1111110002
40270  31.170  -12.032  75.954 0.1111110002
108589  20.126  -11.254  73.927 0.1111110002
40305  21.029  -12.290  73.737 0.1111110002
42306  19.765  -9.604  79.057 0.2222220004
43251  18.295  -9.567  78.374 0.1111110002
43236  18.448  -9.498  79.009 0.1111110002
43237  17.762  -9.268  78.839 0.1111110002
96631  16.020  -8.504  77.178 0.1111110002
94317  54.472  4.000  49.692 0.1111110002
105893  59.306  4.290  46.547 0.2222220004
54427  58.857  2.909  43.954 0.2222220004
56162  60.267  7.146  48.105 0.1111110002
56959  61.011  8.002  47.844 0.1111110002
102158  61.163  5.887  45.642 0.1111110002
56173  62.184  6.061  44.066 0.1111110002
56981  61.734  7.138  44.596 0.1111110002
57752  60.975  9.451  48.064 0.1111110002
56960  60.203  8.250  48.120 0.1111110002
57766  60.350  8.566  45.497 0.1111110002
57753  59.902  9.066  47.471 0.1111110002
56183  62.238  5.772  42.684 0.1111110002
55378  62.124  4.703  41.954 0.1111110002
55379  60.300  4.603  41.869 0.1111110002
55380  57.912  4.098  42.128 0.1111110002
55397  57.176  4.204  41.388 0.1111110002
95943  59.075  3.980  40.832 0.1111110002
93114  56.175  4.875  43.616 0.1111110002
39399  23.058  -13.594  76.390 0.1111110002
49057  32.516  -3.256  62.187 0.1111110002
108235  32.342  -3.317  61.442 0.1111110002
45265  40.916  -7.370  71.100 0.1111110002
44338  42.325  -8.174  69.952 0.1111110002
45281  41.466  -7.754  70.313 0.1111110002
46307  41.130  -6.225  70.710 0.1111110002
54358  44.061  2.046  55.759 0.1111110002
46324  41.653  -6.911  70.337 0.1111110002
46323  42.889  -6.648  70.205 0.1111110002
92956  42.044  -5.127  70.287 0.1111110002
47215  42.953  -5.764  70.194 0.1111110002
93125  41.935  -5.998  70.293 0.1111110002
48058  41.458  -4.559  70.342 0.1111110002
48960  41.013  -3.237  70.252 0.1111110002
53398  46.080  2.048  55.862 0.1111110002
48057  42.102  -4.373  70.299 0.1111110002
99805  42.639  -3.814  70.265 0.1111110002
48959  41.762  -3.630  70.217 0.1111110002
92145  47.731  2.498  57.006 0.1111110002
103102  52.616  1.965  51.166 0.1111110002
53481  52.627  1.600  48.943 0.1111110002
93905  52.224  1.760  49.627 0.1111110002
54330  48.667  2.739  57.429 0.1111110002
97190  50.116  2.021  55.644 0.1111110002
102104  50.617  2.100  53.248 0.1111110002
90267  50.805  2.095  52.424 0.1111110002
103103  51.476  2.239  53.158 0.1111110002
103172  55.072  1.660  52.976 0.1111110002
102944  53.202  2.079  52.627 0.1111110002
54414  52.924  1.744  49.821 0.1111110002
53480  53.547  1.514  49.218 0.1111110002
54329  49.935  2.616  57.308 0.1111110002
105257  50.309  2.233  56.361 0.1111110002
54341  50.960  2.232  55.903 0.1111110002
54354  50.420  2.051  54.905 0.1111110002
54353  51.366  2.290  54.987 0.1111110002
90246  52.321  2.307  53.583 0.1111110002
90413  54.025  2.162  53.556 0.1111110002
103239  53.772  1.633  50.066 0.1111110002
53479  54.430  1.340  49.494 0.1111110002
107071  54.997  1.408  51.354 0.1111110002
54328  51.153  2.499  57.088 0.1111110002
54366  50.912  2.231  54.022 0.1111110002
102945  51.878  2.356  54.201 0.1111110002
106907  55.610  1.003  50.831 0.1111110002
90224  54.652  1.373  50.385 0.1111110002
102905  56.293  0.791  50.366 0.1111110002
90303  56.784  0.642  51.346 0.1111110002
103311  57.499  0.276  50.614 0.1111110002
103049  57.399  0.718  52.529 0.1111110002
53501  59.482  -0.608  47.399 0.1111110002
53510  59.121  -0.576  46.494 0.1111110002
53518  57.745  1.106  44.484 0.1111110002
54434  58.208  1.863  43.633 0.1111110002
52629  61.168  -0.657  41.144 0.1111110002
91991  61.737  -0.503  40.399 0.1111110002
54425  57.915  2.038  45.243 0.1111110002
104690  57.968  2.251  44.374 0.1111110002
54433  59.985  2.627  42.976 0.1111110002
55374  61.335  3.937  43.152 0.1111110002
55367  62.063  4.951  43.378 0.1111110002
53540  60.454  2.033  42.214 0.1111110002
54432  61.780  3.815  42.233 0.1111110002
53539  61.210  1.101  41.396 0.1111110002
53556  61.820  0.765  40.636 0.1111110002
53572  62.083  -0.428  39.976 0.1111110002
54442  61.632  2.802  41.740 0.1111110002
56182  62.354  5.632  42.918 0.1111110002
53408  43.932  1.524  54.724 0.1111110002
102954  55.388  1.027  49.872 0.1111110002
104182  51.885  2.421  55.905 0.1111110002
93374  51.884  2.499  56.698 0.1111110002
90486  53.066  2.701  56.970 0.1111110002
103024  56.154  0.960  51.960 0.1111110002
109628  51.675  2.894  57.826 0.1111110002
107034  54.954  2.176  54.716 0.1111110002
89985  55.585  1.390  52.521 0.1111110002
90450  54.048  1.740  50.949 0.1111110002
90577  53.149  1.831  50.658 0.1111110002
102925  54.075  2.353  54.572 0.1111110002
54316  52.593  2.898  57.881 0.1111110002
90177  53.087  2.422  54.649 0.1111110002
45191  0.933  -7.474  80.111 0.1111110002
49063  32.108  -3.384  60.552 0.1111110002
44339  41.212  -8.362  70.244 0.1111110002
103330  52.496  2.057  51.919 0.1111110002
90383  52.229  1.899  50.414 0.1111110002
53482  51.846  1.705  49.100 0.1111110002
91026  54.456  1.695  51.936 0.1111110002
103016  54.163  1.940  52.705 0.1111110002
90256  53.097  2.259  53.520 0.1111110002
89991  52.453  2.463  55.377 0.1111110002
52611  58.840  1.110  42.714 0.1111110002
98405  60.150  0.623  41.911 0.1111110002
54455  61.844  2.700  41.143 0.1111110002
107122  61.872  -0.664  39.956 0.1111110002
89988  53.410  1.903  51.665 0.1111110002
46202  14.604  -6.447  80.006 0.3333329856
52367  43.213  -0.245  68.132 0.4444440007
55142  45.140  3.050  66.693 0.3333329856
55151  45.305  3.276  65.901 0.1111110002
55164  42.765  4.107  65.049 0.4444440007
55232  52.617  4.780  59.109 0.2222220004
55991  44.592  4.571  65.358 0.3333329856
55992  44.095  4.567  65.822 0.3333329856
55999  43.851  4.520  65.284 0.3333329856
56007  44.625  4.603  65.199 0.3333329856
56082  53.536  5.035  59.044 0.3333329856
56866  51.929  5.908  59.094 0.3333329856
56867  51.101  6.246  59.395 0.3333329856
56980  61.552  8.152  45.700 0.1111110002
57760  60.925  9.299  46.406 0.1111110002
57761  59.810  9.122  46.503 0.1111110002
57765  61.394  8.276  45.379 0.1111110002
58558  61.218  9.473  47.064 0.1111110002
100518  43.588  -0.767  69.332 0.1111110002
101496  42.869  2.360  62.039 0.2222220004
104684  61.444  8.789  46.850 0.1111110002
105347  52.327  5.381  59.106 0.3333329856
