#!ascii label  , from subject sub-v1s16x0051198_ses-1 vox2ras=TkReg
573
102020  21.587  -4.199  71.740 0.0000000000
48886  30.470  -3.071  75.070 0.0000000000
108630  37.182  5.725  56.477 0.0000000000
51568  30.349  -0.499  64.431 0.0000000000
50707  32.739  -1.919  70.569 0.0000000000
59259  49.766  8.045  51.968 0.0000000000
56856  35.455  5.528  59.262 0.0000000000
55229  33.240  2.746  59.274 0.0000000000
48970  18.388  -3.609  70.569 0.0000000000
50678  25.980  -2.040  73.896 0.0000000000
48925  28.453  -3.550  72.972 0.0000000000
48966  24.458  -3.556  70.513 0.0000000000
59237  43.900  7.737  54.190 0.0000000000
48890  22.589  -3.793  75.138 0.0000000000
49834  19.324  -3.079  74.208 0.0000000000
58465  42.044  7.259  57.125 0.0000000000
50680  15.330  -2.236  73.955 0.0000000000
49838  11.207  -2.408  74.138 0.0000000000
54275  33.821  1.996  62.408 0.0000000000
51535  31.242  -0.647  67.993 0.0000000000
48080  31.533  -4.357  68.892 0.0000000000
47205  30.653  -5.423  71.704 0.0000000000
57641  35.145  5.880  60.802 0.0000000000
56066  34.494  4.518  59.146 0.0000000000
56055  34.225  3.830  60.261 0.0000000000
104539  36.596  6.812  60.905 0.0000000000
48087  20.867  -4.969  69.756 0.0000000000
99023  19.116  -5.087  69.387 0.0000000000
48049  20.186  -4.062  71.248 0.0000000000
48928  23.373  -3.362  73.165 0.0000000000
49861  24.712  -2.458  72.273 0.0000000000
48968  22.747  -4.009  70.680 0.0000000000
48085  22.557  -4.822  69.634 0.0000000000
91713  38.137  5.754  55.170 0.0000000000
104031  39.281  6.221  58.312 0.0000000000
58475  39.870  6.312  56.318 0.0000000000
57677  40.207  6.453  54.953 0.0000000000
49806  17.839  -2.266  76.538 0.0000000000
49836  17.176  -2.443  74.590 0.0000000000
50656  16.251  -1.707  75.848 0.0000000000
52253  11.368  -0.491  77.446 0.0000000000
51482  12.449  -1.042  75.858 0.0000000000
50662  10.788  -1.708  75.771 0.0000000000
49808  8.731  -2.746  76.637 0.0000000000
109934  7.932  -2.121  78.767 0.0000000000
52370  33.301  0.442  68.729 0.0000000000
51521  31.965  -1.033  69.492 0.0000000000
49905  30.994  -2.146  68.337 0.0000000000
49897  32.160  -2.770  69.592 0.0000000000
48941  27.419  -3.578  71.586 0.0000000000
106673  29.736  -4.878  72.651 0.0000000000
96146  28.602  -5.028  71.004 0.0000000000
47237  29.292  -5.674  69.437 0.0000000000
52426  31.752  0.281  63.421 0.0000000000
52447  31.529  0.516  61.773 0.0000000000
51583  30.188  -0.416  62.728 0.0000000000
57694  52.822  6.656  51.520 0.0000000000
57705  50.985  6.031  50.380 0.0000000000
57667  36.295  5.768  58.001 0.0000000000
56085  34.457  4.799  57.597 0.0000000000
92099  38.215  6.727  59.675 0.0000000000
91870  28.355  -2.387  74.909 0.0000000000
48902  29.673  -3.505  74.589 0.0000000000
49844  27.300  -2.440  73.668 0.0000000000
49872  25.985  -2.693  71.579 0.0000000000
105724  25.971  -3.790  70.572 0.0000000000
59911  44.991  8.498  55.963 0.0000000000
59235  45.912  8.364  53.955 0.0000000000
59249  46.545  8.279  52.612 0.0000000000
58511  48.175  7.602  51.312 0.0000000000
48026  22.344  -4.015  73.825 0.0000000000
48930  20.288  -3.712  73.002 0.0000000000
48001  21.651  -3.825  75.037 0.0000000000
49833  23.741  -3.207  74.612 0.0000000000
99154  43.022  7.572  55.639 0.0000000000
48932  18.848  -3.314  72.407 0.0000000000
104443  16.464  -2.623  72.396 0.0000000000
49876  14.613  -2.815  71.775 0.0000000000
51480  14.064  -0.928  75.962 0.0000000000
50682  13.256  -2.008  73.961 0.0000000000
49766  5.723  -2.878  80.900 0.0000000000
55201  34.437  3.839  62.345 0.0000000000
93514  32.199  0.124  64.758 0.0000000000
52398  32.839  0.168  66.160 0.0000000000
93725  31.194  -0.347  66.396 0.0000000000
49906  30.491  -1.850  67.604 0.0000000000
49009  30.973  -3.113  67.460 0.0000000000
96471  30.700  -5.368  67.891 0.0000000000
107268  30.927  -4.818  74.157 0.0000000000
47193  31.620  -5.296  72.956 0.0000000000
48061  32.339  -4.360  70.688 0.0000000000
95855  31.333  -4.857  69.603 0.0000000000
47260  30.069  -5.544  68.685 0.0000000000
54300  33.126  1.970  60.456 0.0000000000
52465  31.345  0.585  59.974 0.0000000000
56840  34.703  5.654  61.474 0.0000000000
56848  34.910  5.146  60.490 0.0000000000
56042  34.611  4.588  60.940 0.0000000000
57631  35.518  7.081  61.665 0.0000000000
108668  21.618  -4.274  70.975 0.0000000000
48072  20.511  -4.481  70.371 0.0000000000
92309  20.953  -4.164  72.014 0.0000000000
48036  22.242  -4.047  72.251 0.0000000000
93436  23.053  -3.581  72.242 0.0000000000
48047  22.149  -4.136  71.253 0.0000000000
48070  22.147  -4.451  70.354 0.0000000000
100642  37.623  5.728  55.892 0.0000000000
92195  38.202  5.967  57.538 0.0000000000
57666  39.170  6.061  57.577 0.0000000000
57670  38.728  5.962  56.809 0.0000000000
91260  39.186  6.082  56.132 0.0000000000
51463  10.646  -0.655  77.735 0.0000000000
51477  10.922  -0.984  76.990 0.0000000000
50627  10.236  -1.235  77.257 0.0000000000
49807  9.410  -2.369  76.354 0.0000000000
50647  9.173  -2.149  77.111 0.0000000000
49793  8.486  -2.499  77.389 0.0000000000
105144  32.661  -0.492  69.816 0.0000000000
51513  32.563  -1.138  70.222 0.0000000000
50718  32.245  -1.941  69.979 0.0000000000
49886  32.608  -2.756  70.243 0.0000000000
48885  31.417  -3.225  74.985 0.0000000000
48046  27.279  -4.055  70.860 0.0000000000
48045  28.015  -4.288  71.262 0.0000000000
48064  27.850  -4.786  70.613 0.0000000000
47223  27.750  -5.367  70.005 0.0000000000
52427  31.078  -0.133  63.880 0.0000000000
100204  30.981  -0.047  63.065 0.0000000000
59246  49.424  8.685  52.392 0.0000000000
59245  50.435  8.512  52.440 0.0000000000
59258  50.767  7.882  52.058 0.0000000000
94619  51.066  7.300  51.649 0.0000000000
58509  50.101  7.432  51.499 0.0000000000
57664  36.355  5.900  58.898 0.0000000000
56876  35.538  5.484  57.643 0.0000000000
56868  35.566  5.532  58.473 0.0000000000
55234  33.608  3.417  58.873 0.0000000000
56079  34.017  4.069  58.587 0.0000000000
55235  32.939  2.907  58.339 0.0000000000
57639  36.372  6.420  60.293 0.0000000000
91617  36.844  6.304  59.592 0.0000000000
57663  37.286  6.148  58.931 0.0000000000
48986  18.856  -3.978  70.015 0.0000000000
49888  16.684  -3.328  70.670 0.0000000000
49830  26.811  -2.089  74.167 0.0000000000
49828  28.138  -2.659  74.067 0.0000000000
94078  26.447  -2.273  73.319 0.0000000000
48944  24.241  -3.005  71.178 0.0000000000
49860  25.491  -2.431  72.071 0.0000000000
49873  25.079  -2.688  71.334 0.0000000000
48943  25.771  -3.076  70.979 0.0000000000
48965  25.198  -3.297  70.729 0.0000000000
48985  23.768  -4.048  70.033 0.0000000000
49926  29.672  -2.263  65.998 0.0000000000
59219  44.651  8.199  55.261 0.0000000000
59218  45.403  8.435  55.169 0.0000000000
59228  44.691  8.017  54.514 0.0000000000
59263  45.950  7.924  52.080 0.0000000000
95519  46.128  7.622  51.431 0.0000000000
59262  46.789  7.898  51.849 0.0000000000
48905  22.528  -3.936  74.493 0.0000000000
48014  21.857  -3.903  74.492 0.0000000000
48013  22.183  -3.893  74.850 0.0000000000
48904  23.040  -3.823  74.631 0.0000000000
48916  22.886  -3.901  73.961 0.0000000000
59213  43.517  7.999  56.764 0.0000000000
58472  42.041  7.231  56.256 0.0000000000
58485  40.666  6.554  54.458 0.0000000000
48917  19.875  -3.480  73.521 0.0000000000
48931  19.633  -3.552  72.741 0.0000000000
48918  19.092  -3.180  73.293 0.0000000000
50679  16.030  -2.309  74.052 0.0000000000
91689  16.912  -2.616  73.011 0.0000000000
49850  15.920  -2.411  73.097 0.0000000000
49865  15.894  -2.584  72.149 0.0000000000
49851  14.831  -2.307  73.161 0.0000000000
51474  13.761  -0.673  76.544 0.0000000000
50672  11.898  -1.866  74.568 0.0000000000
50671  12.758  -1.679  74.570 0.0000000000
50683  12.507  -2.137  73.893 0.0000000000
49853  13.026  -2.349  73.218 0.0000000000
99018  32.949  0.558  64.514 0.0000000000
52371  32.440  0.146  68.477 0.0000000000
92577  32.993  0.449  67.774 0.0000000000
52386  31.808  -0.065  67.520 0.0000000000
52399  31.918  -0.013  66.693 0.0000000000
51543  31.224  -0.426  67.191 0.0000000000
102639  30.692  -0.768  66.880 0.0000000000
51536  30.685  -1.067  67.569 0.0000000000
49001  31.657  -3.452  68.591 0.0000000000
102272  31.332  -2.926  68.124 0.0000000000
106561  31.487  -3.872  67.961 0.0000000000
102360  31.291  -4.628  67.699 0.0000000000
48101  31.112  -4.982  68.348 0.0000000000
106136  29.266  -3.524  74.102 0.0000000000
48011  30.438  -4.250  74.231 0.0000000000
48024  29.771  -4.482  73.278 0.0000000000
47195  30.141  -5.310  72.237 0.0000000000
47194  30.865  -5.359  72.646 0.0000000000
47204  31.405  -5.347  72.010 0.0000000000
48043  32.584  -4.544  71.665 0.0000000000
48044  31.876  -5.052  71.347 0.0000000000
48062  31.459  -5.062  70.427 0.0000000000
47236  30.186  -5.515  69.708 0.0000000000
55202  34.151  2.826  62.217 0.0000000000
55212  33.955  2.946  61.341 0.0000000000
54290  33.707  2.183  61.693 0.0000000000
52448  30.783  0.011  61.393 0.0000000000
99448  31.932  0.963  60.583 0.0000000000
57702  55.118  6.211  50.706 0.0000000000
57650  35.331  5.559  60.033 0.0000000000
56869  34.916  5.088  58.854 0.0000000000
56857  34.920  5.015  59.630 0.0000000000
56054  34.584  4.457  59.967 0.0000000000
55228  33.721  3.287  59.756 0.0000000000
58431  36.488  7.238  61.434 0.0000000000
57640  35.696  6.481  60.967 0.0000000000
92651  19.931  -4.881  69.604 0.0000000000
48050  19.656  -4.246  70.249 0.0000000000
48969  19.206  -3.768  70.843 0.0000000000
49846  24.673  -2.384  73.255 0.0000000000
49845  25.529  -2.239  72.963 0.0000000000
48945  23.855  -2.850  72.081 0.0000000000
103807  23.509  -3.322  71.472 0.0000000000
48967  23.538  -3.626  70.674 0.0000000000
48069  23.022  -4.159  70.055 0.0000000000
48086  21.715  -4.972  69.699 0.0000000000
58501  42.604  7.066  52.765 0.0000000000
48875  22.281  -3.510  75.912 0.0000000000
58469  39.872  6.362  57.968 0.0000000000
58467  40.699  6.682  57.615 0.0000000000
58474  40.586  6.568  56.606 0.0000000000
94345  41.166  6.818  55.978 0.0000000000
104284  40.408  6.516  55.744 0.0000000000
57678  39.510  6.202  54.688 0.0000000000
92940  18.945  -2.811  75.048 0.0000000000
103797  18.701  -2.802  74.463 0.0000000000
108918  17.397  -2.440  75.129 0.0000000000
50655  16.860  -2.198  75.351 0.0000000000
108716  16.154  -1.970  75.201 0.0000000000
98442  12.862  -0.592  76.620 0.0000000000
51476  11.589  -0.813  76.747 0.0000000000
50661  11.636  -1.447  75.531 0.0000000000
50673  11.026  -1.963  74.940 0.0000000000
49821  10.289  -2.239  75.277 0.0000000000
52357  32.524  -0.125  69.218 0.0000000000
51528  32.003  -0.407  68.878 0.0000000000
50726  30.961  -1.397  68.255 0.0000000000
50725  31.416  -1.681  68.905 0.0000000000
49898  31.626  -2.641  68.897 0.0000000000
48984  31.945  -3.541  69.243 0.0000000000
48940  28.233  -3.877  72.084 0.0000000000
48035  29.066  -4.312  72.610 0.0000000000
96127  28.757  -4.639  71.720 0.0000000000
47207  29.163  -5.214  71.387 0.0000000000
47206  29.827  -5.435  71.320 0.0000000000
47220  30.540  -5.457  70.673 0.0000000000
107330  29.202  -5.409  70.874 0.0000000000
47238  28.371  -5.850  69.306 0.0000000000
92110  32.992  1.087  62.712 0.0000000000
53358  32.438  0.918  62.132 0.0000000000
52438  31.656  0.434  62.613 0.0000000000
52439  30.881  0.009  62.245 0.0000000000
58508  52.776  7.277  52.201 0.0000000000
57704  52.097  6.189  50.794 0.0000000000
91513  37.109  5.859  57.395 0.0000000000
57672  36.422  5.638  56.542 0.0000000000
56875  36.134  5.690  57.241 0.0000000000
56078  34.446  4.665  58.375 0.0000000000
56086  33.968  4.326  57.743 0.0000000000
58441  38.013  7.438  60.907 0.0000000000
105746  38.266  7.161  60.310 0.0000000000
92243  39.024  7.214  59.917 0.0000000000
57662  38.084  6.277  58.961 0.0000000000
91773  37.718  6.063  58.264 0.0000000000
48872  29.437  -2.668  75.508 0.0000000000
48887  29.708  -3.100  75.157 0.0000000000
48903  28.901  -3.055  74.523 0.0000000000
48913  28.648  -3.249  73.767 0.0000000000
48914  27.885  -2.912  73.297 0.0000000000
49859  26.205  -2.431  72.421 0.0000000000
49858  27.041  -2.613  72.833 0.0000000000
48926  27.632  -3.206  72.453 0.0000000000
48942  26.575  -3.379  71.094 0.0000000000
106589  26.715  -4.039  70.602 0.0000000000
59936  46.628  8.778  54.202 0.0000000000
59251  44.773  7.834  52.981 0.0000000000
59234  46.513  8.544  53.397 0.0000000000
59935  47.177  8.950  53.630 0.0000000000
59248  47.726  8.708  52.653 0.0000000000
59261  47.771  8.158  51.976 0.0000000000
58510  49.131  7.547  51.388 0.0000000000
58525  49.508  6.929  50.819 0.0000000000
48037  21.598  -4.116  72.626 0.0000000000
102229  21.654  -3.989  73.680 0.0000000000
48015  21.211  -3.790  74.408 0.0000000000
48906  20.291  -3.503  74.337 0.0000000000
48891  21.397  -3.662  75.716 0.0000000000
49818  19.319  -2.984  75.850 0.0000000000
49804  19.023  -2.739  76.533 0.0000000000
49798  29.471  -2.080  75.830 0.0000000000
92756  28.915  -2.314  75.512 0.0000000000
49815  27.356  -1.900  74.902 0.0000000000
50666  26.272  -1.713  74.784 0.0000000000
49831  25.368  -2.065  74.454 0.0000000000
49832  24.578  -2.484  74.137 0.0000000000
49847  23.963  -2.913  73.691 0.0000000000
48929  22.626  -3.908  73.157 0.0000000000
59212  44.239  8.283  56.349 0.0000000000
99124  44.271  8.154  55.673 0.0000000000
58482  43.210  7.486  54.341 0.0000000000
109284  41.714  6.966  55.304 0.0000000000
58483  42.322  7.134  54.559 0.0000000000
58489  42.661  7.192  53.726 0.0000000000
48947  20.265  -3.862  72.295 0.0000000000
48948  19.455  -3.686  71.849 0.0000000000
48949  18.645  -3.441  71.473 0.0000000000
49849  17.616  -2.648  73.711 0.0000000000
103989  17.595  -2.807  72.802 0.0000000000
49874  17.302  -3.101  71.313 0.0000000000
49875  16.431  -2.864  71.556 0.0000000000
92020  15.472  -2.878  71.493 0.0000000000
50657  15.429  -1.621  75.368 0.0000000000
97547  14.660  -1.520  75.144 0.0000000000
50670  13.521  -1.629  74.647 0.0000000000
50681  14.515  -2.091  73.983 0.0000000000
49852  13.877  -2.256  73.327 0.0000000000
49770  6.796  -2.697  79.750 0.0000000000
103373  34.537  5.082  61.760 0.0000000000
53341  33.578  1.483  63.028 0.0000000000
53342  33.024  0.956  63.312 0.0000000000
52416  32.525  0.553  63.867 0.0000000000
51567  31.218  -0.190  64.779 0.0000000000
52409  32.003  -0.053  65.728 0.0000000000
51553  31.104  -0.301  65.618 0.0000000000
51544  30.365  -0.787  66.169 0.0000000000
50744  29.841  -1.482  66.171 0.0000000000
49916  30.039  -2.590  66.593 0.0000000000
49914  30.797  -2.505  67.772 0.0000000000
49018  30.524  -3.186  66.709 0.0000000000
48107  31.263  -3.851  67.210 0.0000000000
47276  31.244  -4.816  67.288 0.0000000000
49871  33.574  -2.543  71.557 0.0000000000
48000  30.306  -3.736  74.560 0.0000000000
48009  31.608  -4.504  74.466 0.0000000000
47171  32.002  -4.766  74.268 0.0000000000
47185  30.373  -5.062  73.075 0.0000000000
47184  31.069  -5.186  73.661 0.0000000000
48022  32.937  -4.533  73.278 0.0000000000
48033  32.814  -4.606  72.568 0.0000000000
48042  33.258  -3.940  72.023 0.0000000000
48963  32.829  -3.483  70.669 0.0000000000
48983  32.351  -3.574  69.990 0.0000000000
48964  31.855  -4.330  69.773 0.0000000000
48081  30.839  -5.143  69.134 0.0000000000
56043  34.236  3.724  61.046 0.0000000000
55221  33.834  3.142  60.559 0.0000000000
54305  32.943  2.132  59.696 0.0000000000
53369  32.606  1.408  60.729 0.0000000000
54301  32.657  1.686  60.064 0.0000000000
54306  32.340  1.647  59.397 0.0000000000
57706  49.910  6.273  50.218 0.0000000000
57632  34.930  6.450  61.547 0.0000000000
48048  21.039  -4.284  71.141 0.0000000000
56885  36.805  5.573  55.794 0.0000000000
57671  37.883  5.844  56.708 0.0000000000
91845  38.432  5.900  56.013 0.0000000000
51464  9.916  -0.914  77.979 0.0000000000
50628  9.549  -1.534  77.538 0.0000000000
50646  9.830  -1.789  76.803 0.0000000000
50629  8.870  -1.882  77.853 0.0000000000
106510  32.990  -1.213  70.750 0.0000000000
49814  30.967  -2.263  75.132 0.0000000000
48065  27.184  -4.627  70.376 0.0000000000
54311  32.636  2.200  58.858 0.0000000000
57649  35.973  5.983  59.704 0.0000000000
48987  18.099  -3.924  69.848 0.0000000000
48971  17.527  -3.541  70.402 0.0000000000
49887  24.759  -3.046  70.897 0.0000000000
49019  29.969  -2.944  66.185 0.0000000000
59252  44.329  7.787  53.653 0.0000000000
58513  46.569  7.477  51.135 0.0000000000
48889  23.199  -3.586  75.098 0.0000000000
59214  42.706  7.603  56.933 0.0000000000
51462  13.475  -0.347  77.225 0.0000000000
50684  11.849  -2.341  73.821 0.0000000000
52372  31.834  -0.239  68.271 0.0000000000
100617  32.291  0.196  67.828 0.0000000000
48025  29.186  -3.835  73.464 0.0000000000
48012  29.837  -4.029  73.934 0.0000000000
47219  31.192  -5.367  71.211 0.0000000000
53357  33.286  1.483  62.089 0.0000000000
56067  34.138  3.910  59.428 0.0000000000
104799  35.661  6.065  60.335 0.0000000000
49862  24.076  -2.673  72.855 0.0000000000
48946  22.837  -3.783  71.404 0.0000000000
48071  21.305  -4.577  70.370 0.0000000000
57669  39.385  6.127  56.805 0.0000000000
58468  39.946  6.309  57.152 0.0000000000
57675  38.961  5.985  55.317 0.0000000000
49819  18.436  -2.644  75.964 0.0000000000
49820  17.585  -2.391  75.691 0.0000000000
107822  12.126  -0.388  77.150 0.0000000000
50645  10.514  -1.494  76.526 0.0000000000
50644  11.210  -1.254  76.291 0.0000000000
50663  10.079  -2.014  76.058 0.0000000000
105095  8.222  -2.274  78.140 0.0000000000
49779  7.628  -2.672  78.452 0.0000000000
50719  31.794  -2.013  69.449 0.0000000000
47222  28.644  -5.481  70.209 0.0000000000
52425  32.406  0.724  63.015 0.0000000000
51595  30.139  -0.460  61.897 0.0000000000
58523  51.515  6.709  51.203 0.0000000000
106465  34.944  5.164  57.369 0.0000000000
102724  34.023  4.539  57.107 0.0000000000
55244  33.392  3.623  57.820 0.0000000000
55253  33.545  4.097  56.986 0.0000000000
92381  37.290  7.262  61.157 0.0000000000
58430  37.828  7.723  61.499 0.0000000000
57647  37.581  6.456  59.489 0.0000000000
58450  38.972  6.486  59.034 0.0000000000
94806  36.968  5.980  58.309 0.0000000000
48888  29.221  -2.867  75.149 0.0000000000
48927  26.814  -2.890  71.953 0.0000000000
48084  23.312  -4.703  69.674 0.0000000000
47242  22.948  -5.326  69.173 0.0000000000
59227  45.443  8.269  54.447 0.0000000000
105901  46.134  8.734  55.341 0.0000000000
59924  46.054  8.579  54.717 0.0000000000
59923  46.794  8.956  55.074 0.0000000000
58499  44.289  7.604  52.249 0.0000000000
59250  45.706  8.129  53.011 0.0000000000
59233  47.119  8.684  52.953 0.0000000000
59945  47.608  9.022  53.168 0.0000000000
104626  47.198  8.337  52.408 0.0000000000
58512  47.280  7.562  51.229 0.0000000000
59260  48.769  8.153  51.918 0.0000000000
92026  22.101  -4.103  73.138 0.0000000000
48892  20.729  -3.572  75.207 0.0000000000
47991  22.038  -3.820  75.458 0.0000000000
48877  20.602  -3.382  76.058 0.0000000000
48893  20.028  -3.299  75.752 0.0000000000
48878  19.772  -3.072  76.335 0.0000000000
100153  24.491  -2.461  74.875 0.0000000000
48915  23.375  -3.548  74.070 0.0000000000
101093  35.918  5.446  55.733 0.0000000000
59220  43.570  7.860  55.813 0.0000000000
58478  43.083  7.539  55.131 0.0000000000
59229  43.910  7.839  54.991 0.0000000000
58480  40.926  6.659  55.145 0.0000000000
58484  41.368  6.748  54.430 0.0000000000
58490  41.812  6.834  53.479 0.0000000000
48038  20.940  -3.961  72.865 0.0000000000
49863  17.988  -3.048  72.039 0.0000000000
49835  18.032  -2.628  74.819 0.0000000000
99624  18.519  -2.837  73.901 0.0000000000
49864  17.130  -2.802  72.192 0.0000000000
49866  15.159  -2.513  72.320 0.0000000000
51473  14.563  -0.868  76.458 0.0000000000
50643  14.691  -1.211  75.743 0.0000000000
99758  14.249  -1.719  74.658 0.0000000000
102634  13.874  -1.942  74.111 0.0000000000
49769  7.278  -2.084  79.798 0.0000000000
49764  6.900  -2.121  80.287 0.0000000000
49765  6.370  -2.514  80.558 0.0000000000
55188  34.579  3.187  63.043 0.0000000000
54250  34.131  1.726  63.720 0.0000000000
53331  33.446  1.041  63.949 0.0000000000
52417  31.793  0.107  64.126 0.0000000000
52385  32.560  0.224  67.116 0.0000000000
50743  30.278  -1.358  66.902 0.0000000000
50733  29.997  -1.998  66.787 0.0000000000
49915  30.408  -2.538  67.185 0.0000000000
97435  30.596  -5.711  67.506 0.0000000000
48010  31.006  -4.489  74.421 0.0000000000
47172  31.413  -4.886  74.180 0.0000000000
47183  31.820  -5.084  73.812 0.0000000000
47192  32.337  -4.984  73.175 0.0000000000
48939  32.902  -3.963  71.236 0.0000000000
47221  29.614  -5.544  70.386 0.0000000000
56031  34.433  4.786  62.346 0.0000000000
55211  34.443  4.294  61.655 0.0000000000
106386  34.247  3.529  61.698 0.0000000000
54299  33.584  2.385  60.894 0.0000000000
55222  33.406  2.613  60.108 0.0000000000
93001  32.788  1.297  61.487 0.0000000000
53370  32.126  0.959  61.273 0.0000000000
53378  32.120  1.230  60.005 0.0000000000
53384  31.661  1.058  59.234 0.0000000000
56911  55.617  5.999  50.005 0.0000000000
57701  55.330  6.447  50.411 0.0000000000
50640  17.050  -1.963  76.203 0.0000000000
51512  33.234  -0.436  70.404 0.0000000000
59943  49.102  9.332  52.866 0.0000000000
59257  51.749  7.633  52.182 0.0000000000
58524  50.489  6.812  50.972 0.0000000000
56877  34.931  5.182  58.079 0.0000000000
57648  37.416  6.811  60.302 0.0000000000
48088  19.194  -4.499  69.694 0.0000000000
48972  16.809  -3.893  70.023 0.0000000000
49829  27.591  -2.290  74.355 0.0000000000
108910  24.463  -2.685  71.688 0.0000000000
48067  25.170  -3.990  70.375 0.0000000000
48068  24.453  -4.298  70.148 0.0000000000
58498  45.113  7.792  52.196 0.0000000000
58514  45.428  7.546  51.428 0.0000000000
92023  22.150  -3.953  74.321 0.0000000000
59221  42.912  7.588  56.153 0.0000000000
58479  42.495  7.334  55.493 0.0000000000
49837  16.691  -2.444  73.844 0.0000000000
50660  12.353  -1.437  75.150 0.0000000000
52407  33.580  0.782  64.820 0.0000000000
52408  32.910  0.298  65.248 0.0000000000
48023  30.440  -4.707  73.783 0.0000000000
47203  32.148  -5.080  72.271 0.0000000000
47261  29.103  -5.924  68.687 0.0000000000
54291  33.237  1.755  61.228 0.0000000000
52456  31.378  0.544  60.922 0.0000000000
57703  53.484  5.898  50.771 0.0000000000
57693  54.273  6.568  51.374 0.0000000000
109421  36.033  6.886  61.226 0.0000000000
58488  43.451  7.478  53.437 0.0000000000
58500  44.056  7.640  52.937 0.0000000000
48874  22.993  -3.410  75.577 0.0000000000
58461  40.329  6.715  58.506 0.0000000000
58473  41.370  6.906  56.886 0.0000000000
57674  39.688  6.280  55.523 0.0000000000
50667  16.445  -2.257  74.647 0.0000000000
50668  15.740  -2.060  74.676 0.0000000000
51475  12.156  -0.768  76.499 0.0000000000
103516  11.802  -1.060  76.180 0.0000000000
51529  31.496  -0.894  68.697 0.0000000000
48034  29.430  -5.062  71.992 0.0000000000
103440  51.942  7.133  51.775 0.0000000000
56882  35.340  5.350  56.604 0.0000000000
57661  38.589  6.108  58.314 0.0000000000
48871  29.730  -2.677  75.556 0.0000000000
48066  26.524  -4.553  70.379 0.0000000000
48083  23.886  -4.634  69.820 0.0000000000
51554  30.384  -0.608  65.278 0.0000000000
92792  47.333  9.252  54.371 0.0000000000
59236  45.164  7.998  53.797 0.0000000000
93059  47.832  9.409  53.686 0.0000000000
59944  48.221  9.230  53.032 0.0000000000
59247  48.478  8.727  52.463 0.0000000000
48027  20.729  -3.752  73.641 0.0000000000
48907  19.759  -3.230  75.070 0.0000000000
49805  18.445  -2.468  76.744 0.0000000000
49797  30.159  -2.136  75.651 0.0000000000
104238  25.274  -2.203  73.749 0.0000000000
91809  44.864  8.662  56.847 0.0000000000
48950  17.980  -3.304  71.141 0.0000000000
49848  18.285  -2.951  73.018 0.0000000000
49889  15.996  -3.194  70.874 0.0000000000
50669  14.989  -1.871  74.645 0.0000000000
51481  13.352  -0.916  75.898 0.0000000000
50659  13.058  -1.279  75.224 0.0000000000
50658  13.943  -1.297  75.317 0.0000000000
49867  14.281  -2.519  72.461 0.0000000000
49868  13.489  -2.602  72.561 0.0000000000
94352  7.420  -2.380  79.167 0.0000000000
56834  34.347  5.761  62.413 0.0000000000
54262  34.191  2.253  63.012 0.0000000000
107986  31.649  -0.118  65.228 0.0000000000
51545  29.860  -1.019  65.609 0.0000000000
48118  31.200  -3.967  66.540 0.0000000000
47291  31.290  -5.051  66.867 0.0000000000
49885  33.108  -2.688  70.870 0.0000000000
47999  31.131  -3.974  74.744 0.0000000000
47182  32.430  -4.754  73.824 0.0000000000
48962  33.313  -3.325  71.348 0.0000000000
48063  30.868  -5.254  69.902 0.0000000000
47277  29.757  -5.872  68.082 0.0000000000
