#!ascii label  , from subject sub-v1s16x0051195_ses-1 vox2ras=TkReg
776
68111  -46.849  21.508  37.205 0.0000000000
75411  -40.273  39.065  31.545 0.0000000000
71523  -40.400  29.914  37.294 0.0000000000
71586  -48.531  29.129  29.930 0.0000000000
74598  -43.704  36.189  28.379 0.0000000000
72881  -43.534  33.168  32.526 0.0000000000
72021  -42.757  30.788  28.645 0.0000000000
70776  -42.967  28.095  30.568 0.0000000000
66807  -43.671  18.139  43.522 0.0000000000
87894  -43.855  21.708  40.239 0.0000000000
83567  -36.851  41.836  28.024 0.0000000000
75441  -38.831  38.649  25.364 0.0000000000
75043  -45.247  36.848  23.203 0.0000000000
69679  -43.103  24.525  35.539 0.0000000000
72871  -40.376  33.137  33.722 0.0000000000
98305  -47.157  30.557  37.012 0.0000000000
69719  -47.693  23.519  32.300 0.0000000000
69016  -46.109  21.773  29.522 0.0000000000
69000  -41.038  23.170  32.396 0.0000000000
68130  -45.615  20.537  35.971 0.0000000000
74208  -43.404  35.689  26.746 0.0000000000
73369  -42.120  34.271  29.106 0.0000000000
91589  -41.267  33.382  28.147 0.0000000000
88768  -41.057  30.231  26.956 0.0000000000
68067  -43.832  20.273  42.410 0.0000000000
68518  -41.364  21.223  40.213 0.0000000000
76436  -35.175  42.097  29.956 0.0000000000
75028  -41.548  37.707  23.747 0.0000000000
69666  -41.376  24.262  36.448 0.0000000000
70715  -42.333  27.712  36.300 0.0000000000
75409  -37.990  39.009  31.208 0.0000000000
74163  -40.268  36.059  32.318 0.0000000000
71982  -45.969  30.804  32.134 0.0000000000
72857  -45.344  33.311  34.046 0.0000000000
71979  -49.307  30.063  34.112 0.0000000000
70733  -46.916  27.773  32.973 0.0000000000
96883  -49.602  26.127  30.700 0.0000000000
69018  -49.064  22.537  30.030 0.0000000000
70060  -47.442  25.256  29.780 0.0000000000
70044  -41.995  25.439  32.355 0.0000000000
74595  -41.921  36.942  29.385 0.0000000000
74582  -42.827  37.192  32.184 0.0000000000
74592  -43.890  36.118  30.807 0.0000000000
72908  -43.078  32.381  30.848 0.0000000000
83482  -45.221  29.674  29.277 0.0000000000
70779  -45.936  27.918  29.838 0.0000000000
71213  -43.548  29.190  27.541 0.0000000000
71191  -40.953  28.784  29.322 0.0000000000
67209  -47.528  20.003  44.937 0.0000000000
68505  -47.030  22.402  41.597 0.0000000000
68543  -45.917  22.581  38.617 0.0000000000
97520  -33.804  39.395  30.882 0.0000000000
75798  -36.175  39.181  30.143 0.0000000000
85320  -37.842  39.143  30.132 0.0000000000
75431  -39.129  38.117  28.320 0.0000000000
75000  -41.334  36.964  26.817 0.0000000000
74628  -43.931  36.283  25.653 0.0000000000
74236  -43.641  35.305  24.356 0.0000000000
73844  -45.237  33.928  20.967 0.0000000000
97723  -41.288  22.398  37.622 0.0000000000
68963  -42.856  22.973  36.967 0.0000000000
68976  -45.984  22.868  35.964 0.0000000000
72410  -40.314  31.426  35.595 0.0000000000
73317  -42.281  33.692  33.301 0.0000000000
72842  -43.318  32.118  35.779 0.0000000000
71533  -43.419  30.322  36.571 0.0000000000
91806  -44.459  27.866  34.533 0.0000000000
69698  -45.397  24.370  34.361 0.0000000000
68579  -46.850  21.912  34.725 0.0000000000
68586  -46.681  21.135  33.136 0.0000000000
88266  -45.447  20.083  29.892 0.0000000000
68170  -43.705  19.539  29.701 0.0000000000
69724  -44.658  25.063  31.168 0.0000000000
69008  -43.384  22.794  31.162 0.0000000000
68161  -41.052  20.255  30.682 0.0000000000
68105  -47.137  21.604  37.968 0.0000000000
68110  -46.282  20.677  37.548 0.0000000000
68122  -45.943  20.666  36.807 0.0000000000
73804  -41.508  34.737  25.949 0.0000000000
85784  -41.446  34.271  27.763 0.0000000000
73781  -40.840  33.757  26.994 0.0000000000
72936  -40.798  32.761  27.740 0.0000000000
71114  -41.301  28.662  36.808 0.0000000000
75410  -39.071  39.141  31.200 0.0000000000
72014  -47.577  30.146  30.594 0.0000000000
71977  -47.868  31.094  33.400 0.0000000000
72000  -49.285  30.063  31.901 0.0000000000
71146  -49.788  28.697  32.003 0.0000000000
70782  -50.072  27.928  30.887 0.0000000000
70407  -49.570  26.019  29.678 0.0000000000
84565  -49.021  26.866  29.915 0.0000000000
85430  -43.225  36.649  29.286 0.0000000000
74596  -43.564  36.846  30.041 0.0000000000
89042  -43.715  36.336  29.324 0.0000000000
72917  -42.213  32.400  29.431 0.0000000000
72907  -42.665  32.939  30.300 0.0000000000
72464  -42.736  31.877  30.060 0.0000000000
72466  -44.000  30.930  30.775 0.0000000000
72022  -43.559  30.423  28.697 0.0000000000
94855  -44.617  29.500  28.582 0.0000000000
72046  -43.533  29.870  27.289 0.0000000000
71605  -41.011  29.300  27.565 0.0000000000
68094  -44.441  21.489  41.075 0.0000000000
68082  -45.641  21.489  42.178 0.0000000000
68520  -45.513  22.206  40.108 0.0000000000
87506  -47.343  22.501  39.864 0.0000000000
68532  -44.849  22.333  39.433 0.0000000000
76133  -36.233  41.242  28.884 0.0000000000
76121  -35.194  40.353  30.084 0.0000000000
76128  -36.319  40.298  29.163 0.0000000000
75799  -37.062  39.201  30.219 0.0000000000
75806  -36.843  39.845  28.698 0.0000000000
75821  -38.264  39.177  25.889 0.0000000000
75813  -38.417  39.042  27.279 0.0000000000
75437  -39.693  38.240  26.402 0.0000000000
74998  -40.066  37.656  27.161 0.0000000000
75443  -40.310  37.945  25.836 0.0000000000
75029  -43.489  37.349  23.411 0.0000000000
75007  -42.605  36.918  24.866 0.0000000000
75018  -44.941  36.849  24.049 0.0000000000
74219  -44.337  36.171  25.103 0.0000000000
74238  -45.232  36.216  23.564 0.0000000000
74249  -44.873  35.391  22.962 0.0000000000
74261  -45.241  35.234  21.460 0.0000000000
87427  -37.904  24.068  37.413 0.0000000000
69316  -37.596  23.404  37.712 0.0000000000
91706  -39.014  22.933  37.665 0.0000000000
68548  -39.999  21.918  38.189 0.0000000000
69319  -40.308  23.162  37.268 0.0000000000
69667  -42.177  24.349  36.151 0.0000000000
69328  -42.473  23.543  36.473 0.0000000000
69343  -42.962  23.840  36.037 0.0000000000
83732  -44.900  22.901  36.927 0.0000000000
69344  -43.830  23.729  35.834 0.0000000000
72870  -39.473  32.761  33.819 0.0000000000
72851  -39.089  32.225  34.262 0.0000000000
72852  -40.000  32.469  34.334 0.0000000000
91575  -43.138  35.466  32.043 0.0000000000
73734  -42.647  34.940  32.433 0.0000000000
73330  -43.254  33.873  32.492 0.0000000000
72416  -47.486  32.214  36.817 0.0000000000
93532  -45.114  33.030  35.060 0.0000000000
72402  -45.838  31.588  37.220 0.0000000000
72400  -43.719  31.329  36.632 0.0000000000
71534  -44.360  30.434  36.450 0.0000000000
71121  -44.216  29.025  35.601 0.0000000000
71550  -45.681  29.552  35.510 0.0000000000
70047  -47.293  25.702  31.920 0.0000000000
70371  -45.756  26.415  33.081 0.0000000000
69710  -46.412  24.140  33.492 0.0000000000
69357  -46.546  23.187  34.378 0.0000000000
69365  -46.866  23.257  33.700 0.0000000000
85629  -46.600  21.329  34.262 0.0000000000
69001  -47.848  22.256  32.419 0.0000000000
69017  -47.195  22.311  29.675 0.0000000000
68173  -46.489  20.741  29.753 0.0000000000
68172  -45.731  20.495  29.471 0.0000000000
68171  -44.461  19.652  29.848 0.0000000000
68604  -44.442  21.082  29.619 0.0000000000
70777  -43.899  27.926  30.516 0.0000000000
70404  -45.169  26.693  30.887 0.0000000000
70769  -43.863  27.284  31.248 0.0000000000
69371  -41.297  24.024  32.521 0.0000000000
69716  -42.320  24.625  32.106 0.0000000000
69377  -41.827  23.343  32.037 0.0000000000
68598  -42.301  21.504  30.979 0.0000000000
69005  -40.770  22.245  32.117 0.0000000000
68592  -40.364  21.264  31.734 0.0000000000
68083  -48.108  21.674  41.539 0.0000000000
67707  -44.392  19.908  35.451 0.0000000000
92473  -43.905  35.997  27.159 0.0000000000
74184  -42.997  35.551  28.554 0.0000000000
74183  -42.144  35.121  28.004 0.0000000000
95464  -41.671  33.999  28.502 0.0000000000
72925  -41.682  32.231  28.767 0.0000000000
72032  -42.300  30.649  27.619 0.0000000000
72483  -40.844  31.829  27.747 0.0000000000
67217  -43.957  19.176  43.259 0.0000000000
67659  -42.841  19.983  42.235 0.0000000000
68519  -42.573  21.353  40.214 0.0000000000
76752  -37.374  43.221  28.239 0.0000000000
82754  -39.888  38.250  24.515 0.0000000000
82774  -43.635  37.358  21.912 0.0000000000
75052  -44.195  36.761  21.315 0.0000000000
69664  -39.870  24.759  36.920 0.0000000000
95327  -41.767  25.684  36.145 0.0000000000
85536  -42.652  26.147  35.467 0.0000000000
73732  -39.925  35.008  32.544 0.0000000000
72443  -44.629  32.097  32.570 0.0000000000
72875  -44.480  33.090  33.614 0.0000000000
72444  -45.542  31.853  32.892 0.0000000000
72440  -47.567  32.245  34.184 0.0000000000
71545  -48.341  30.425  35.986 0.0000000000
71126  -46.679  28.981  34.223 0.0000000000
71133  -48.513  29.044  33.827 0.0000000000
70752  -48.274  27.257  32.018 0.0000000000
70054  -48.958  24.780  31.115 0.0000000000
69381  -49.451  22.790  31.161 0.0000000000
69735  -51.002  23.892  29.837 0.0000000000
69392  -49.428  23.702  29.065 0.0000000000
69733  -47.244  24.289  29.796 0.0000000000
70397  -42.958  26.881  31.646 0.0000000000
71951  -39.545  30.634  36.992 0.0000000000
74987  -41.466  38.014  30.527 0.0000000000
75413  -41.683  38.994  31.921 0.0000000000
92231  -42.583  38.267  31.043 0.0000000000
74589  -43.704  36.548  31.319 0.0000000000
73740  -43.264  34.830  31.861 0.0000000000
73755  -42.741  34.749  29.874 0.0000000000
72894  -43.003  33.408  31.179 0.0000000000
72895  -43.369  32.835  31.712 0.0000000000
72456  -44.306  31.474  31.673 0.0000000000
72012  -45.647  30.106  30.180 0.0000000000
71595  -46.896  29.189  29.583 0.0000000000
71196  -46.993  28.875  29.482 0.0000000000
71594  -45.636  29.207  29.222 0.0000000000
71195  -45.086  29.137  28.986 0.0000000000
71177  -43.740  28.484  29.687 0.0000000000
88167  -42.508  29.662  26.929 0.0000000000
71206  -42.338  28.623  27.990 0.0000000000
67646  -45.493  20.540  43.248 0.0000000000
68070  -47.392  21.992  42.904 0.0000000000
68071  -48.302  21.999  42.509 0.0000000000
68096  -48.076  22.519  40.937 0.0000000000
94856  -47.633  22.317  39.235 0.0000000000
68551  -47.177  22.056  37.612 0.0000000000
84676  -35.032  38.281  31.071 0.0000000000
75406  -34.712  39.021  30.647 0.0000000000
75407  -36.081  38.349  31.116 0.0000000000
75408  -37.039  38.624  31.197 0.0000000000
75419  -38.149  39.229  30.871 0.0000000000
75420  -38.696  39.109  30.640 0.0000000000
76138  -37.326  41.140  27.379 0.0000000000
75807  -37.442  39.433  28.282 0.0000000000
75430  -38.491  38.558  28.625 0.0000000000
75428  -39.179  38.487  30.059 0.0000000000
96120  -40.299  37.298  28.555 0.0000000000
74594  -41.227  36.886  28.373 0.0000000000
74611  -42.304  36.602  26.892 0.0000000000
75006  -41.578  37.157  25.478 0.0000000000
74627  -42.701  36.632  25.730 0.0000000000
91818  -43.707  36.159  26.879 0.0000000000
74210  -44.034  35.976  26.139 0.0000000000
90984  -43.552  35.761  26.067 0.0000000000
73814  -42.426  34.732  24.101 0.0000000000
83896  -42.327  34.261  22.738 0.0000000000
74692  -45.556  35.214  19.822 0.0000000000
90144  -41.245  21.452  39.318 0.0000000000
68541  -42.749  22.161  38.590 0.0000000000
68961  -40.974  23.632  36.753 0.0000000000
68945  -41.933  22.686  37.374 0.0000000000
68936  -43.679  22.560  38.152 0.0000000000
68937  -45.015  22.625  38.051 0.0000000000
68948  -45.743  22.708  37.403 0.0000000000
68563  -46.947  21.912  37.046 0.0000000000
71952  -40.478  30.671  36.875 0.0000000000
74580  -41.017  37.038  32.338 0.0000000000
73733  -41.715  35.161  32.551 0.0000000000
73316  -41.206  33.748  33.282 0.0000000000
72874  -43.729  33.077  33.813 0.0000000000
72873  -42.618  33.134  33.848 0.0000000000
72854  -41.902  32.637  34.476 0.0000000000
92395  -41.833  31.433  36.143 0.0000000000
72399  -42.043  31.086  36.637 0.0000000000
71525  -41.548  30.372  37.023 0.0000000000
71119  -42.822  28.359  36.230 0.0000000000
70718  -43.504  27.673  35.367 0.0000000000
70349  -43.600  26.498  34.722 0.0000000000
71130  -45.160  28.062  34.110 0.0000000000
70370  -44.911  26.523  33.651 0.0000000000
69697  -44.455  24.817  34.553 0.0000000000
69355  -45.145  23.993  35.036 0.0000000000
87781  -46.546  22.159  36.225 0.0000000000
68571  -46.573  21.674  35.978 0.0000000000
68131  -46.271  21.053  35.563 0.0000000000
68139  -46.098  20.890  34.660 0.0000000000
68154  -45.144  20.157  32.824 0.0000000000
88593  -47.448  21.241  31.379 0.0000000000
68155  -45.981  20.455  32.269 0.0000000000
67735  -44.317  19.593  32.194 0.0000000000
67734  -43.620  19.066  31.678 0.0000000000
67741  -42.986  18.766  29.794 0.0000000000
70780  -47.141  27.334  29.886 0.0000000000
70059  -46.381  25.637  30.284 0.0000000000
87913  -45.189  24.233  30.813 0.0000000000
92645  -43.301  25.187  31.734 0.0000000000
69379  -43.580  23.791  31.419 0.0000000000
69385  -44.291  22.951  30.884 0.0000000000
69013  -43.361  21.557  30.548 0.0000000000
68597  -42.127  20.208  30.234 0.0000000000
68104  -46.325  20.480  38.446 0.0000000000
73795  -41.333  34.540  26.827 0.0000000000
73794  -40.792  33.988  26.127 0.0000000000
71113  -40.643  28.488  36.908 0.0000000000
71106  -40.850  29.284  37.059 0.0000000000
74983  -39.621  38.769  31.669 0.0000000000
75399  -40.534  38.999  32.035 0.0000000000
71585  -47.767  29.482  29.867 0.0000000000
71999  -48.319  30.296  31.470 0.0000000000
71575  -48.727  29.772  30.608 0.0000000000
71181  -50.036  28.345  31.191 0.0000000000
71180  -49.077  28.379  30.027 0.0000000000
70781  -49.644  27.414  30.446 0.0000000000
72474  -42.479  31.422  29.361 0.0000000000
72475  -43.018  30.965  29.594 0.0000000000
72033  -43.275  30.284  27.659 0.0000000000
67207  -44.568  18.692  43.843 0.0000000000
76134  -36.740  40.671  28.274 0.0000000000
75436  -38.932  38.759  26.183 0.0000000000
98011  -39.335  38.528  25.846 0.0000000000
75442  -39.733  38.306  25.412 0.0000000000
75042  -44.354  37.267  22.859 0.0000000000
75030  -44.853  37.102  23.674 0.0000000000
74654  -45.127  36.701  23.838 0.0000000000
74664  -45.273  36.602  23.334 0.0000000000
74250  -45.389  35.877  22.648 0.0000000000
74673  -45.383  36.231  22.350 0.0000000000
69995  -38.295  25.292  37.213 0.0000000000
69661  -38.474  24.484  37.296 0.0000000000
69317  -38.576  23.609  37.472 0.0000000000
69318  -39.480  23.409  37.365 0.0000000000
69680  -44.153  24.241  35.265 0.0000000000
73314  -39.294  33.360  33.282 0.0000000000
73735  -43.117  34.616  32.292 0.0000000000
71958  -46.837  31.628  37.402 0.0000000000
72415  -46.397  32.340  36.769 0.0000000000
71956  -45.179  31.058  36.881 0.0000000000
71543  -45.370  30.202  36.404 0.0000000000
69725  -47.398  24.619  32.078 0.0000000000
70046  -46.611  25.371  32.492 0.0000000000
69718  -46.961  23.849  32.915 0.0000000000
69373  -47.510  22.932  32.879 0.0000000000
68994  -47.294  22.347  33.378 0.0000000000
68606  -46.116  20.934  29.387 0.0000000000
68605  -45.412  20.936  29.341 0.0000000000
69015  -44.962  21.943  29.893 0.0000000000
70768  -43.190  27.619  31.121 0.0000000000
69006  -41.631  22.397  31.787 0.0000000000
95857  -40.075  22.105  32.460 0.0000000000
68095  -47.977  21.617  40.409 0.0000000000
67696  -44.726  20.056  36.438 0.0000000000
74194  -42.955  35.625  27.549 0.0000000000
73370  -41.790  33.220  28.852 0.0000000000
72924  -41.243  32.518  28.281 0.0000000000
72484  -41.483  31.523  28.160 0.0000000000
72935  -40.084  32.173  27.378 0.0000000000
67642  -41.813  19.863  42.126 0.0000000000
68093  -43.062  20.977  40.959 0.0000000000
76746  -37.176  44.194  29.367 0.0000000000
75465  -41.714  38.030  22.325 0.0000000000
75466  -42.499  38.065  21.500 0.0000000000
70337  -41.813  26.922  36.369 0.0000000000
70000  -41.271  26.069  36.394 0.0000000000
70006  -42.059  26.180  36.039 0.0000000000
70339  -42.537  26.890  35.959 0.0000000000
74981  -37.486  37.992  31.433 0.0000000000
71998  -45.042  31.095  32.017 0.0000000000
71978  -48.932  30.664  33.847 0.0000000000
72441  -48.365  31.363  34.293 0.0000000000
72432  -48.455  31.701  35.182 0.0000000000
71546  -48.744  30.257  35.181 0.0000000000
71555  -49.024  29.645  34.423 0.0000000000
94886  -49.401  29.592  33.597 0.0000000000
70770  -50.141  27.232  31.111 0.0000000000
70753  -49.579  27.842  31.938 0.0000000000
70400  -49.415  26.487  31.175 0.0000000000
70053  -48.623  25.841  31.228 0.0000000000
92903  -49.862  25.581  30.413 0.0000000000
70055  -50.597  24.674  30.202 0.0000000000
70061  -48.804  25.569  29.462 0.0000000000
70065  -49.711  25.080  29.044 0.0000000000
69734  -48.600  24.606  29.290 0.0000000000
69388  -48.137  23.724  29.450 0.0000000000
74591  -43.756  37.017  30.779 0.0000000000
74168  -43.435  35.835  31.450 0.0000000000
73745  -43.374  35.373  31.102 0.0000000000
73770  -42.526  35.049  29.149 0.0000000000
74174  -43.416  35.613  29.465 0.0000000000
73346  -42.764  34.030  30.536 0.0000000000
72455  -43.645  31.903  31.282 0.0000000000
72011  -44.611  30.275  29.999 0.0000000000
71997  -44.778  30.615  31.060 0.0000000000
72013  -46.780  29.751  29.943 0.0000000000
72024  -46.065  29.453  29.563 0.0000000000
96748  -44.136  29.514  27.996 0.0000000000
97213  -44.562  29.328  28.552 0.0000000000
89952  -44.321  28.988  28.585 0.0000000000
72044  -42.026  30.151  26.846 0.0000000000
72045  -42.953  30.072  26.965 0.0000000000
71205  -41.407  28.777  28.206 0.0000000000
71211  -41.961  29.118  27.366 0.0000000000
67645  -44.348  20.000  42.967 0.0000000000
67634  -44.978  19.662  43.545 0.0000000000
68068  -44.881  20.715  42.617 0.0000000000
68495  -46.791  22.012  42.373 0.0000000000
68069  -46.063  21.310  42.851 0.0000000000
68496  -48.162  22.159  42.639 0.0000000000
68506  -47.916  22.579  42.179 0.0000000000
68507  -48.215  22.496  41.901 0.0000000000
97051  -48.073  22.771  41.469 0.0000000000
68533  -46.751  22.579  39.215 0.0000000000
68544  -47.271  22.224  38.483 0.0000000000
91044  -33.274  38.975  31.402 0.0000000000
75405  -33.179  38.280  31.824 0.0000000000
85699  -33.949  38.403  31.203 0.0000000000
76126  -35.127  41.254  29.993 0.0000000000
75802  -35.872  39.899  29.798 0.0000000000
75797  -35.364  39.493  30.234 0.0000000000
75417  -35.696  38.825  30.609 0.0000000000
75418  -36.644  38.948  30.806 0.0000000000
75804  -37.176  39.262  29.296 0.0000000000
99220  -37.675  39.212  30.628 0.0000000000
75811  -37.243  40.145  27.741 0.0000000000
75812  -37.927  39.634  27.293 0.0000000000
87415  -38.732  38.575  27.725 0.0000000000
87402  -38.931  38.265  29.180 0.0000000000
74992  -39.640  37.761  29.169 0.0000000000
74994  -39.770  37.620  28.028 0.0000000000
86861  -40.663  37.261  27.105 0.0000000000
74995  -40.475  37.243  27.755 0.0000000000
74996  -41.075  36.961  27.491 0.0000000000
74601  -41.959  36.683  27.555 0.0000000000
75027  -40.659  38.015  23.987 0.0000000000
75015  -40.634  37.827  25.083 0.0000000000
75016  -41.535  37.475  24.515 0.0000000000
74641  -43.629  36.550  25.262 0.0000000000
90153  -43.527  36.324  25.966 0.0000000000
74612  -43.121  36.384  26.526 0.0000000000
74613  -43.759  36.185  26.401 0.0000000000
74196  -43.911  35.969  26.790 0.0000000000
74227  -44.376  35.860  24.911 0.0000000000
74218  -44.089  35.932  25.786 0.0000000000
74226  -43.196  35.443  25.219 0.0000000000
73835  -44.993  34.773  21.917 0.0000000000
73826  -43.876  34.531  22.426 0.0000000000
89296  -44.209  33.433  21.168 0.0000000000
73834  -42.819  33.646  21.593 0.0000000000
74682  -44.858  36.043  20.612 0.0000000000
86312  -39.876  21.528  39.090 0.0000000000
68549  -40.980  21.948  38.049 0.0000000000
68539  -40.685  21.581  38.762 0.0000000000
68540  -41.588  21.764  38.630 0.0000000000
68550  -41.859  22.192  37.951 0.0000000000
69665  -40.680  24.481  36.636 0.0000000000
68962  -41.829  23.226  36.862 0.0000000000
68946  -42.789  22.574  37.736 0.0000000000
68947  -44.059  22.780  37.424 0.0000000000
69330  -44.718  23.178  36.342 0.0000000000
68965  -46.305  22.538  36.741 0.0000000000
68949  -46.811  22.333  37.370 0.0000000000
72428  -39.661  31.829  34.910 0.0000000000
72397  -39.995  30.921  36.395 0.0000000000
74974  -42.350  37.856  32.225 0.0000000000
74973  -41.607  37.987  32.264 0.0000000000
74581  -41.962  37.033  32.361 0.0000000000
73329  -42.852  34.157  32.713 0.0000000000
73328  -41.987  34.357  32.889 0.0000000000
73327  -40.789  34.456  32.796 0.0000000000
87473  -44.644  33.183  34.129 0.0000000000
72843  -44.326  32.390  35.738 0.0000000000
72856  -44.013  32.746  34.799 0.0000000000
72855  -42.942  32.630  34.652 0.0000000000
72841  -42.140  32.050  35.411 0.0000000000
86654  -43.106  30.911  36.685 0.0000000000
93162  -42.872  31.168  36.646 0.0000000000
71954  -42.220  30.805  36.781 0.0000000000
85865  -42.427  30.092  36.851 0.0000000000
71116  -43.024  29.263  36.416 0.0000000000
71123  -44.031  28.158  35.129 0.0000000000
71120  -43.480  28.511  35.832 0.0000000000
70340  -43.177  26.879  35.288 0.0000000000
70720  -43.901  27.259  34.708 0.0000000000
71132  -47.299  28.630  33.607 0.0000000000
71131  -46.131  28.289  33.720 0.0000000000
70731  -45.636  27.348  33.382 0.0000000000
70038  -45.244  25.654  33.519 0.0000000000
69708  -44.992  25.016  33.957 0.0000000000
70022  -44.542  25.695  34.058 0.0000000000
68985  -46.586  22.713  34.874 0.0000000000
68977  -46.577  22.214  35.517 0.0000000000
68578  -46.568  21.468  35.166 0.0000000000
68148  -46.003  20.724  33.586 0.0000000000
68147  -45.235  20.357  34.034 0.0000000000
69009  -49.261  22.446  30.613 0.0000000000
69002  -48.572  22.226  31.507 0.0000000000
68600  -48.229  21.706  30.989 0.0000000000
99363  -46.133  20.346  29.933 0.0000000000
68164  -46.760  20.648  30.597 0.0000000000
68163  -46.097  20.214  30.848 0.0000000000
68162  -45.132  19.804  31.125 0.0000000000
67743  -44.139  19.299  30.720 0.0000000000
67752  -43.562  19.178  29.722 0.0000000000
67751  -42.866  19.012  29.295 0.0000000000
67316  -42.438  18.708  29.374 0.0000000000
70785  -46.939  28.337  29.538 0.0000000000
70052  -44.523  26.077  31.254 0.0000000000
70058  -45.353  25.829  30.794 0.0000000000
69731  -45.631  24.942  30.680 0.0000000000
70390  -42.402  26.114  32.049 0.0000000000
70045  -42.688  25.285  31.956 0.0000000000
69378  -42.642  23.687  31.763 0.0000000000
69722  -43.036  24.542  31.751 0.0000000000
69014  -44.070  22.073  30.463 0.0000000000
90757  -41.364  21.351  31.322 0.0000000000
96722  -41.609  19.244  29.532 0.0000000000
68099  -47.671  21.692  38.891 0.0000000000
67687  -45.033  19.964  37.942 0.0000000000
74207  -42.155  35.238  26.718 0.0000000000
74193  -41.878  35.028  27.394 0.0000000000
73380  -40.945  33.426  27.571 0.0000000000
95395  -40.375  33.050  27.219 0.0000000000
70714  -41.491  27.830  36.607 0.0000000000
74982  -38.592  38.332  31.531 0.0000000000
95287  -39.219  38.126  31.765 0.0000000000
90818  -40.226  37.135  32.236 0.0000000000
97305  -46.405  30.319  30.972 0.0000000000
71983  -47.254  30.560  32.062 0.0000000000
71984  -48.619  30.513  32.643 0.0000000000
71985  -49.473  30.112  33.090 0.0000000000
71556  -49.549  29.647  33.132 0.0000000000
71577  -49.790  28.868  31.797 0.0000000000
70771  -50.288  28.027  31.100 0.0000000000
70401  -49.750  26.245  30.339 0.0000000000
70406  -47.848  26.265  29.752 0.0000000000
74990  -42.705  37.299  30.216 0.0000000000
74175  -43.915  36.298  29.924 0.0000000000
73359  -42.329  33.622  29.693 0.0000000000
72465  -43.316  31.382  30.453 0.0000000000
72010  -43.754  30.585  29.801 0.0000000000
72023  -44.411  30.104  28.876 0.0000000000
72034  -44.012  29.899  27.860 0.0000000000
71606  -43.753  29.596  27.537 0.0000000000
88999  -41.569  29.750  26.951 0.0000000000
67208  -46.616  19.959  44.499 0.0000000000
68081  -44.475  21.013  41.982 0.0000000000
85867  -45.445  21.655  41.507 0.0000000000
82868  -46.313  22.200  40.749 0.0000000000
68521  -47.812  22.664  40.690 0.0000000000
76437  -35.653  41.784  29.479 0.0000000000
76127  -35.709  40.781  29.586 0.0000000000
75803  -36.525  39.522  29.532 0.0000000000
75816  -37.905  39.807  26.420 0.0000000000
75817  -38.419  39.221  26.646 0.0000000000
75433  -38.945  38.686  26.926 0.0000000000
75434  -39.394  38.157  27.401 0.0000000000
74999  -40.559  37.540  26.451 0.0000000000
84178  -42.507  37.319  23.989 0.0000000000
75017  -43.952  36.971  24.339 0.0000000000
74642  -44.366  36.543  24.739 0.0000000000
74643  -44.791  36.607  24.263 0.0000000000
74228  -44.885  36.301  24.279 0.0000000000
74237  -44.595  35.606  23.896 0.0000000000
98576  -44.225  35.119  23.189 0.0000000000
69994  -37.492  25.520  37.233 0.0000000000
88971  -37.711  24.739  37.325 0.0000000000
86428  -37.177  24.172  37.467 0.0000000000
68943  -39.714  22.646  37.665 0.0000000000
86343  -40.559  22.441  37.626 0.0000000000
69327  -41.742  23.784  36.510 0.0000000000
69329  -43.405  23.373  36.412 0.0000000000
68964  -43.898  23.042  36.804 0.0000000000
69345  -44.927  23.544  35.653 0.0000000000
72429  -40.560  32.033  34.912 0.0000000000
74167  -43.246  36.424  31.897 0.0000000000
74164  -42.469  36.054  32.315 0.0000000000
72845  -46.848  32.949  35.785 0.0000000000
72844  -45.954  32.917  35.799 0.0000000000
72414  -45.192  32.283  36.444 0.0000000000
72413  -44.097  31.800  36.528 0.0000000000
97552  -43.339  31.521  36.529 0.0000000000
72401  -44.705  31.493  36.817 0.0000000000
71955  -44.078  31.061  36.659 0.0000000000
71541  -43.816  29.553  36.204 0.0000000000
71542  -44.506  29.729  36.113 0.0000000000
71549  -44.875  29.488  35.678 0.0000000000
71124  -44.827  28.736  34.947 0.0000000000
70732  -46.619  26.997  32.510 0.0000000000
70391  -46.527  26.168  32.432 0.0000000000
70039  -45.959  25.516  33.006 0.0000000000
69709  -45.734  24.751  33.614 0.0000000000
69364  -46.167  23.917  34.098 0.0000000000
68986  -46.949  22.460  34.236 0.0000000000
68587  -47.046  21.753  33.828 0.0000000000
68593  -47.334  21.623  32.612 0.0000000000
92681  -47.965  22.141  29.866 0.0000000000
68608  -48.153  21.889  30.284 0.0000000000
68607  -46.980  21.491  29.763 0.0000000000
86833  -44.777  20.232  29.451 0.0000000000
91780  -43.827  20.267  29.628 0.0000000000
89614  -44.914  28.457  29.603 0.0000000000
70778  -44.853  27.520  30.654 0.0000000000
70399  -44.448  26.852  31.256 0.0000000000
69715  -41.619  24.764  32.533 0.0000000000
69372  -41.921  24.093  32.174 0.0000000000
69007  -42.518  22.569  31.463 0.0000000000
67662  -48.073  21.068  42.385 0.0000000000
74195  -43.829  36.070  27.369 0.0000000000
74185  -43.842  36.114  28.917 0.0000000000
85986  -43.821  36.055  27.959 0.0000000000
73769  -42.075  34.732  28.532 0.0000000000
72485  -42.076  31.437  28.706 0.0000000000
72496  -41.350  30.866  27.392 0.0000000000
67644  -43.361  19.626  42.776 0.0000000000
68079  -42.373  20.447  41.625 0.0000000000
68080  -43.439  20.633  41.741 0.0000000000
76745  -35.965  42.977  29.878 0.0000000000
76751  -36.408  42.548  28.921 0.0000000000
75454  -41.097  37.999  23.107 0.0000000000
75040  -42.179  37.698  23.168 0.0000000000
75041  -42.957  37.662  22.507 0.0000000000
75053  -45.001  36.824  22.326 0.0000000000
75051  -43.307  37.601  20.985 0.0000000000
84957  -41.430  25.089  36.307 0.0000000000
70001  -42.288  25.359  35.804 0.0000000000
70007  -43.060  25.471  35.173 0.0000000000
73326  -39.629  34.173  32.826 0.0000000000
73315  -40.245  33.763  33.179 0.0000000000
72882  -44.175  32.830  33.008 0.0000000000
72883  -45.021  32.794  33.442 0.0000000000
72439  -46.222  32.869  33.833 0.0000000000
72445  -46.670  31.515  33.137 0.0000000000
72859  -46.980  33.056  34.732 0.0000000000
72431  -47.834  32.597  35.534 0.0000000000
72417  -48.341  31.624  36.379 0.0000000000
71544  -47.706  30.311  36.450 0.0000000000
71551  -46.877  29.622  35.249 0.0000000000
71552  -48.275  29.926  35.444 0.0000000000
71554  -47.832  29.332  34.476 0.0000000000
71134  -49.255  29.173  33.397 0.0000000000
71144  -48.448  28.305  32.847 0.0000000000
70392  -47.636  26.490  31.817 0.0000000000
98843  -47.885  25.281  31.575 0.0000000000
69726  -48.638  23.601  31.551 0.0000000000
69374  -48.275  22.740  31.954 0.0000000000
69382  -50.268  23.169  30.247 0.0000000000
69010  -50.063  22.929  29.965 0.0000000000
70066  -50.579  24.878  29.101 0.0000000000
69393  -50.438  23.752  28.957 0.0000000000
69019  -49.864  23.282  29.506 0.0000000000
69022  -48.405  22.924  29.543 0.0000000000
69387  -47.242  23.280  29.692 0.0000000000
69386  -46.449  22.793  29.798 0.0000000000
70767  -42.338  27.701  31.362 0.0000000000
70396  -42.000  26.937  31.998 0.0000000000
70389  -41.649  26.274  32.446 0.0000000000
70043  -41.232  25.613  32.763 0.0000000000
69714  -40.839  24.830  32.885 0.0000000000
69370  -40.516  23.952  32.838 0.0000000000
75422  -40.786  39.074  31.308 0.0000000000
75412  -41.104  39.269  31.880 0.0000000000
75423  -41.663  38.892  31.560 0.0000000000
75414  -42.356  38.550  31.740 0.0000000000
74984  -42.918  38.113  32.028 0.0000000000
96012  -43.244  37.515  30.701 0.0000000000
85075  -43.276  38.032  31.340 0.0000000000
74588  -43.439  37.286  31.677 0.0000000000
73336  -43.372  33.836  31.949 0.0000000000
74171  -43.521  35.563  30.327 0.0000000000
73744  -43.056  34.884  30.678 0.0000000000
73739  -43.151  34.464  31.322 0.0000000000
72896  -43.947  32.434  32.141 0.0000000000
99383  -45.499  30.516  31.310 0.0000000000
71197  -47.931  28.933  29.624 0.0000000000
71178  -46.001  28.837  29.406 0.0000000000
71613  -43.306  29.579  27.120 0.0000000000
71212  -42.871  29.029  27.322 0.0000000000
71207  -43.169  28.717  27.914 0.0000000000
67635  -46.158  20.407  43.966 0.0000000000
68056  -46.808  21.235  43.515 0.0000000000
67636  -47.638  20.867  44.229 0.0000000000
68058  -48.240  21.742  43.137 0.0000000000
68100  -48.047  22.322  39.800 0.0000000000
75796  -34.524  39.898  30.419 0.0000000000
74979  -35.443  37.504  31.364 0.0000000000
74980  -36.466  37.675  31.404 0.0000000000
88388  -37.463  39.164  30.917 0.0000000000
75421  -39.725  39.143  30.951 0.0000000000
75426  -37.828  38.913  28.991 0.0000000000
75808  -38.131  39.037  28.000 0.0000000000
75427  -38.439  38.732  29.649 0.0000000000
74986  -40.157  38.276  30.323 0.0000000000
74989  -40.676  37.339  29.419 0.0000000000
74597  -42.669  36.556  28.399 0.0000000000
74602  -43.282  36.311  27.472 0.0000000000
75005  -40.831  37.546  25.795 0.0000000000
82605  -41.207  37.192  26.151 0.0000000000
74626  -41.977  36.762  26.253 0.0000000000
74209  -43.982  35.980  26.546 0.0000000000
74217  -42.514  35.358  25.935 0.0000000000
73825  -43.494  34.923  23.451 0.0000000000
74672  -45.187  36.236  21.656 0.0000000000
74683  -45.280  35.484  21.070 0.0000000000
74269  -45.584  34.427  20.229 0.0000000000
68529  -40.522  21.333  39.668 0.0000000000
68530  -42.124  21.602  39.397 0.0000000000
68531  -43.325  21.921  39.455 0.0000000000
69662  -40.057  23.911  36.951 0.0000000000
68944  -41.135  22.887  37.208 0.0000000000
68542  -44.188  22.464  38.766 0.0000000000
68938  -46.623  22.504  37.888 0.0000000000
72396  -39.011  30.901  36.460 0.0000000000
71946  -40.798  30.421  37.090 0.0000000000
75400  -41.341  38.923  32.113 0.0000000000
89515  -41.367  36.077  32.419 0.0000000000
92742  -40.802  35.299  32.525 0.0000000000
88801  -43.725  33.217  33.124 0.0000000000
73318  -43.169  33.514  33.150 0.0000000000
72872  -41.547  33.188  33.843 0.0000000000
72853  -40.934  32.629  34.358 0.0000000000
72430  -41.331  32.191  34.900 0.0000000000
72411  -41.201  31.697  35.549 0.0000000000
72412  -42.614  31.514  36.329 0.0000000000
72398  -41.068  31.121  36.425 0.0000000000
71953  -41.373  30.758  36.809 0.0000000000
71524  -41.056  29.958  37.187 0.0000000000
71532  -41.548  29.541  36.970 0.0000000000
71115  -42.153  28.772  36.611 0.0000000000
70717  -42.992  27.645  35.874 0.0000000000
90492  -43.182  26.138  34.971 0.0000000000
71125  -45.798  28.916  34.529 0.0000000000
70721  -44.638  27.268  34.030 0.0000000000
70350  -44.184  26.502  34.260 0.0000000000
70021  -43.756  25.704  34.608 0.0000000000
69696  -43.639  24.929  34.955 0.0000000000
69356  -45.991  23.587  34.729 0.0000000000
69346  -45.982  23.216  35.351 0.0000000000
93234  -46.765  21.884  36.556 0.0000000000
68123  -46.531  21.399  36.467 0.0000000000
68138  -45.362  20.440  35.038 0.0000000000
67716  -44.419  19.974  34.440 0.0000000000
68594  -47.935  21.795  31.817 0.0000000000
68156  -46.763  20.832  31.846 0.0000000000
68599  -47.334  21.242  30.388 0.0000000000
67726  -44.354  19.901  33.433 0.0000000000
96818  -43.740  19.623  33.878 0.0000000000
67725  -43.605  19.435  32.958 0.0000000000
67742  -43.509  18.929  30.514 0.0000000000
71179  -48.228  28.140  29.721 0.0000000000
91635  -45.804  27.205  30.398 0.0000000000
70405  -46.202  26.519  30.343 0.0000000000
90216  -46.470  24.833  30.257 0.0000000000
69732  -46.176  23.934  30.345 0.0000000000
87590  -45.359  23.088  30.455 0.0000000000
69723  -43.808  24.696  31.515 0.0000000000
69380  -44.438  23.998  31.093 0.0000000000
98810  -42.962  20.604  30.192 0.0000000000
68603  -43.081  19.547  29.516 0.0000000000
68538  -39.320  21.790  38.691 0.0000000000
69389  -50.626  23.523  29.520 0.0000000000
69717  -46.409  24.711  32.931 0.0000000000
69727  -50.157  23.648  30.701 0.0000000000
69736  -50.999  24.114  29.036 0.0000000000
69740  -50.192  24.326  28.780 0.0000000000
70062  -51.001  24.640  29.498 0.0000000000
70411  -49.969  25.496  29.318 0.0000000000
70754  -50.100  28.114  31.347 0.0000000000
71145  -49.558  28.595  32.355 0.0000000000
71163  -50.048  28.271  31.400 0.0000000000
71208  -43.987  29.295  27.916 0.0000000000
71563  -49.530  29.258  32.844 0.0000000000
71564  -49.622  29.237  32.468 0.0000000000
71576  -49.582  29.302  31.388 0.0000000000
71587  -49.445  28.843  30.533 0.0000000000
71957  -46.455  30.908  37.185 0.0000000000
71965  -47.635  31.072  37.211 0.0000000000
71966  -48.604  30.904  35.792 0.0000000000
71973  -48.786  30.792  34.833 0.0000000000
72001  -49.610  29.574  32.364 0.0000000000
72858  -46.137  33.284  34.782 0.0000000000
75031  -45.165  36.843  23.673 0.0000000000
75401  -42.101  38.574  32.084 0.0000000000
83045  -46.592  30.186  36.477 0.0000000000
91199  -48.287  30.769  36.533 0.0000000000
95951  -50.431  25.398  29.722 0.0000000000
96605  -41.047  28.157  36.769 0.0000000000
99753  -44.750  32.990  20.610 0.0000000000
