#!ascii label  , from subject sub-v1s16x0051195_ses-1 vox2ras=TkReg
619
29145  28.718  -33.482  67.173 0.0000000000
41859  41.491  -17.574  58.759 0.0000000000
45671  52.162  -13.429  61.166 0.0000000000
36522  38.740  -26.255  59.762 0.0000000000
30728  34.817  -31.639  65.112 0.0000000000
27349  32.353  -36.071  69.309 0.0000000000
78817  45.126  -16.096  59.971 0.0000000000
80347  44.740  -20.544  63.203 0.0000000000
35749  36.850  -25.681  59.364 0.0000000000
34848  36.559  -26.577  66.627 0.0000000000
45800  53.350  -13.894  51.641 0.0000000000
43517  47.542  -15.546  52.295 0.0000000000
38171  38.406  -22.653  57.060 0.0000000000
76965  41.442  -22.426  60.059 0.0000000000
29125  31.872  -32.986  67.114 0.0000000000
28299  28.277  -34.751  69.560 0.0000000000
41842  42.725  -17.162  60.194 0.0000000000
41796  44.373  -17.941  63.857 0.0000000000
91978  42.616  -18.803  61.637 0.0000000000
83966  36.817  -28.142  58.648 0.0000000000
29109  37.188  -33.128  67.342 0.0000000000
32300  35.010  -29.384  66.935 0.0000000000
31467  38.059  -30.295  67.894 0.0000000000
45045  50.644  -13.797  49.368 0.0000000000
77837  51.466  -14.858  51.682 0.0000000000
44258  49.627  -14.792  50.742 0.0000000000
92001  47.612  -14.799  57.555 0.0000000000
42711  46.461  -15.937  53.488 0.0000000000
44199  50.413  -14.213  57.497 0.0000000000
77020  51.499  -15.321  55.279 0.0000000000
77710  55.686  -13.879  58.155 0.0000000000
36524  37.848  -25.759  59.678 0.0000000000
36536  37.405  -24.561  58.279 0.0000000000
37336  38.474  -24.946  59.930 0.0000000000
38160  39.652  -22.750  58.646 0.0000000000
37318  39.521  -25.368  60.580 0.0000000000
76945  43.401  -25.569  66.189 0.0000000000
36499  40.707  -25.707  60.138 0.0000000000
28336  34.618  -34.001  66.499 0.0000000000
43469  45.612  -15.718  57.652 0.0000000000
44166  47.976  -14.879  60.458 0.0000000000
76964  47.066  -16.610  62.141 0.0000000000
76949  47.225  -18.874  64.793 0.0000000000
34087  36.088  -26.806  61.006 0.0000000000
34915  36.843  -26.449  59.816 0.0000000000
34946  37.635  -26.946  59.162 0.0000000000
34944  38.534  -26.694  58.133 0.0000000000
36534  39.711  -26.113  57.833 0.0000000000
34063  35.020  -27.341  62.373 0.0000000000
34060  37.354  -27.282  62.634 0.0000000000
77465  56.039  -14.435  52.886 0.0000000000
79173  47.517  -15.220  50.313 0.0000000000
43521  49.126  -15.504  51.788 0.0000000000
77033  49.874  -16.324  52.215 0.0000000000
40377  41.646  -19.402  59.173 0.0000000000
76974  43.216  -21.530  61.106 0.0000000000
77631  46.848  -22.757  65.316 0.0000000000
28321  28.259  -34.472  67.773 0.0000000000
29128  28.782  -33.920  67.727 0.0000000000
28319  28.323  -35.201  68.434 0.0000000000
41858  41.813  -17.447  59.272 0.0000000000
41824  42.384  -17.717  60.826 0.0000000000
41108  41.634  -18.204  60.120 0.0000000000
30702  37.558  -31.411  68.593 0.0000000000
45046  49.989  -13.930  48.816 0.0000000000
90774  50.260  -14.319  50.023 0.0000000000
44270  48.986  -14.414  49.320 0.0000000000
80351  49.114  -14.327  59.205 0.0000000000
90600  49.427  -14.271  58.112 0.0000000000
44185  51.329  -13.631  58.771 0.0000000000
77021  52.958  -13.391  58.565 0.0000000000
36523  38.339  -26.085  60.174 0.0000000000
37337  38.444  -25.071  59.568 0.0000000000
37335  39.089  -24.243  59.545 0.0000000000
36511  38.569  -25.921  60.124 0.0000000000
36489  40.409  -25.387  61.206 0.0000000000
36510  39.298  -26.102  60.307 0.0000000000
28317  33.028  -33.579  67.156 0.0000000000
28296  34.068  -35.099  67.843 0.0000000000
28295  36.069  -35.415  67.528 0.0000000000
42655  43.780  -16.277  58.664 0.0000000000
42681  44.209  -16.054  56.573 0.0000000000
43458  45.705  -15.735  58.667 0.0000000000
43457  46.570  -15.350  58.926 0.0000000000
42626  45.949  -15.803  60.251 0.0000000000
43436  47.339  -15.704  61.019 0.0000000000
41809  46.509  -16.599  62.279 0.0000000000
41039  44.920  -18.541  65.574 0.0000000000
79740  46.164  -18.709  66.284 0.0000000000
76948  46.419  -20.302  65.845 0.0000000000
76961  45.828  -20.613  63.203 0.0000000000
78098  45.418  -20.965  63.047 0.0000000000
34086  36.707  -27.179  60.766 0.0000000000
34100  36.686  -26.705  59.992 0.0000000000
81263  36.790  -27.608  59.631 0.0000000000
34123  37.298  -27.514  58.109 0.0000000000
34945  37.947  -26.805  59.055 0.0000000000
33192  35.515  -27.745  67.230 0.0000000000
34041  34.838  -27.689  64.203 0.0000000000
34051  35.806  -26.857  63.745 0.0000000000
34050  36.784  -26.776  63.124 0.0000000000
34869  37.901  -26.892  64.581 0.0000000000
45810  53.045  -13.160  49.927 0.0000000000
77035  54.708  -14.527  53.434 0.0000000000
77736  50.785  -15.200  51.410 0.0000000000
42710  47.338  -15.565  53.180 0.0000000000
42720  46.549  -16.002  52.570 0.0000000000
43523  46.836  -15.797  51.707 0.0000000000
43527  46.965  -15.562  50.891 0.0000000000
43522  47.858  -15.391  51.661 0.0000000000
43526  48.308  -15.188  51.221 0.0000000000
83222  48.336  -15.537  52.715 0.0000000000
77018  52.758  -15.795  56.142 0.0000000000
89163  50.534  -16.063  53.229 0.0000000000
35736  36.194  -25.627  59.170 0.0000000000
36526  36.313  -24.839  58.172 0.0000000000
37349  37.662  -23.868  57.498 0.0000000000
37350  36.969  -23.911  56.788 0.0000000000
38150  40.643  -22.623  59.503 0.0000000000
38913  40.280  -21.775  57.935 0.0000000000
38898  41.294  -21.677  58.852 0.0000000000
39697  41.509  -19.830  58.395 0.0000000000
77871  42.420  -21.573  59.993 0.0000000000
92581  43.022  -21.009  60.547 0.0000000000
82771  42.771  -22.937  61.917 0.0000000000
35686  43.676  -26.260  65.587 0.0000000000
77819  44.350  -25.241  66.457 0.0000000000
36469  45.733  -25.379  63.864 0.0000000000
37295  46.868  -23.233  63.018 0.0000000000
29110  30.900  -33.444  68.160 0.0000000000
28278  30.861  -34.574  69.723 0.0000000000
83383  31.316  -36.839  69.368 0.0000000000
26464  28.858  -36.037  70.309 0.0000000000
42628  43.622  -16.816  60.265 0.0000000000
41810  45.074  -17.043  62.130 0.0000000000
41811  43.668  -17.670  62.019 0.0000000000
92145  43.771  -18.335  63.019 0.0000000000
76962  43.749  -19.760  62.845 0.0000000000
83672  35.926  -32.120  66.788 0.0000000000
31488  34.728  -30.664  65.334 0.0000000000
30709  35.960  -30.826  67.716 0.0000000000
32283  36.736  -29.209  69.170 0.0000000000
33191  37.501  -27.640  67.587 0.0000000000
33200  37.908  -27.343  66.391 0.0000000000
32289  38.162  -29.669  66.185 0.0000000000
45043  52.243  -13.370  49.875 0.0000000000
44257  52.147  -14.757  52.088 0.0000000000
44268  50.759  -14.708  51.096 0.0000000000
77692  50.253  -14.817  51.063 0.0000000000
77686  49.502  -14.998  51.191 0.0000000000
43481  46.538  -15.380  56.490 0.0000000000
43493  47.228  -15.164  55.891 0.0000000000
43492  47.946  -15.199  55.283 0.0000000000
77917  48.963  -15.220  54.993 0.0000000000
77023  49.457  -15.565  54.156 0.0000000000
91868  50.890  -14.894  55.934 0.0000000000
76997  54.242  -14.744  57.035 0.0000000000
35748  37.709  -26.197  59.931 0.0000000000
36525  37.230  -25.230  58.969 0.0000000000
36535  37.986  -24.885  59.157 0.0000000000
37347  38.728  -23.699  58.378 0.0000000000
38170  38.981  -22.426  57.543 0.0000000000
38161  39.136  -23.305  58.558 0.0000000000
38151  39.739  -23.408  59.394 0.0000000000
90875  40.576  -24.015  61.442 0.0000000000
37296  41.969  -23.794  62.657 0.0000000000
36470  41.223  -25.151  62.380 0.0000000000
35701  42.106  -25.829  63.470 0.0000000000
92170  42.122  -25.833  61.747 0.0000000000
29158  32.689  -32.911  65.117 0.0000000000
29142  33.578  -33.198  65.440 0.0000000000
29936  34.795  -33.108  65.536 0.0000000000
29123  35.765  -33.607  66.498 0.0000000000
28294  37.330  -35.427  68.125 0.0000000000
82792  46.209  -15.497  57.252 0.0000000000
44177  47.901  -14.748  59.472 0.0000000000
44164  49.219  -14.543  61.305 0.0000000000
77638  48.261  -15.174  61.236 0.0000000000
42624  47.919  -15.951  61.427 0.0000000000
76968  47.372  -16.732  61.638 0.0000000000
76967  47.035  -16.949  63.971 0.0000000000
76956  47.464  -17.369  64.513 0.0000000000
34102  34.507  -26.699  60.098 0.0000000000
34917  35.153  -26.300  59.740 0.0000000000
34931  35.894  -25.962  59.548 0.0000000000
34930  37.059  -26.243  59.645 0.0000000000
82233  36.958  -27.188  59.470 0.0000000000
34112  37.183  -27.194  59.045 0.0000000000
34929  37.637  -26.355  59.769 0.0000000000
35747  38.445  -26.417  59.662 0.0000000000
35746  38.913  -26.492  59.071 0.0000000000
35761  38.961  -26.544  57.838 0.0000000000
34074  36.134  -26.921  61.793 0.0000000000
34073  36.801  -27.077  61.378 0.0000000000
33230  37.027  -27.627  61.393 0.0000000000
32313  37.806  -28.254  63.656 0.0000000000
32329  37.746  -29.402  61.909 0.0000000000
88860  58.009  -13.693  53.295 0.0000000000
44271  47.999  -14.561  48.855 0.0000000000
44259  48.781  -14.672  50.198 0.0000000000
77045  49.668  -15.547  51.544 0.0000000000
77685  49.134  -15.731  53.026 0.0000000000
80683  49.548  -15.842  52.042 0.0000000000
77009  50.106  -16.140  51.918 0.0000000000
36537  36.684  -24.428  57.534 0.0000000000
89644  41.244  -19.120  58.064 0.0000000000
40372  41.538  -18.655  59.588 0.0000000000
39686  42.368  -19.498  60.894 0.0000000000
83133  43.147  -20.226  61.582 0.0000000000
89013  44.165  -20.810  62.262 0.0000000000
37283  43.648  -23.822  63.894 0.0000000000
76946  45.097  -22.596  63.702 0.0000000000
76959  45.320  -21.600  62.952 0.0000000000
77484  46.041  -22.156  62.246 0.0000000000
36533  39.954  -25.913  58.136 0.0000000000
36520  40.746  -25.657  58.757 0.0000000000
78898  28.194  -33.893  67.396 0.0000000000
41843  41.938  -17.643  60.055 0.0000000000
41109  41.483  -17.923  59.507 0.0000000000
44954  50.868  -13.507  60.068 0.0000000000
78307  49.982  -13.970  59.284 0.0000000000
44942  51.486  -13.282  60.688 0.0000000000
77015  52.265  -13.105  59.765 0.0000000000
77773  52.857  -13.346  60.607 0.0000000000
27369  32.267  -34.917  69.076 0.0000000000
85254  33.157  -34.361  68.164 0.0000000000
27368  33.331  -35.923  68.400 0.0000000000
26476  34.092  -37.389  67.985 0.0000000000
42640  44.843  -16.049  59.072 0.0000000000
91565  45.547  -15.853  59.486 0.0000000000
82304  45.766  -16.138  60.866 0.0000000000
40339  44.339  -19.703  63.697 0.0000000000
76952  45.397  -19.371  66.008 0.0000000000
88079  45.346  -20.458  64.073 0.0000000000
76944  45.614  -20.674  63.523 0.0000000000
77618  44.786  -20.878  62.840 0.0000000000
33238  36.881  -27.768  60.823 0.0000000000
79875  36.670  -26.872  60.316 0.0000000000
33244  36.727  -28.002  60.044 0.0000000000
34018  36.337  -26.972  67.373 0.0000000000
87687  34.985  -27.692  66.123 0.0000000000
34032  35.418  -27.046  65.467 0.0000000000
34040  35.336  -27.166  64.622 0.0000000000
34871  36.102  -26.588  64.722 0.0000000000
34883  37.146  -26.603  63.959 0.0000000000
34856  37.874  -26.796  65.463 0.0000000000
80121  55.329  -13.966  53.490 0.0000000000
77915  53.749  -14.728  53.225 0.0000000000
77714  52.287  -16.057  55.145 0.0000000000
93146  51.359  -16.095  53.817 0.0000000000
35750  35.757  -25.152  58.444 0.0000000000
37359  37.894  -23.144  56.929 0.0000000000
38149  41.629  -21.866  59.443 0.0000000000
39695  42.062  -21.215  59.143 0.0000000000
76966  42.340  -22.247  60.660 0.0000000000
35709  44.158  -26.133  63.175 0.0000000000
35699  44.745  -26.210  64.893 0.0000000000
36477  46.630  -24.241  63.302 0.0000000000
29111  29.482  -33.862  68.372 0.0000000000
29126  30.551  -33.125  67.419 0.0000000000
28298  29.847  -34.060  69.226 0.0000000000
81359  29.384  -34.539  70.333 0.0000000000
27337  30.261  -35.428  70.164 0.0000000000
27353  29.312  -35.446  70.391 0.0000000000
42656  42.809  -16.631  58.833 0.0000000000
42672  42.842  -16.413  57.932 0.0000000000
42642  43.202  -16.676  59.504 0.0000000000
93748  43.934  -16.935  60.755 0.0000000000
41823  43.262  -17.305  60.991 0.0000000000
41076  42.403  -18.316  61.291 0.0000000000
41075  43.012  -18.506  62.043 0.0000000000
40347  43.552  -19.005  62.987 0.0000000000
40359  43.089  -19.262  62.218 0.0000000000
29920  36.548  -32.615  67.127 0.0000000000
30716  36.322  -31.668  67.671 0.0000000000
30696  37.487  -30.559  68.710 0.0000000000
31462  36.850  -29.734  69.224 0.0000000000
32273  37.056  -28.793  69.194 0.0000000000
32274  37.014  -28.654  69.249 0.0000000000
32282  37.478  -28.532  68.218 0.0000000000
32290  37.821  -28.417  66.994 0.0000000000
45052  51.905  -12.946  48.916 0.0000000000
45044  51.420  -13.788  50.044 0.0000000000
92073  51.923  -14.192  50.999 0.0000000000
44269  49.732  -14.374  49.733 0.0000000000
43494  46.576  -15.500  55.557 0.0000000000
43480  47.374  -14.948  56.696 0.0000000000
83538  50.411  -14.021  58.284 0.0000000000
44200  48.991  -14.480  57.225 0.0000000000
44209  49.175  -14.645  56.429 0.0000000000
44221  48.606  -14.886  55.854 0.0000000000
77861  49.754  -14.394  56.998 0.0000000000
88935  50.052  -14.673  56.147 0.0000000000
77516  50.692  -14.542  56.649 0.0000000000
88897  54.632  -13.530  58.304 0.0000000000
77911  53.737  -14.000  57.652 0.0000000000
76994  55.362  -14.083  57.472 0.0000000000
79207  55.951  -14.451  57.654 0.0000000000
37348  38.274  -23.859  58.046 0.0000000000
37325  39.050  -25.182  60.235 0.0000000000
92022  39.753  -23.977  59.979 0.0000000000
38140  40.299  -23.546  60.329 0.0000000000
37317  40.101  -24.549  60.951 0.0000000000
37297  40.898  -24.383  61.961 0.0000000000
37308  40.325  -24.944  61.389 0.0000000000
35718  40.161  -25.691  60.901 0.0000000000
35712  40.623  -25.537  61.476 0.0000000000
35711  41.350  -25.676  62.273 0.0000000000
35710  42.608  -26.074  62.742 0.0000000000
87777  41.136  -25.774  61.351 0.0000000000
29159  31.625  -32.807  65.341 0.0000000000
88452  32.074  -32.900  66.013 0.0000000000
28337  33.749  -33.605  66.324 0.0000000000
29141  34.370  -33.441  65.736 0.0000000000
29140  35.086  -33.565  66.055 0.0000000000
28315  35.448  -34.316  66.764 0.0000000000
42670  44.898  -15.916  57.147 0.0000000000
43482  45.699  -15.717  56.779 0.0000000000
43468  46.333  -15.422  57.997 0.0000000000
43446  46.951  -15.291  60.029 0.0000000000
43456  47.248  -14.955  59.192 0.0000000000
90169  47.473  -14.959  60.031 0.0000000000
44176  48.517  -14.578  59.848 0.0000000000
44165  48.620  -14.793  60.942 0.0000000000
44156  49.691  -14.354  62.316 0.0000000000
43435  47.622  -15.258  60.690 0.0000000000
76970  47.408  -16.100  61.658 0.0000000000
76975  47.959  -15.684  61.039 0.0000000000
41802  44.595  -17.553  62.960 0.0000000000
78071  46.065  -16.775  62.940 0.0000000000
79999  45.495  -17.349  63.901 0.0000000000
76950  47.263  -18.978  65.992 0.0000000000
76957  47.715  -18.120  65.639 0.0000000000
41063  46.932  -18.185  63.379 0.0000000000
34101  35.841  -26.526  60.263 0.0000000000
34916  36.105  -26.263  59.932 0.0000000000
31480  34.879  -30.261  66.289 0.0000000000
31481  34.558  -29.903  65.500 0.0000000000
32301  34.574  -29.297  66.055 0.0000000000
34076  33.877  -27.491  61.295 0.0000000000
34075  35.006  -27.174  61.520 0.0000000000
34088  34.839  -26.973  60.753 0.0000000000
34882  37.489  -26.980  63.234 0.0000000000
34061  36.995  -26.948  62.300 0.0000000000
34072  37.070  -27.233  61.897 0.0000000000
32307  37.937  -28.059  64.646 0.0000000000
33237  37.228  -28.808  61.049 0.0000000000
77452  56.379  -13.409  52.894 0.0000000000
77041  57.153  -14.253  52.550 0.0000000000
42700  46.239  -15.917  54.265 0.0000000000
42712  45.988  -16.555  53.180 0.0000000000
93421  47.062  -15.230  49.529 0.0000000000
44260  47.833  -14.866  49.762 0.0000000000
78060  48.643  -14.929  50.845 0.0000000000
77794  50.001  -15.393  54.758 0.0000000000
77981  48.996  -15.610  53.655 0.0000000000
77972  49.847  -15.815  53.366 0.0000000000
43515  50.067  -16.033  52.708 0.0000000000
38169  39.568  -22.089  57.763 0.0000000000
38925  40.823  -21.236  57.487 0.0000000000
39696  41.953  -20.291  59.098 0.0000000000
40378  41.380  -18.884  58.743 0.0000000000
39690  42.023  -19.631  59.960 0.0000000000
77664  42.722  -20.339  60.742 0.0000000000
76973  43.815  -20.893  61.625 0.0000000000
37272  42.906  -24.957  64.667 0.0000000000
76943  45.850  -23.732  66.024 0.0000000000
77767  45.685  -22.887  65.272 0.0000000000
88904  46.414  -22.108  64.473 0.0000000000
77920  45.505  -21.887  63.208 0.0000000000
77362  46.219  -21.981  63.463 0.0000000000
77481  45.947  -21.947  62.570 0.0000000000
88950  47.037  -22.326  64.123 0.0000000000
90428  46.038  -22.921  61.111 0.0000000000
36521  39.338  -26.252  59.531 0.0000000000
29127  29.437  -33.541  67.598 0.0000000000
28300  28.501  -34.381  68.361 0.0000000000
28320  28.102  -35.092  68.047 0.0000000000
42657  42.044  -16.957  58.595 0.0000000000
42643  42.373  -17.054  59.416 0.0000000000
41092  41.929  -18.201  60.687 0.0000000000
29108  37.742  -33.646  67.662 0.0000000000
29896  37.105  -31.787  68.403 0.0000000000
29895  37.537  -32.159  67.974 0.0000000000
29894  38.069  -32.203  68.005 0.0000000000
90027  48.524  -14.511  58.795 0.0000000000
44186  48.425  -14.546  57.812 0.0000000000
81797  51.084  -13.991  57.872 0.0000000000
77535  53.687  -13.189  59.257 0.0000000000
85255  39.864  -25.501  60.820 0.0000000000
36500  39.642  -25.854  60.579 0.0000000000
28316  34.008  -34.213  67.238 0.0000000000
27387  34.970  -35.118  67.208 0.0000000000
42671  43.958  -16.092  57.554 0.0000000000
42654  44.786  -15.923  58.121 0.0000000000
43447  46.200  -15.609  59.604 0.0000000000
43437  46.596  -15.617  60.421 0.0000000000
42625  46.677  -15.848  61.109 0.0000000000
85329  46.695  -16.165  61.744 0.0000000000
41051  44.318  -18.663  64.166 0.0000000000
41784  45.537  -17.502  65.973 0.0000000000
41769  45.429  -18.699  66.191 0.0000000000
77650  46.100  -19.649  66.592 0.0000000000
76953  46.610  -20.307  65.067 0.0000000000
39675  46.426  -19.841  63.926 0.0000000000
77836  46.027  -20.824  64.293 0.0000000000
76971  45.296  -20.938  61.960 0.0000000000
81411  36.953  -28.047  57.728 0.0000000000
86812  35.323  -28.677  67.355 0.0000000000
33201  34.858  -28.534  66.582 0.0000000000
34052  34.932  -27.504  63.290 0.0000000000
34062  36.016  -26.877  62.708 0.0000000000
90323  37.802  -27.010  63.936 0.0000000000
77032  55.641  -13.153  52.340 0.0000000000
88931  55.360  -14.222  53.384 0.0000000000
43511  46.939  -15.621  54.015 0.0000000000
80743  48.620  -15.552  52.118 0.0000000000
77005  52.292  -15.647  55.491 0.0000000000
78340  50.605  -15.774  53.834 0.0000000000
88929  51.435  -15.953  53.937 0.0000000000
77022  51.076  -16.096  53.535 0.0000000000
38159  40.412  -22.200  58.727 0.0000000000
38912  41.023  -21.441  58.140 0.0000000000
39702  41.374  -20.717  57.713 0.0000000000
38911  41.821  -20.967  58.380 0.0000000000
90598  42.514  -20.696  59.778 0.0000000000
77708  43.304  -22.201  61.451 0.0000000000
34855  43.392  -26.096  66.612 0.0000000000
77429  43.522  -25.936  66.595 0.0000000000
77560  44.675  -25.877  66.285 0.0000000000
88932  45.741  -24.798  66.101 0.0000000000
78047  46.993  -23.951  65.840 0.0000000000
36476  47.298  -23.283  64.582 0.0000000000
29143  31.197  -32.854  66.391 0.0000000000
28297  31.466  -33.938  68.833 0.0000000000
27350  31.495  -35.681  69.909 0.0000000000
26462  31.770  -36.596  69.466 0.0000000000
26453  30.717  -36.164  70.067 0.0000000000
26463  30.471  -36.633  69.499 0.0000000000
27352  28.280  -35.810  70.132 0.0000000000
42641  44.182  -16.406  59.651 0.0000000000
42627  44.631  -16.597  60.567 0.0000000000
42611  45.501  -16.577  61.464 0.0000000000
41822  44.305  -17.027  61.299 0.0000000000
41812  42.782  -17.878  61.501 0.0000000000
30722  35.371  -32.126  65.954 0.0000000000
87793  35.084  -31.175  65.863 0.0000000000
78693  35.560  -31.197  66.775 0.0000000000
31474  35.466  -30.188  67.343 0.0000000000
30703  36.895  -30.918  68.919 0.0000000000
31468  36.675  -30.136  69.030 0.0000000000
32291  35.750  -29.337  67.910 0.0000000000
32275  36.837  -28.371  68.842 0.0000000000
33177  37.008  -27.862  68.587 0.0000000000
34838  37.348  -27.060  67.419 0.0000000000
34031  38.147  -27.085  65.921 0.0000000000
32299  37.987  -28.274  65.766 0.0000000000
32298  38.145  -29.456  64.998 0.0000000000
45034  52.533  -14.038  51.211 0.0000000000
42688  46.010  -15.872  55.064 0.0000000000
43505  46.719  -15.618  54.782 0.0000000000
44210  48.274  -14.694  56.805 0.0000000000
43479  47.862  -14.913  56.103 0.0000000000
43504  47.454  -15.439  54.584 0.0000000000
82456  47.641  -15.478  53.896 0.0000000000
43503  48.368  -15.420  54.296 0.0000000000
43510  48.265  -15.503  53.447 0.0000000000
77019  50.491  -15.102  55.375 0.0000000000
77647  51.821  -14.969  56.233 0.0000000000
77016  52.135  -13.932  57.804 0.0000000000
78358  52.702  -14.667  57.085 0.0000000000
77014  52.984  -15.374  56.528 0.0000000000
77878  53.611  -15.179  57.026 0.0000000000
38129  41.133  -23.170  60.866 0.0000000000
38118  41.467  -23.428  61.663 0.0000000000
37284  41.331  -24.737  62.544 0.0000000000
36465  41.965  -25.231  63.356 0.0000000000
36480  40.918  -25.373  61.880 0.0000000000
35688  42.272  -25.684  63.716 0.0000000000
35687  42.770  -25.982  64.900 0.0000000000
35700  43.223  -26.225  64.142 0.0000000000
84349  34.435  -32.251  64.742 0.0000000000
29124  32.845  -33.192  66.150 0.0000000000
92877  33.514  -32.874  64.692 0.0000000000
29959  34.252  -32.896  64.997 0.0000000000
29958  34.840  -32.559  65.308 0.0000000000
80148  35.350  -33.013  65.857 0.0000000000
29921  35.952  -32.888  66.414 0.0000000000
29122  36.531  -33.520  66.976 0.0000000000
28314  36.390  -34.447  67.221 0.0000000000
85972  37.293  -34.228  67.692 0.0000000000
78347  46.842  -15.135  57.361 0.0000000000
43467  47.038  -14.998  58.235 0.0000000000
44187  47.785  -14.734  58.489 0.0000000000
44174  49.853  -14.027  60.728 0.0000000000
44943  50.590  -13.690  61.338 0.0000000000
81846  51.675  -13.739  61.718 0.0000000000
44931  50.426  -14.015  62.362 0.0000000000
77913  49.861  -14.610  63.291 0.0000000000
88970  49.637  -14.553  62.896 0.0000000000
76969  47.134  -16.737  62.755 0.0000000000
77603  46.717  -16.972  65.884 0.0000000000
78026  47.217  -17.203  65.164 0.0000000000
76960  46.783  -16.843  63.164 0.0000000000
78052  47.085  -17.300  62.311 0.0000000000
35769  39.464  -26.169  57.057 0.0000000000
82072  34.562  -30.928  64.661 0.0000000000
32314  34.189  -29.188  64.336 0.0000000000
84172  38.175  -27.086  65.075 0.0000000000
34039  37.945  -27.223  64.431 0.0000000000
34049  37.723  -27.244  63.604 0.0000000000
33223  37.572  -28.239  62.772 0.0000000000
33229  37.224  -28.095  61.946 0.0000000000
44256  58.612  -14.119  52.025 0.0000000000
43516  49.319  -15.792  52.404 0.0000000000
41869  41.172  -17.769  58.171 0.0000000000
40388  41.200  -19.770  57.536 0.0000000000
41142  41.138  -18.405  58.166 0.0000000000
41125  41.282  -18.170  58.874 0.0000000000
83225  41.872  -18.728  60.418 0.0000000000
40368  42.237  -18.762  61.089 0.0000000000
40367  42.750  -19.435  61.622 0.0000000000
77673  43.710  -20.212  62.367 0.0000000000
91959  42.187  -22.735  61.226 0.0000000000
38110  43.551  -23.165  62.741 0.0000000000
77946  44.346  -24.247  65.801 0.0000000000
76947  44.405  -22.382  62.536 0.0000000000
90986  44.702  -21.461  62.209 0.0000000000
77976  45.233  -21.452  62.779 0.0000000000
78010  45.533  -21.685  61.994 0.0000000000
91720  45.620  -21.706  61.242 0.0000000000
37306  46.439  -22.587  62.616 0.0000000000
38882  45.847  -22.225  61.266 0.0000000000
36509  40.951  -25.591  59.372 0.0000000000
35726  41.486  -25.610  60.409 0.0000000000
26449  29.586  -35.271  70.410 0.0000000000
26450  29.308  -35.221  70.649 0.0000000000
26454  29.484  -35.829  70.186 0.0000000000
26455  29.066  -35.567  70.637 0.0000000000
27332  29.340  -35.116  70.764 0.0000000000
27338  29.779  -35.267  70.336 0.0000000000
27351  30.466  -35.091  70.302 0.0000000000
28260  29.335  -34.943  70.793 0.0000000000
28269  29.614  -34.907  70.694 0.0000000000
29098  38.039  -32.923  67.541 0.0000000000
29907  37.388  -32.574  67.655 0.0000000000
29908  36.942  -32.187  67.954 0.0000000000
29960  33.843  -32.295  64.230 0.0000000000
30697  37.128  -30.466  68.962 0.0000000000
30701  38.061  -30.900  68.310 0.0000000000
30708  36.470  -30.900  68.437 0.0000000000
31460  37.614  -30.193  68.506 0.0000000000
31461  37.174  -29.697  69.005 0.0000000000
31469  36.168  -30.094  68.377 0.0000000000
31489  34.475  -30.056  64.650 0.0000000000
32272  37.514  -29.448  68.460 0.0000000000
32308  34.396  -29.233  65.159 0.0000000000
33176  37.073  -28.044  68.620 0.0000000000
33184  36.534  -27.692  68.084 0.0000000000
33209  38.188  -27.116  65.382 0.0000000000
33217  37.935  -27.315  64.245 0.0000000000
34016  37.202  -27.418  67.875 0.0000000000
34017  37.048  -27.180  67.898 0.0000000000
34025  37.612  -27.188  66.966 0.0000000000
34026  35.658  -26.922  66.487 0.0000000000
34839  37.012  -26.787  67.306 0.0000000000
34847  37.485  -26.781  66.557 0.0000000000
34857  37.077  -26.488  65.880 0.0000000000
34858  36.220  -26.517  65.719 0.0000000000
34868  43.275  -26.145  65.992 0.0000000000
34870  37.131  -26.465  65.014 0.0000000000
34881  44.125  -26.192  66.247 0.0000000000
35679  43.331  -26.093  66.526 0.0000000000
35698  46.035  -25.216  65.397 0.0000000000
35702  41.582  -25.478  62.756 0.0000000000
36457  43.207  -25.895  66.559 0.0000000000
36464  42.799  -25.654  64.764 0.0000000000
36468  46.819  -24.422  64.685 0.0000000000
36471  40.755  -25.024  61.875 0.0000000000
39682  45.548  -20.692  62.195 0.0000000000
41753  45.819  -18.035  66.173 0.0000000000
41768  46.396  -17.606  66.117 0.0000000000
41795  44.886  -17.755  64.898 0.0000000000
44175  49.171  -14.344  60.193 0.0000000000
44220  49.520  -14.937  55.584 0.0000000000
76942  43.692  -25.895  66.685 0.0000000000
76951  46.708  -19.245  66.472 0.0000000000
76954  47.465  -18.461  65.587 0.0000000000
76955  47.239  -18.345  66.061 0.0000000000
76958  47.169  -17.482  65.613 0.0000000000
76963  46.264  -17.082  65.085 0.0000000000
76977  49.075  -14.970  62.170 0.0000000000
77011  53.039  -13.089  60.056 0.0000000000
77630  45.916  -20.578  65.021 0.0000000000
77641  51.077  -15.538  54.553 0.0000000000
77661  51.880  -15.788  54.587 0.0000000000
77706  44.964  -19.725  64.999 0.0000000000
77834  52.249  -13.186  60.660 0.0000000000
77840  43.325  -26.039  66.663 0.0000000000
77921  47.220  -19.459  65.806 0.0000000000
78087  46.688  -19.585  66.309 0.0000000000
78268  29.688  -36.271  70.021 0.0000000000
78984  43.073  -26.009  65.780 0.0000000000
81994  30.084  -35.860  70.116 0.0000000000
82345  38.415  -31.714  67.949 0.0000000000
82431  42.153  -24.649  63.371 0.0000000000
83202  35.939  -28.590  68.029 0.0000000000
84083  51.390  -13.535  61.492 0.0000000000
85217  36.787  -31.579  68.488 0.0000000000
86674  36.898  -29.088  69.327 0.0000000000
88528  51.422  -14.352  57.164 0.0000000000
89020  45.798  -20.063  65.858 0.0000000000
89271  49.410  -14.721  63.318 0.0000000000
89715  50.947  -13.892  62.144 0.0000000000
89775  29.150  -35.165  70.819 0.0000000000
90217  38.079  -27.245  64.865 0.0000000000
92117  45.823  -22.003  63.749 0.0000000000
93486  46.229  -20.628  65.088 0.0000000000
94364  47.185  -15.388  55.224 0.0000000000
