#!ascii label  , from subject sub-v1s16x0051195_ses-1 vox2ras=TkReg
594
49272  19.538  -7.756  -8.256 0.2500000000
94771  19.823  -7.959  -8.808 0.2500000000
48599  20.109  -9.448  -8.567 0.7500000000
51493  21.287  -4.750  -10.147 0.2500000000
51494  20.228  -5.748  -9.979 0.1250000000
51510  20.835  -5.268  -11.035 0.3750000000
50732  19.900  -6.032  -9.544 0.2500000000
49963  19.547  -6.822  -8.470 0.2500000000
89803  20.604  -8.279  -10.163 0.7500000000
49972  19.679  -7.094  -8.867 0.3750000000
82598  20.540  -10.118  -8.771 0.8750000000
49271  20.237  -8.732  -9.338 0.8750000000
47916  21.114  -10.513  -9.367 0.8750000000
50745  20.467  -5.713  -10.454 0.3750000000
49971  19.990  -6.473  -9.816 0.3750000000
80686  20.645  -7.360  -10.562 0.8750000000
48624  21.787  -9.188  -10.488 1.0000000000
48610  21.499  -10.000  -10.007 1.0000000000
48625  20.943  -9.115  -10.174 0.8750000000
47915  22.009  -11.049  -9.834 1.0000000000
51509  21.341  -4.697  -11.894 0.2500000000
50753  21.450  -5.361  -12.239 0.7500000000
49992  21.707  -6.179  -12.296 0.8750000000
49984  21.355  -7.083  -11.563 0.8750000000
49985  20.660  -6.226  -11.103 0.7500000000
48623  22.503  -9.271  -10.503 1.0000000000
49295  21.962  -8.188  -11.026 1.0000000000
47913  23.627  -11.089  -9.866 1.0000000000
48608  23.094  -10.260  -10.159 1.0000000000
47914  22.918  -11.112  -10.016 1.0000000000
48609  22.328  -10.194  -10.198 1.0000000000
51472  22.408  -4.563  -9.817 0.1250000000
51515  21.605  -4.652  -12.189 0.6250000000
49991  22.250  -6.177  -12.395 1.0000000000
49983  22.224  -7.189  -11.797 1.0000000000
48607  23.915  -10.129  -9.879 1.0000000000
48622  23.287  -9.310  -10.374 1.0000000000
49294  22.683  -8.331  -10.913 1.0000000000
47912  24.404  -10.797  -9.454 1.0000000000
47149  26.610  -10.946  -8.574 1.0000000000
47894  24.603  -11.179  -9.135 1.0000000000
51489  26.408  -5.793  -9.711 0.2500000000
51492  22.190  -3.976  -10.828 0.2500000000
52189  23.165  -3.675  -11.108 0.3750000000
51508  21.893  -4.336  -12.214 0.5000000000
50743  23.779  -6.102  -11.386 1.0000000000
51507  23.205  -4.747  -11.793 0.6250000000
49982  22.885  -6.718  -11.835 1.0000000000
49292  24.456  -8.195  -10.324 1.0000000000
49981  23.740  -7.309  -10.922 1.0000000000
48606  25.096  -9.761  -9.591 1.0000000000
49283  25.080  -8.900  -9.952 1.0000000000
48605  26.486  -9.686  -9.632 1.0000000000
47892  26.223  -10.631  -8.919 1.0000000000
47909  27.551  -9.837  -9.572 1.0000000000
47891  27.099  -10.366  -9.054 1.0000000000
52199  25.912  -5.795  -9.721 0.5000000000
52188  24.781  -5.264  -10.608 0.3750000000
51505  25.229  -5.706  -10.504 0.5000000000
50742  24.890  -6.228  -10.717 0.8750000000
79730  25.789  -6.387  -10.141 1.0000000000
49291  25.606  -8.195  -10.073 1.0000000000
93613  24.284  -6.707  -10.841 1.0000000000
49281  27.048  -9.239  -10.105 1.0000000000
49290  26.840  -8.713  -10.162 1.0000000000
48604  28.201  -9.463  -10.104 1.0000000000
47908  27.852  -10.038  -8.971 0.8750000000
52198  26.174  -5.733  -9.843 0.5000000000
51504  26.720  -6.294  -9.604 0.6250000000
50741  26.470  -7.195  -9.836 1.0000000000
85229  29.066  -8.239  -11.365 1.0000000000
49970  28.510  -8.431  -11.095 1.0000000000
49978  27.650  -8.389  -10.562 1.0000000000
49979  26.562  -8.008  -10.023 1.0000000000
49279  28.805  -8.859  -10.750 1.0000000000
49280  28.232  -9.082  -10.673 1.0000000000
49289  27.726  -8.976  -10.608 1.0000000000
49278  29.156  -8.610  -9.826 0.8750000000
48603  28.610  -9.304  -9.617 0.8750000000
51503  27.258  -6.067  -9.351 0.8750000000
50739  28.366  -7.025  -10.905 1.0000000000
50740  27.388  -7.073  -9.413 1.0000000000
49968  29.387  -7.612  -11.286 1.0000000000
89137  28.939  -7.537  -11.477 1.0000000000
81282  27.307  -7.799  -10.138 1.0000000000
50729  29.572  -6.761  -11.318 1.0000000000
49277  29.619  -7.581  -9.706 1.0000000000
86602  29.253  -8.344  -10.932 1.0000000000
52197  27.860  -4.984  -8.831 0.8750000000
51488  28.414  -5.487  -9.198 1.0000000000
52185  29.345  -4.952  -9.856 1.0000000000
51502  29.139  -6.141  -10.474 1.0000000000
51486  30.811  -5.752  -10.754 1.0000000000
51487  30.139  -6.147  -11.019 1.0000000000
86433  31.202  -5.931  -10.544 1.0000000000
50728  30.298  -6.244  -10.799 1.0000000000
93257  31.204  -6.663  -9.116 1.0000000000
49957  30.611  -7.018  -9.009 0.8750000000
54010  28.958  -1.616  -10.250 1.0000000000
54011  28.256  -1.710  -9.437 0.3750000000
81588  29.470  -2.091  -10.568 0.8750000000
86013  29.193  -3.875  -10.123 1.0000000000
79570  31.592  -5.392  -10.744 1.0000000000
82312  30.496  -5.447  -10.704 1.0000000000
54549  29.612  -0.808  -10.343 0.8750000000
54009  29.813  -1.299  -10.745 1.0000000000
81589  30.381  -1.500  -11.179 1.0000000000
52822  30.572  -3.405  -10.916 1.0000000000
52183  30.999  -4.650  -10.750 1.0000000000
52182  31.978  -4.390  -11.031 1.0000000000
83062  30.112  -0.099  -10.411 0.7500000000
85686  30.870  -2.291  -11.275 1.0000000000
52820  32.378  -3.420  -11.981 1.0000000000
52821  31.336  -3.351  -11.243 1.0000000000
54008  30.675  -1.174  -9.938 1.0000000000
53439  31.196  -1.561  -11.220 1.0000000000
85854  31.651  -2.517  -11.403 1.0000000000
82351  30.704  3.766  -8.587 0.1250000000
79879  29.532  3.436  -11.036 0.1250000000
56772  32.084  3.556  -8.493 0.2500000000
57401  31.401  4.145  -8.828 0.1250000000
78650  32.453  3.067  -8.375 0.3750000000
56178  33.186  2.976  -8.466 0.3750000000
58019  30.864  4.971  -9.493 0.2500000000
56771  32.881  3.726  -8.697 0.2500000000
57400  32.385  4.412  -8.865 0.2500000000
58018  31.794  5.225  -8.944 0.2500000000
56770  33.627  3.753  -8.742 0.2500000000
56166  33.677  2.665  -8.610 0.3750000000
91498  33.691  3.202  -8.403 0.2500000000
49949  19.185  -7.552  -7.194 0.1250000000
50721  19.733  -6.154  -9.085 0.1250000000
47150  24.812  -11.362  -8.710 1.0000000000
78427  29.653  -6.372  -11.177 1.0000000000
49242  18.750  -8.148  -6.432 0.1250000000
47897  20.004  -10.150  -7.990 0.6250000000
47155  20.986  -11.673  -8.499 0.7500000000
51473  20.830  -5.696  -8.966 0.1250000000
50722  19.599  -6.351  -8.626 0.1250000000
47161  22.807  -11.865  -9.950 1.0000000000
47151  24.176  -11.849  -9.303 1.0000000000
47135  26.165  -11.523  -8.009 1.0000000000
51471  23.331  -4.482  -9.746 0.3750000000
51490  25.201  -5.329  -9.838 0.2500000000
47148  27.250  -10.617  -8.521 0.8750000000
48598  28.523  -8.257  -7.934 0.8750000000
47907  28.113  -8.948  -7.915 0.8750000000
49267  30.122  -7.723  -8.231 0.8750000000
90826  27.107  -1.532  -8.987 0.1250000000
81906  27.039  -2.117  -9.107 0.1250000000
52187  27.158  -4.112  -9.052 0.3750000000
52186  28.511  -4.340  -9.396 0.6250000000
50727  30.773  -6.366  -9.862 1.0000000000
81586  27.679  -2.329  -9.400 0.3750000000
92215  27.861  -2.957  -9.615 0.8750000000
85805  32.441  -5.168  -10.946 1.0000000000
79900  30.136  -0.646  -11.023 1.0000000000
54547  31.583  -0.192  -9.686 1.0000000000
91925  28.383  4.246  -11.260 0.1250000000
56762  31.207  3.243  -8.200 0.1250000000
56179  32.040  2.439  -8.579 0.6250000000
89386  32.764  2.511  -8.762 0.5000000000
57414  30.315  3.660  -10.038 0.2500000000
55626  33.377  2.180  -9.173 0.5000000000
58030  30.230  4.811  -10.627 0.2500000000
57399  33.248  4.475  -8.872 0.2500000000
56761  33.967  3.137  -7.939 0.2500000000
86228  19.417  -8.676  -7.560 0.1250000000
48600  19.594  -9.334  -7.600 0.5000000000
50733  19.693  -6.269  -8.875 0.1250000000
47896  20.680  -10.797  -8.551 0.7500000000
48611  20.726  -9.694  -9.424 0.8750000000
47895  21.346  -11.221  -9.158 1.0000000000
49296  21.239  -8.246  -10.772 1.0000000000
47160  23.454  -11.723  -10.021 1.0000000000
47159  23.982  -11.642  -9.709 1.0000000000
50751  22.774  -5.511  -12.249 0.8750000000
87641  22.937  -7.662  -11.335 1.0000000000
47911  25.607  -10.446  -9.166 1.0000000000
48621  24.209  -9.153  -10.109 1.0000000000
49293  23.499  -8.375  -10.631 1.0000000000
84751  25.690  -11.151  -8.560 1.0000000000
51491  24.062  -4.248  -10.409 0.3750000000
52200  23.736  -4.705  -11.360 0.5000000000
51506  24.270  -5.217  -11.170 0.8750000000
49980  24.736  -7.260  -10.450 1.0000000000
47910  26.830  -10.057  -9.379 1.0000000000
49282  26.060  -9.117  -9.893 1.0000000000
87298  27.536  -9.512  -10.105 1.0000000000
84412  25.629  -7.175  -10.172 1.0000000000
47890  28.031  -9.751  -7.292 0.8750000000
92709  27.764  -7.508  -10.313 1.0000000000
49969  28.122  -7.835  -11.112 1.0000000000
90177  28.142  -6.469  -9.421 1.0000000000
50730  29.190  -6.766  -11.422 1.0000000000
49967  30.020  -6.857  -10.612 1.0000000000
81457  29.941  -5.641  -10.693 1.0000000000
52184  30.078  -4.474  -10.471 1.0000000000
52823  29.178  -2.949  -10.445 1.0000000000
81587  28.443  -2.428  -10.064 0.7500000000
93627  29.826  -3.424  -10.578 1.0000000000
85685  30.104  -2.553  -10.961 1.0000000000
57402  29.509  2.791  -10.148 0.1250000000
56167  31.713  3.016  -8.173 0.3750000000
48591  19.077  -9.507  -6.883 0.2500000000
49222  18.821  -8.509  -5.781 0.1250000000
48577  18.333  -8.827  -5.986 0.1250000000
47881  19.408  -10.139  -6.957 0.6250000000
47138  20.096  -11.096  -7.495 0.7500000000
47154  21.898  -11.986  -9.334 1.0000000000
52825  27.790  -3.768  -9.161 0.7500000000
52824  28.423  -3.341  -9.903 1.0000000000
54548  30.623  -0.089  -10.102 1.0000000000
54007  31.680  -1.238  -9.860 1.0000000000
53438  32.146  -2.099  -10.827 1.0000000000
81964  32.595  1.721  -9.270 0.7500000000
79986  34.033  2.374  -8.087 0.2500000000
44100  22.588  -15.111  -6.294 0.7500000000
44835  24.215  -15.070  -5.865 0.7500000000
90635  21.065  -14.604  -6.364 0.7500000000
92660  20.847  -14.134  -6.636 0.7500000000
44851  23.663  -14.250  -6.470 0.7500000000
44852  22.805  -14.453  -6.648 0.7500000000
44855  22.179  -14.109  -7.239 0.7500000000
44853  21.336  -14.195  -7.003 0.7500000000
44850  24.543  -14.164  -6.131 0.7500000000
45593  23.056  -13.852  -7.201 0.7500000000
46388  20.689  -12.260  -7.600 0.7500000000
87603  22.545  -13.569  -7.712 0.7500000000
45601  22.247  -13.294  -7.979 0.8750000000
46387  21.272  -12.885  -7.912 0.8750000000
80626  23.844  -13.393  -6.906 0.7500000000
45600  23.218  -13.197  -7.726 0.7500000000
46392  22.618  -12.718  -8.505 0.8750000000
89467  22.140  -12.486  -8.798 0.8750000000
45592  24.841  -13.383  -6.519 0.7500000000
45599  23.671  -12.835  -7.685 0.7500000000
46384  23.917  -12.377  -8.068 0.8750000000
47153  22.757  -12.333  -9.250 0.8750000000
46383  24.652  -12.081  -7.566 0.7500000000
47137  24.327  -11.846  -8.440 0.8750000000
46381  26.938  -12.166  -7.478 0.8750000000
47136  25.096  -11.521  -8.026 0.8750000000
47120  29.145  -11.058  -5.901 0.3750000000
47133  27.947  -11.086  -7.084 0.6250000000
47132  28.493  -10.512  -6.291 0.5000000000
47879  27.805  -10.123  -6.704 0.7500000000
47860  30.220  -10.290  -6.205 0.1250000000
47861  29.180  -10.079  -6.114 0.3750000000
47878  28.639  -9.754  -6.590 0.6250000000
47889  28.741  -8.886  -7.084 0.6250000000
47859  31.986  -10.353  -5.835 0.1250000000
79710  29.921  -9.745  -6.576 0.1250000000
90342  31.015  -9.849  -6.428 0.1250000000
48597  28.948  -8.491  -7.268 0.6250000000
78745  29.703  -8.248  -7.628 0.6250000000
49268  29.327  -8.120  -8.250 0.7500000000
48568  32.338  -9.551  -6.345 0.1250000000
48567  33.211  -9.101  -6.515 0.1250000000
49253  30.697  -8.319  -7.525 0.1250000000
47858  32.866  -10.090  -5.774 0.1250000000
49252  31.769  -8.230  -7.386 0.5000000000
49265  31.986  -7.532  -7.688 0.5000000000
49266  31.110  -7.585  -7.944 0.6250000000
55109  29.397  0.370  -10.581 0.6250000000
55650  29.940  1.631  -10.135 0.5000000000
55108  30.392  0.726  -10.241 0.7500000000
49956  31.672  -6.897  -8.431 0.6250000000
50712  31.765  -6.293  -9.512 0.6250000000
50694  33.291  -6.534  -8.141 0.5000000000
50711  32.632  -6.465  -8.694 0.6250000000
51466  32.864  -6.137  -9.743 0.6250000000
55649  30.785  1.450  -9.837 0.7500000000
51485  32.156  -5.848  -10.452 0.8750000000
52181  33.012  -4.371  -12.034 0.8750000000
91866  33.039  -5.021  -11.258 0.8750000000
52196  33.419  -3.474  -12.980 0.8750000000
50710  33.759  -6.292  -9.038 0.5000000000
51484  33.181  -5.525  -10.706 0.6250000000
50709  34.774  -6.329  -8.665 0.2500000000
51465  33.848  -6.028  -10.138 0.5000000000
55107  31.207  0.657  -9.743 0.7500000000
79865  32.996  -2.272  -11.068 0.7500000000
53452  33.642  -3.177  -13.092 0.8750000000
52180  33.764  -4.977  -11.833 0.7500000000
50726  34.844  -5.919  -9.902 0.3750000000
52194  35.118  -4.296  -12.575 0.7500000000
85333  31.364  1.505  -8.785 0.6250000000
54546  32.308  -0.430  -9.195 0.7500000000
53449  33.655  -2.787  -12.443 0.7500000000
51501  34.671  -4.757  -12.150 0.5000000000
51481  35.204  -5.594  -9.769 0.2500000000
51482  35.095  -5.078  -11.012 0.5000000000
51483  34.300  -5.311  -10.927 0.5000000000
50708  35.291  -6.010  -8.968 0.2500000000
55094  31.784  1.088  -9.346 0.6250000000
55106  32.208  0.592  -9.313 0.7500000000
90366  32.841  0.875  -9.478 0.7500000000
54530  32.739  0.289  -9.155 0.7500000000
54545  33.072  -0.581  -9.375 0.7500000000
54005  33.403  -1.612  -9.947 0.7500000000
53437  33.868  -2.368  -11.049 0.7500000000
52819  35.135  -3.811  -11.974 0.5000000000
53436  34.429  -2.916  -10.591 0.3750000000
52178  35.227  -5.332  -9.902 0.2500000000
52179  35.224  -4.602  -11.171 0.3750000000
52805  34.901  -3.824  -10.359 0.3750000000
85101  32.801  1.126  -9.519 0.7500000000
55093  33.276  0.951  -9.481 0.7500000000
54529  33.218  0.039  -8.800 0.7500000000
91473  34.023  -0.805  -9.310 0.7500000000
54004  34.154  -1.866  -9.779 0.6250000000
53420  34.556  -3.057  -9.368 0.3750000000
53435  34.665  -2.116  -9.217 0.3750000000
52161  35.353  -4.575  -8.672 0.1250000000
52804  34.849  -3.736  -8.982 0.1250000000
55637  33.380  1.470  -9.511 0.7500000000
53990  34.745  -1.314  -9.041 0.3750000000
53419  35.118  -2.624  -8.453 0.2500000000
52792  35.862  -3.813  -7.407 0.1250000000
52793  35.362  -3.489  -8.135 0.1250000000
55082  33.757  0.776  -9.004 0.3750000000
54518  34.013  -0.122  -8.474 0.3750000000
53981  35.209  -1.101  -8.348 0.2500000000
53411  35.578  -2.770  -7.471 0.1250000000
53989  35.156  -1.708  -8.587 0.3750000000
52785  36.221  -3.522  -6.301 0.1250000000
55625  33.792  1.852  -9.201 0.3750000000
55636  33.672  1.331  -9.376 0.3750000000
54517  34.849  -0.416  -8.059 0.3750000000
53972  35.551  -0.819  -7.592 0.3750000000
53962  36.514  -1.578  -5.934 0.1250000000
53980  35.626  -1.733  -7.774 0.1250000000
53410  35.929  -2.934  -6.715 0.1250000000
55624  34.071  1.330  -8.639 0.2500000000
55081  34.296  0.362  -8.018 0.2500000000
54510  35.862  -0.469  -7.015 0.1250000000
94738  36.514  -0.922  -6.209 0.1250000000
55080  34.716  0.914  -7.605 0.2500000000
55071  35.124  0.005  -7.289 0.1250000000
55070  36.028  0.163  -6.940 0.1250000000
93928  36.502  -0.374  -6.542 0.1250000000
55618  36.349  0.941  -6.951 0.1250000000
54509  37.388  -0.017  -6.579 0.1250000000
89817  36.735  0.280  -6.729 0.1250000000
53969  38.297  -1.020  -5.947 0.1250000000
46390  23.802  -12.307  -8.939 0.8750000000
46380  27.836  -11.964  -7.129 0.6250000000
54006  32.635  -1.370  -9.949 0.7500000000
52830  34.980  -3.719  -12.980 0.7500000000
53971  36.046  -1.128  -6.800 0.1250000000
53970  37.199  -0.801  -6.074 0.1250000000
47877  28.845  -8.987  -6.551 0.5000000000
49938  32.625  -6.974  -7.818 0.3750000000
49955  34.055  -6.510  -8.161 0.2500000000
52831  34.112  -3.589  -13.376 0.7500000000
43358  23.351  -16.352  -5.602 0.7500000000
44089  22.496  -15.852  -5.853 0.7500000000
44091  20.854  -15.114  -5.613 0.7500000000
44854  20.625  -14.242  -6.062 0.7500000000
78317  24.222  -16.084  -5.634 0.7500000000
44087  24.961  -15.833  -5.537 0.7500000000
46370  20.375  -12.596  -6.814 0.6250000000
45594  20.943  -13.797  -7.137 0.7500000000
44834  25.151  -14.975  -5.676 0.6250000000
45591  25.798  -13.521  -6.451 0.6250000000
46367  26.424  -12.912  -6.842 0.6250000000
46366  27.468  -12.679  -6.733 0.5000000000
46365  28.273  -12.409  -6.355 0.3750000000
47119  30.037  -10.896  -5.894 0.1250000000
47838  31.015  -10.704  -5.899 0.1250000000
83443  32.802  -10.721  -5.395 0.1250000000
47857  33.503  -9.615  -6.093 0.1250000000
48584  32.503  -8.720  -6.856 0.1250000000
49251  32.846  -7.710  -7.095 0.1250000000
49937  33.601  -6.889  -7.456 0.2500000000
55638  30.590  2.345  -9.453 0.5000000000
51452  35.597  -5.878  -8.263 0.1250000000
83808  35.442  -5.475  -8.824 0.1250000000
52146  35.767  -4.980  -7.890 0.1250000000
56180  31.305  2.427  -8.296 0.3750000000
52145  36.194  -4.503  -6.804 0.1250000000
53396  36.906  -2.432  -5.469 0.1250000000
53395  37.827  -2.438  -5.272 0.1250000000
58031  29.621  5.271  -11.468 0.1250000000
86011  34.460  1.690  -7.729 0.2500000000
55623  35.276  1.514  -7.179 0.1250000000
55069  37.373  0.767  -6.802 0.1250000000
79782  38.028  -0.355  -6.365 0.1250000000
83877  29.109  -0.694  -10.056 0.3750000000
83005  32.770  -2.686  -12.310 0.8750000000
46394  21.486  -12.396  -8.423 0.7500000000
47152  23.555  -12.143  -9.627 0.8750000000
47147  27.617  -10.564  -7.800 0.7500000000
87654  21.868  -14.622  -6.592 0.7500000000
44090  21.634  -15.288  -6.076 0.7500000000
44099  23.370  -14.849  -6.278 0.7500000000
44088  23.420  -15.572  -5.989 0.7500000000
90920  20.577  -13.723  -6.382 0.7500000000
44856  21.763  -13.803  -7.543 0.7500000000
45603  20.835  -13.099  -7.348 0.7500000000
46389  19.899  -11.819  -6.640 0.6250000000
45602  21.513  -13.384  -7.702 0.7500000000
46391  23.274  -12.511  -8.851 0.8750000000
46369  24.305  -12.716  -7.197 0.7500000000
46368  25.259  -12.743  -6.953 0.7500000000
46382  25.706  -12.133  -7.469 0.7500000000
47134  27.200  -11.280  -7.851 0.7500000000
46351  29.128  -12.174  -5.871 0.2500000000
47121  28.454  -11.542  -6.341 0.5000000000
48586  30.126  -9.076  -7.114 0.5000000000
48585  31.438  -9.078  -7.063 0.1250000000
52195  34.264  -4.327  -13.133 0.7500000000
53451  34.307  -3.415  -13.181 0.7500000000
53448  34.525  -3.192  -12.294 0.6250000000
51464  35.361  -5.832  -9.087 0.1250000000
52162  35.083  -4.530  -9.827 0.1250000000
89313  34.651  -0.713  -8.699 0.3750000000
53403  36.012  -2.098  -6.779 0.1250000000
53402  36.303  -2.599  -5.996 0.1250000000
55619  35.520  0.715  -7.160 0.2500000000
53961  37.480  -1.655  -5.625 0.1250000000
43359  22.514  -16.491  -5.438 0.7500000000
43360  21.585  -16.059  -5.430 0.7500000000
46371  19.901  -12.432  -6.081 0.5000000000
45595  20.503  -13.198  -6.605 0.6250000000
86177  26.571  -13.648  -6.361 0.6250000000
48583  33.576  -8.280  -6.478 0.1250000000
43361  20.843  -15.829  -5.014 0.7500000000
45574  20.205  -13.469  -5.549 0.5000000000
42523  23.992  -17.600  -5.077 0.6250000000
43357  24.125  -16.912  -5.354 0.6250000000
85436  25.984  -16.563  -4.789 0.3750000000
80272  24.877  -16.632  -5.290 0.6250000000
43355  26.154  -15.949  -5.051 0.2500000000
44086  25.626  -15.572  -5.409 0.3750000000
44833  25.940  -14.902  -5.711 0.5000000000
44848  26.290  -14.256  -6.098 0.5000000000
42509  26.221  -17.168  -4.454 0.5000000000
43337  25.472  -17.031  -4.875 0.6250000000
45590  27.285  -13.379  -6.359 0.5000000000
42512  23.472  -18.014  -4.772 0.6250000000
79185  20.396  -14.235  -5.092 0.3750000000
44069  20.550  -14.994  -4.626 0.3750000000
42524  23.172  -17.174  -5.182 0.6250000000
42500  26.148  -17.841  -4.197 0.3750000000
42510  25.561  -17.748  -4.663 0.5000000000
42508  27.086  -16.936  -4.273 0.3750000000
44085  26.924  -15.649  -5.144 0.2500000000
43336  26.850  -16.405  -4.689 0.2500000000
44832  26.843  -14.895  -5.591 0.2500000000
44847  27.160  -14.139  -6.052 0.3750000000
46352  28.639  -13.010  -5.916 0.2500000000
80794  27.054  -4.073  -9.024 0.2500000000
86878  27.336  -3.005  -9.225 0.3750000000
80228  28.655  -1.158  -9.853 0.2500000000
44849  25.454  -14.211  -6.048 0.5000000000
43356  25.460  -16.270  -5.156 0.5000000000
45596  20.226  -13.116  -6.035 0.3750000000
47139  19.370  -10.919  -6.319 0.2500000000
45575  19.829  -12.672  -5.455 0.3750000000
43338  24.808  -17.529  -5.017 0.6250000000
43335  27.778  -16.638  -4.401 0.2500000000
86558  26.282  -15.392  -5.388 0.3750000000
42499  26.900  -17.445  -3.870 0.3750000000
43339  22.081  -16.969  -5.062 0.6250000000
91825  25.523  -18.177  -4.299 0.3750000000
86573  24.924  -18.213  -4.648 0.5000000000
45573  28.092  -13.797  -5.937 0.2500000000
51470  24.017  -5.023  -9.392 0.1250000000
41680  22.265  -18.118  -4.003 0.5000000000
41669  24.152  -18.942  -3.927 0.3750000000
41677  24.222  -18.615  -4.417 0.5000000000
42513  22.671  -17.697  -4.620 0.5000000000
42501  21.667  -17.620  -3.551 0.3750000000
43323  21.294  -16.726  -3.840 0.5000000000
42514  21.893  -17.280  -4.299 0.5000000000
43340  21.292  -16.506  -4.725 0.3750000000
41659  20.708  -18.312  -2.178 0.1250000000
41671  21.711  -18.603  -3.438 0.3750000000
43341  20.737  -15.781  -4.077 0.2500000000
40891  21.352  -19.694  -1.766 0.1250000000
41658  21.088  -19.120  -2.934 0.2500000000
40911  22.435  -19.425  -3.473 0.3750000000
41656  25.317  -18.767  -2.926 0.2500000000
85127  23.089  -19.109  -3.937 0.3750000000
40904  20.945  -19.067  -2.105 0.1250000000
40912  21.760  -19.351  -3.267 0.3750000000
41670  22.391  -18.952  -3.776 0.3750000000
42489  20.627  -17.241  -2.170 0.1250000000
82399  20.873  -16.111  -3.146 0.1250000000
42511  24.218  -18.192  -4.783 0.3750000000
90465  20.306  -14.842  -3.770 0.2500000000
44818  20.173  -14.182  -4.096 0.2500000000
86077  25.814  -18.295  -3.561 0.2500000000
41679  22.949  -18.522  -4.358 0.5000000000
41668  24.917  -18.610  -3.875 0.3750000000
41678  23.630  -18.624  -4.446 0.3750000000
92377  23.691  -18.908  -4.165 0.3750000000
43324  21.195  -16.997  -2.994 0.1250000000
41642  20.294  -18.507  -1.432 0.1250000000
41672  21.254  -17.999  -2.850 0.2500000000
42474  20.036  -17.755  -1.515 0.1250000000
44057  20.286  -15.222  -3.119 0.1250000000
40909  23.707  -19.348  -3.649 0.2500000000
92453  20.727  -16.446  -2.531 0.1250000000
40902  22.089  -19.801  -3.042 0.2500000000
40910  23.009  -19.810  -3.271 0.2500000000
46353  19.483  -12.069  -5.515 0.2500000000
41657  24.476  -19.129  -3.248 0.2500000000
40903  21.335  -19.561  -2.797 0.1250000000
47106  19.109  -11.456  -5.124 0.1250000000
55651  28.682  1.607  -10.165 0.1250000000
55639  29.733  2.302  -9.328 0.1250000000
56170  30.526  1.722  -8.762 0.1250000000
56168  31.028  2.789  -7.961 0.1250000000
55110  28.638  -0.134  -10.029 0.1250000000
56181  30.798  2.121  -8.161 0.1250000000
56169  30.603  2.279  -7.750 0.1250000000
54550  28.454  -0.646  -9.719 0.1250000000
46334  19.455  -12.155  -4.730 0.1250000000
53440  26.962  -2.591  -9.054 0.1250000000
82811  27.803  -0.409  -9.394 0.1250000000
84777  28.443  0.578  -9.847 0.1250000000
55641  28.061  1.156  -8.771 0.1250000000
55628  28.912  1.380  -8.792 0.1250000000
56763  30.658  2.987  -7.775 0.1250000000
54551  28.043  -1.098  -9.242 0.1250000000
47868  18.937  -10.243  -6.117 0.1250000000
45557  19.838  -12.927  -4.944 0.1250000000
52826  27.227  -3.214  -9.120 0.1250000000
79093  18.903  -10.718  -5.487 0.1250000000
47122  19.391  -11.588  -5.827 0.1250000000
47086  19.157  -11.825  -4.965 0.1250000000
55640  29.003  1.439  -9.249 0.1250000000
82765  29.316  0.897  -9.636 0.1250000000
56773  30.651  3.446  -8.009 0.1250000000
41666  27.549  -17.849  -3.345 0.1250000000
43322  27.727  -17.213  -3.858 0.1250000000
44068  27.815  -15.935  -4.893 0.1250000000
44084  27.539  -15.294  -5.298 0.1250000000
44083  28.276  -15.228  -5.220 0.1250000000
44831  27.759  -14.635  -5.572 0.1250000000
92611  29.740  -14.746  -4.784 0.1250000000
44830  28.593  -14.437  -5.405 0.1250000000
44828  30.221  -14.005  -4.733 0.1250000000
45572  28.941  -13.632  -5.499 0.1250000000
45571  29.689  -13.415  -5.207 0.1250000000
87997  29.250  -12.942  -5.532 0.1250000000
80057  24.955  -19.529  -2.472 0.1250000000
40901  24.034  -19.832  -3.026 0.1250000000
80390  25.801  -19.130  -2.398 0.1250000000
41654  27.349  -18.540  -2.747 0.1250000000
42498  28.405  -17.640  -3.387 0.1250000000
43320  29.611  -16.780  -3.863 0.1250000000
43333  29.163  -16.292  -4.369 0.1250000000
80971  28.744  -15.765  -4.814 0.1250000000
44067  29.638  -15.528  -4.550 0.1250000000
86391  29.861  -12.588  -5.378 0.1250000000
46350  30.662  -12.284  -5.199 0.1250000000
45555  30.441  -13.098  -4.963 0.1250000000
47098  29.957  -11.724  -5.615 0.1250000000
41667  26.693  -18.068  -3.400 0.1250000000
43334  28.436  -16.337  -4.519 0.1250000000
41655  26.248  -18.568  -2.780 0.1250000000
43321  28.648  -16.948  -4.023 0.1250000000
44817  29.087  -15.035  -5.058 0.1250000000
44829  29.387  -14.232  -5.142 0.1250000000
90828  30.925  -13.501  -4.527 0.1250000000
42497  29.302  -17.468  -3.418 0.1250000000
46325  31.225  -12.818  -4.680 0.1250000000
41665  28.162  -18.252  -3.015 0.1250000000
45589  27.970  -13.061  -6.254 0.2500000000
46385  23.443  -12.661  -8.322 0.8750000000
46386  22.929  -12.960  -8.158 0.8750000000
46393  21.908  -12.902  -8.233 0.8750000000
47893  25.363  -10.938  -8.855 1.0000000000
49284  20.114  -7.661  -9.598 0.3750000000
49993  21.108  -5.968  -11.974 0.7500000000
50686  19.471  -6.871  -7.429 0.1250000000
50702  19.695  -6.195  -7.816 0.1250000000
50744  20.987  -5.187  -11.639 0.3750000000
50752  21.959  -5.308  -12.593 0.8750000000
51514  22.249  -4.579  -12.275 0.5000000000
52167  23.067  -4.041  -10.389 0.2500000000
52201  22.680  -4.349  -11.898 0.3750000000
52202  34.708  -3.802  -13.320 0.7500000000
54012  27.527  -1.701  -9.121 0.1250000000
55652  28.127  0.995  -9.919 0.1250000000
56785  27.948  3.673  -10.929 0.1250000000
56792  27.949  4.293  -11.083 0.1250000000
83799  19.719  -8.614  -8.288 0.3750000000
86661  28.412  2.979  -10.756 0.1250000000
93766  23.512  -5.308  -11.654 1.0000000000
