#!ascii label  , from subject sub-v1s16x0051195_ses-1 vox2ras=TkReg
1345
2803  22.668  -74.614  0.527 0.6999999881
2513  22.221  -75.091  0.302 0.8000000119
2804  21.686  -74.572  0.069 0.8000000119
80629  21.233  -75.268  -0.255 0.6999999881
2254  23.476  -76.029  0.599 0.6000000238
79491  22.757  -76.410  0.385 0.6000000238
93921  21.465  -75.739  -0.241 0.6000000238
2011  23.671  -76.718  0.168 0.6000000238
3150  22.234  -73.768  0.058 0.8000000119
3151  21.561  -73.795  0.045 0.6999999881
3152  20.962  -74.203  0.368 0.6999999881
2512  23.185  -75.269  0.814 0.6000000238
2805  21.074  -74.836  -0.037 0.6999999881
2253  24.214  -76.504  0.601 0.6000000238
2010  24.484  -77.074  0.086 0.6000000238
1742  24.132  -77.639  -1.214 0.6000000238
1755  24.701  -78.133  -2.717 0.6000000238
1749  24.434  -77.950  -1.926 0.6000000238
3164  21.800  -73.175  -0.752 0.8000000119
3577  21.443  -72.622  -1.578 0.8000000119
3165  21.479  -72.644  -0.252 0.6999999881
3544  21.172  -72.269  0.844 0.6999999881
3163  22.383  -73.144  -0.676 0.8000000119
3141  21.215  -73.220  0.627 0.6999999881
3149  23.130  -73.408  0.078 0.6999999881
2251  24.081  -75.815  1.070 0.6999999881
2250  24.551  -76.421  1.210 0.6000000238
82581  25.064  -77.923  -1.210 0.6000000238
1754  25.762  -78.334  -2.971 0.6000000238
1498  26.611  -78.996  -5.542 0.6999999881
1770  25.589  -78.830  -5.571 0.6000000238
923  27.016  -80.438  -4.969 0.5000000000
1230  26.285  -79.427  -5.700 0.6000000238
919  25.963  -81.417  -4.133 0.5000000000
89497  21.430  -71.344  -1.037 0.6999999881
3576  21.828  -72.830  -1.685 0.6999999881
80630  21.155  -71.497  0.361 0.6999999881
3559  23.493  -72.989  -0.376 0.8000000119
3139  24.363  -73.568  1.362 0.6999999881
3140  23.438  -73.980  0.754 0.6999999881
2795  24.121  -74.373  1.604 0.8000000119
2506  24.097  -75.139  1.640 0.8000000119
2004  24.821  -76.974  0.872 0.6999999881
1730  24.800  -77.517  -0.527 0.6999999881
1748  25.358  -78.185  -1.968 0.6000000238
89905  26.309  -78.564  -4.686 0.6999999881
1227  27.377  -79.721  -5.167 0.6999999881
3591  21.499  -72.563  -2.651 0.8999999762
4023  21.085  -70.659  -0.374 0.6999999881
3575  22.712  -72.873  -1.455 0.8000000119
3590  21.945  -72.815  -2.773 0.8000000119
3558  24.564  -72.846  -0.102 0.6999999881
3148  24.040  -73.249  0.490 0.8000000119
2501  24.624  -75.472  2.421 0.8000000119
92832  25.347  -77.342  1.340 0.6999999881
1741  25.672  -78.268  -0.259 0.8000000119
1740  26.438  -78.688  -0.466 0.8000000119
1762  28.125  -78.848  -4.489 0.6999999881
1758  27.648  -78.765  -3.852 0.6999999881
83237  25.933  -78.483  -1.125 0.6999999881
1224  28.069  -79.534  -4.736 0.6999999881
1767  27.629  -78.855  -4.998 0.6999999881
5790  17.654  -67.955  -0.246 0.6000000238
90552  17.943  -68.259  0.564 0.6000000238
82164  16.321  -68.298  1.112 0.6000000238
95005  15.558  -67.441  2.151 0.6999999881
3592  21.275  -71.863  -2.407 0.8999999762
3574  23.951  -72.708  -1.088 0.6000000238
3573  25.119  -72.663  -0.868 0.6000000238
3589  24.431  -72.584  -1.974 0.6000000238
3147  25.106  -72.981  0.779 0.6999999881
3138  25.186  -73.148  1.738 0.6999999881
4552  22.276  -68.009  -3.621 0.6999999881
86766  22.132  -66.912  -4.130 0.6999999881
2500  24.995  -75.312  3.052 0.8000000119
3130  24.582  -73.838  2.294 0.8000000119
5192  23.067  -66.696  -2.877 0.6000000238
5205  21.590  -66.582  -4.028 0.6999999881
2243  25.091  -76.225  2.677 0.6999999881
5204  22.550  -66.022  -3.938 0.5000000000
5809  21.685  -65.245  -4.262 0.6999999881
79576  25.966  -78.216  0.580 0.8000000119
1715  25.915  -77.826  1.271 0.8000000119
5798  22.657  -66.163  -2.574 0.5000000000
86713  27.378  -78.891  -2.016 0.6999999881
5786  22.095  -67.022  -0.757 0.6000000238
5800  20.978  -65.641  -1.937 0.6000000238
6333  20.301  -65.267  -2.952 0.6999999881
6334  19.319  -65.435  -3.158 0.6999999881
5787  21.087  -66.634  -0.821 0.5000000000
5788  20.197  -66.355  -1.190 0.6000000238
5801  19.330  -66.349  -1.552 0.6000000238
5789  18.566  -67.650  -0.391 0.6000000238
80260  19.352  -67.451  -0.403 0.6000000238
5772  21.049  -67.975  0.412 0.5000000000
5773  19.966  -67.973  0.231 0.5000000000
81980  17.164  -68.355  0.888 0.6000000238
5760  15.975  -68.053  1.888 0.6999999881
7842  15.698  -65.266  2.030 0.6000000238
7854  15.307  -64.801  1.049 0.6999999881
5774  18.703  -68.308  0.777 0.6000000238
92531  17.685  -68.448  1.551 0.6000000238
5759  16.629  -68.042  2.434 0.6999999881
78333  16.146  -65.679  2.691 0.5000000000
88659  23.088  -72.814  -2.410 0.6000000238
4573  21.937  -69.980  -2.475 0.8000000119
4553  21.556  -69.784  -1.893 0.6999999881
92157  25.477  -72.756  -0.022 0.6999999881
86149  23.016  -66.644  -3.935 0.6999999881
90227  25.740  -77.309  2.172 0.8000000119
2232  25.583  -76.026  3.477 0.8000000119
1714  26.627  -78.280  1.013 0.8000000119
1728  26.538  -78.590  0.246 0.8000000119
90952  22.772  -67.117  -1.580 0.5000000000
5179  23.128  -67.891  -1.104 0.5000000000
5785  22.562  -68.145  0.094 0.6000000238
5771  21.764  -68.212  0.587 0.6000000238
8476  16.754  -63.729  0.934 0.5000000000
7853  16.205  -64.460  1.513 0.5000000000
8477  15.964  -63.961  0.600 0.6000000238
82381  19.216  -68.661  1.717 0.6000000238
5757  18.294  -68.569  2.154 0.6999999881
5758  17.434  -68.255  2.603 0.6999999881
6290  16.372  -67.123  2.964 0.6999999881
5170  20.196  -68.710  1.538 0.6000000238
5744  16.896  -67.702  2.986 0.6000000238
5756  19.598  -68.945  2.641 0.6999999881
5743  18.271  -68.463  3.100 0.6000000238
89894  17.788  -67.881  3.474 0.5000000000
3602  21.678  -72.683  -3.586 0.6999999881
3603  21.367  -72.130  -3.204 0.6999999881
4572  22.248  -70.107  -3.216 0.6999999881
87548  22.470  -68.198  -3.873 0.6999999881
8491  17.226  -63.113  0.309 0.5000000000
5167  23.018  -68.962  0.646 0.5000000000
84001  22.482  -69.088  1.335 0.6000000238
8492  16.522  -63.209  -0.007 0.5000000000
5151  23.011  -69.415  2.119 0.5000000000
5168  21.876  -68.861  1.426 0.6000000238
5169  21.088  -68.790  1.509 0.6000000238
6772  16.653  -66.710  3.186 0.5000000000
5152  22.094  -69.322  2.294 0.6000000238
5154  20.460  -69.160  2.491 0.6000000238
5153  21.286  -69.254  2.358 0.6000000238
4055  22.129  -71.258  -3.968 0.6999999881
5742  19.076  -68.761  3.521 0.5000000000
5129  23.411  -69.684  3.342 0.5000000000
92298  18.472  -68.282  3.770 0.5000000000
86556  22.419  -69.564  3.187 0.5000000000
91457  20.834  -69.361  3.103 0.5000000000
5131  20.072  -69.184  3.518 0.5000000000
88069  18.847  -68.734  2.690 0.5000000000
5110  19.599  -68.830  4.236 0.5000000000
79771  19.021  -67.823  4.753 0.5000000000
5107  22.105  -69.694  4.772 0.5000000000
5109  20.318  -69.145  4.499 0.5000000000
79031  19.002  -68.367  4.312 0.5000000000
84738  22.675  -69.738  4.082 0.5000000000
5130  20.935  -69.445  3.843 0.5000000000
85241  21.801  -69.611  3.969 0.5000000000
5087  20.685  -68.995  5.342 0.5000000000
90528  17.196  -60.684  -1.017 0.6000000238
9897  16.484  -60.949  -0.872 0.6000000238
9225  18.069  -61.691  -0.815 0.5000000000
90080  17.511  -60.292  -0.895 0.6999999881
10542  16.051  -60.191  -0.529 0.6000000238
10543  15.312  -60.085  -0.427 0.6000000238
85307  14.019  -56.946  -0.201 0.6999999881
10533  17.155  -59.704  -0.373 0.6000000238
89669  16.058  -59.511  -0.071 0.6999999881
11236  15.115  -59.021  0.143 0.6999999881
91194  14.113  -57.785  -0.278 0.6999999881
11878  14.325  -57.504  0.214 0.8000000119
10532  18.098  -59.930  -0.936 0.5000000000
11877  14.920  -58.710  0.320 0.8000000119
11225  16.454  -59.548  0.303 0.6000000238
11213  14.028  -58.597  2.339 0.6999999881
10531  19.896  -58.935  -1.227 0.5000000000
87607  19.279  -59.855  -1.318 0.5000000000
11212  14.704  -58.895  1.979 0.6999999881
11228  14.135  -57.726  1.144 0.6999999881
11226  15.627  -59.315  0.611 0.6999999881
94083  17.516  -59.550  -0.229 0.6999999881
11202  13.622  -59.421  3.117 0.6999999881
10518  18.921  -59.172  -0.577 0.6000000238
10520  16.220  -59.609  0.946 0.8000000119
10446  15.593  -61.251  8.062 0.6999999881
9140  15.771  -62.322  7.556 0.8000000119
11874  21.707  -58.890  1.256 0.4000000060
10497  14.100  -60.052  3.644 0.6999999881
11876  20.466  -58.633  -0.148 0.5000000000
11201  14.498  -59.396  2.954 0.6999999881
11224  19.797  -58.673  -0.631 0.6000000238
11210  19.398  -59.100  0.540 0.6000000238
11211  15.542  -59.533  1.486 0.6999999881
10519  17.811  -59.503  0.128 0.8000000119
10509  17.338  -60.148  1.585 0.8000000119
15483  9.739  -52.061  7.697 0.5000000000
91958  10.200  -52.756  8.232 0.5000000000
84520  9.719  -54.017  8.307 0.5000000000
12438  14.525  -57.989  10.180 0.5000000000
11800  15.198  -59.283  8.996 0.6000000238
11782  14.921  -58.675  9.571 0.6000000238
12439  13.553  -58.029  10.220 0.6000000238
13089  10.930  -56.590  9.523 0.6000000238
11143  14.683  -59.811  8.698 0.6999999881
11801  14.331  -59.339  9.183 0.6999999881
10434  15.055  -60.375  8.389 0.6999999881
10435  14.188  -60.294  8.520 0.6999999881
9860  15.371  -60.945  3.865 0.6999999881
9846  15.729  -61.572  4.273 0.6999999881
9173  16.350  -62.356  5.442 0.8000000119
86906  20.469  -58.523  1.203 0.5000000000
10496  14.951  -60.120  3.474 0.6999999881
11209  20.047  -58.629  0.008 0.6000000238
10511  15.274  -59.787  2.586 0.8000000119
10508  18.318  -59.733  1.339 0.6999999881
10494  16.912  -60.742  3.015 0.8000000119
10510  16.361  -60.256  1.845 0.8000000119
16139  9.863  -50.515  6.559 0.5000000000
15493  10.182  -51.274  7.161 0.6000000238
15492  11.309  -51.380  7.232 0.5000000000
15482  10.643  -52.103  7.922 0.6000000238
14868  10.350  -53.590  8.537 0.6000000238
14285  10.379  -54.684  8.865 0.6000000238
14284  11.414  -53.957  8.994 0.6000000238
14265  11.250  -55.052  9.400 0.5000000000
12437  15.587  -57.841  9.961 0.5000000000
12422  14.050  -57.343  10.580 0.5000000000
11781  15.757  -58.693  9.261 0.6000000238
12423  13.215  -57.370  10.529 0.6000000238
12440  12.614  -57.818  10.159 0.6999999881
13698  10.642  -55.753  9.209 0.6000000238
86760  15.885  -59.273  8.763 0.6000000238
11142  15.503  -59.786  8.523 0.6999999881
11144  13.773  -59.808  8.782 0.6999999881
11783  13.943  -58.760  9.754 0.6999999881
11784  12.948  -58.607  9.612 0.8000000119
12442  11.226  -57.177  9.701 0.6999999881
11141  16.425  -59.757  8.271 0.6999999881
10433  15.794  -60.339  8.204 0.6999999881
10444  17.247  -60.912  7.358 0.6999999881
84661  16.279  -61.706  7.635 0.8000000119
9160  16.954  -62.289  6.028 0.8000000119
9831  16.499  -62.259  6.931 0.8000000119
11199  19.860  -58.790  1.636 0.5000000000
11193  18.828  -59.369  3.582 0.6000000238
9859  16.278  -61.273  3.811 0.8000000119
9183  16.471  -61.858  4.555 0.8000000119
11200  19.049  -59.417  2.228 0.6999999881
80022  17.701  -60.405  2.558 0.6999999881
16733  9.757  -49.773  6.424 0.4000000060
16138  10.803  -50.536  6.360 0.5000000000
15481  11.795  -52.322  7.912 0.4000000060
14867  11.069  -53.026  8.362 0.5000000000
14264  12.107  -54.652  9.424 0.5000000000
13066  14.457  -56.567  10.560 0.6000000238
13681  12.961  -55.903  10.392 0.6000000238
91783  11.814  -55.381  9.760 0.6000000238
11799  16.577  -58.905  8.971 0.6000000238
13068  12.415  -56.879  10.546 0.6999999881
13088  11.535  -56.714  10.124 0.6999999881
85801  17.094  -59.311  8.489 0.6000000238
9830  17.233  -61.673  6.687 0.8000000119
10485  18.513  -60.159  4.054 0.6999999881
10493  17.712  -60.830  3.685 0.6999999881
9858  17.011  -61.448  4.027 0.8000000119
9845  17.530  -61.441  4.699 0.8000000119
10492  18.324  -60.124  2.912 0.6999999881
16732  10.497  -49.816  5.941 0.4000000060
16746  10.194  -49.187  6.082 0.4000000060
85481  10.167  -48.731  7.566 0.4000000060
17414  10.610  -49.381  8.690 0.5000000000
14263  13.070  -54.539  9.308 0.5000000000
87272  12.545  -55.246  9.865 0.5000000000
85274  14.209  -54.352  8.273 0.5000000000
13696  12.006  -56.000  10.239 0.6999999881
88501  17.653  -60.163  7.292 0.6000000238
9839  17.548  -61.638  5.736 0.8000000119
11848  18.927  -58.414  4.153 0.6000000238
11182  18.700  -59.106  4.578 0.6000000238
11171  18.719  -59.037  5.454 0.6999999881
10465  18.507  -60.056  5.987 0.6999999881
10486  18.138  -60.749  4.556 0.6999999881
17384  10.667  -49.540  10.709 0.3000000119
16137  11.781  -50.775  6.556 0.4000000060
16731  11.322  -49.877  5.889 0.3000000119
16745  10.957  -49.036  5.741 0.4000000060
17428  11.490  -48.460  6.381 0.4000000060
79108  11.209  -48.446  7.478 0.4000000060
17398  10.788  -49.714  9.810 0.5000000000
89466  12.843  -52.634  7.796 0.4000000060
17383  11.311  -49.207  10.142 0.3000000119
14866  12.212  -53.150  8.405 0.4000000060
14262  13.936  -54.596  9.077 0.5000000000
14283  12.660  -53.893  8.858 0.4000000060
13693  15.175  -55.192  9.572 0.6000000238
13708  14.666  -54.675  8.856 0.4000000060
14282  13.588  -54.122  8.465 0.5000000000
10466  17.857  -60.788  6.499 0.6999999881
10478  18.078  -60.820  5.423 0.6999999881
17397  11.515  -49.199  9.030 0.4000000060
18128  11.674  -48.489  10.429 0.3000000119
15491  12.672  -51.889  7.451 0.3000000119
14865  13.370  -53.424  7.853 0.4000000060
14281  14.765  -54.367  7.897 0.4000000060
14864  14.020  -54.135  7.339 0.4000000060
16744  11.801  -49.342  6.006 0.3000000119
17427  12.227  -49.082  6.989 0.3000000119
17413  11.904  -48.526  7.200 0.4000000060
88527  12.047  -48.918  8.185 0.3000000119
17382  12.015  -48.825  9.724 0.3000000119
86001  11.975  -50.252  6.299 0.3000000119
14880  13.618  -52.855  6.913 0.3000000119
87163  13.898  -53.690  6.683 0.3000000119
14292  14.448  -54.171  6.968 0.3000000119
17412  12.597  -49.219  8.100 0.3000000119
17396  12.367  -48.930  8.900 0.3000000119
17426  13.105  -49.886  7.766 0.3000000119
15504  13.634  -52.775  5.762 0.3000000119
14888  13.976  -53.400  5.779 0.3000000119
14887  14.275  -53.506  5.517 0.3000000119
18129  10.992  -48.770  10.878 0.3000000119
16730  12.658  -50.321  7.211 0.3000000119
15503  13.978  -53.177  4.914 0.3000000119
6332  21.317  -65.145  -3.313 0.6999999881
6336  20.843  -64.869  -4.103 0.6999999881
13695  13.487  -55.128  9.862 0.6000000238
18144  12.744  -48.503  9.474 0.3000000119
2796  23.497  -74.712  1.068 0.8000000119
1760  25.635  -78.397  -4.021 0.6000000238
1759  26.602  -78.565  -3.900 0.6999999881
91373  25.361  -76.843  2.507 0.8000000119
1753  26.960  -78.685  -2.915 0.6999999881
86341  26.860  -78.819  -1.157 0.8000000119
6301  15.653  -67.018  2.497 0.6999999881
5799  21.818  -65.828  -2.092 0.5000000000
7861  15.253  -64.109  0.203 0.6000000238
5191  23.313  -67.446  -2.265 0.5000000000
10495  15.879  -60.600  3.121 0.8000000119
1683  22.108  -77.998  3.032 0.4000000060
1667  23.480  -78.364  4.751 0.4000000060
1171  23.785  -80.140  2.009 0.3000000119
1457  21.970  -79.040  1.449 0.4000000060
1431  21.886  -79.182  3.485 0.4000000060
1430  22.670  -78.813  4.215 0.4000000060
1454  25.782  -79.870  2.724 0.4000000060
1444  25.513  -78.940  3.009 0.5000000000
87078  24.474  -78.527  3.099 0.5000000000
1170  25.092  -80.421  2.339 0.3000000119
1455  24.361  -79.293  2.596 0.4000000060
1695  23.007  -77.928  3.260 0.4000000060
85154  25.242  -81.524  1.399 0.3000000119
1456  22.850  -78.824  1.789 0.3000000119
1446  22.290  -77.933  2.038 0.3000000119
90869  24.588  -80.991  1.823 0.3000000119
860  26.234  -81.654  1.536 0.4000000060
847  26.686  -81.325  2.129 0.4000000060
87560  26.655  -80.378  2.827 0.5000000000
605  27.533  -82.074  1.084 0.3000000119
83632  26.316  -82.469  -0.562 0.4000000060
423  26.367  -82.450  -0.007 0.3000000119
913  26.477  -81.681  -3.520 0.4000000060
633  25.991  -82.320  -2.726 0.4000000060
643  25.654  -82.091  -3.533 0.4000000060
858  27.988  -81.700  1.443 0.4000000060
612  28.361  -81.764  0.553 0.4000000060
613  27.738  -82.139  0.577 0.4000000060
93707  28.306  -81.954  -0.677 0.4000000060
1199  29.653  -80.357  -0.210 0.5000000000
80455  27.581  -82.206  -0.708 0.4000000060
86120  28.614  -81.312  -1.822 0.4000000060
632  26.597  -82.260  -2.014 0.4000000060
636  26.957  -81.830  -2.811 0.5000000000
630  28.107  -81.488  -2.166 0.4000000060
912  27.444  -81.129  -3.641 0.4000000060
1500  25.890  -79.073  -5.719 0.6000000238
924  26.242  -80.858  -5.063 0.4000000060
1208  29.658  -79.808  -0.488 0.6000000238
1480  29.323  -79.783  -1.327 0.6000000238
1214  29.254  -80.117  -2.779 0.6000000238
1485  29.245  -79.715  -2.418 0.6000000238
83937  29.161  -79.568  -3.137 0.6000000238
94749  28.575  -79.306  -1.427 0.6999999881
911  28.314  -80.739  -3.457 0.5000000000
1223  28.529  -79.407  -4.259 0.6000000238
1746  27.817  -79.062  -1.263 0.6999999881
2002  29.034  -77.689  1.286 0.6999999881
2003  27.910  -77.794  1.699 0.6999999881
1725  29.459  -78.546  0.178 0.6000000238
1712  28.471  -78.312  0.826 0.6999999881
1995  26.474  -77.186  2.842 0.6999999881
1738  28.463  -79.120  -0.758 0.6999999881
1713  27.405  -78.208  1.242 0.6999999881
1739  27.405  -78.870  -0.348 0.6999999881
2230  27.408  -76.402  3.593 0.5000000000
2475  26.849  -75.214  3.993 0.6000000238
1994  27.424  -77.331  2.504 0.6999999881
2231  26.428  -76.520  3.589 0.6000000238
2489  26.270  -75.605  3.820 0.6999999881
3120  26.168  -73.718  3.693 0.6999999881
2777  25.631  -74.171  3.688 0.6999999881
3129  25.262  -73.244  2.690 0.6000000238
2776  26.329  -74.630  3.862 0.6000000238
93594  26.815  -72.918  2.947 0.6000000238
3121  25.518  -73.523  3.425 0.6000000238
3530  26.829  -72.848  2.275 0.6000000238
83821  25.724  -72.615  -1.843 0.5000000000
2806  20.630  -75.067  0.063 0.6000000238
3137  26.055  -72.913  1.986 0.6000000238
3543  25.958  -72.842  1.176 0.6000000238
3572  26.251  -72.768  -0.540 0.5000000000
3545  20.663  -72.659  1.668 0.6000000238
3142  20.812  -73.588  1.233 0.6000000238
3542  26.790  -72.808  1.277 0.6000000238
3571  27.236  -72.946  -0.544 0.5000000000
3557  26.072  -72.767  0.431 0.5000000000
4025  19.887  -70.926  1.507 0.6000000238
4024  20.639  -70.739  0.604 0.6000000238
4012  20.684  -71.588  1.321 0.6000000238
3601  22.357  -72.909  -3.890 0.6000000238
81410  26.911  -72.849  0.332 0.6000000238
86654  19.817  -70.127  0.648 0.6000000238
4539  20.721  -69.750  -0.815 0.6000000238
5193  21.514  -68.282  -3.000 0.6000000238
4522  19.063  -70.530  1.551 0.6999999881
5180  20.036  -69.524  -0.493 0.6000000238
89336  20.570  -68.527  -2.170 0.6000000238
5207  18.319  -69.287  -2.199 0.6000000238
5194  19.663  -69.013  -1.379 0.6000000238
5206  20.149  -66.835  -3.685 0.6000000238
79586  19.120  -68.473  -2.223 0.6000000238
79569  18.660  -68.044  -3.359 0.6000000238
5181  19.426  -69.792  -0.034 0.6000000238
5812  19.298  -66.205  -4.265 0.5000000000
5811  20.058  -65.215  -4.091 0.6000000238
6337  19.122  -65.451  -4.109 0.6000000238
6335  18.433  -65.627  -3.587 0.6999999881
6340  18.213  -65.928  -4.185 0.6999999881
6338  17.495  -66.316  -3.501 0.6999999881
5804  16.552  -67.273  -2.220 0.6999999881
5803  17.588  -66.557  -2.473 0.6999999881
84772  15.832  -68.146  -0.688 0.6000000238
5802  18.313  -66.678  -1.760 0.6000000238
3598  25.683  -72.562  -3.309 0.5000000000
3608  25.016  -72.375  -4.534 0.5000000000
88184  24.789  -72.570  -2.830 0.5000000000
3599  24.293  -72.613  -3.916 0.6000000238
94260  26.232  -71.875  -5.199 0.6000000238
3620  25.778  -72.183  -5.070 0.6000000238
3609  23.706  -72.539  -4.889 0.6000000238
3600  23.181  -72.805  -4.298 0.6000000238
3610  22.721  -72.573  -4.805 0.6000000238
4078  25.717  -71.268  -5.203 0.5000000000
4610  23.979  -70.521  -5.363 0.6000000238
3611  22.193  -72.411  -4.530 0.6000000238
4603  24.432  -68.804  -5.190 0.6000000238
5213  23.550  -68.342  -4.955 0.5000000000
4604  22.975  -70.338  -5.001 0.6000000238
4589  24.272  -67.715  -4.782 0.5000000000
4590  22.830  -69.649  -4.465 0.6000000238
4551  23.364  -67.165  -3.166 0.5000000000
78271  23.091  -67.475  -4.068 0.6000000238
83641  22.719  -68.683  -4.135 0.6000000238
917  27.697  -80.384  -4.479 0.6000000238
1757  28.551  -78.974  -3.741 0.6999999881
83186  23.623  -72.772  -3.278 0.5000000000
5810  20.900  -65.343  -4.358 0.6000000238
1172  22.569  -80.006  1.613 0.3000000119
1445  23.355  -78.266  2.589 0.4000000060
607  25.832  -81.969  0.852 0.3000000119
614  27.008  -82.320  0.543 0.4000000060
435  26.861  -82.370  -0.726 0.4000000060
621  28.710  -81.507  -0.146 0.4000000060
626  28.043  -81.900  -1.446 0.3000000119
880  29.339  -80.926  -0.705 0.5000000000
1209  29.506  -80.216  -1.054 0.6000000238
631  27.432  -81.896  -2.118 0.5000000000
910  28.863  -80.276  -3.387 0.5000000000
904  27.831  -81.365  -2.811 0.5000000000
1476  29.089  -79.461  -1.054 0.6000000238
94395  27.083  -76.936  3.227 0.6999999881
90523  24.602  -71.739  -5.266 0.6000000238
4602  25.399  -69.109  -5.042 0.5000000000
4079  23.316  -71.896  -5.288 0.6000000238
4067  22.635  -71.810  -5.106 0.6000000238
4609  25.045  -70.159  -5.290 0.5000000000
92175  23.605  -69.694  -5.198 0.6000000238
4588  25.098  -68.460  -4.632 0.5000000000
90562  23.194  -67.746  -4.478 0.5000000000
4571  23.513  -66.951  -4.114 0.5000000000
164  20.817  -83.949  21.277 0.4000000060
169  21.253  -83.853  20.688 0.4000000060
174  21.075  -83.893  19.886 0.5000000000
161  18.356  -84.139  21.988 0.5000000000
83319  17.304  -84.219  22.062 0.5000000000
329  16.708  -83.622  21.571 0.5000000000
166  18.670  -84.188  21.176 0.5000000000
86554  19.335  -84.026  21.952 0.5000000000
333  21.580  -83.312  19.848 0.4000000060
335  20.831  -83.611  19.161 0.5000000000
1117  24.742  -79.648  7.390 0.3000000119
82315  25.730  -80.458  6.810 0.3000000119
1135  24.242  -79.933  5.650 0.3000000119
1136  23.344  -79.751  4.857 0.3000000119
81486  19.030  -83.949  22.790 0.4000000060
157  18.415  -84.144  23.278 0.5000000000
88497  17.179  -84.337  22.848 0.5000000000
322  20.568  -83.433  22.661 0.4000000060
159  20.254  -83.834  21.931 0.4000000060
331  21.789  -83.488  20.486 0.3000000119
320  22.311  -83.237  21.872 0.3000000119
504  20.080  -82.303  17.919 0.4000000060
83037  22.177  -82.652  19.835 0.3000000119
696  21.456  -81.905  19.280 0.4000000060
501  21.019  -82.789  19.178 0.5000000000
1116  25.765  -80.318  7.694 0.3000000119
1125  26.444  -80.866  6.840 0.3000000119
1415  24.189  -79.274  6.534 0.3000000119
1421  23.680  -78.850  5.607 0.3000000119
94222  23.355  -78.962  4.799 0.3000000119
323  19.691  -83.350  23.178 0.3000000119
156  18.882  -83.658  23.717 0.4000000060
318  21.249  -83.104  23.221 0.3000000119
500  23.242  -82.275  20.034 0.3000000119
1010  20.105  -81.058  18.275 0.4000000060
712  19.617  -81.351  17.495 0.4000000060
84223  20.927  -81.234  18.869 0.4000000060
695  22.584  -81.824  19.533 0.3000000119
1098  26.290  -80.217  9.792 0.4000000060
1099  25.793  -80.060  8.907 0.4000000060
1107  26.687  -80.691  8.900 0.4000000060
82750  26.810  -81.212  8.671 0.4000000060
391  26.158  -82.659  10.147 0.4000000060
225  27.045  -84.102  10.867 0.5000000000
83029  25.030  -79.098  9.392 0.3000000119
1403  24.848  -79.448  8.485 0.3000000119
1409  24.012  -78.698  7.428 0.3000000119
1682  22.893  -78.103  3.810 0.3000000119
319  20.422  -83.100  23.604 0.3000000119
1018  20.566  -80.386  17.924 0.3000000119
1019  19.703  -80.751  17.290 0.3000000119
742  21.193  -81.631  15.760 0.4000000060
729  21.739  -82.426  16.122 0.4000000060
1001  23.839  -80.862  19.352 0.3000000119
1009  21.222  -80.475  18.645 0.3000000119
1008  22.122  -80.433  19.080 0.3000000119
1003  21.811  -81.123  19.158 0.3000000119
193  26.807  -84.157  15.000 0.5000000000
184  26.426  -83.922  16.373 0.5000000000
789  27.897  -80.941  11.866 0.3000000119
797  28.216  -81.432  11.187 0.3000000119
1090  27.366  -80.583  11.506 0.3000000119
80853  27.445  -81.016  10.594 0.3000000119
1097  27.078  -80.923  9.642 0.4000000060
372  28.102  -83.062  12.616 0.5000000000
216  27.338  -84.175  12.697 0.5000000000
79068  26.716  -80.376  10.647 0.3000000119
86711  27.117  -81.419  9.404 0.4000000060
390  26.813  -82.149  10.216 0.4000000060
379  27.652  -82.941  10.967 0.5000000000
80090  27.703  -83.762  11.753 0.5000000000
1648  24.160  -78.013  8.746 0.3000000119
1410  23.742  -78.045  7.333 0.3000000119
1658  23.617  -78.088  6.174 0.3000000119
1965  23.757  -77.903  5.367 0.3000000119
1975  23.522  -77.952  4.305 0.4000000060
1341  20.187  -80.300  16.585 0.3000000119
88575  21.692  -81.128  15.187 0.4000000060
1000  24.802  -80.593  19.542 0.3000000119
1322  22.036  -79.748  18.811 0.3000000119
1323  21.357  -79.604  18.100 0.3000000119
92632  22.310  -81.844  15.796 0.4000000060
1316  22.917  -80.023  19.270 0.3000000119
88311  24.703  -83.376  16.464 0.4000000060
343  25.119  -83.914  16.882 0.5000000000
520  26.385  -82.731  15.785 0.4000000060
521  25.603  -83.330  16.463 0.5000000000
91201  30.052  -81.290  10.164 0.3000000119
349  26.959  -83.902  15.772 0.5000000000
88422  26.190  -83.493  16.323 0.5000000000
81402  28.570  -81.718  10.213 0.3000000119
94681  27.435  -82.335  14.772 0.4000000060
534  27.026  -82.464  15.227 0.5000000000
781  27.867  -80.310  12.349 0.3000000119
805  27.746  -81.530  10.100 0.4000000060
578  28.182  -82.079  10.025 0.4000000060
361  28.109  -82.482  13.414 0.5000000000
90619  27.259  -83.472  15.020 0.5000000000
1390  26.161  -79.159  11.015 0.3000000119
386  27.643  -82.502  10.554 0.5000000000
83041  27.581  -82.877  11.012 0.5000000000
1398  24.834  -78.345  9.352 0.3000000119
1929  24.820  -77.737  9.128 0.4000000060
91691  24.879  -77.148  7.832 0.3000000119
81630  23.904  -77.785  7.047 0.4000000060
1955  24.370  -77.441  6.613 0.4000000060
1216  22.256  -80.538  -2.829 0.5000000000
1983  23.853  -77.875  4.006 0.3000000119
83371  25.271  -79.747  19.627 0.3000000119
87038  23.373  -79.234  19.229 0.3000000119
1042  22.434  -80.558  14.820 0.3000000119
92859  23.895  -79.891  19.445 0.3000000119
1041  23.486  -80.587  15.181 0.3000000119
87678  25.117  -82.284  16.028 0.5000000000
725  26.630  -81.756  15.678 0.4000000060
726  25.485  -81.338  15.897 0.3000000119
563  30.837  -80.830  11.108 0.3000000119
519  26.914  -82.056  15.409 0.5000000000
803  29.457  -81.753  10.086 0.3000000119
544  28.477  -81.028  14.712 0.4000000060
518  27.789  -81.207  15.218 0.4000000060
572  28.614  -82.420  10.429 0.4000000060
377  28.608  -82.558  12.033 0.4000000060
91674  28.806  -81.917  13.225 0.4000000060
352  28.519  -81.317  14.327 0.4000000060
1384  26.857  -79.063  11.586 0.3000000119
1637  27.102  -78.220  11.072 0.3000000119
385  28.294  -82.884  11.254 0.4000000060
371  28.411  -82.408  12.706 0.5000000000
1928  25.668  -77.328  9.218 0.3000000119
2203  25.580  -76.941  7.732 0.4000000060
1946  25.110  -77.050  7.004 0.4000000060
1489  23.054  -79.840  -2.325 0.5000000000
1974  24.304  -77.634  4.771 0.4000000060
1954  25.045  -77.169  6.052 0.5000000000
1219  22.913  -80.229  -4.320 0.5000000000
89771  24.059  -79.196  19.406 0.3000000119
3531  19.945  -72.776  2.509 0.5000000000
1027  27.212  -80.947  15.661 0.3000000119
1028  26.245  -81.033  15.853 0.3000000119
3131  20.394  -73.519  2.030 0.5000000000
785  31.097  -80.590  12.069 0.3000000119
81391  30.508  -80.455  12.159 0.3000000119
576  30.263  -81.239  9.845 0.3000000119
564  29.651  -81.242  11.854 0.3000000119
551  29.524  -80.486  13.267 0.3000000119
517  29.136  -80.746  15.483 0.4000000060
84606  28.000  -81.025  15.322 0.4000000060
2514  20.600  -75.856  -0.635 0.5000000000
4004  17.919  -71.524  2.628 0.5000000000
81799  28.858  -81.262  13.046 0.3000000119
552  28.662  -80.993  13.561 0.3000000119
543  29.070  -80.851  14.925 0.3000000119
516  30.185  -80.960  15.875 0.3000000119
2013  20.653  -76.753  -0.361 0.5000000000
1631  27.919  -78.546  11.624 0.3000000119
1920  26.551  -77.844  10.352 0.3000000119
1732  22.308  -77.749  0.905 0.5000000000
79810  26.552  -77.116  9.076 0.3000000119
1477  22.439  -78.962  -0.744 0.5000000000
1936  26.944  -76.937  8.243 0.4000000060
1483  22.820  -79.396  -1.529 0.6000000238
1945  26.410  -76.871  7.580 0.4000000060
1963  25.860  -76.968  6.310 0.5000000000
1482  23.455  -78.946  -1.966 0.5000000000
1972  26.418  -77.446  4.838 0.4000000060
1973  25.356  -77.440  4.496 0.3000000119
1982  24.548  -77.758  4.097 0.4000000060
1493  23.672  -79.440  -3.865 0.6000000238
1154  28.345  -80.307  3.216 0.3000000119
1442  27.595  -79.787  3.564 0.4000000060
81427  26.193  -78.634  3.386 0.4000000060
1681  25.214  -78.157  3.641 0.3000000119
1492  24.265  -78.948  -4.500 0.6000000238
1496  23.586  -79.657  -4.826 0.5000000000
1153  29.322  -80.246  3.039 0.3000000119
1167  28.701  -80.544  2.362 0.5000000000
1168  27.885  -80.796  2.497 0.4000000060
84488  27.080  -80.920  2.585 0.4000000060
1495  24.189  -79.293  -5.332 0.6000000238
93226  29.427  -80.312  2.209 0.3000000119
845  28.245  -80.998  1.732 0.4000000060
846  27.563  -81.349  2.044 0.4000000060
1166  29.818  -80.141  1.552 0.4000000060
91023  29.235  -80.622  0.913 0.5000000000
857  28.531  -81.279  0.991 0.4000000060
870  29.378  -80.639  0.385 0.5000000000
3546  19.857  -71.780  2.245 0.6000000238
4003  18.873  -71.522  2.675 0.6000000238
85322  32.748  -81.094  12.008 0.3000000119
778  32.156  -81.109  12.681 0.3000000119
550  31.722  -81.120  13.584 0.3000000119
4013  19.216  -71.106  2.091 0.6000000238
4014  18.440  -71.039  2.082 0.6000000238
794  31.117  -80.933  11.070 0.3000000119
541  30.403  -80.844  14.347 0.3000000119
82371  31.334  -81.270  15.346 0.3000000119
4523  18.183  -70.618  1.424 0.6000000238
1096  30.329  -80.753  9.406 0.3000000119
753  30.106  -80.934  14.998 0.3000000119
81208  17.348  -71.045  0.966 0.6000000238
1642  27.528  -77.747  10.327 0.3000000119
4033  17.218  -70.875  -0.058 0.6000000238
4034  16.296  -71.451  -0.631 0.6000000238
4555  16.845  -70.948  -1.237 0.5000000000
1971  27.105  -77.567  5.161 0.4000000060
1693  27.020  -78.834  3.684 0.4000000060
1463  30.291  -79.538  1.212 0.4000000060
1181  29.844  -80.152  0.755 0.5000000000
777  33.132  -80.844  11.982 0.3000000119
1066  33.115  -80.821  12.693 0.3000000119
764  32.849  -81.105  13.290 0.3000000119
84872  32.714  -81.109  14.117 0.3000000119
752  31.932  -81.276  14.500 0.3000000119
737  32.096  -81.178  16.227 0.3000000119
1015  31.645  -80.804  17.333 0.3000000119
784  32.172  -81.189  11.175 0.3000000119
581  30.781  -80.992  9.322 0.3000000119
82798  18.812  -70.163  0.722 0.5000000000
793  32.001  -81.261  10.250 0.3000000119
721  30.884  -81.113  16.845 0.3000000119
580  31.505  -81.132  8.862 0.3000000119
4540  17.916  -70.490  0.706 0.6000000238
1952  27.404  -77.245  6.458 0.3000000119
1944  27.261  -77.022  7.346 0.3000000119
4575  16.482  -70.800  -2.481 0.6000000238
5195  18.919  -69.631  -0.458 0.5000000000
4554  18.295  -69.793  -1.116 0.6000000238
87047  17.561  -70.427  -0.790 0.6000000238
4574  17.479  -70.176  -1.894 0.6000000238
4592  16.541  -70.220  -3.428 0.6000000238
4591  17.124  -70.128  -2.999 0.6000000238
4605  16.206  -69.706  -4.062 0.5000000000
5215  17.154  -69.417  -4.032 0.6000000238
5820  14.078  -68.523  -3.457 0.5000000000
86771  14.425  -68.282  -0.979 0.6000000238
85440  14.834  -68.092  -3.060 0.6000000238
5815  13.770  -68.395  -2.481 0.5000000000
5793  13.866  -68.196  -0.171 0.6000000238
5794  12.617  -68.051  -0.517 0.6000000238
5214  18.039  -68.275  -4.137 0.5000000000
5823  16.716  -68.271  -4.298 0.5000000000
92469  16.676  -69.040  -4.429 0.6000000238
6345  17.253  -67.268  -4.208 0.6000000238
6342  16.386  -67.573  -4.005 0.5000000000
5824  15.505  -68.493  -4.155 0.5000000000
5813  16.231  -67.311  -3.334 0.6000000238
79131  17.122  -67.572  -1.161 0.6000000238
5814  15.211  -67.978  -2.096 0.6000000238
6320  12.975  -67.166  0.310 0.5000000000
9188  11.253  -62.080  4.686 0.5000000000
5208  17.826  -69.344  -3.093 0.5000000000
5217  18.025  -67.286  -4.330 0.6000000238
9178  12.126  -63.927  5.884 0.5000000000
7795  11.565  -64.880  6.763 0.6000000238
85641  12.084  -62.717  5.272 0.6000000238
9850  12.193  -61.776  4.591 0.6000000238
8432  11.142  -62.919  5.240 0.5000000000
88508  11.826  -61.056  3.946 0.5000000000
10499  11.422  -60.405  3.181 0.5000000000
7864  11.957  -64.816  -0.264 0.5000000000
6800  12.596  -66.484  0.306 0.5000000000
9161  15.744  -62.885  6.819 0.6000000238
9141  15.093  -62.995  7.425 0.6999999881
8406  14.933  -63.315  6.668 0.6000000238
9162  14.375  -63.455  7.213 0.6999999881
8388  13.198  -63.727  7.411 0.6000000238
8410  12.089  -64.444  7.162 0.6000000238
9175  14.368  -63.130  5.849 0.6000000238
8408  13.638  -63.830  7.004 0.6000000238
9174  15.484  -62.815  5.833 0.6000000238
9185  14.728  -62.254  5.092 0.6000000238
9176  13.560  -63.049  5.612 0.6000000238
8421  12.956  -63.949  6.513 0.5000000000
8411  11.333  -64.710  7.254 0.6000000238
9847  14.975  -61.492  4.435 0.6000000238
9186  13.803  -62.346  5.132 0.6000000238
9177  12.956  -63.380  5.771 0.5000000000
7794  12.237  -64.413  6.657 0.6000000238
9848  14.109  -61.539  4.562 0.6000000238
9187  12.959  -62.475  5.169 0.6000000238
9862  13.616  -60.858  4.149 0.6000000238
9849  13.210  -61.655  4.626 0.6000000238
9863  12.705  -61.025  4.145 0.6000000238
90940  12.325  -60.551  3.620 0.5000000000
10513  10.521  -59.865  2.404 0.5000000000
11215  10.826  -58.937  2.067 0.5000000000
11229  10.682  -58.525  1.304 0.5000000000
82552  10.191  -59.346  0.387 0.5000000000
9142  13.743  -63.399  7.600 0.6000000238
94346  12.288  -62.510  7.927 0.6999999881
9861  14.520  -60.743  4.047 0.5000000000
10498  13.141  -60.264  3.692 0.6000000238
10512  12.457  -59.705  3.083 0.6000000238
93126  11.446  -59.607  2.649 0.5000000000
85938  11.985  -58.833  2.390 0.6000000238
11881  11.477  -57.817  0.895 0.5000000000
11890  12.574  -56.886  -0.051 0.6000000238
11891  11.716  -57.754  0.256 0.6000000238
11814  18.806  -58.802  7.005 0.4000000060
10448  13.684  -60.695  8.337 0.6999999881
11159  11.470  -59.557  8.047 0.5000000000
89786  10.949  -60.085  7.914 0.5000000000
80240  18.594  -59.336  6.464 0.6000000238
10443  18.189  -59.959  6.731 0.5000000000
10450  11.654  -60.383  7.998 0.6000000238
9819  10.897  -61.067  7.895 0.5000000000
86871  18.955  -58.359  5.313 0.5000000000
10447  14.581  -61.011  8.260 0.6000000238
88031  13.178  -61.148  8.123 0.8000000119
9815  14.954  -62.089  7.958 0.6999999881
87637  13.516  -62.312  7.969 0.8000000119
9144  11.417  -62.489  7.854 0.6999999881
11867  13.534  -57.956  1.792 0.6000000238
11880  12.345  -57.374  1.014 0.6000000238
11160  10.564  -59.378  7.849 0.5000000000
11157  18.179  -59.462  7.417 0.5000000000
11145  12.814  -59.661  8.563 0.6999999881
11161  9.750  -59.486  7.612 0.5000000000
12485  19.213  -57.542  5.399 0.4000000060
88562  19.111  -58.124  5.630 0.4000000060
12496  19.157  -57.316  4.771 0.4000000060
12506  19.215  -57.170  4.105 0.5000000000
11856  19.262  -57.775  3.685 0.4000000060
11147  11.201  -58.844  8.146 0.5000000000
93865  10.020  -59.029  7.757 0.5000000000
11797  18.432  -58.822  8.024 0.3000000119
88648  18.072  -58.679  8.689 0.3000000119
11146  12.000  -59.168  8.279 0.6000000238
13141  19.643  -56.589  3.856 0.4000000060
13148  20.141  -56.572  3.247 0.4000000060
90033  19.830  -58.011  2.526 0.4000000060
11804  11.684  -58.518  8.583 0.6000000238
11803  12.433  -58.949  8.809 0.6000000238
12514  19.740  -57.140  3.157 0.4000000060
11805  10.856  -58.058  8.429 0.5000000000
11815  10.308  -58.566  7.939 0.5000000000
13101  19.798  -56.909  7.942 0.3000000119
12455  18.525  -58.139  8.634 0.3000000119
11779  17.933  -58.131  9.244 0.3000000119
11780  17.114  -58.147  9.483 0.4000000060
12512  21.722  -57.362  2.509 0.3000000119
11866  20.465  -57.771  2.253 0.4000000060
12519  21.111  -57.678  2.138 0.4000000060
12435  17.631  -57.371  9.712 0.4000000060
11785  12.099  -58.222  9.385 0.6000000238
92689  10.266  -57.994  8.119 0.4000000060
12436  16.635  -57.366  10.009 0.4000000060
13100  20.460  -56.108  7.955 0.3000000119
12433  19.216  -56.736  8.800 0.3000000119
12457  10.764  -57.274  9.041 0.5000000000
12420  15.806  -56.922  10.362 0.4000000060
88135  15.194  -56.530  10.410 0.4000000060
13680  13.967  -55.821  10.365 0.5000000000
13086  15.721  -55.983  10.093 0.4000000060
13087  14.853  -55.850  10.217 0.4000000060
14863  16.024  -54.065  7.741 0.3000000119
14280  15.610  -54.460  8.179 0.3000000119
14291  15.122  -54.176  7.290 0.3000000119
17430  9.809  -49.159  6.667 0.4000000060
14876  16.646  -53.524  7.530 0.3000000119
711  30.691  -80.722  17.144 0.3000000119
1953  26.607  -76.950  6.727 0.4000000060
13692  15.786  -55.230  9.440 0.3000000119
79635  13.768  -56.723  0.162 0.6000000238
16710  10.132  -50.100  9.534 0.4000000060
11838  18.893  -58.333  4.849 0.5000000000
13707  15.351  -54.754  8.791 0.3000000119
1443  26.627  -79.545  3.143 0.4000000060
326  21.667  -83.615  21.321 0.4000000060
165  19.854  -84.096  21.231 0.5000000000
168  16.379  -84.157  22.240 0.5000000000
503  20.428  -83.224  18.341 0.5000000000
1115  26.623  -80.836  7.871 0.4000000060
321  21.508  -83.415  22.310 0.4000000060
703  20.003  -81.754  18.243 0.4000000060
524  20.205  -82.164  17.155 0.4000000060
89498  25.668  -79.525  9.869 0.4000000060
817  26.574  -81.045  7.862 0.4000000060
584  26.100  -81.741  8.748 0.4000000060
315  18.889  -83.204  24.473 0.3000000119
694  23.606  -81.633  19.649 0.3000000119
731  19.665  -81.234  16.610 0.4000000060
730  20.704  -81.969  16.420 0.4000000060
1397  26.031  -79.610  10.625 0.3000000119
1391  25.585  -78.868  10.190 0.4000000060
1044  20.070  -80.699  15.914 0.4000000060
728  23.307  -81.973  15.965 0.4000000060
207  27.801  -83.518  13.465 0.5000000000
93662  22.422  -80.101  -1.933 0.5000000000
1649  23.905  -77.872  7.989 0.4000000060
1321  22.659  -79.271  18.968 0.3000000119
741  22.854  -81.176  15.501 0.4000000060
727  24.241  -82.202  16.035 0.5000000000
341  26.573  -83.212  15.809 0.5000000000
571  29.205  -82.399  10.701 0.3000000119
1383  27.769  -79.379  12.272 0.3000000119
1638  26.226  -78.590  10.732 0.3000000119
1643  25.581  -78.051  9.892 0.3000000119
1215  23.101  -80.117  -3.258 0.6000000238
1040  24.426  -80.613  15.401 0.3000000119
740  23.846  -81.199  15.761 0.4000000060
532  28.749  -80.885  14.957 0.3000000119
1743  22.805  -78.113  -0.194 0.5000000000
2207  25.918  -76.897  7.049 0.4000000060
93577  26.783  -80.614  15.603 0.3000000119
722  30.071  -80.801  16.280 0.3000000119
1429  27.810  -79.188  4.186 0.4000000060
1680  26.256  -78.068  4.032 0.4000000060
87092  30.165  -79.951  2.695 0.3000000119
1051  32.493  -80.564  15.295 0.3000000119
80116  18.142  -70.255  -0.059 0.6000000238
1679  27.220  -78.237  4.530 0.3000000119
1347  32.274  -80.419  16.047 0.3000000119
1337  31.777  -80.156  16.669 0.3000000119
1105  30.732  -80.687  8.531 0.3000000119
5219  15.815  -69.097  -4.386 0.5000000000
5819  15.253  -68.173  -3.623 0.6000000238
79703  14.355  -62.818  7.794 0.6999999881
9818  11.895  -61.421  7.961 0.6999999881
9816  14.039  -61.640  8.100 0.6999999881
10437  12.221  -59.888  8.194 0.6000000238
12472  19.441  -57.769  7.419 0.3000000119
12454  19.118  -57.553  8.394 0.3000000119
2015  24.039  -77.232  -0.458 0.5000000000
1731  23.220  -77.326  -0.010 0.5000000000
1993  28.429  -77.264  2.200 0.6000000238
5818  18.546  -66.785  -4.233 0.4000000060
6343  18.427  -66.255  -4.288 0.5000000000
94070  15.884  -68.285  0.442 0.5000000000
5792  15.029  -68.257  0.177 0.5000000000
7291  13.264  -66.025  0.492 0.5000000000
6319  14.316  -67.209  1.039 0.5000000000
5791  16.669  -68.252  0.131 0.5000000000
7299  13.001  -65.460  -0.028 0.4000000060
89702  15.497  -68.128  1.061 0.5000000000
5776  14.579  -67.947  0.746 0.5000000000
7298  13.845  -65.434  0.416 0.5000000000
8515  12.521  -63.609  -0.619 0.5000000000
6798  14.634  -66.541  1.568 0.6000000238
7290  14.239  -66.008  1.212 0.5000000000
81974  13.514  -64.793  -0.190 0.5000000000
11237  11.457  -58.397  -0.052 0.5000000000
7855  14.564  -65.353  0.908 0.6000000238
9901  11.862  -61.401  -0.414 0.5000000000
10545  11.416  -60.273  -0.317 0.5000000000
9240  12.837  -62.936  -0.742 0.6000000238
85712  12.315  -62.282  -0.520 0.5000000000
7279  14.892  -66.139  1.899 0.6000000238
7862  14.479  -64.639  0.160 0.6000000238
7874  13.943  -64.003  -0.471 0.6000000238
85711  12.497  -60.632  -0.382 0.6000000238
8513  14.339  -63.228  -0.650 0.6000000238
83662  12.299  -59.682  -0.356 0.5000000000
11895  12.446  -57.501  -0.269 0.5000000000
9239  13.862  -62.636  -0.653 0.6000000238
91453  13.134  -62.276  -0.552 0.6000000238
8389  11.477  -63.816  7.583 0.5000000000
9145  10.543  -62.901  7.714 0.5000000000
9163  12.420  -63.637  7.588 0.5000000000
11894  13.478  -57.342  -0.430 0.6000000238
9238  14.779  -62.543  -0.641 0.6000000238
11244  12.801  -58.553  -0.436 0.6000000238
88613  13.758  -61.668  -0.478 0.6000000238
10544  13.133  -59.729  -0.377 0.6000000238
91639  14.508  -60.630  -0.449 0.6000000238
13085  16.424  -56.496  10.117 0.3000000119
78955  9.258  -50.305  6.928 0.3000000119
1189  29.887  -79.900  0.202 0.4000000060
1469  29.894  -78.756  0.102 0.5000000000
1773  24.816  -79.265  -5.800 0.5000000000
1766  24.853  -78.782  -5.102 0.5000000000
1711  29.618  -78.002  0.457 0.4000000060
1761  24.871  -78.512  -4.240 0.4000000060
2229  28.313  -76.267  3.510 0.4000000060
1751  23.267  -78.428  -1.143 0.4000000060
1750  23.799  -78.156  -1.776 0.4000000060
1756  23.971  -78.367  -2.465 0.4000000060
1487  24.276  -78.593  -3.441 0.4000000060
3522  28.353  -72.691  3.517 0.4000000060
3523  27.757  -73.125  3.901 0.4000000060
3116  26.752  -73.994  3.955 0.4000000060
81104  22.803  -77.033  0.396 0.4000000060
2768  27.936  -74.642  4.506 0.4000000060
2474  27.468  -75.260  4.228 0.4000000060
3541  27.642  -72.733  1.791 0.4000000060
83039  27.480  -72.800  0.879 0.5000000000
8512  15.245  -62.908  -0.634 0.5000000000
8493  15.663  -63.420  -0.229 0.5000000000
9237  15.669  -61.915  -0.698 0.5000000000
9227  16.137  -62.522  -0.561 0.5000000000
9226  17.154  -62.133  -0.586 0.5000000000
9898  15.510  -60.934  -0.611 0.5000000000
9236  17.026  -61.218  -1.063 0.5000000000
83905  10.433  -61.932  7.803 0.4000000060
10451  10.204  -60.225  7.726 0.4000000060
87646  16.513  -61.693  -0.816 0.5000000000
93838  13.922  -59.827  -0.359 0.5000000000
2242  27.905  -76.837  2.994 0.5000000000
2473  28.092  -75.311  4.424 0.4000000060
3529  27.458  -72.775  2.963 0.4000000060
498  17.055  -83.228  20.745 0.4000000060
351  17.705  -83.250  15.669 0.4000000060
167  17.739  -84.178  21.470 0.4000000060
332  17.142  -83.736  20.623 0.4000000060
85487  17.734  -84.185  16.086 0.4000000060
80885  17.233  -83.350  20.058 0.4000000060
82  17.883  -85.176  16.004 0.4000000060
198  17.669  -84.804  16.103 0.4000000060
347  17.512  -83.795  16.631 0.4000000060
80974  17.663  -84.146  20.800 0.5000000000
172  18.427  -84.308  20.323 0.4000000060
173  17.683  -84.120  19.976 0.4000000060
93995  17.272  -84.319  17.241 0.4000000060
170  20.501  -84.096  20.533 0.5000000000
81003  20.019  -84.317  19.667 0.5000000000
175  19.061  -84.467  19.894 0.5000000000
177  17.555  -84.605  19.077 0.4000000060
334  17.446  -83.822  19.637 0.4000000060
179  19.756  -84.580  18.732 0.4000000060
62  18.996  -84.687  19.306 0.4000000060
68  20.063  -85.346  17.093 0.4000000060
69  19.001  -85.469  17.218 0.4000000060
70  17.835  -85.338  17.384 0.4000000060
183  16.785  -84.941  17.467 0.4000000060
337  17.337  -84.167  17.865 0.4000000060
76  18.346  -85.434  16.422 0.4000000060
77  17.248  -85.081  16.848 0.4000000060
65  19.646  -85.139  17.920 0.5000000000
66  18.717  -85.092  18.634 0.4000000060
63  18.038  -85.044  19.104 0.4000000060
180  16.951  -84.905  18.237 0.4000000060
92979  20.470  -85.010  17.510 0.5000000000
84358  18.567  -85.323  17.924 0.4000000060
64  17.555  -85.161  18.380 0.4000000060
196  22.094  -84.160  14.964 0.3000000119
204  22.245  -83.879  14.261 0.3000000119
350  22.608  -83.627  14.944 0.4000000060
189  21.351  -84.800  16.578 0.3000000119
345  22.145  -83.610  15.556 0.4000000060
87972  21.603  -84.294  16.026 0.4000000060
362  23.515  -83.507  12.879 0.3000000119
355  23.471  -83.600  14.015 0.4000000060
356  22.877  -83.566  14.331 0.4000000060
88074  23.228  -83.436  15.534 0.4000000060
80820  24.163  -83.735  13.681 0.4000000060
91471  23.383  -83.576  14.930 0.4000000060
187  24.185  -84.029  15.846 0.4000000060
344  24.233  -83.756  16.268 0.3000000119
73  21.270  -85.294  16.205 0.3000000119
88154  22.105  -83.072  16.045 0.3000000119
346  21.567  -83.589  16.203 0.4000000060
210  24.625  -84.008  12.936 0.4000000060
87351  23.091  -83.147  15.754 0.3000000119
195  25.154  -84.239  15.725 0.4000000060
186  24.894  -84.113  16.407 0.4000000060
338  21.043  -83.889  16.798 0.4000000060
219  24.214  -83.559  12.226 0.4000000060
523  22.777  -82.614  16.004 0.3000000119
217  25.961  -84.391  12.076 0.4000000060
218  24.993  -84.153  11.990 0.4000000060
87167  26.427  -84.354  12.823 0.4000000060
91787  26.089  -84.421  13.696 0.4000000060
202  25.473  -84.346  14.738 0.4000000060
182  20.274  -84.414  18.042 0.4000000060
89703  20.701  -84.473  17.314 0.4000000060
510  21.112  -82.958  16.640 0.3000000119
226  26.334  -84.307  11.354 0.4000000060
238  26.357  -83.640  10.105 0.4000000060
82671  26.795  -84.288  11.974 0.4000000060
200  27.316  -84.110  14.290 0.4000000060
201  26.170  -84.356  14.553 0.4000000060
178  20.501  -84.105  18.942 0.4000000060
336  20.538  -83.088  17.445 0.3000000119
82402  20.421  -83.929  18.202 0.4000000060
93840  20.566  -83.801  17.604 0.4000000060
3556  27.835  -72.940  0.170 0.4000000060
82693  25.539  -84.366  12.901 0.4000000060
67  20.881  -85.189  16.924 0.5000000000
71  17.027  -85.123  17.660 0.4000000060
74  20.387  -85.505  16.313 0.4000000060
81  18.621  -85.462  15.447 0.4000000060
158  17.118  -84.315  23.746 0.5000000000
160  19.768  -83.634  22.506 0.5000000000
162  18.018  -84.215  22.689 0.5000000000
171  19.462  -84.258  20.497 0.5000000000
176  18.231  -84.550  19.628 0.4000000060
185  25.560  -84.122  16.376 0.5000000000
188  21.972  -84.477  15.522 0.3000000119
190  17.219  -84.721  16.838 0.4000000060
194  26.093  -84.221  15.577 0.5000000000
203  24.331  -84.062  14.707 0.4000000060
208  26.967  -84.304  13.518 0.4000000060
209  25.132  -84.301  13.810 0.4000000060
232  26.945  -82.839  10.513 0.5000000000
327  21.007  -83.757  21.915 0.4000000060
328  16.908  -84.087  21.358 0.4000000060
342  25.841  -83.659  16.652 0.5000000000
353  27.996  -81.783  14.505 0.4000000060
354  27.703  -82.667  14.232 0.4000000060
360  28.477  -81.748  13.479 0.4000000060
370  29.356  -82.008  12.411 0.3000000119
378  28.061  -82.904  11.810 0.5000000000
428  27.127  -82.398  -0.070 0.4000000060
436  26.345  -82.440  -1.206 0.4000000060
499  24.156  -82.006  20.170 0.3000000119
522  23.747  -82.963  16.071 0.4000000060
531  29.530  -80.805  15.376 0.3000000119
533  27.964  -81.528  14.809 0.4000000060
542  29.274  -80.782  14.401 0.3000000119
558  30.337  -80.444  12.398 0.3000000119
559  29.233  -81.097  12.367 0.3000000119
565  29.271  -82.337  11.466 0.4000000060
569  30.995  -81.221  9.957 0.3000000119
570  29.907  -82.094  10.746 0.3000000119
575  31.035  -81.099  9.535 0.3000000119
577  29.508  -81.938  10.109 0.3000000119
582  30.130  -81.502  9.913 0.3000000119
583  26.895  -81.744  9.729 0.4000000060
586  26.508  -81.379  8.383 0.4000000060
587  26.195  -81.423  7.802 0.4000000060
604  28.142  -81.892  1.014 0.4000000060
606  26.732  -82.112  1.039 0.4000000060
627  27.127  -82.210  -1.379 0.4000000060
702  20.550  -81.822  18.783 0.4000000060
710  31.224  -81.026  17.455 0.3000000119
713  19.314  -81.004  17.011 0.4000000060
719  32.209  -80.928  16.697 0.3000000119
720  31.626  -81.105  16.929 0.3000000119
724  27.080  -81.733  15.532 0.5000000000
738  31.058  -81.238  16.199 0.3000000119
739  24.748  -81.255  15.884 0.3000000119
743  20.317  -81.306  15.893 0.4000000060
751  32.675  -81.045  15.243 0.3000000119
796  29.155  -81.513  10.921 0.3000000119
801  31.798  -81.238  9.445 0.3000000119
802  29.876  -81.198  9.830 0.3000000119
804  27.926  -81.847  10.025 0.4000000060
810  26.827  -81.455  9.136 0.4000000060
811  26.948  -80.982  8.666 0.4000000060
818  26.376  -80.799  7.142 0.3000000119
859  27.182  -81.777  1.596 0.3000000119
871  28.722  -81.168  0.434 0.5000000000
890  29.222  -80.718  -1.751 0.5000000000
891  28.770  -81.433  -1.071 0.4000000060
903  28.746  -80.922  -2.662 0.5000000000
918  26.856  -81.084  -4.338 0.5000000000
1002  22.859  -81.046  19.249 0.3000000119
1029  19.577  -80.880  16.723 0.3000000119
1036  32.464  -80.811  15.981 0.3000000119
1038  26.352  -80.207  15.274 0.3000000119
1081  27.678  -80.283  12.289 0.3000000119
1082  27.130  -79.788  12.008 0.3000000119
1091  26.582  -79.728  11.386 0.3000000119
1155  27.380  -80.380  3.014 0.4000000060
1169  26.200  -80.751  2.511 0.4000000060
1182  29.005  -80.584  1.605 0.5000000000
1218  28.558  -80.094  -4.121 0.5000000000
1228  26.711  -80.005  -5.529 0.6000000238
1231  25.481  -79.593  -5.929 0.6000000238
1315  24.538  -79.614  19.515 0.3000000119
1374  28.380  -79.449  12.460 0.3000000119
1375  27.997  -79.940  12.539 0.3000000119
1404  24.366  -78.594  8.804 0.3000000119
1441  28.307  -79.899  3.926 0.3000000119
1447  21.687  -78.575  2.189 0.4000000060
1475  29.469  -79.386  -0.423 0.6000000238
1481  28.975  -79.551  -1.944 0.6000000238
1486  28.852  -79.324  -2.920 0.6000000238
1488  23.621  -79.254  -2.854 0.4000000060
1490  29.040  -79.648  -3.713 0.6000000238
1491  28.678  -79.078  -4.119 0.6000000238
1494  28.136  -79.010  -4.666 0.6999999881
1497  27.384  -79.033  -5.166 0.6999999881
1499  24.158  -79.522  -5.775 0.6000000238
1501  25.117  -79.308  -5.809 0.5000000000
1592  31.341  -79.362  16.430 0.3000000119
1636  28.054  -78.029  10.901 0.3000000119
1653  23.912  -78.227  8.196 0.3000000119
1694  24.012  -78.062  3.492 0.3000000119
1726  28.428  -78.824  0.039 0.6999999881
1727  27.448  -78.602  0.564 0.6999999881
1729  25.279  -77.601  0.447 0.6999999881
1737  29.197  -79.053  -0.341 0.6000000238
1745  28.303  -79.197  -2.078 0.6999999881
1747  26.359  -78.579  -1.984 0.6999999881
1752  28.007  -78.957  -2.924 0.6999999881
1763  27.236  -78.697  -4.863 0.6999999881
1764  26.406  -78.722  -5.369 0.6999999881
1765  25.583  -78.587  -4.885 0.6000000238
1768  26.973  -78.874  -5.388 0.6999999881
1769  26.246  -78.926  -5.754 0.6000000238
1771  24.850  -79.066  -5.709 0.5000000000
1772  25.470  -79.061  -5.848 0.5000000000
1927  27.028  -77.349  9.719 0.3000000119
1937  26.049  -76.923  8.435 0.4000000060
1938  25.186  -77.207  8.502 0.3000000119
1939  24.459  -77.552  8.343 0.4000000060
1947  24.357  -77.455  7.490 0.4000000060
1956  23.895  -77.745  6.246 0.3000000119
1962  26.689  -77.153  5.765 0.4000000060
1964  24.344  -77.504  5.742 0.4000000060
2217  27.829  -75.794  4.008 0.5000000000
2218  27.031  -75.829  3.912 0.6000000238
2249  25.048  -76.775  1.817 0.6999999881
2255  22.346  -75.704  0.330 0.8000000119
2490  25.596  -75.027  3.590 0.6999999881
2769  27.127  -74.617  4.140 0.6000000238
2785  24.951  -74.203  3.221 0.6000000238
2786  24.480  -74.720  2.472 0.8000000119
3115  27.421  -73.877  4.168 0.4000000060
3119  26.895  -73.293  3.576 0.4000000060
3128  26.183  -73.059  2.984 0.6999999881
3532  19.260  -72.287  2.905 0.6000000238
3540  28.209  -72.738  1.043 0.4000000060
3570  27.947  -73.097  -0.673 0.4000000060
4015  17.572  -71.207  1.861 0.5000000000
4068  22.469  -71.337  -4.746 0.6000000238
5108  21.214  -69.457  4.674 0.5000000000
5218  17.357  -68.362  -4.319 0.5000000000
5775  16.827  -68.313  1.835 0.6000000238
5777  13.524  -67.762  0.307 0.5000000000
5805  13.084  -68.343  -1.396 0.6000000238
5808  22.146  -65.513  -3.428 0.6000000238
5822  17.505  -67.568  -4.310 0.5000000000
6300  16.158  -67.571  2.528 0.6999999881
6302  15.074  -67.031  1.929 0.6999999881
6318  15.165  -67.629  1.538 0.5000000000
6339  18.720  -65.834  -4.286 0.5000000000
6341  17.316  -66.582  -4.028 0.6000000238
6344  17.873  -66.685  -4.298 0.6000000238
6773  15.947  -66.455  2.792 0.5000000000
6784  15.252  -66.501  2.210 0.6000000238
6799  13.738  -66.568  0.762 0.5000000000
7270  16.716  -66.117  3.180 0.5000000000
7278  15.374  -65.959  2.349 0.6999999881
7289  14.963  -65.641  1.692 0.6000000238
7300  12.259  -65.286  -0.126 0.5000000000
7863  12.678  -64.809  -0.317 0.4000000060
7875  13.058  -64.168  -0.531 0.5000000000
7876  12.200  -64.265  -0.434 0.5000000000
8407  14.224  -63.556  6.619 0.6999999881
8409  12.831  -64.151  7.066 0.5000000000
8420  13.656  -63.586  6.232 0.6000000238
8494  14.803  -63.711  -0.359 0.6000000238
8514  13.425  -63.442  -0.671 0.6000000238
9143  13.013  -63.032  7.872 0.6999999881
9184  15.628  -62.117  4.893 0.6999999881
9814  16.784  -61.523  7.357 0.8000000119
9817  12.705  -61.787  8.004 0.8000000119
9840  17.068  -62.048  5.123 0.8000000119
9889  20.318  -59.961  -1.258 0.5000000000
9891  17.720  -60.904  -1.102 0.6000000238
9899  14.717  -61.794  -0.564 0.5000000000
9900  12.851  -61.540  -0.436 0.6000000238
10436  12.914  -60.307  8.326 0.6000000238
10445  16.458  -60.806  7.861 0.6999999881
10449  12.415  -60.726  8.102 0.8000000119
10477  18.538  -60.006  5.038 0.6999999881
10541  16.882  -60.216  -0.667 0.6999999881
11140  17.798  -59.196  8.281 0.3000000119
11158  17.361  -59.724  7.949 0.6000000238
11214  13.104  -58.729  2.504 0.6000000238
11227  14.830  -58.553  0.916 0.6999999881
11230  10.257  -58.943  0.861 0.5000000000
11238  10.811  -58.683  0.368 0.5000000000
11241  15.526  -59.570  -0.192 0.6000000238
11242  14.638  -59.147  -0.240 0.6000000238
11243  13.718  -58.666  -0.389 0.6000000238
11796  18.956  -58.285  7.789 0.3000000119
11798  17.452  -58.795  8.925 0.3000000119
11802  13.330  -59.285  9.138 0.6000000238
11823  18.943  -58.684  5.982 0.4000000060
11837  19.039  -57.870  5.031 0.5000000000
11847  19.078  -57.766  4.492 0.5000000000
11857  19.340  -58.670  3.082 0.6000000238
11865  21.129  -58.256  1.469 0.4000000060
11868  12.664  -57.963  1.812 0.6000000238
11869  11.574  -58.186  1.639 0.5000000000
11875  21.081  -58.713  0.525 0.5000000000
11879  13.315  -57.125  0.975 0.6000000238
11882  10.915  -58.319  0.774 0.5000000000
11888  14.444  -57.972  0.034 0.6999999881
11889  13.285  -56.726  -0.181 0.6000000238
12421  14.971  -57.217  10.475 0.4000000060
12441  11.777  -57.462  10.019 0.6999999881
12456  11.385  -57.779  9.195 0.6000000238
12513  20.568  -56.999  2.611 0.3000000119
12524  12.972  -56.656  0.206 0.6000000238
12525  12.229  -57.211  0.400 0.6000000238
13067  13.505  -56.646  10.637 0.6000000238
13121  19.474  -56.746  5.205 0.4000000060
13694  14.394  -55.109  9.746 0.6000000238
13697  11.329  -55.940  9.764 0.6999999881
14879  14.212  -53.798  6.360 0.3000000119
16734  9.274  -49.668  7.218 0.4000000060
17415  9.585  -49.129  7.358 0.4000000060
17429  10.420  -48.599  6.622 0.4000000060
78157  24.968  -78.239  -3.473 0.4000000060
78738  31.310  -80.974  8.274 0.3000000119
78838  28.090  -82.079  14.054 0.5000000000
80186  17.463  -84.031  18.705 0.4000000060
80357  24.239  -78.894  8.152 0.3000000119
80570  26.347  -82.279  0.488 0.3000000119
81036  25.738  -77.165  5.427 0.3000000119
82191  29.384  -80.064  -1.921 0.6000000238
82492  25.705  -76.775  3.025 0.8000000119
82761  25.916  -82.114  15.823 0.4000000060
83855  28.034  -82.129  -0.027 0.4000000060
83856  19.799  -56.142  8.489 0.3000000119
84128  17.024  -59.682  0.568 0.8000000119
85113  29.752  -80.193  9.758 0.3000000119
85476  32.738  -80.712  14.526 0.3000000119
85550  29.184  -80.925  0.001 0.5000000000
85977  26.755  -77.759  1.860 0.8000000119
86157  24.577  -75.975  1.827 0.8000000119
86792  20.680  -75.405  -0.395 0.5000000000
87213  11.795  -58.915  -0.286 0.5000000000
87631  21.547  -69.465  3.148 0.6000000238
88124  28.950  -79.254  -3.580 0.6000000238
89348  32.964  -81.096  12.632 0.3000000119
89450  19.373  -56.795  4.483 0.4000000060
90108  20.745  -80.949  15.304 0.4000000060
90168  23.782  -78.396  6.664 0.3000000119
90482  23.507  -77.691  -0.660 0.5000000000
90591  25.681  -81.153  2.046 0.3000000119
91013  13.429  -60.139  8.522 0.6999999881
91048  23.226  -70.933  -5.222 0.6000000238
91105  26.884  -79.328  -5.443 0.6999999881
91116  31.283  -81.245  10.047 0.3000000119
91124  24.259  -83.539  11.558 0.4000000060
91491  24.950  -77.298  5.278 0.5000000000
91525  9.337  -50.782  6.851 0.3000000119
91566  13.442  -60.752  -0.403 0.6000000238
92070  16.268  -62.634  6.218 0.6000000238
92551  17.043  -61.792  4.576 0.8000000119
92750  18.969  -85.594  15.901 0.4000000060
92850  21.834  -76.282  0.092 0.6000000238
92902  28.068  -80.584  -3.960 0.5000000000
93021  28.822  -80.919  0.619 0.5000000000
93114  26.240  -77.468  9.715 0.3000000119
93230  30.356  -80.373  12.003 0.3000000119
93234  20.327  -82.373  18.526 0.5000000000
93356  25.730  -84.397  14.167 0.4000000060
93573  30.382  -81.102  15.599 0.3000000119
93575  19.109  -58.398  6.338 0.4000000060
93650  29.886  -80.026  -0.059 0.4000000060
93859  28.893  -81.884  9.982 0.4000000060
94348  17.018  -60.241  7.784 0.6000000238
94464  26.474  -72.772  0.793 0.6000000238
94481  17.804  -84.259  23.303 0.5000000000
94753  26.647  -84.335  14.194 0.4000000060
94832  16.327  -58.182  9.530 0.4000000060
94880  13.121  -51.834  7.395 0.3000000119
