#!ascii label  , from subject sub-v1s16x0051193_ses-1 vox2ras=TkReg
925
84264  -45.644  47.112  30.576 0.0000000000
89973  -35.609  56.803  20.693 0.0000000000
114470  -35.637  51.008  28.708 0.0000000000
97104  -45.764  45.724  18.341 0.0000000000
87945  -35.333  52.254  18.027 0.0000000000
87925  -40.528  52.556  21.378 0.0000000000
85922  -39.292  48.409  16.880 0.0000000000
83813  -38.576  44.678  19.489 0.0000000000
82108  -42.163  41.569  34.996 0.0000000000
83697  -42.521  44.608  32.484 0.0000000000
90454  -29.141  57.821  19.204 0.0000000000
89569  -31.351  55.621  15.824 0.0000000000
89096  -35.723  54.712  12.750 0.0000000000
84825  -40.398  47.344  27.898 0.0000000000
89905  -40.392  57.121  27.750 0.0000000000
85874  -38.190  48.930  23.092 0.0000000000
84847  -44.521  47.230  24.535 0.0000000000
83773  -40.780  44.681  24.069 0.0000000000
82703  -35.292  42.628  24.110 0.0000000000
83718  -43.065  44.718  28.476 0.0000000000
87424  -37.911  50.641  16.301 0.0000000000
110345  -38.205  50.153  18.262 0.0000000000
86377  -38.743  48.918  16.829 0.0000000000
85424  -37.710  47.698  18.788 0.0000000000
83127  -42.857  42.793  35.050 0.0000000000
82622  -39.649  42.780  34.034 0.0000000000
89507  -28.854  55.895  21.360 0.0000000000
104682  -33.169  54.165  13.527 0.0000000000
84272  -38.199  45.729  28.891 0.0000000000
85325  -35.560  47.936  26.371 0.0000000000
89958  -35.077  58.118  22.057 0.0000000000
89949  -38.854  57.702  23.147 0.0000000000
85905  -42.154  49.200  18.913 0.0000000000
87381  -40.174  51.325  22.310 0.0000000000
85395  -41.576  47.262  21.082 0.0000000000
85373  -41.694  47.254  23.457 0.0000000000
97136  -45.260  46.286  22.193 0.0000000000
99012  -43.215  45.097  24.241 0.0000000000
83801  -43.294  44.769  21.503 0.0000000000
83782  -36.597  44.417  21.810 0.0000000000
87935  -34.072  53.358  19.722 0.0000000000
89029  -38.269  55.337  21.832 0.0000000000
87385  -36.967  51.924  20.840 0.0000000000
86899  -41.146  50.639  19.071 0.0000000000
85444  -43.491  47.249  15.176 0.0000000000
83821  -42.657  45.033  17.747 0.0000000000
84895  -40.541  46.174  17.642 0.0000000000
84886  -37.369  45.738  19.743 0.0000000000
82633  -43.827  42.942  33.638 0.0000000000
83678  -45.315  44.937  34.081 0.0000000000
84788  -44.722  46.822  31.608 0.0000000000
90405  -30.224  58.014  23.982 0.0000000000
90422  -31.352  59.829  21.997 0.0000000000
90003  -31.541  57.247  20.293 0.0000000000
89555  -32.245  55.224  18.517 0.0000000000
88528  -33.403  53.254  16.663 0.0000000000
87962  -36.058  52.864  15.047 0.0000000000
87965  -38.565  51.494  13.470 0.0000000000
88559  -39.179  53.441  11.706 0.0000000000
83694  -39.203  44.344  31.282 0.0000000000
84793  -40.903  46.215  30.078 0.0000000000
85299  -43.585  48.587  29.275 0.0000000000
88373  -39.766  54.081  30.086 0.0000000000
89936  -43.119  55.747  23.640 0.0000000000
109870  -39.193  53.757  26.060 0.0000000000
87361  -36.290  51.567  25.665 0.0000000000
98157  -38.805  47.778  24.938 0.0000000000
85332  -43.266  48.691  26.289 0.0000000000
85309  -44.521  48.633  27.932 0.0000000000
84281  -42.744  45.566  26.633 0.0000000000
83727  -40.644  44.280  26.229 0.0000000000
82683  -38.815  42.594  26.121 0.0000000000
98002  -39.958  44.555  21.835 0.0000000000
83756  -37.868  44.230  24.131 0.0000000000
82184  -36.756  41.564  25.302 0.0000000000
84252  -46.888  46.014  31.060 0.0000000000
83714  -45.516  45.129  29.877 0.0000000000
83713  -44.503  45.479  29.488 0.0000000000
86924  -38.505  49.854  15.614 0.0000000000
86917  -38.451  49.406  16.303 0.0000000000
86397  -38.330  48.923  15.909 0.0000000000
85921  -38.134  48.666  17.179 0.0000000000
86823  -34.887  49.912  26.807 0.0000000000
89972  -34.977  57.474  21.484 0.0000000000
97038  -44.823  47.652  17.507 0.0000000000
85894  -41.645  48.283  19.647 0.0000000000
97041  -44.455  46.382  19.830 0.0000000000
97036  -44.019  46.668  21.711 0.0000000000
97080  -45.610  45.641  20.981 0.0000000000
110969  -45.261  45.457  22.170 0.0000000000
97082  -45.380  44.995  20.239 0.0000000000
87936  -34.583  52.728  19.369 0.0000000000
87931  -35.496  52.655  20.706 0.0000000000
87396  -35.919  51.849  19.342 0.0000000000
86897  -38.960  50.010  18.321 0.0000000000
86881  -39.411  50.626  19.262 0.0000000000
86389  -40.110  49.321  17.457 0.0000000000
85925  -42.057  48.629  16.657 0.0000000000
85436  -41.258  48.065  15.736 0.0000000000
98210  -41.527  45.950  16.573 0.0000000000
85426  -39.977  47.404  17.340 0.0000000000
85416  -37.659  46.820  19.479 0.0000000000
83145  -42.055  43.466  33.950 0.0000000000
83676  -43.664  43.781  33.914 0.0000000000
83686  -43.661  44.512  33.305 0.0000000000
84233  -45.334  45.666  33.299 0.0000000000
84231  -43.456  45.389  32.425 0.0000000000
89987  -28.834  57.249  19.961 0.0000000000
89955  -29.626  57.800  21.728 0.0000000000
90443  -30.083  59.276  20.557 0.0000000000
90445  -31.177  58.610  20.552 0.0000000000
90456  -30.145  58.255  19.421 0.0000000000
90028  -31.191  56.410  16.494 0.0000000000
114799  -31.556  56.188  17.791 0.0000000000
89067  -31.915  54.887  17.061 0.0000000000
88515  -33.038  53.790  17.875 0.0000000000
89077  -32.193  54.189  15.599 0.0000000000
89095  -34.603  54.637  12.827 0.0000000000
88550  -34.673  53.589  13.986 0.0000000000
88551  -35.796  53.638  13.913 0.0000000000
87963  -36.833  52.692  14.989 0.0000000000
88553  -38.133  53.493  13.263 0.0000000000
88554  -38.846  53.072  12.505 0.0000000000
89098  -38.237  54.738  12.206 0.0000000000
102753  -35.002  43.404  32.002 0.0000000000
82628  -35.966  42.705  33.004 0.0000000000
83141  -37.087  43.131  32.118 0.0000000000
83142  -37.945  43.366  32.045 0.0000000000
107473  -37.813  43.879  31.305 0.0000000000
84813  -39.338  46.536  28.443 0.0000000000
112316  -39.500  45.813  29.518 0.0000000000
102295  -41.152  46.886  29.478 0.0000000000
84794  -41.976  46.943  30.191 0.0000000000
84815  -41.583  47.428  28.855 0.0000000000
89424  -39.903  56.546  29.386 0.0000000000
88940  -40.317  55.161  31.464 0.0000000000
88960  -41.128  55.609  29.416 0.0000000000
88479  -38.685  54.105  22.231 0.0000000000
109854  -40.658  55.855  22.300 0.0000000000
89031  -41.721  54.457  21.955 0.0000000000
86845  -38.675  50.927  23.079 0.0000000000
88449  -40.348  53.570  24.112 0.0000000000
87903  -38.171  52.719  24.741 0.0000000000
87891  -37.636  52.628  25.588 0.0000000000
86843  -36.626  50.499  24.110 0.0000000000
85853  -36.554  48.889  24.711 0.0000000000
85369  -38.631  47.840  24.054 0.0000000000
85357  -44.050  47.441  24.408 0.0000000000
85341  -42.546  47.638  25.029 0.0000000000
98387  -43.650  48.374  25.461 0.0000000000
85334  -44.278  48.999  26.787 0.0000000000
85333  -44.512  48.475  25.872 0.0000000000
84826  -43.451  46.366  27.131 0.0000000000
84292  -44.283  46.840  25.391 0.0000000000
83774  -41.909  44.834  24.096 0.0000000000
103497  -42.095  45.134  25.364 0.0000000000
83759  -40.423  44.519  24.723 0.0000000000
83726  -40.008  44.010  25.889 0.0000000000
83740  -39.126  44.026  25.014 0.0000000000
110457  -40.042  44.751  18.888 0.0000000000
114258  -41.100  44.757  20.105 0.0000000000
83806  -38.777  44.513  20.308 0.0000000000
105905  -35.765  43.674  23.147 0.0000000000
83770  -37.627  44.360  23.202 0.0000000000
83226  -36.474  43.847  23.703 0.0000000000
83204  -37.419  42.940  25.274 0.0000000000
82704  -36.031  42.533  24.650 0.0000000000
81661  -36.120  41.178  24.981 0.0000000000
83156  -47.011  44.484  31.290 0.0000000000
83173  -42.668  43.821  28.224 0.0000000000
87952  -36.534  51.892  16.864 0.0000000000
87404  -36.595  51.463  18.618 0.0000000000
87405  -37.501  50.531  18.021 0.0000000000
86896  -38.739  49.524  17.454 0.0000000000
86378  -38.995  49.156  17.144 0.0000000000
85433  -39.108  47.906  17.203 0.0000000000
105326  -38.567  48.682  17.065 0.0000000000
82098  -42.836  41.958  36.073 0.0000000000
82615  -42.714  42.274  35.850 0.0000000000
83144  -40.891  43.666  33.090 0.0000000000
90011  -28.143  57.071  18.437 0.0000000000
89080  -31.614  54.905  14.196 0.0000000000
89593  -34.595  55.751  11.706 0.0000000000
89594  -35.847  55.835  11.591 0.0000000000
83711  -37.213  44.760  30.000 0.0000000000
84821  -36.609  46.679  27.641 0.0000000000
85315  -37.994  47.126  27.100 0.0000000000
111340  -39.727  56.809  25.510 0.0000000000
86868  -41.264  51.443  20.584 0.0000000000
87917  -41.469  52.492  21.521 0.0000000000
86356  -41.002  50.135  20.690 0.0000000000
85884  -40.067  48.974  21.479 0.0000000000
85383  -39.777  48.063  21.980 0.0000000000
85371  -39.651  47.548  23.352 0.0000000000
85385  -41.003  47.269  22.539 0.0000000000
84853  -44.055  47.022  23.302 0.0000000000
84854  -44.521  46.818  23.843 0.0000000000
84306  -44.582  46.792  24.583 0.0000000000
97034  -44.946  45.918  23.525 0.0000000000
84329  -43.684  44.804  22.963 0.0000000000
83787  -42.381  44.650  22.705 0.0000000000
83797  -37.988  44.482  20.727 0.0000000000
87845  -37.839  51.996  30.974 0.0000000000
89051  -34.360  55.095  20.470 0.0000000000
114607  -37.593  57.092  20.238 0.0000000000
110572  -35.507  54.215  21.380 0.0000000000
105300  -36.995  53.299  21.731 0.0000000000
87924  -38.861  52.662  21.462 0.0000000000
98632  -37.500  51.151  19.741 0.0000000000
86866  -39.637  51.318  19.980 0.0000000000
87392  -40.684  51.930  20.624 0.0000000000
86371  -42.148  49.726  18.560 0.0000000000
85931  -44.625  48.244  16.247 0.0000000000
84911  -46.780  46.052  15.129 0.0000000000
97037  -44.295  45.134  17.892 0.0000000000
84368  -44.182  45.864  15.411 0.0000000000
84360  -41.445  45.127  17.317 0.0000000000
112242  -39.479  45.028  18.470 0.0000000000
99455  -39.180  47.243  18.271 0.0000000000
84887  -38.215  45.781  19.329 0.0000000000
82625  -43.333  42.735  34.419 0.0000000000
106187  -44.358  43.723  33.587 0.0000000000
83147  -45.007  44.104  33.271 0.0000000000
83688  -46.136  45.090  33.116 0.0000000000
84241  -46.258  46.044  32.118 0.0000000000
101060  -45.906  47.042  30.950 0.0000000000
90412  -31.088  58.268  23.779 0.0000000000
110199  -30.675  59.407  22.587 0.0000000000
90413  -31.765  58.317  22.945 0.0000000000
115942  -32.493  58.322  22.146 0.0000000000
89970  -32.913  57.684  21.791 0.0000000000
89528  -32.770  56.111  20.493 0.0000000000
99393  -29.912  57.814  18.130 0.0000000000
90467  -30.724  57.551  18.772 0.0000000000
89554  -32.135  55.694  19.131 0.0000000000
89050  -33.587  55.051  19.932 0.0000000000
88516  -33.386  53.863  18.753 0.0000000000
110778  -33.901  53.110  18.841 0.0000000000
87944  -34.565  52.610  17.597 0.0000000000
88541  -33.372  53.428  14.796 0.0000000000
87955  -34.615  52.816  15.975 0.0000000000
107055  -35.330  52.554  16.420 0.0000000000
87957  -37.041  52.230  15.617 0.0000000000
87434  -37.911  51.246  15.492 0.0000000000
87455  -39.353  50.325  12.434 0.0000000000
87468  -39.445  50.197  11.408 0.0000000000
89595  -37.184  55.861  11.334 0.0000000000
83154  -39.833  43.715  32.521 0.0000000000
83684  -40.695  44.186  32.195 0.0000000000
117041  -38.732  44.931  30.246 0.0000000000
83706  -39.873  44.749  31.001 0.0000000000
84237  -41.251  45.187  31.189 0.0000000000
84250  -42.475  46.477  30.878 0.0000000000
84796  -44.524  47.555  30.733 0.0000000000
85293  -44.510  48.198  29.787 0.0000000000
87853  -37.401  52.184  29.441 0.0000000000
89976  -39.313  57.999  20.863 0.0000000000
89950  -41.001  56.428  23.152 0.0000000000
101005  -41.636  56.185  25.509 0.0000000000
88450  -42.406  53.528  23.037 0.0000000000
88982  -41.916  54.914  25.731 0.0000000000
88969  -41.423  55.337  27.747 0.0000000000
88402  -39.890  54.483  28.566 0.0000000000
87865  -37.735  52.971  27.891 0.0000000000
87351  -36.247  51.699  27.587 0.0000000000
86322  -35.207  49.826  25.956 0.0000000000
85337  -37.631  47.687  25.740 0.0000000000
85329  -39.483  47.529  26.582 0.0000000000
97999  -40.355  47.503  24.964 0.0000000000
112728  -41.244  47.649  26.034 0.0000000000
85318  -40.988  47.574  27.343 0.0000000000
85320  -43.116  48.891  27.669 0.0000000000
85828  -44.301  48.971  28.646 0.0000000000
84817  -44.521  48.659  28.780 0.0000000000
84277  -43.734  46.597  28.025 0.0000000000
84276  -43.053  45.521  27.927 0.0000000000
83723  -41.557  44.186  27.312 0.0000000000
84291  -43.180  45.699  25.730 0.0000000000
84290  -41.978  45.117  26.170 0.0000000000
83722  -40.894  43.870  26.963 0.0000000000
82685  -40.062  42.967  26.769 0.0000000000
82684  -39.597  42.495  26.683 0.0000000000
83809  -42.951  44.744  20.409 0.0000000000
83808  -41.754  44.724  20.889 0.0000000000
83786  -40.561  44.563  22.488 0.0000000000
100646  -38.069  44.470  21.801 0.0000000000
83784  -38.764  44.469  22.570 0.0000000000
83757  -38.754  44.282  24.254 0.0000000000
83219  -38.166  43.743  25.027 0.0000000000
82697  -37.998  42.345  25.772 0.0000000000
84251  -46.341  46.699  30.986 0.0000000000
84265  -46.503  45.952  30.684 0.0000000000
108596  -45.433  46.189  30.042 0.0000000000
86398  -38.627  49.085  15.404 0.0000000000
86815  -34.753  49.941  27.691 0.0000000000
86809  -35.176  50.565  28.243 0.0000000000
90435  -35.838  57.970  21.171 0.0000000000
89992  -36.458  57.585  20.516 0.0000000000
85428  -46.296  46.715  17.100 0.0000000000
97283  -43.761  47.251  18.824 0.0000000000
110873  -45.160  46.323  18.564 0.0000000000
110846  -45.368  45.698  19.931 0.0000000000
110936  -45.412  45.386  20.118 0.0000000000
110961  -45.502  45.252  19.251 0.0000000000
87941  -35.220  52.266  18.930 0.0000000000
87403  -35.801  51.956  18.596 0.0000000000
86388  -39.285  49.038  17.071 0.0000000000
86379  -39.578  49.679  17.861 0.0000000000
85924  -40.927  48.511  16.519 0.0000000000
85923  -40.022  48.422  16.658 0.0000000000
85435  -40.409  47.971  15.997 0.0000000000
85434  -39.600  48.028  16.607 0.0000000000
82109  -42.740  41.896  34.844 0.0000000000
83675  -42.819  43.983  33.613 0.0000000000
90442  -29.572  58.333  19.843 0.0000000000
100803  -29.966  58.738  19.871 0.0000000000
90455  -29.727  58.154  19.262 0.0000000000
90037  -30.902  56.657  14.793 0.0000000000
90032  -31.017  56.462  15.608 0.0000000000
89563  -31.525  55.600  16.734 0.0000000000
89072  -31.737  54.825  16.166 0.0000000000
89076  -31.657  54.878  15.182 0.0000000000
89087  -35.193  54.201  13.415 0.0000000000
89088  -36.363  54.230  13.281 0.0000000000
88552  -37.005  53.672  13.758 0.0000000000
89089  -37.645  54.218  13.011 0.0000000000
89097  -36.948  54.737  12.541 0.0000000000
83702  -34.563  44.429  30.840 0.0000000000
83159  -35.304  44.153  30.871 0.0000000000
83151  -35.691  43.399  31.763 0.0000000000
83152  -36.535  43.493  31.533 0.0000000000
107941  -37.293  43.516  31.596 0.0000000000
84824  -39.622  47.057  27.887 0.0000000000
84801  -39.723  46.316  28.989 0.0000000000
84814  -40.384  46.979  28.671 0.0000000000
85306  -41.246  47.551  28.113 0.0000000000
89443  -39.142  56.539  27.383 0.0000000000
89432  -40.126  57.001  28.675 0.0000000000
88949  -40.588  56.069  29.796 0.0000000000
88950  -40.855  56.405  29.308 0.0000000000
88495  -39.503  53.240  21.782 0.0000000000
109269  -41.712  53.358  21.560 0.0000000000
86343  -38.464  49.715  22.770 0.0000000000
112941  -38.003  51.248  23.446 0.0000000000
111504  -37.751  50.822  23.413 0.0000000000
87369  -37.023  51.553  24.455 0.0000000000
86844  -37.265  50.406  23.587 0.0000000000
103549  -36.851  49.897  23.851 0.0000000000
85864  -38.318  48.235  23.563 0.0000000000
102832  -43.698  47.922  24.821 0.0000000000
85342  -44.490  48.194  25.108 0.0000000000
84835  -44.875  47.758  25.068 0.0000000000
84829  -44.581  47.670  26.093 0.0000000000
83760  -41.256  44.828  24.861 0.0000000000
83741  -39.867  44.227  25.137 0.0000000000
83758  -39.759  44.423  24.262 0.0000000000
83814  -39.569  44.628  19.760 0.0000000000
83216  -35.844  43.276  24.058 0.0000000000
83217  -36.583  43.159  24.653 0.0000000000
82195  -35.574  41.841  24.655 0.0000000000
83174  -43.742  43.929  28.708 0.0000000000
87423  -37.309  51.295  16.857 0.0000000000
87413  -36.866  51.447  17.603 0.0000000000
86908  -38.460  49.480  17.179 0.0000000000
85911  -37.181  48.640  18.029 0.0000000000
82605  -41.370  42.067  36.520 0.0000000000
83133  -41.138  43.253  33.948 0.0000000000
83132  -40.208  43.226  33.478 0.0000000000
90001  -27.799  56.407  18.984 0.0000000000
89592  -33.401  55.684  11.750 0.0000000000
90052  -34.069  56.292  11.124 0.0000000000
90063  -32.873  57.428  10.533 0.0000000000
85313  -35.552  47.392  27.041 0.0000000000
84820  -35.690  46.783  27.698 0.0000000000
110566  -36.240  47.096  27.191 0.0000000000
84822  -37.508  46.635  27.663 0.0000000000
85314  -37.020  47.074  27.082 0.0000000000
89945  -34.530  57.506  22.459 0.0000000000
115217  -39.406  57.158  24.204 0.0000000000
107318  -41.483  50.906  20.238 0.0000000000
109622  -41.309  50.998  20.756 0.0000000000
107340  -41.396  49.950  20.044 0.0000000000
85407  -41.957  47.467  20.159 0.0000000000
85885  -40.686  48.855  20.779 0.0000000000
85394  -40.764  47.847  21.024 0.0000000000
85393  -40.269  48.213  21.436 0.0000000000
85384  -40.389  47.680  21.850 0.0000000000
97664  -41.029  47.386  21.709 0.0000000000
110879  -45.165  46.306  21.516 0.0000000000
97217  -44.263  46.771  22.603 0.0000000000
110880  -44.873  46.501  23.077 0.0000000000
97035  -44.901  46.292  23.423 0.0000000000
114721  -45.263  46.000  22.783 0.0000000000
117790  -44.795  44.940  21.710 0.0000000000
98080  -44.264  44.913  22.339 0.0000000000
83788  -43.098  44.720  22.286 0.0000000000
88510  -34.289  53.888  20.528 0.0000000000
89042  -35.436  55.372  20.708 0.0000000000
88492  -35.001  53.564  21.084 0.0000000000
87932  -36.246  52.303  20.993 0.0000000000
87922  -35.986  53.185  21.421 0.0000000000
87923  -36.915  52.495  21.324 0.0000000000
110187  -37.674  52.710  21.524 0.0000000000
114958  -38.022  52.077  21.176 0.0000000000
87398  -37.404  50.824  19.033 0.0000000000
87397  -36.738  51.431  19.588 0.0000000000
86898  -40.073  50.419  18.745 0.0000000000
86882  -40.678  51.085  19.559 0.0000000000
86883  -41.359  51.107  19.959 0.0000000000
85443  -42.485  47.802  15.642 0.0000000000
85926  -43.382  48.581  16.739 0.0000000000
85930  -43.809  47.957  15.786 0.0000000000
116130  -46.245  47.368  15.539 0.0000000000
84910  -45.652  46.284  14.877 0.0000000000
84909  -43.913  46.637  14.812 0.0000000000
84359  -40.681  45.248  17.728 0.0000000000
84353  -39.859  45.014  18.263 0.0000000000
85425  -38.465  47.838  18.027 0.0000000000
85417  -38.409  47.045  18.924 0.0000000000
82616  -43.000  42.192  35.663 0.0000000000
82617  -43.136  42.620  34.855 0.0000000000
83677  -44.730  44.496  33.777 0.0000000000
83135  -43.812  43.541  33.878 0.0000000000
83136  -44.882  44.480  33.783 0.0000000000
83687  -45.579  44.831  33.832 0.0000000000
83698  -46.084  44.584  32.602 0.0000000000
84239  -44.503  46.048  32.444 0.0000000000
84240  -45.205  46.426  32.210 0.0000000000
84790  -46.094  46.645  31.460 0.0000000000
84789  -45.469  47.053  31.322 0.0000000000
90406  -30.530  58.058  24.325 0.0000000000
89942  -31.455  57.468  24.357 0.0000000000
90411  -30.627  58.660  23.476 0.0000000000
89041  -28.170  54.917  21.336 0.0000000000
89491  -29.277  56.327  22.148 0.0000000000
90432  -29.921  59.235  21.230 0.0000000000
90421  -30.092  59.014  22.191 0.0000000000
102247  -31.177  59.090  22.825 0.0000000000
115327  -31.755  59.080  22.350 0.0000000000
90423  -32.285  58.444  22.290 0.0000000000
90434  -31.999  59.127  22.039 0.0000000000
89988  -31.728  57.904  21.019 0.0000000000
89969  -32.216  58.230  21.667 0.0000000000
89989  -32.324  56.990  20.989 0.0000000000
89990  -33.433  56.597  21.231 0.0000000000
90473  -30.603  57.509  18.029 0.0000000000
89558  -31.758  55.868  18.300 0.0000000000
89546  -32.811  55.447  19.714 0.0000000000
89058  -32.613  55.088  18.961 0.0000000000
89059  -33.175  54.684  19.169 0.0000000000
89063  -32.714  54.550  18.365 0.0000000000
88527  -32.865  53.662  17.015 0.0000000000
108372  -33.513  53.335  18.182 0.0000000000
88521  -33.439  53.285  17.470 0.0000000000
87939  -33.908  52.876  17.966 0.0000000000
87943  -33.927  52.893  17.141 0.0000000000
89085  -32.303  54.503  13.656 0.0000000000
89081  -32.171  54.286  14.632 0.0000000000
88548  -32.811  53.819  14.229 0.0000000000
88543  -35.303  53.172  14.696 0.0000000000
88542  -34.214  53.254  14.676 0.0000000000
88536  -34.668  53.014  15.283 0.0000000000
87956  -35.481  52.754  15.587 0.0000000000
97538  -36.231  52.321  16.167 0.0000000000
103009  -36.321  52.585  15.500 0.0000000000
87964  -38.035  52.225  14.172 0.0000000000
87958  -37.575  52.189  14.880 0.0000000000
87444  -38.208  51.370  14.485 0.0000000000
87435  -38.581  50.171  14.782 0.0000000000
87445  -38.871  50.311  13.752 0.0000000000
106635  -39.379  51.151  11.624 0.0000000000
87973  -39.267  52.312  11.674 0.0000000000
87479  -39.266  51.539  11.125 0.0000000000
87984  -39.248  52.628  11.180 0.0000000000
102981  -37.968  42.713  33.315 0.0000000000
83153  -38.578  43.903  31.620 0.0000000000
83143  -38.859  43.510  32.325 0.0000000000
114152  -39.251  43.968  31.908 0.0000000000
83683  -39.894  44.275  31.706 0.0000000000
84260  -37.706  45.284  29.472 0.0000000000
83712  -38.054  44.807  30.111 0.0000000000
84261  -38.643  45.389  29.608 0.0000000000
84262  -40.028  45.729  30.068 0.0000000000
102714  -39.778  45.203  30.490 0.0000000000
84248  -40.536  45.388  30.695 0.0000000000
84249  -41.523  45.949  30.731 0.0000000000
84238  -42.267  45.499  31.521 0.0000000000
84804  -42.885  47.854  29.856 0.0000000000
84795  -43.268  47.403  30.551 0.0000000000
85292  -43.926  48.266  29.995 0.0000000000
85300  -44.218  48.750  29.202 0.0000000000
88374  -40.605  54.962  30.747 0.0000000000
87846  -38.699  52.966  30.348 0.0000000000
115566  -37.571  56.107  20.993 0.0000000000
89975  -38.406  58.188  20.272 0.0000000000
89509  -38.594  57.093  20.601 0.0000000000
89494  -42.857  55.702  22.571 0.0000000000
89961  -41.390  55.969  22.527 0.0000000000
89935  -41.962  56.140  24.037 0.0000000000
89934  -40.481  56.590  24.537 0.0000000000
89925  -42.495  55.825  24.545 0.0000000000
112135  -41.119  52.054  21.618 0.0000000000
88468  -42.453  52.987  22.135 0.0000000000
87911  -41.295  52.527  22.331 0.0000000000
117468  -39.279  53.588  25.058 0.0000000000
88431  -40.340  54.325  25.502 0.0000000000
88416  -41.355  54.922  26.675 0.0000000000
88415  -40.243  54.562  26.899 0.0000000000
88968  -40.885  54.984  28.324 0.0000000000
108116  -39.349  54.066  27.255 0.0000000000
87890  -36.880  52.168  26.141 0.0000000000
87878  -37.569  52.828  26.758 0.0000000000
87877  -36.883  52.292  27.172 0.0000000000
87864  -37.013  52.311  28.274 0.0000000000
87357  -36.232  51.689  26.561 0.0000000000
87350  -35.581  51.239  26.949 0.0000000000
87356  -35.678  51.176  26.044 0.0000000000
97778  -37.832  47.947  25.051 0.0000000000
85849  -36.908  48.147  25.247 0.0000000000
85338  -38.379  47.706  25.610 0.0000000000
85328  -38.457  47.502  26.371 0.0000000000
100201  -39.107  47.684  25.880 0.0000000000
85372  -40.565  47.341  23.389 0.0000000000
97969  -40.079  47.437  24.135 0.0000000000
85355  -41.279  47.356  24.367 0.0000000000
85331  -42.298  47.933  25.793 0.0000000000
97970  -41.302  47.522  25.342 0.0000000000
85330  -40.518  47.572  26.558 0.0000000000
107202  -41.903  47.913  26.654 0.0000000000
85319  -42.072  48.089  27.503 0.0000000000
116403  -42.908  48.768  26.971 0.0000000000
85322  -44.366  49.102  27.606 0.0000000000
85839  -44.168  49.260  27.517 0.0000000000
85310  -44.376  49.002  28.372 0.0000000000
84816  -44.489  47.659  28.634 0.0000000000
84827  -44.308  47.677  27.407 0.0000000000
108941  -42.578  45.365  27.311 0.0000000000
83724  -42.319  44.588  27.741 0.0000000000
84280  -41.948  44.939  26.996 0.0000000000
84305  -44.383  45.859  24.264 0.0000000000
109975  -44.093  46.116  24.950 0.0000000000
84304  -43.262  45.467  24.916 0.0000000000
83743  -41.236  44.764  25.749 0.0000000000
83728  -41.313  44.546  26.580 0.0000000000
83178  -40.638  43.063  27.111 0.0000000000
83191  -40.281  43.598  26.551 0.0000000000
83190  -39.540  43.305  26.228 0.0000000000
106472  -39.132  41.902  26.589 0.0000000000
97209  -43.701  44.903  18.800 0.0000000000
83816  -42.490  44.885  19.209 0.0000000000
83807  -40.560  44.662  20.522 0.0000000000
83799  -40.849  44.592  21.580 0.0000000000
83796  -37.251  44.484  21.201 0.0000000000
83783  -37.403  44.433  22.242 0.0000000000
83227  -37.199  44.165  23.743 0.0000000000
113200  -38.055  44.456  22.647 0.0000000000
83771  -38.407  44.394  23.402 0.0000000000
83772  -39.268  44.452  23.395 0.0000000000
82695  -36.675  42.360  25.179 0.0000000000
82696  -37.314  42.041  25.562 0.0000000000
82185  -37.449  41.282  25.575 0.0000000000
84266  -47.466  45.208  30.848 0.0000000000
83168  -45.949  44.272  29.621 0.0000000000
86387  -38.318  48.891  16.676 0.0000000000
85842  -34.745  48.556  26.868 0.0000000000
85843  -35.158  48.490  26.403 0.0000000000
90424  -35.256  58.125  21.835 0.0000000000
90425  -35.951  58.604  21.794 0.0000000000
90427  -38.243  59.282  21.339 0.0000000000
97322  -43.545  48.462  17.927 0.0000000000
85418  -42.433  47.939  19.009 0.0000000000
85408  -43.085  47.053  19.912 0.0000000000
85396  -42.733  46.946  20.853 0.0000000000
110254  -42.523  46.953  21.553 0.0000000000
97374  -44.203  46.549  20.832 0.0000000000
97040  -45.349  46.097  20.902 0.0000000000
110845  -45.635  45.969  21.486 0.0000000000
97039  -45.580  45.871  21.768 0.0000000000
110908  -45.630  45.681  21.240 0.0000000000
110820  -45.490  45.352  21.266 0.0000000000
110808  -44.476  44.800  20.861 0.0000000000
87930  -34.717  53.038  20.277 0.0000000000
87937  -35.313  52.356  19.831 0.0000000000
87390  -36.187  51.884  20.299 0.0000000000
86880  -38.326  50.612  19.394 0.0000000000
108430  -40.542  50.128  18.284 0.0000000000
110381  -41.406  50.025  18.258 0.0000000000
86390  -40.831  49.254  17.293 0.0000000000
84908  -42.717  46.971  14.940 0.0000000000
84903  -42.701  46.376  15.285 0.0000000000
84902  -41.690  47.254  15.617 0.0000000000
84901  -40.885  47.014  16.734 0.0000000000
105290  -43.141  42.425  33.928 0.0000000000
108914  -43.031  43.405  34.284 0.0000000000
83134  -43.209  43.190  34.428 0.0000000000
84227  -45.288  45.067  34.078 0.0000000000
84232  -44.568  45.268  33.489 0.0000000000
89941  -29.892  57.213  23.475 0.0000000000
89967  -28.950  56.744  20.787 0.0000000000
89508  -29.230  56.864  21.356 0.0000000000
89968  -29.495  58.016  20.692 0.0000000000
90897  -30.278  59.872  20.999 0.0000000000
90898  -31.091  60.208  21.220 0.0000000000
90902  -31.089  59.788  20.915 0.0000000000
90457  -30.770  57.908  19.706 0.0000000000
90027  -30.781  57.081  16.268 0.0000000000
90021  -30.944  57.126  17.194 0.0000000000
105166  -31.385  56.333  17.299 0.0000000000
109847  -31.690  55.629  17.518 0.0000000000
89559  -32.088  55.042  17.874 0.0000000000
89068  -32.482  54.327  17.457 0.0000000000
89073  -32.334  54.218  16.551 0.0000000000
88533  -32.838  53.591  16.044 0.0000000000
89094  -33.578  54.585  12.897 0.0000000000
88549  -33.665  53.634  14.059 0.0000000000
89086  -34.126  54.122  13.443 0.0000000000
88544  -36.424  53.205  14.474 0.0000000000
88545  -37.515  52.934  14.202 0.0000000000
87967  -38.353  52.602  13.416 0.0000000000
88558  -38.790  54.044  12.463 0.0000000000
83701  -33.833  44.724  31.245 0.0000000000
83691  -34.231  44.166  31.592 0.0000000000
83140  -34.480  43.353  32.645 0.0000000000
105988  -35.415  43.034  32.442 0.0000000000
82630  -37.592  42.898  32.734 0.0000000000
84812  -38.595  46.182  28.454 0.0000000000
84273  -39.004  45.955  28.959 0.0000000000
84802  -40.283  46.328  29.461 0.0000000000
84803  -42.019  47.360  29.491 0.0000000000
85298  -42.589  48.032  29.083 0.0000000000
88948  -39.545  56.112  30.106 0.0000000000
99894  -40.372  55.598  30.523 0.0000000000
88389  -40.678  55.156  29.965 0.0000000000
89030  -39.680  54.972  22.313 0.0000000000
89492  -39.584  56.567  21.607 0.0000000000
109060  -41.850  55.672  22.487 0.0000000000
89032  -43.264  54.709  22.230 0.0000000000
87376  -39.176  51.617  23.186 0.0000000000
102978  -40.013  52.199  23.086 0.0000000000
88448  -38.975  53.102  24.409 0.0000000000
87892  -38.463  53.193  25.346 0.0000000000
88414  -38.336  53.318  26.391 0.0000000000
87362  -36.959  51.920  25.237 0.0000000000
106777  -36.459  51.413  24.978 0.0000000000
86834  -35.897  50.966  25.188 0.0000000000
86329  -36.326  49.776  24.455 0.0000000000
85854  -37.300  48.439  24.509 0.0000000000
85356  -42.816  47.411  24.198 0.0000000000
85844  -43.841  49.226  26.984 0.0000000000
85850  -44.182  48.852  26.030 0.0000000000
85321  -44.565  48.610  26.856 0.0000000000
84282  -43.632  46.415  26.235 0.0000000000
114974  -42.283  45.069  24.706 0.0000000000
83742  -40.535  44.478  25.422 0.0000000000
83206  -39.459  43.813  25.582 0.0000000000
83205  -38.871  43.399  25.625 0.0000000000
83820  -41.531  44.868  18.230 0.0000000000
83815  -41.090  44.801  19.180 0.0000000000
104372  -40.442  44.713  19.706 0.0000000000
99693  -39.782  44.534  20.924 0.0000000000
83236  -36.087  44.089  22.491 0.0000000000
83769  -36.876  44.300  22.879 0.0000000000
83218  -37.250  43.753  24.525 0.0000000000
82196  -36.217  41.882  25.015 0.0000000000
81680  -35.225  40.870  24.640 0.0000000000
106530  -45.945  43.955  31.489 0.0000000000
87946  -35.997  52.110  17.437 0.0000000000
87412  -36.088  51.878  18.061 0.0000000000
87414  -37.823  50.407  17.060 0.0000000000
85913  -38.695  48.409  17.114 0.0000000000
85912  -37.951  48.332  17.866 0.0000000000
82104  -42.950  41.954  35.769 0.0000000000
82614  -41.706  42.381  35.722 0.0000000000
83126  -41.964  42.899  34.973 0.0000000000
83685  -41.694  44.093  32.803 0.0000000000
89527  -28.504  55.961  20.568 0.0000000000
89544  -28.154  56.240  19.734 0.0000000000
90002  -28.479  57.064  19.113 0.0000000000
107594  -32.792  54.608  13.035 0.0000000000
89583  -32.948  55.088  12.420 0.0000000000
89584  -34.013  55.139  12.305 0.0000000000
89585  -35.149  55.217  12.230 0.0000000000
89586  -36.376  55.301  12.097 0.0000000000
114567  -36.211  46.341  28.098 0.0000000000
84811  -37.869  46.143  28.263 0.0000000000
84823  -38.563  46.704  27.836 0.0000000000
89914  -39.474  56.749  26.553 0.0000000000
89915  -40.502  56.889  26.917 0.0000000000
87387  -41.251  52.200  21.122 0.0000000000
87926  -41.989  52.907  21.339 0.0000000000
108173  -41.101  51.721  21.325 0.0000000000
86850  -40.376  50.802  21.819 0.0000000000
85893  -41.203  48.629  20.204 0.0000000000
86345  -40.443  50.195  21.368 0.0000000000
86344  -39.399  49.879  22.144 0.0000000000
108703  -38.836  49.118  22.446 0.0000000000
85875  -38.730  48.369  22.846 0.0000000000
97850  -40.040  47.556  22.590 0.0000000000
117095  -43.065  46.855  22.124 0.0000000000
84861  -43.022  47.033  22.731 0.0000000000
85374  -42.860  47.213  23.399 0.0000000000
111085  -43.726  47.227  23.844 0.0000000000
84307  -44.673  46.493  23.953 0.0000000000
84320  -44.161  45.251  23.624 0.0000000000
97171  -44.813  45.419  22.967 0.0000000000
84319  -42.813  44.754  23.498 0.0000000000
97610  -41.403  44.632  23.215 0.0000000000
83805  -37.902  44.621  19.819 0.0000000000
98271  -37.222  44.647  20.277 0.0000000000
82710  -35.227  43.290  23.234 0.0000000000
89530  -35.382  55.975  20.574 0.0000000000
89531  -36.407  56.586  20.398 0.0000000000
115274  -36.098  55.768  20.611 0.0000000000
103034  -36.743  55.921  20.713 0.0000000000
89044  -37.031  54.973  21.464 0.0000000000
88493  -36.395  54.083  21.762 0.0000000000
88478  -37.440  54.110  22.065 0.0000000000
88494  -38.070  53.341  21.857 0.0000000000
99910  -37.146  51.523  20.274 0.0000000000
87391  -38.093  51.251  20.190 0.0000000000
114217  -37.724  51.672  20.653 0.0000000000
100620  -38.929  51.719  20.657 0.0000000000
87386  -39.849  52.252  21.026 0.0000000000
86867  -41.090  51.597  20.294 0.0000000000
86364  -41.551  50.369  19.379 0.0000000000
86380  -41.801  49.377  17.550 0.0000000000
85914  -42.653  49.188  17.690 0.0000000000
85915  -43.283  48.799  17.566 0.0000000000
85427  -44.307  48.542  16.982 0.0000000000
85438  -46.722  46.974  15.821 0.0000000000
110847  -46.922  46.232  16.343 0.0000000000
97372  -45.650  45.442  17.880 0.0000000000
84369  -46.274  45.574  16.471 0.0000000000
84361  -43.586  45.412  16.777 0.0000000000
84367  -42.533  45.591  16.355 0.0000000000
84354  -40.637  44.918  18.124 0.0000000000
101392  -39.138  44.863  18.852 0.0000000000
84894  -39.709  46.288  18.341 0.0000000000
84893  -38.949  46.317  18.802 0.0000000000
82624  -43.069  42.275  35.006 0.0000000000
83155  -45.109  43.607  32.126 0.0000000000
83699  -46.934  45.046  31.938 0.0000000000
83679  -45.549  45.091  33.874 0.0000000000
84234  -45.985  45.526  32.993 0.0000000000
83689  -46.630  45.451  32.199 0.0000000000
84242  -46.654  46.059  31.473 0.0000000000
109341  -29.776  57.487  22.648 0.0000000000
90410  -30.263  58.464  23.127 0.0000000000
89474  -33.105  56.536  23.460 0.0000000000
89956  -32.609  57.547  22.854 0.0000000000
89944  -33.622  57.350  22.540 0.0000000000
89957  -33.117  57.713  22.225 0.0000000000
105587  -34.354  57.843  22.116 0.0000000000
104451  -34.215  57.239  21.720 0.0000000000
89991  -34.530  56.532  21.122 0.0000000000
90465  -29.452  57.892  18.619 0.0000000000
90466  -30.082  57.903  18.663 0.0000000000
90012  -31.493  56.749  19.172 0.0000000000
104244  -31.275  56.843  18.043 0.0000000000
89545  -32.131  56.237  20.025 0.0000000000
103965  -33.303  55.711  20.393 0.0000000000
89529  -34.008  55.731  20.597 0.0000000000
110990  -33.709  54.177  19.685 0.0000000000
115970  -33.733  53.584  19.249 0.0000000000
87940  -34.550  52.601  18.462 0.0000000000
88540  -32.714  53.697  15.089 0.0000000000
110736  -33.230  53.385  15.462 0.0000000000
88535  -33.890  53.115  15.486 0.0000000000
87949  -33.947  52.965  16.334 0.0000000000
87950  -34.580  52.692  16.776 0.0000000000
87951  -35.272  52.428  17.181 0.0000000000
113720  -35.868  52.297  16.820 0.0000000000
87433  -37.196  51.718  16.279 0.0000000000
87968  -39.005  51.846  12.461 0.0000000000
89587  -37.646  55.285  11.804 0.0000000000
99353  -38.579  55.123  11.429 0.0000000000
82631  -38.369  43.044  32.838 0.0000000000
83131  -39.238  43.173  33.109 0.0000000000
83696  -41.481  44.638  31.838 0.0000000000
83692  -37.561  44.313  30.641 0.0000000000
83693  -38.453  44.393  30.820 0.0000000000
84247  -39.311  45.314  30.093 0.0000000000
83705  -39.224  44.803  30.635 0.0000000000
83695  -40.623  44.661  31.361 0.0000000000
84787  -43.602  46.519  31.434 0.0000000000
113015  -45.187  47.475  30.533 0.0000000000
84805  -44.701  48.016  29.673 0.0000000000
87839  -38.820  53.065  31.946 0.0000000000
89974  -37.407  57.922  20.276 0.0000000000
90417  -39.245  57.904  22.093 0.0000000000
89493  -40.278  56.832  21.945 0.0000000000
89960  -40.197  57.035  22.124 0.0000000000
109505  -39.766  57.183  23.165 0.0000000000
113734  -40.686  56.630  26.002 0.0000000000
89916  -41.187  56.633  26.945 0.0000000000
89013  -43.308  53.805  22.377 0.0000000000
88997  -43.317  54.319  23.333 0.0000000000
88467  -41.336  52.966  22.981 0.0000000000
88996  -41.779  54.292  24.394 0.0000000000
88984  -42.818  55.243  24.659 0.0000000000
88983  -42.179  55.342  25.603 0.0000000000
89444  -41.787  55.997  26.696 0.0000000000
88970  -41.618  56.012  27.902 0.0000000000
88961  -41.509  55.864  28.790 0.0000000000
88388  -39.077  53.853  28.813 0.0000000000
88401  -38.572  53.491  27.564 0.0000000000
87854  -38.127  53.053  29.037 0.0000000000
87344  -36.329  51.545  28.734 0.0000000000
86816  -35.160  50.593  27.327 0.0000000000
85847  -35.635  48.556  25.850 0.0000000000
86326  -35.992  49.326  24.966 0.0000000000
85848  -36.123  48.669  25.301 0.0000000000
85336  -36.219  48.057  25.817 0.0000000000
85327  -37.388  47.415  26.429 0.0000000000
85316  -39.021  47.290  27.203 0.0000000000
85317  -39.991  47.390  27.273 0.0000000000
85370  -38.943  47.848  23.410 0.0000000000
85354  -39.265  47.636  24.090 0.0000000000
113438  -39.620  47.587  24.714 0.0000000000
85339  -39.664  47.616  25.438 0.0000000000
85307  -42.292  48.130  28.293 0.0000000000
85308  -43.320  48.814  28.502 0.0000000000
85838  -43.940  49.301  27.887 0.0000000000
85827  -44.052  49.070  28.624 0.0000000000
85301  -44.441  48.719  29.023 0.0000000000
84263  -44.831  46.919  29.639 0.0000000000
84274  -43.820  45.906  28.776 0.0000000000
83179  -41.419  43.237  27.485 0.0000000000
82666  -41.017  42.396  27.391 0.0000000000
97084  -45.035  44.879  19.074 0.0000000000
97105  -44.192  44.756  19.808 0.0000000000
108487  -41.815  44.824  20.003 0.0000000000
83800  -42.079  44.674  21.901 0.0000000000
113944  -41.419  44.601  22.382 0.0000000000
98251  -40.218  44.555  23.322 0.0000000000
83785  -39.633  44.514  22.538 0.0000000000
108262  -38.226  43.008  25.605 0.0000000000
82619  -35.665  42.742  33.889 0.0000000000
83139  -33.963  44.004  32.285 0.0000000000
83150  -35.013  43.851  31.440 0.0000000000
83160  -35.826  43.846  31.177 0.0000000000
83161  -36.429  43.977  30.991 0.0000000000
84245  -33.586  45.439  31.022 0.0000000000
84376  -46.098  45.694  15.467 0.0000000000
84377  -46.900  45.826  15.826 0.0000000000
84783  -45.713  46.270  32.254 0.0000000000
84797  -46.402  46.609  31.100 0.0000000000
84810  -36.971  46.205  28.179 0.0000000000
84860  -41.910  47.083  22.060 0.0000000000
84912  -46.993  46.344  15.564 0.0000000000
85326  -36.373  47.493  26.501 0.0000000000
85340  -40.434  47.583  25.769 0.0000000000
85353  -38.040  48.073  24.297 0.0000000000
85382  -39.322  47.899  22.679 0.0000000000
85406  -41.312  47.803  20.430 0.0000000000
85437  -45.709  47.895  16.222 0.0000000000
85445  -45.178  47.401  15.284 0.0000000000
85446  -46.562  46.742  15.163 0.0000000000
85834  -44.238  49.186  28.101 0.0000000000
85863  -37.659  48.681  23.778 0.0000000000
85876  -39.305  48.589  22.215 0.0000000000
85904  -41.760  49.591  19.386 0.0000000000
85906  -42.657  49.107  18.215 0.0000000000
86317  -34.637  49.187  27.207 0.0000000000
86321  -34.907  49.178  26.486 0.0000000000
86325  -35.598  49.251  25.486 0.0000000000
86328  -35.704  50.065  25.152 0.0000000000
86330  -36.970  49.183  24.067 0.0000000000
86334  -37.571  49.590  23.418 0.0000000000
86824  -35.282  50.584  26.443 0.0000000000
86833  -35.501  50.554  25.728 0.0000000000
86840  -36.144  50.508  24.668 0.0000000000
86848  -38.071  50.333  23.110 0.0000000000
86849  -39.157  50.450  22.580 0.0000000000
86857  -41.226  51.329  21.061 0.0000000000
86925  -38.822  49.277  14.935 0.0000000000
87343  -35.591  51.180  27.920 0.0000000000
87368  -36.448  51.053  24.476 0.0000000000
87375  -37.133  51.109  23.789 0.0000000000
87377  -40.682  52.046  22.266 0.0000000000
87393  -41.324  51.837  20.821 0.0000000000
87902  -37.648  52.170  24.601 0.0000000000
87909  -37.855  51.679  23.859 0.0000000000
87910  -38.709  52.369  23.898 0.0000000000
87918  -42.087  52.768  21.617 0.0000000000
88466  -39.963  52.830  23.508 0.0000000000
88480  -40.194  53.898  22.063 0.0000000000
88491  -34.806  54.379  20.973 0.0000000000
88496  -41.087  52.974  21.492 0.0000000000
88534  -33.443  53.226  15.991 0.0000000000
88998  -43.417  55.070  23.634 0.0000000000
89014  -43.653  54.622  22.785 0.0000000000
89043  -36.122  54.994  21.126 0.0000000000
89433  -41.127  56.739  28.459 0.0000000000
89434  -41.328  56.542  27.725 0.0000000000
89456  -42.308  55.640  25.196 0.0000000000
89457  -42.924  55.491  24.305 0.0000000000
89479  -43.518  55.388  22.789 0.0000000000
89906  -41.021  57.037  27.706 0.0000000000
89924  -38.829  56.717  25.600 0.0000000000
89951  -42.656  55.996  22.866 0.0000000000
89959  -39.546  57.734  21.339 0.0000000000
89971  -33.682  57.629  21.905 0.0000000000
90416  -38.490  58.643  22.146 0.0000000000
90428  -38.927  58.605  21.203 0.0000000000
90433  -31.537  59.320  21.422 0.0000000000
90436  -36.782  58.639  20.817 0.0000000000
90444  -30.403  59.042  20.423 0.0000000000
90895  -30.610  59.954  21.478 0.0000000000
90901  -30.604  59.905  21.005 0.0000000000
97595  -41.762  55.446  26.861 0.0000000000
98167  -36.882  47.716  25.904 0.0000000000
98445  -45.066  45.397  16.614 0.0000000000
99058  -42.819  54.878  24.614 0.0000000000
104762  -34.859  55.935  20.619 0.0000000000
109888  -42.621  53.343  21.642 0.0000000000
110678  -35.252  49.050  25.980 0.0000000000
110816  -45.578  45.423  20.885 0.0000000000
110817  -46.475  45.850  16.956 0.0000000000
112786  -34.505  43.712  31.966 0.0000000000
114421  -39.812  47.606  26.076 0.0000000000
116414  -42.011  47.139  22.829 0.0000000000
117421  -33.738  44.501  31.914 0.0000000000
117889  -39.524  49.306  21.932 0.0000000000
117993  -46.518  46.047  17.146 0.0000000000
