#!ascii label  , from subject sub-v1s16x0051193_ses-1 vox2ras=TkReg
2034
104831  -39.156  -31.593  8.893 0.5000000000
23467  -39.670  -32.300  9.066 0.5000000000
97574  -39.828  -30.942  9.600 0.4000000060
24158  -40.798  -30.937  10.105 0.5000000000
24895  -40.299  -30.194  10.077 0.5000000000
25577  -40.752  -29.359  10.369 0.5000000000
33954  -33.555  -18.499  1.233 0.5000000000
34851  -33.195  -16.788  0.186 0.4000000060
35708  -34.410  -16.555  0.199 0.4000000060
35707  -32.973  -15.991  -0.168 0.4000000060
36554  -33.981  -15.810  -0.445 0.6000000238
36555  -34.979  -15.647  -0.004 0.5000000000
37534  -33.561  -14.501  -0.895 0.5000000000
36568  -34.302  -15.215  -0.698 0.4000000060
37520  -35.337  -14.903  -0.203 0.4000000060
37546  -34.228  -14.059  -1.442 0.5000000000
37535  -34.794  -14.631  -0.969 0.5000000000
112992  -35.595  -14.333  -0.499 0.4000000060
22672  -39.477  -33.701  8.449 0.5000000000
23468  -40.406  -32.704  9.382 0.4000000060
24167  -40.357  -31.783  9.639 0.5000000000
23469  -41.217  -32.357  9.879 0.5000000000
24160  -42.121  -31.354  10.071 0.5000000000
24883  -41.591  -30.865  10.189 0.5000000000
25578  -41.633  -29.460  10.207 0.5000000000
112547  -40.742  -28.738  10.437 0.5000000000
33141  -32.694  -18.932  1.719 0.5000000000
33142  -33.802  -19.253  1.617 0.5000000000
34838  -34.307  -17.973  1.063 0.5000000000
34852  -33.992  -17.299  0.496 0.5000000000
40262  -38.250  -11.361  1.651 0.3000000119
36556  -35.813  -15.155  0.575 0.4000000060
40261  -37.909  -11.812  1.095 0.3000000119
39400  -36.618  -12.810  -0.570 0.4000000060
38434  -36.707  -13.490  0.260 0.3000000119
39401  -37.199  -12.752  0.429 0.4000000060
23479  -39.603  -32.939  8.747 0.5000000000
103050  -41.249  -30.191  10.286 0.5000000000
24159  -41.353  -31.562  10.100 0.5000000000
25576  -40.165  -28.752  10.394 0.5000000000
34853  -34.628  -17.291  0.808 0.6000000238
40267  -37.609  -11.471  0.415 0.3000000119
108223  -37.558  -12.150  0.621 0.3000000119
109522  -45.133  -45.506  12.281 0.3000000119
14617  -44.841  -44.759  11.986 0.3000000119
14622  -45.393  -45.200  10.678 0.4000000060
13977  -45.658  -46.036  10.247 0.4000000060
14626  -45.720  -45.252  9.800 0.4000000060
15305  -46.048  -44.512  9.432 0.4000000060
14627  -46.135  -45.262  9.053 0.4000000060
15311  -46.596  -44.524  8.766 0.4000000060
15975  -47.064  -43.935  8.616 0.4000000060
14611  -44.757  -45.000  12.789 0.3000000119
15285  -44.665  -44.229  12.626 0.3000000119
15291  -44.754  -44.032  12.049 0.4000000060
118102  -45.107  -44.785  11.291 0.4000000060
15297  -45.293  -44.281  10.833 0.4000000060
15304  -45.618  -44.441  10.119 0.4000000060
15968  -45.921  -43.859  9.739 0.4000000060
15969  -46.533  -43.746  9.235 0.4000000060
16619  -48.099  -42.840  8.630 0.4000000060
15976  -47.861  -43.704  8.207 0.4000000060
104678  -43.976  -41.968  14.219 0.3000000119
103138  -44.338  -42.078  13.456 0.3000000119
16595  -44.889  -42.877  12.082 0.4000000060
16596  -45.236  -42.816  11.495 0.4000000060
15955  -45.253  -43.508  11.137 0.4000000060
16603  -45.534  -42.912  10.900 0.4000000060
16610  -46.641  -42.350  9.940 0.4000000060
15970  -47.263  -43.269  8.891 0.4000000060
17243  -47.545  -41.200  10.125 0.4000000060
16611  -47.467  -42.433  9.322 0.4000000060
101643  -48.790  -39.900  10.351 0.4000000060
17934  -48.649  -40.874  9.879 0.4000000060
16612  -48.448  -42.065  8.971 0.4000000060
102562  -43.817  -41.825  15.156 0.3000000119
16574  -44.024  -42.652  14.763 0.3000000119
16588  -45.161  -42.107  12.016 0.3000000119
16597  -45.725  -42.172  11.149 0.3000000119
16604  -45.988  -42.665  10.452 0.4000000060
17242  -46.788  -41.566  10.355 0.4000000060
17927  -47.816  -40.464  10.466 0.4000000060
17926  -46.975  -40.819  10.679 0.4000000060
17250  -47.235  -41.815  9.831 0.4000000060
18583  -47.911  -39.811  10.750 0.4000000060
18584  -48.367  -39.188  10.801 0.4000000060
17213  -44.035  -41.123  14.632 0.3000000119
107103  -44.161  -40.220  14.993 0.3000000119
17219  -44.433  -41.216  13.679 0.3000000119
17904  -44.764  -40.353  13.551 0.3000000119
17220  -44.965  -40.826  12.908 0.4000000060
17234  -45.695  -41.507  11.641 0.4000000060
17913  -46.260  -40.045  12.042 0.4000000060
17235  -46.268  -41.316  11.062 0.4000000060
19239  -47.078  -38.202  12.151 0.3000000119
19242  -47.253  -38.842  11.673 0.4000000060
17920  -46.580  -40.450  11.345 0.4000000060
19243  -47.643  -38.073  11.625 0.3000000119
18578  -47.568  -39.375  11.174 0.4000000060
17921  -47.243  -40.089  10.987 0.4000000060
18579  -47.941  -38.628  11.221 0.4000000060
19154  -45.974  -38.030  17.837 0.3000000119
19166  -44.908  -39.094  17.111 0.3000000119
19804  -46.487  -37.267  18.075 0.3000000119
114983  -44.161  -40.333  15.843 0.3000000119
18509  -44.599  -39.286  16.592 0.3000000119
18529  -44.342  -39.526  15.754 0.3000000119
18544  -44.470  -39.338  14.857 0.3000000119
19220  -44.787  -38.501  14.661 0.3000000119
18556  -44.595  -39.864  14.204 0.3000000119
18545  -44.776  -39.164  14.177 0.3000000119
19237  -45.851  -38.868  13.077 0.3000000119
18557  -45.171  -39.542  13.487 0.3000000119
19238  -46.491  -38.167  12.785 0.3000000119
18568  -45.780  -39.699  12.698 0.3000000119
103066  -46.539  -39.085  12.297 0.3000000119
20543  -47.428  -36.846  12.076 0.3000000119
19887  -47.932  -37.225  11.369 0.4000000060
20546  -47.921  -36.414  10.889 0.4000000060
20547  -48.580  -36.957  10.592 0.4000000060
19818  -45.473  -37.590  17.260 0.3000000119
19186  -44.853  -38.571  16.733 0.3000000119
104409  -45.640  -36.773  17.204 0.3000000119
19205  -44.577  -38.705  16.058 0.3000000119
19854  -44.752  -38.161  15.489 0.3000000119
105950  -45.441  -37.246  14.444 0.3000000119
19870  -45.047  -37.653  14.891 0.3000000119
20540  -46.378  -36.545  13.598 0.3000000119
19231  -45.874  -38.030  13.487 0.3000000119
100304  -45.233  -38.648  13.809 0.3000000119
102237  -46.794  -35.903  13.374 0.3000000119
19884  -47.023  -37.424  12.503 0.3000000119
20542  -47.076  -36.487  12.874 0.3000000119
21214  -47.410  -36.052  12.176 0.3000000119
113889  -47.623  -36.476  11.578 0.3000000119
21221  -47.009  -35.144  10.970 0.3000000119
21223  -48.477  -36.244  10.003 0.4000000060
20490  -46.144  -36.564  17.713 0.3000000119
20474  -46.776  -36.467  18.241 0.3000000119
19836  -44.871  -37.983  16.258 0.3000000119
20504  -45.549  -36.307  16.570 0.3000000119
21864  -47.622  -34.766  18.392 0.3000000119
22605  -47.494  -33.965  18.201 0.3000000119
19855  -45.038  -37.390  15.663 0.3000000119
21175  -45.772  -35.619  16.549 0.3000000119
23406  -48.108  -33.411  18.235 0.3000000119
21201  -46.277  -35.105  14.370 0.3000000119
21200  -45.713  -35.895  14.956 0.3000000119
103833  -45.356  -36.886  15.000 0.3000000119
20528  -46.204  -35.828  13.995 0.3000000119
21211  -46.589  -35.142  13.483 0.3000000119
102727  -46.750  -34.928  12.734 0.3000000119
21217  -46.999  -35.209  11.971 0.3000000119
21222  -47.634  -35.681  10.476 0.4000000060
21925  -47.205  -34.939  10.102 0.4000000060
21232  -48.869  -35.879  9.153 0.5000000000
20489  -45.924  -35.897  17.253 0.3000000119
107791  -46.395  -35.914  17.866 0.3000000119
21176  -46.044  -35.036  16.885 0.3000000119
21161  -46.412  -35.211  17.634 0.3000000119
21186  -45.644  -35.815  15.876 0.3000000119
21885  -45.980  -35.087  15.937 0.3000000119
114815  -47.989  -32.771  18.023 0.3000000119
23407  -48.701  -32.756  18.135 0.3000000119
115841  -46.290  -34.483  14.675 0.3000000119
118036  -45.835  -35.473  15.458 0.3000000119
114857  -49.037  -31.340  17.634 0.3000000119
21911  -46.403  -34.375  13.983 0.3000000119
24807  -49.527  -31.032  17.329 0.3000000119
22655  -45.746  -33.388  11.990 0.3000000119
22652  -46.109  -33.754  12.782 0.3000000119
25519  -49.866  -30.224  16.152 0.3000000119
21918  -46.403  -34.318  12.174 0.3000000119
22656  -46.201  -33.946  11.252 0.3000000119
21924  -46.632  -34.425  10.635 0.3000000119
21933  -46.886  -34.137  9.796 0.4000000060
21934  -47.604  -34.649  9.264 0.5000000000
21886  -46.258  -34.147  16.298 0.3000000119
21875  -46.444  -34.353  17.307 0.3000000119
23414  -47.487  -33.205  17.889 0.3000000119
101541  -46.299  -33.632  15.543 0.3000000119
22623  -46.347  -33.163  16.133 0.3000000119
22611  -46.521  -33.462  16.956 0.3000000119
23413  -46.974  -32.903  17.347 0.3000000119
22644  -46.249  -33.645  14.636 0.3000000119
103202  -47.506  -32.427  17.633 0.3000000119
22648  -46.197  -33.676  13.599 0.3000000119
24806  -48.728  -30.823  17.285 0.3000000119
24816  -48.387  -30.221  16.738 0.3000000119
111067  -49.059  -29.997  16.375 0.3000000119
105621  -49.320  -28.410  13.967 0.3000000119
26209  -48.716  -28.923  15.274 0.3000000119
23456  -45.386  -32.587  11.514 0.3000000119
22660  -45.780  -33.189  10.963 0.3000000119
22661  -46.306  -33.666  10.377 0.3000000119
23438  -46.250  -32.328  15.932 0.3000000119
24117  -46.564  -31.753  16.450 0.3000000119
22647  -45.898  -32.978  13.989 0.3000000119
22632  -46.008  -32.826  14.680 0.3000000119
22633  -46.204  -32.939  15.329 0.3000000119
23437  -45.854  -32.094  15.087 0.3000000119
24124  -46.181  -31.512  15.773 0.3000000119
104378  -46.548  -31.090  16.231 0.3000000119
24118  -47.081  -31.124  16.802 0.3000000119
22651  -45.636  -33.004  13.024 0.3000000119
108073  -45.421  -32.314  13.672 0.3000000119
24134  -45.400  -31.598  14.282 0.3000000119
24123  -45.751  -31.128  15.124 0.3000000119
24822  -45.855  -30.251  15.157 0.3000000119
103018  -46.466  -29.955  15.691 0.3000000119
99555  -47.480  -30.337  16.594 0.3000000119
116586  -45.318  -32.614  12.294 0.3000000119
26214  -47.526  -28.376  14.846 0.3000000119
26207  -47.286  -28.881  15.294 0.3000000119
26956  -47.059  -27.980  14.242 0.3000000119
26215  -48.306  -28.377  14.788 0.3000000119
26208  -47.936  -28.786  15.375 0.3000000119
117009  -48.229  -27.028  13.151 0.3000000119
26957  -47.887  -27.845  14.286 0.3000000119
23462  -45.549  -32.409  10.641 0.4000000060
26981  -48.704  -27.211  12.994 0.3000000119
23463  -46.008  -32.903  10.092 0.4000000060
101513  -50.460  -27.534  10.818 0.3000000119
22669  -46.577  -33.349  9.549 0.3000000119
22674  -46.810  -33.034  8.860 0.4000000060
111570  -51.147  -27.710  9.683 0.3000000119
22675  -47.288  -33.770  8.887 0.5000000000
102311  -47.830  -33.827  8.124 0.5000000000
23453  -45.088  -32.158  12.897 0.3000000119
24133  -44.957  -30.976  13.723 0.3000000119
24832  -44.935  -30.111  13.804 0.3000000119
26213  -45.875  -29.041  14.297 0.3000000119
26224  -46.267  -28.339  13.916 0.3000000119
24152  -45.174  -31.942  11.155 0.4000000060
27655  -47.784  -26.957  13.176 0.3000000119
27667  -48.203  -26.727  12.761 0.3000000119
115649  -45.426  -31.068  9.923 0.4000000060
23472  -45.799  -32.107  9.808 0.5000000000
27668  -48.901  -26.859  12.378 0.3000000119
27676  -49.870  -27.052  11.275 0.4000000060
27688  -49.530  -26.394  10.928 0.4000000060
23473  -46.332  -32.573  9.296 0.5000000000
23481  -46.646  -32.377  8.479 0.6000000238
27689  -50.637  -27.167  9.984 0.3000000119
23482  -47.327  -33.088  8.109 0.6000000238
23490  -47.619  -32.886  7.174 0.6000000238
24853  -44.609  -30.440  12.605 0.3000000119
25558  -44.658  -29.575  12.324 0.3000000119
26238  -44.959  -28.756  12.382 0.3000000119
24151  -44.903  -31.874  12.011 0.3000000119
25544  -44.984  -29.183  13.095 0.3000000119
26964  -45.850  -27.979  13.070 0.3000000119
26965  -46.647  -27.685  13.486 0.3000000119
27665  -46.616  -26.868  12.439 0.4000000060
24162  -45.382  -31.560  10.378 0.4000000060
27666  -47.422  -26.559  12.487 0.4000000060
27673  -47.417  -26.118  11.808 0.4000000060
24897  -45.467  -30.637  9.516 0.5000000000
27674  -48.203  -26.325  11.982 0.4000000060
28374  -48.709  -25.969  11.257 0.4000000060
28391  -49.247  -25.715  10.569 0.4000000060
24181  -45.792  -31.026  9.022 0.5000000000
24182  -46.396  -31.548  8.039 0.6000000238
27675  -49.157  -26.572  11.672 0.4000000060
27708  -50.055  -26.286  10.092 0.4000000060
28411  -50.238  -25.938  9.290 0.4000000060
23489  -46.920  -32.310  7.646 0.6000000238
27709  -50.558  -26.595  9.423 0.3000000119
27714  -50.696  -26.406  8.772 0.4000000060
23494  -47.140  -32.162  6.834 0.6000000238
23495  -47.879  -32.752  6.277 0.6000000238
24869  -44.624  -30.331  11.748 0.3000000119
99891  -44.744  -28.990  11.773 0.3000000119
26987  -45.318  -27.580  11.718 0.3000000119
24161  -44.899  -31.131  11.215 0.3000000119
24884  -44.834  -30.226  10.851 0.3000000119
26979  -45.910  -27.341  12.308 0.3000000119
27664  -46.203  -26.664  11.835 0.4000000060
25580  -45.142  -30.024  10.046 0.5000000000
27672  -46.825  -26.290  11.897 0.4000000060
28373  -47.823  -25.724  11.374 0.4000000060
25594  -45.355  -29.837  9.243 0.5000000000
28390  -48.385  -25.350  10.817 0.4000000060
24910  -45.694  -30.435  8.648 0.5000000000
24911  -46.048  -30.778  7.994 0.6000000238
28410  -49.647  -25.513  9.831 0.4000000060
28420  -50.374  -25.622  8.527 0.4000000060
100972  -46.664  -31.667  7.305 0.6000000238
27720  -50.792  -26.205  8.165 0.4000000060
28426  -50.706  -25.669  7.765 0.4000000060
24193  -47.346  -31.961  5.986 0.6999999881
23497  -48.900  -33.263  4.519 0.6999999881
22686  -48.775  -33.527  5.543 0.6999999881
26248  -44.767  -28.772  10.961 0.4000000060
26249  -44.949  -28.309  11.730 0.4000000060
27003  -45.293  -27.048  11.109 0.4000000060
27687  -45.336  -26.364  10.627 0.4000000060
25593  -44.998  -29.150  9.873 0.4000000060
26259  -44.815  -28.178  10.143 0.4000000060
100902  -45.767  -26.449  11.273 0.4000000060
26275  -44.994  -28.469  9.253 0.4000000060
28372  -46.965  -25.647  11.312 0.4000000060
28388  -46.718  -25.038  10.682 0.4000000060
28389  -47.513  -25.153  10.836 0.4000000060
29087  -48.124  -24.763  10.337 0.4000000060
29088  -48.979  -25.059  10.219 0.4000000060
102732  -49.311  -24.488  9.186 0.4000000060
24917  -45.761  -30.093  7.901 0.6000000238
28419  -49.835  -25.206  9.175 0.4000000060
29118  -50.316  -25.034  7.998 0.4000000060
24923  -45.860  -29.898  7.173 0.6000000238
24924  -46.230  -30.524  6.852 0.6999999881
24196  -46.931  -31.208  5.640 0.6999999881
29124  -50.623  -24.847  7.317 0.4000000060
27002  -44.902  -27.189  10.246 0.4000000060
117285  -45.260  -29.148  9.023 0.4000000060
27025  -44.822  -27.751  9.524 0.4000000060
101656  -45.841  -25.781  10.847 0.4000000060
25604  -45.483  -29.588  8.464 0.6000000238
104121  -45.239  -28.662  8.327 0.5000000000
29086  -47.271  -24.594  10.282 0.4000000060
25618  -45.649  -29.104  6.773 0.6999999881
29106  -47.857  -24.206  9.797 0.4000000060
25619  -46.088  -29.780  6.347 0.6999999881
107843  -49.312  -23.980  8.624 0.4000000060
24929  -46.498  -30.522  6.028 0.6999999881
29123  -49.976  -24.195  7.919 0.4000000060
24200  -47.224  -31.072  4.719 0.6999999881
24197  -47.533  -31.796  5.053 0.6999999881
23501  -49.357  -33.206  3.253 0.6999999881
29132  -51.379  -24.279  6.155 0.4000000060
29137  -51.832  -24.416  5.652 0.4000000060
27033  -44.791  -27.054  8.385 0.4000000060
27713  -44.822  -26.212  8.913 0.4000000060
27706  -44.985  -26.318  9.841 0.4000000060
27707  -45.409  -25.623  10.209 0.4000000060
25611  -45.570  -29.305  7.668 0.6999999881
27034  -45.091  -27.718  7.776 0.5000000000
29085  -46.497  -24.527  10.099 0.4000000060
26296  -45.594  -28.259  6.487 0.6999999881
29105  -47.012  -24.047  9.752 0.4000000060
29792  -48.506  -23.863  9.181 0.4000000060
25623  -45.925  -28.835  5.816 0.6999999881
29791  -47.536  -23.616  9.280 0.4000000060
29801  -48.735  -23.400  8.611 0.4000000060
25624  -46.422  -29.750  5.291 0.6999999881
29809  -49.337  -23.361  8.154 0.4000000060
104686  -46.741  -30.565  5.210 0.6999999881
29810  -49.942  -23.354  7.550 0.4000000060
105690  -50.380  -23.988  7.301 0.4000000060
29816  -50.494  -23.363  6.953 0.4000000060
24201  -47.773  -31.596  4.258 0.6999999881
29131  -50.832  -24.170  6.753 0.4000000060
105051  -48.331  -31.788  3.451 0.6999999881
29823  -51.706  -23.578  5.681 0.4000000060
29824  -52.302  -23.341  5.193 0.4000000060
28424  -44.912  -25.648  8.362 0.4000000060
28417  -45.021  -25.295  8.991 0.4000000060
28409  -45.445  -24.940  9.633 0.4000000060
27040  -45.160  -27.143  7.011 0.6000000238
27718  -44.872  -26.336  8.001 0.5000000000
28418  -45.301  -24.675  8.949 0.5000000000
29103  -45.697  -24.199  9.176 0.4000000060
27686  -40.593  -26.802  10.455 0.4000000060
27023  -41.639  -27.257  9.902 0.5000000000
27046  -45.508  -27.405  6.239 0.6000000238
29790  -46.715  -23.586  9.205 0.4000000060
26308  -45.981  -28.126  5.185 0.6000000238
29799  -47.149  -23.092  8.737 0.4000000060
26301  -46.294  -28.848  4.832 0.6000000238
30521  -48.569  -22.782  8.253 0.4000000060
25629  -46.652  -29.491  4.379 0.6999999881
25633  -47.242  -29.744  3.506 0.6999999881
30534  -50.061  -22.595  7.203 0.4000000060
24936  -47.826  -31.083  3.557 0.6999999881
30541  -50.681  -22.635  6.584 0.4000000060
30542  -51.290  -22.688  5.993 0.4000000060
30552  -51.922  -22.696  5.459 0.4000000060
30566  -53.236  -22.748  4.404 0.4000000060
29115  -45.047  -24.932  8.355 0.5000000000
28432  -45.272  -25.763  6.703 0.6000000238
28425  -45.048  -25.516  7.593 0.5000000000
29116  -45.395  -24.210  8.455 0.5000000000
28385  -39.663  -25.815  10.525 0.3000000119
28386  -40.535  -25.993  10.358 0.4000000060
28406  -41.312  -25.791  9.844 0.5000000000
27057  -46.036  -27.579  4.834 0.6000000238
27732  -45.616  -26.701  5.623 0.6000000238
29797  -45.802  -23.617  8.563 0.4000000060
26309  -46.318  -28.105  4.381 0.6000000238
29798  -46.372  -23.245  8.651 0.5000000000
111632  -47.010  -28.511  3.131 0.6999999881
115722  -46.598  -28.279  3.789 0.6000000238
30520  -47.611  -22.438  8.224 0.4000000060
26319  -47.982  -29.006  1.921 0.8000000119
31398  -49.456  -21.845  7.347 0.4000000060
109635  -49.330  -22.620  7.762 0.4000000060
31417  -50.890  -21.904  6.252 0.4000000060
31434  -51.508  -21.928  5.700 0.4000000060
31447  -52.779  -21.978  4.709 0.4000000060
31448  -53.485  -21.911  4.288 0.4000000060
28446  -45.693  -25.216  5.397 0.6000000238
28438  -45.482  -25.103  6.247 0.6000000238
108131  -45.235  -25.025  6.981 0.5000000000
29122  -45.227  -24.542  7.680 0.5000000000
29083  -40.151  -25.276  10.427 0.4000000060
28405  -40.788  -25.118  10.114 0.4000000060
107063  -46.351  -26.867  3.978 0.6000000238
103566  -45.840  -26.023  5.113 0.6000000238
29808  -45.550  -23.601  7.773 0.5000000000
28407  -41.915  -25.678  9.167 0.5000000000
27069  -47.222  -27.983  2.593 0.6999999881
27064  -46.563  -27.719  3.640 0.6999999881
30518  -46.007  -22.983  8.089 0.5000000000
28416  -42.290  -25.592  8.409 0.5000000000
107740  -48.298  -27.648  1.170 0.6999999881
107742  -47.475  -27.307  2.120 0.6999999881
30531  -46.326  -22.365  7.630 0.5000000000
28430  -42.796  -25.330  6.984 0.6999999881
28423  -42.557  -25.466  7.684 0.6000000238
27074  -49.405  -28.483  -0.258 0.6999999881
27070  -48.369  -28.499  1.311 0.6999999881
110501  -47.599  -21.755  7.769 0.5000000000
28437  -43.371  -25.045  5.763 0.6999999881
27731  -43.321  -25.931  5.750 0.6999999881
26323  -49.553  -29.407  0.063 0.6999999881
30533  -48.467  -21.933  7.798 0.4000000060
25642  -49.428  -29.529  -0.385 0.6999999881
25641  -49.460  -29.969  -0.147 0.8000000119
31416  -50.237  -21.869  6.810 0.4000000060
100084  -52.385  -21.385  5.008 0.4000000060
32311  -52.964  -21.094  4.624 0.4000000060
29144  -45.956  -24.539  4.982 0.6000000238
29136  -45.670  -24.405  5.790 0.6000000238
29821  -45.654  -23.570  6.181 0.6000000238
29815  -45.615  -23.363  6.990 0.5000000000
29082  -39.505  -25.012  10.462 0.4000000060
29100  -40.182  -24.532  10.298 0.4000000060
100951  -41.451  -24.976  9.526 0.6999999881
28461  -46.784  -25.416  3.067 0.6999999881
27740  -46.217  -26.096  4.342 0.6000000238
28447  -46.111  -25.307  4.669 0.6000000238
29102  -42.013  -24.944  8.852 0.6999999881
107278  -48.617  -26.417  0.493 0.6999999881
27754  -47.810  -26.596  1.449 0.6999999881
27753  -47.051  -26.317  2.620 0.6999999881
27746  -46.582  -26.165  3.530 0.6999999881
30539  -45.811  -22.823  6.606 0.5000000000
30530  -45.855  -22.838  7.400 0.5000000000
29121  -42.566  -24.546  7.638 0.6999999881
31394  -46.548  -21.679  7.280 0.5000000000
29128  -43.007  -24.485  6.857 0.6999999881
27081  -49.154  -27.075  -1.087 0.6999999881
27758  -49.051  -27.509  0.255 0.6999999881
31396  -47.920  -21.204  7.467 0.4000000060
28431  -43.167  -25.215  6.339 0.6999999881
27080  -48.941  -27.582  -1.123 0.6999999881
26328  -49.143  -28.160  -0.743 0.6999999881
28473  -48.575  -25.851  -1.676 0.6000000238
27760  -47.007  -26.735  -0.844 0.6000000238
27079  -47.948  -27.519  -0.923 0.6999999881
31397  -48.786  -21.155  7.330 0.4000000060
31415  -49.687  -21.048  6.892 0.4000000060
29142  -43.867  -24.454  4.754 0.6999999881
28472  -47.375  -25.928  -1.342 0.6000000238
98788  -50.446  -21.290  6.447 0.4000000060
28469  -46.272  -25.897  -0.496 0.6000000238
32288  -50.268  -20.570  6.357 0.4000000060
32300  -51.508  -20.452  5.494 0.4000000060
100125  -51.803  -21.244  5.410 0.4000000060
32301  -52.251  -20.606  5.065 0.4000000060
32312  -53.453  -20.313  4.452 0.4000000060
29832  -45.893  -23.768  5.307 0.6000000238
29099  -39.395  -24.192  10.319 0.6000000238
29787  -40.186  -23.547  9.951 0.6000000238
107703  -40.928  -24.264  9.850 0.6999999881
29160  -47.579  -24.777  1.707 0.6000000238
29153  -46.650  -24.572  3.460 0.6999999881
29145  -46.348  -24.575  4.263 0.6000000238
28470  -48.881  -25.692  0.210 0.6000000238
28467  -47.960  -25.641  1.213 0.6000000238
28462  -47.319  -25.542  2.173 0.6999999881
29101  -41.590  -24.193  9.179 0.6999999881
28471  -49.356  -25.661  -0.848 0.6000000238
30540  -46.053  -22.189  6.973 0.5000000000
29813  -42.750  -23.648  7.318 0.6999999881
29807  -42.325  -23.563  8.028 0.6999999881
27762  -49.172  -26.110  -1.547 0.6000000238
112522  -49.327  -26.228  -1.306 0.6000000238
32273  -46.798  -21.010  6.932 0.4000000060
29135  -43.571  -24.378  5.489 0.6999999881
29814  -43.181  -23.652  6.661 0.6999999881
27761  -48.506  -26.724  -1.361 0.6999999881
29820  -43.451  -23.564  5.955 0.6999999881
32275  -48.213  -20.541  7.129 0.4000000060
32276  -48.955  -20.544  7.023 0.4000000060
29166  -46.502  -25.016  -0.936 0.6000000238
32286  -48.616  -19.968  6.757 0.4000000060
32287  -49.460  -20.195  6.656 0.4000000060
109320  -44.493  -23.903  3.546 0.6999999881
109319  -44.689  -24.125  2.889 0.6999999881
29158  -45.125  -24.813  1.765 0.6999999881
28466  -45.301  -25.622  1.376 0.6000000238
32299  -50.787  -20.129  5.856 0.4000000060
115101  -51.904  -19.921  5.230 0.4000000060
33105  -52.443  -19.774  4.903 0.4000000060
111234  -52.814  -20.288  4.695 0.4000000060
33106  -53.100  -19.616  4.602 0.3000000119
29785  -38.151  -23.356  9.828 0.5000000000
98265  -48.191  -23.330  0.568 0.6000000238
29159  -47.084  -24.649  2.620 0.6000000238
29843  -46.485  -23.677  3.896 0.6000000238
102433  -46.227  -23.956  4.638 0.6000000238
29833  -46.300  -23.139  4.802 0.6000000238
29786  -39.111  -23.390  9.956 0.6000000238
29788  -41.111  -23.427  9.463 0.5000000000
29860  -48.752  -23.981  -0.169 0.6000000238
29167  -48.884  -24.836  0.044 0.6000000238
29164  -48.198  -24.981  0.901 0.6000000238
30564  -46.382  -22.233  4.643 0.5000000000
29822  -45.884  -22.968  5.715 0.4000000060
30551  -45.947  -22.199  6.139 0.5000000000
29796  -41.735  -23.386  8.735 0.6999999881
98670  -46.138  -22.411  5.370 0.5000000000
31433  -46.274  -21.563  5.553 0.4000000060
31414  -46.336  -21.551  6.552 0.4000000060
30517  -42.009  -22.895  8.221 0.8000000119
29170  -48.891  -24.577  -1.692 0.6000000238
115216  -46.561  -20.805  6.217 0.4000000060
32284  -47.045  -20.341  6.579 0.4000000060
112738  -42.954  -22.992  7.047 0.6999999881
29169  -47.934  -25.034  -1.713 0.6000000238
29862  -47.121  -24.139  -1.576 0.6000000238
32285  -47.760  -19.959  6.653 0.4000000060
29830  -43.764  -23.551  5.192 0.6999999881
33082  -49.137  -19.416  6.422 0.4000000060
33083  -50.007  -19.715  6.230 0.4000000060
29831  -44.191  -23.546  4.353 0.6999999881
29848  -44.761  -23.252  2.986 0.6999999881
103563  -44.998  -23.941  2.177 0.6999999881
29858  -45.633  -23.899  0.558 0.6999999881
33093  -50.559  -19.233  5.758 0.4000000060
33897  -50.343  -18.297  5.585 0.4000000060
33911  -51.709  -18.286  5.048 0.3000000119
33104  -51.964  -19.100  5.075 0.4000000060
33912  -52.468  -18.288  4.712 0.4000000060
111667  -52.666  -19.096  4.732 0.3000000119
102116  -47.694  -23.139  1.454 0.6000000238
103974  -47.257  -22.994  2.422 0.6000000238
103444  -46.839  -22.905  3.307 0.6000000238
30581  -46.668  -22.019  3.690 0.5000000000
30497  -38.737  -22.624  9.445 0.6000000238
30498  -39.702  -22.714  9.539 0.6000000238
30603  -48.520  -23.167  -0.425 0.6000000238
30600  -47.992  -22.455  0.613 0.6000000238
107285  -46.547  -21.387  4.543 0.5000000000
30500  -41.250  -22.775  9.071 0.6999999881
29861  -48.989  -23.896  -1.345 0.6000000238
30529  -42.446  -22.736  7.608 0.6999999881
30528  -41.780  -22.226  8.062 0.6999999881
29865  -48.513  -23.720  -2.000 0.6000000238
29863  -48.657  -23.691  -1.873 0.6000000238
114446  -46.567  -20.584  5.273 0.5000000000
32298  -46.777  -20.167  6.006 0.5000000000
30537  -42.827  -22.268  6.939 0.8000000119
31393  -42.184  -21.814  7.375 0.8000000119
33091  -47.464  -19.024  5.634 0.4000000060
33080  -47.751  -19.313  6.228 0.4000000060
30550  -43.515  -22.721  5.712 0.8000000119
30562  -43.873  -22.635  4.917 0.6999999881
29859  -46.124  -24.095  -0.616 0.6999999881
35672  -48.483  -16.244  3.552 0.5000000000
34797  -48.927  -16.526  4.426 0.5000000000
34784  -48.012  -17.771  5.226 0.4000000060
33888  -48.819  -18.685  6.086 0.4000000060
30563  -44.241  -22.512  4.193 0.6999999881
29842  -44.476  -23.128  3.735 0.6999999881
29856  -45.356  -23.444  1.485 0.6999999881
30602  -45.886  -23.241  -0.264 0.6999999881
36514  -49.039  -15.739  2.803 0.5000000000
35647  -49.751  -16.614  4.694 0.4000000060
34786  -49.210  -17.144  5.107 0.4000000060
33896  -49.332  -17.950  5.651 0.4000000060
116032  -49.867  -15.667  2.292 0.4000000060
35673  -49.307  -15.998  3.788 0.5000000000
35674  -50.123  -16.057  4.082 0.4000000060
34798  -50.593  -16.683  4.606 0.4000000060
116596  -51.023  -17.229  4.899 0.4000000060
34788  -51.071  -17.854  5.243 0.4000000060
36532  -50.623  -15.686  2.357 0.4000000060
36515  -49.939  -15.751  3.163 0.4000000060
97486  -51.023  -16.202  4.030 0.4000000060
35658  -51.400  -16.822  4.419 0.4000000060
34799  -51.774  -17.552  4.735 0.4000000060
30594  -47.504  -22.228  1.809 0.6000000238
30513  -38.362  -21.853  8.774 0.5000000000
30606  -48.328  -22.395  -0.745 0.6000000238
31484  -47.591  -21.506  1.136 0.6000000238
31478  -47.306  -21.295  2.263 0.5000000000
116446  -46.981  -21.483  3.089 0.5000000000
30514  -39.358  -22.051  9.033 0.6000000238
31376  -41.019  -21.976  8.745 0.6999999881
31490  -48.496  -22.269  -1.970 0.6000000238
30607  -48.682  -23.099  -1.627 0.6000000238
31477  -47.016  -20.785  3.049 0.5000000000
104773  -46.713  -20.373  3.781 0.5000000000
31375  -40.000  -21.646  8.556 0.6000000238
115111  -47.904  -23.606  -2.078 0.6000000238
103614  -48.408  -22.724  -2.279 0.6000000238
33119  -46.794  -19.569  3.941 0.5000000000
32310  -46.694  -20.023  4.596 0.5000000000
34814  -47.479  -17.423  3.591 0.5000000000
97895  -46.907  -19.099  3.311 0.5000000000
33103  -47.005  -19.209  4.788 0.5000000000
31412  -42.532  -21.542  6.596 0.8000000119
103048  -47.182  -23.209  -1.942 0.6000000238
35698  -47.386  -16.310  1.583 0.5000000000
35697  -46.928  -16.975  1.162 0.5000000000
35671  -47.761  -16.593  3.245 0.5000000000
99846  -47.361  -18.037  4.130 0.5000000000
33929  -47.077  -18.736  4.100 0.5000000000
33910  -47.494  -18.352  4.885 0.4000000060
31413  -43.152  -22.048  6.204 0.8000000119
35686  -47.562  -16.435  2.423 0.5000000000
35657  -48.107  -16.907  4.042 0.5000000000
107715  -47.794  -17.591  4.479 0.5000000000
31445  -44.213  -21.763  3.915 0.8000000119
109020  -45.371  -22.772  1.604 0.6999999881
30604  -45.723  -22.359  -0.026 0.6999999881
36543  -47.817  -15.782  0.972 0.5000000000
36544  -48.498  -15.614  1.259 0.4000000060
29849  -45.178  -22.985  2.215 0.6999999881
117102  -49.373  -15.613  1.578 0.4000000060
30512  -37.314  -21.830  8.840 0.5000000000
31489  -48.215  -21.757  -1.203 0.6000000238
31486  -47.869  -21.652  -0.079 0.6000000238
32356  -47.427  -20.587  1.484 0.5000000000
33135  -47.143  -20.327  2.368 0.5000000000
31372  -36.707  -21.206  8.218 0.5000000000
31373  -37.650  -21.337  8.111 0.5000000000
31374  -39.159  -21.606  8.412 0.5000000000
30611  -48.211  -21.859  -2.801 0.6000000238
31492  -48.312  -21.502  -2.258 0.6000000238
98173  -46.870  -18.866  1.906 0.5000000000
33945  -46.912  -18.564  2.700 0.5000000000
30610  -47.938  -21.935  -2.893 0.6000000238
31493  -48.070  -21.309  -3.112 0.6000000238
34855  -46.513  -17.706  0.668 0.5000000000
113513  -46.583  -18.298  1.269 0.5000000000
33959  -46.677  -18.021  2.075 0.5000000000
33930  -47.119  -18.254  3.454 0.5000000000
111466  -40.948  -21.098  7.211 0.6999999881
30605  -46.252  -22.629  -1.251 0.6000000238
115560  -47.365  -17.047  2.837 0.5000000000
33946  -47.084  -17.741  2.798 0.5000000000
31411  -41.670  -21.099  6.863 0.6999999881
35711  -47.322  -16.226  0.717 0.5000000000
31431  -42.859  -21.340  5.791 0.6999999881
36559  -48.539  -15.416  0.012 0.4000000060
31432  -43.461  -21.867  5.402 0.8000000119
30591  -44.866  -22.257  2.752 0.6999999881
103901  -49.250  -15.491  0.561 0.5000000000
36560  -49.857  -15.272  -0.632 0.5000000000
32297  -43.205  -21.052  4.993 0.6999999881
30580  -44.491  -22.376  3.486 0.8000000119
36545  -50.425  -15.609  1.320 0.5000000000
36563  -52.648  -15.205  0.535 0.4000000060
37529  -53.606  -15.265  0.472 0.5000000000
35712  -54.073  -16.038  0.529 0.5000000000
36564  -53.701  -15.671  0.586 0.5000000000
32361  -47.510  -20.816  0.349 0.6000000238
32364  -47.834  -20.982  -1.143 0.6000000238
33160  -47.225  -19.955  0.735 0.5000000000
33150  -47.142  -19.719  1.701 0.5000000000
31388  -37.034  -21.009  7.403 0.5000000000
110241  -38.552  -21.357  7.874 0.5000000000
31390  -39.530  -21.292  7.594 0.6999999881
30612  -48.209  -21.328  -2.986 0.6000000238
98313  -47.746  -20.287  -1.883 0.6000000238
33162  -47.346  -19.646  -1.432 0.6000000238
34861  -46.535  -17.864  -0.500 0.5000000000
33149  -46.903  -19.105  1.020 0.5000000000
31387  -36.080  -20.873  7.317 0.5000000000
102949  -38.722  -21.202  6.887 0.6000000238
31491  -47.396  -21.473  -2.673 0.6000000238
33968  -46.565  -18.455  0.283 0.5000000000
31410  -40.227  -21.105  6.921 0.6999999881
32370  -47.682  -20.660  -3.110 0.6000000238
35710  -46.926  -16.979  0.266 0.5000000000
32281  -40.813  -20.890  6.439 0.6999999881
32367  -46.587  -20.884  -2.210 0.6000000238
36558  -47.703  -15.655  -0.004 0.6000000238
36570  -47.522  -15.823  -0.889 0.4000000060
36571  -48.488  -15.225  -1.175 0.5000000000
31485  -45.542  -21.643  0.179 0.6999999881
31487  -45.783  -21.772  -0.704 0.6999999881
30599  -45.415  -22.308  1.387 0.6999999881
36574  -51.103  -14.926  -1.189 0.4000000060
37527  -51.420  -14.697  -0.486 0.4000000060
31476  -45.290  -21.627  1.558 0.6999999881
36575  -51.456  -14.983  -0.694 0.4000000060
32329  -43.786  -20.670  3.315 0.6999999881
37528  -52.550  -14.928  0.399 0.4000000060
32296  -42.350  -20.715  5.189 0.6999999881
36565  -54.154  -15.656  0.312 0.5000000000
35713  -54.446  -16.171  0.310 0.5000000000
103193  -47.410  -20.153  -0.488 0.5000000000
33159  -47.026  -19.331  -0.053 0.5000000000
33167  -48.069  -19.768  -2.957 0.6000000238
31407  -37.169  -21.295  6.415 0.6000000238
31408  -38.106  -21.357  6.196 0.6000000238
33172  -47.985  -20.206  -3.283 0.6000000238
112846  -38.815  -21.385  6.037 0.6000000238
33166  -47.303  -20.005  -3.029 0.5000000000
109339  -47.622  -19.717  -3.094 0.5000000000
35719  -47.101  -16.906  -0.726 0.5000000000
31409  -39.449  -21.245  6.443 0.6999999881
32366  -46.410  -20.166  -2.228 0.6000000238
35720  -47.285  -16.211  -0.048 0.5000000000
35726  -47.498  -16.747  -1.886 0.6000000238
36582  -48.333  -15.458  -1.961 0.5000000000
32280  -40.133  -21.146  5.910 0.6999999881
100037  -45.470  -20.939  -0.238 0.6999999881
97308  -49.406  -14.842  -1.176 0.5000000000
110893  -49.805  -14.539  -0.923 0.4000000060
32282  -41.327  -20.779  6.058 0.6999999881
102959  -45.373  -21.094  0.906 0.6999999881
112968  -44.988  -20.449  1.285 0.6999999881
36584  -49.516  -14.860  -1.552 0.5000000000
37539  -50.172  -14.720  -1.374 0.4000000060
37525  -50.526  -14.432  -0.977 0.4000000060
37526  -50.907  -14.453  -0.845 0.4000000060
31475  -44.864  -21.282  2.335 0.6999999881
37514  -51.333  -14.358  0.307 0.4000000060
37515  -52.102  -14.369  0.797 0.4000000060
32295  -41.409  -20.687  5.247 0.6999999881
38428  -52.992  -14.005  1.104 0.4000000060
32308  -42.580  -20.528  4.181 0.6999999881
103693  -43.110  -20.494  3.541 0.6999999881
38440  -53.632  -14.583  0.596 0.4000000060
38441  -54.161  -14.310  0.486 0.4000000060
36566  -54.545  -15.851  -0.030 0.5000000000
37530  -54.374  -15.063  0.148 0.5000000000
33982  -47.484  -19.374  -2.344 0.5000000000
115087  -47.166  -18.622  -1.670 0.5000000000
99360  -48.017  -19.082  -3.003 0.5000000000
33981  -47.159  -17.857  -1.710 0.5000000000
31427  -37.579  -22.134  5.396 0.6000000238
31428  -38.518  -22.000  5.296 0.6000000238
33987  -47.630  -18.927  -3.317 0.5000000000
31429  -39.430  -21.693  5.249 0.6999999881
33171  -46.899  -19.263  -3.063 0.5000000000
115864  -48.167  -16.288  -2.455 0.6000000238
36592  -49.279  -15.482  -2.925 0.5000000000
33165  -46.419  -19.620  -2.427 0.6000000238
33161  -45.616  -19.537  -1.366 0.6999999881
36583  -49.205  -14.756  -2.468 0.5000000000
98460  -45.318  -19.955  -0.292 0.8000000119
97174  -48.828  -14.912  -1.683 0.5000000000
96659  -50.408  -14.281  -0.366 0.4000000060
32294  -40.749  -20.892  5.477 0.6999999881
33157  -44.191  -19.018  0.497 0.6000000238
32330  -44.282  -20.725  2.712 0.6999999881
32344  -43.815  -20.257  2.373 0.6999999881
33147  -43.913  -19.435  1.073 0.6000000238
33966  -43.471  -18.318  -0.380 0.6000000238
105335  -41.787  -20.618  3.345 0.6999999881
32328  -42.282  -20.442  2.882 0.6000000238
104511  -42.936  -20.193  2.401 0.6999999881
33132  -42.527  -19.493  0.710 0.6000000238
112013  -43.080  -19.233  0.714 0.6000000238
109837  -53.701  -13.417  0.983 0.4000000060
32306  -40.891  -20.905  4.268 0.6999999881
33145  -41.898  -18.960  -0.110 0.6000000238
100668  -54.687  -14.277  0.250 0.5000000000
33144  -41.274  -19.546  -0.046 0.6000000238
33156  -41.829  -18.410  -0.378 0.6000000238
104907  -54.865  -15.148  -0.097 0.5000000000
37542  -55.444  -15.233  -0.393 0.5000000000
34866  -47.972  -18.267  -2.898 0.6000000238
30547  -35.824  -23.393  4.652 0.5000000000
34875  -48.165  -18.430  -3.587 0.6000000238
34876  -48.446  -17.736  -3.521 0.6000000238
30549  -38.063  -23.192  4.450 0.6000000238
31441  -39.040  -22.898  4.139 0.6000000238
109021  -46.914  -18.580  -3.398 0.6000000238
34874  -47.598  -18.272  -3.830 0.6000000238
35734  -48.554  -16.613  -3.055 0.5000000000
36593  -49.359  -15.239  -3.418 0.5000000000
30559  -37.556  -24.261  3.694 0.6000000238
30560  -38.522  -24.095  3.320 0.6000000238
34873  -45.778  -18.024  -2.679 0.6000000238
110838  -48.918  -14.587  -3.371 0.5000000000
96657  -47.719  -14.684  -1.397 0.5000000000
96658  -49.035  -14.561  -0.371 0.4000000060
97350  -49.868  -14.357  -0.459 0.4000000060
31442  -39.881  -22.454  3.593 0.6999999881
30561  -39.373  -23.644  2.702 0.6000000238
33975  -45.075  -18.611  -1.149 0.6999999881
97100  -48.350  -14.678  -2.446 0.5000000000
37513  -50.834  -14.205  0.174 0.4000000060
38427  -51.689  -13.798  1.415 0.4000000060
33158  -44.874  -19.582  0.389 0.6999999881
33967  -44.797  -18.901  -0.286 0.6999999881
34859  -43.171  -17.271  -1.450 0.6999999881
97196  -48.077  -14.743  -3.758 0.5000000000
96656  -47.505  -14.521  -3.088 0.5000000000
102185  -52.383  -13.406  1.472 0.4000000060
31443  -40.511  -21.975  2.573 0.6000000238
33973  -42.653  -17.916  -1.105 0.6000000238
35718  -42.926  -16.925  -1.649 0.6999999881
105944  -52.976  -13.109  1.371 0.4000000060
32327  -41.385  -20.830  1.823 0.6000000238
32343  -42.051  -19.858  0.895 0.6000000238
33965  -42.202  -18.261  -0.856 0.6000000238
34858  -42.655  -17.792  -1.067 0.6000000238
35709  -42.850  -17.015  -1.232 0.6000000238
39394  -53.796  -12.510  1.119 0.4000000060
32342  -40.618  -20.723  0.330 0.6000000238
32354  -40.899  -20.225  0.038 0.6000000238
34854  -42.157  -18.323  -0.677 0.6000000238
107072  -42.638  -17.258  -0.415 0.6000000238
38429  -54.316  -12.898  0.768 0.4000000060
34841  -41.812  -18.368  -0.260 0.6000000238
34842  -42.092  -17.654  0.124 0.6000000238
38452  -55.652  -13.567  -0.280 0.5000000000
38443  -54.965  -13.391  0.316 0.4000000060
109940  -55.894  -14.410  -0.506 0.5000000000
108643  -48.235  -17.716  -4.230 0.6000000238
34881  -46.328  -17.711  -3.421 0.6000000238
34882  -47.720  -17.537  -4.297 0.6000000238
97311  -47.467  -16.559  -4.403 0.6000000238
97156  -48.377  -15.212  -4.291 0.5000000000
30558  -36.580  -24.257  3.917 0.6000000238
35740  -45.695  -16.610  -3.774 0.6000000238
110871  -47.479  -15.726  -4.324 0.5000000000
103253  -46.721  -14.492  -0.648 0.5000000000
97241  -48.881  -14.293  0.756 0.4000000060
29829  -38.029  -24.555  2.951 0.6000000238
30577  -38.742  -24.251  2.369 0.6000000238
34872  -44.961  -16.845  -3.086 0.6000000238
35739  -44.441  -15.784  -3.812 0.6000000238
114359  -45.369  -14.906  -4.424 0.5000000000
37552  -44.105  -14.484  -3.257 0.5000000000
37553  -44.621  -14.264  -2.833 0.5000000000
104633  -45.810  -14.398  -2.905 0.5000000000
102641  -49.776  -14.182  0.500 0.4000000060
110932  -50.260  -14.043  1.072 0.4000000060
97235  -50.979  -13.829  1.449 0.4000000060
34865  -44.142  -17.048  -2.304 0.6999999881
35731  -43.729  -15.358  -3.631 0.5000000000
37558  -45.043  -14.512  -3.628 0.5000000000
96655  -46.451  -14.621  -3.778 0.5000000000
39392  -52.518  -12.569  1.779 0.4000000060
30579  -39.956  -22.757  1.073 0.6000000238
97588  -43.608  -14.785  -0.747 0.6000000238
39393  -53.206  -12.505  1.429 0.4000000060
32326  -40.395  -21.626  0.800 0.6000000238
32341  -40.308  -20.816  0.295 0.6000000238
36557  -43.189  -16.092  -0.453 0.6000000238
31430  -40.311  -21.445  4.665 0.6999999881
32353  -40.762  -20.063  0.043 0.6000000238
40264  -54.287  -12.030  0.872 0.4000000060
33957  -41.150  -19.434  -0.053 0.6000000238
106375  -41.874  -17.917  0.633 0.6000000238
37531  -55.271  -14.310  -0.096 0.5000000000
38453  -56.283  -13.719  -0.824 0.5000000000
38461  -56.884  -13.919  -1.463 0.4000000060
35741  -46.583  -16.525  -4.157 0.6000000238
36601  -46.432  -15.628  -4.372 0.5000000000
37538  -45.393  -13.877  -0.881 0.5000000000
37524  -45.840  -14.077  0.005 0.5000000000
97342  -46.844  -14.397  0.307 0.5000000000
30590  -38.746  -24.024  1.898 0.6000000238
30578  -39.335  -23.442  1.657 0.6000000238
36600  -45.292  -15.514  -4.357 0.6000000238
37548  -44.055  -13.910  -2.435 0.5000000000
97185  -50.219  -13.542  2.191 0.4000000060
97129  -51.016  -12.952  2.325 0.4000000060
37547  -43.819  -14.512  -2.848 0.5000000000
38417  -51.779  -12.849  1.975 0.4000000060
31474  -39.570  -22.745  1.097 0.6000000238
98565  -39.834  -21.866  0.738 0.6000000238
33130  -39.842  -20.994  0.252 0.6000000238
115116  -43.244  -16.205  0.576 0.6000000238
34827  -41.649  -18.369  1.866 0.6000000238
36542  -43.452  -15.880  1.636 0.6000000238
39404  -54.796  -12.553  0.475 0.4000000060
33943  -40.988  -19.018  0.733 0.6000000238
34828  -42.126  -17.848  1.824 0.6000000238
34829  -42.600  -17.316  1.576 0.6000000238
39408  -55.426  -12.620  -0.122 0.4000000060
39409  -56.002  -13.000  -0.676 0.4000000060
39412  -55.909  -12.256  -0.992 0.3000000119
39413  -56.502  -12.903  -1.446 0.4000000060
39414  -57.156  -13.234  -2.192 0.3000000119
37512  -46.989  -14.159  1.203 0.5000000000
97408  -48.299  -14.058  1.999 0.5000000000
110870  -49.441  -13.220  2.839 0.5000000000
38451  -44.232  -13.041  -0.996 0.5000000000
38437  -44.035  -12.428  -0.416 0.6000000238
96662  -49.366  -13.970  1.840 0.4000000060
97092  -50.192  -12.656  2.814 0.5000000000
110794  -50.984  -12.076  2.694 0.4000000060
32340  -39.233  -22.356  1.017 0.6000000238
33117  -39.379  -20.389  2.350 0.6000000238
37536  -43.729  -13.567  -1.228 0.6000000238
117698  -51.424  -12.409  2.388 0.4000000060
40254  -52.724  -11.875  1.807 0.4000000060
33118  -40.087  -20.002  1.416 0.6000000238
37523  -43.614  -13.206  -0.193 0.6999999881
41090  -53.435  -10.835  1.250 0.3000000119
33927  -40.473  -18.932  2.902 0.6000000238
100940  -43.701  -15.026  0.613 0.6000000238
40268  -53.982  -11.320  1.029 0.3000000119
33942  -40.599  -19.438  1.010 0.6000000238
33928  -41.298  -18.509  2.732 0.6000000238
40270  -54.985  -11.878  0.271 0.4000000060
36529  -43.503  -15.643  2.783 0.6000000238
40277  -55.414  -11.757  -0.524 0.3000000119
40285  -56.240  -11.918  -1.852 0.3000000119
39420  -56.811  -12.371  -2.377 0.3000000119
106778  -44.871  -12.610  0.662 0.6000000238
38439  -45.820  -13.596  0.824 0.5000000000
38416  -47.727  -13.528  2.725 0.5000000000
97312  -48.615  -13.511  2.759 0.5000000000
39403  -44.079  -12.065  0.269 0.6000000238
97227  -50.112  -11.860  3.034 0.4000000060
110520  -38.577  -21.002  2.520 0.6000000238
41080  -52.214  -11.154  1.993 0.3000000119
100309  -52.917  -11.261  1.638 0.3000000119
33926  -39.784  -19.230  3.221 0.6000000238
33909  -40.900  -18.166  3.853 0.6000000238
35668  -41.684  -17.604  3.791 0.6000000238
40269  -54.485  -11.282  0.458 0.3000000119
34812  -42.170  -17.802  3.015 0.6000000238
35670  -43.158  -16.309  3.412 0.6000000238
41103  -55.296  -11.138  -0.972 0.3000000119
112407  -55.905  -11.112  -2.187 0.3000000119
40291  -56.507  -11.538  -2.687 0.3000000119
38425  -45.381  -12.757  1.431 0.6000000238
38426  -46.323  -13.473  1.833 0.5000000000
38401  -47.341  -13.018  3.080 0.5000000000
38402  -48.072  -13.052  3.231 0.4000000060
39402  -43.863  -11.964  0.529 0.6000000238
39391  -44.553  -12.141  1.001 0.6000000238
96665  -50.581  -11.284  2.690 0.4000000060
39389  -43.729  -11.928  1.176 0.6000000238
40253  -51.384  -11.291  2.413 0.4000000060
117825  -39.142  -19.210  3.607 0.6000000238
38413  -43.532  -12.843  1.641 0.6000000238
41089  -52.700  -10.605  1.558 0.3000000119
34795  -40.136  -17.764  4.176 0.6000000238
116654  -43.568  -13.958  2.148 0.6000000238
41976  -54.012  -9.940  -0.020 0.3000000119
36503  -43.367  -15.319  3.856 0.6000000238
41098  -54.542  -10.571  -0.154 0.3000000119
35655  -41.710  -16.658  4.214 0.6000000238
36513  -42.973  -16.033  4.093 0.6000000238
41110  -55.396  -10.767  -1.601 0.3000000119
41118  -56.160  -10.672  -3.085 0.3000000119
100415  -44.793  -11.994  1.718 0.6000000238
38414  -45.816  -12.704  2.319 0.5000000000
39367  -47.549  -12.483  3.372 0.5000000000
39368  -48.395  -12.395  3.400 0.4000000060
40245  -49.413  -11.478  3.157 0.4000000060
39390  -43.969  -11.762  1.107 0.6000000238
114940  -49.945  -11.205  2.898 0.4000000060
96666  -50.875  -10.567  2.376 0.4000000060
97202  -51.593  -10.518  2.070 0.4000000060
41961  -52.380  -9.900  1.327 0.3000000119
33907  -39.378  -18.384  4.114 0.6000000238
108100  -43.609  -13.523  2.773 0.6000000238
34794  -39.199  -17.354  4.193 0.6000000238
37489  -43.539  -14.166  3.804 0.6000000238
102508  -53.561  -9.299  -0.366 0.3000000119
100475  -40.940  -17.228  4.161 0.6000000238
111961  -41.595  -15.910  4.367 0.6000000238
35656  -42.374  -16.065  4.310 0.6000000238
39365  -45.292  -11.706  2.565 0.6000000238
40242  -46.985  -11.866  3.504 0.4000000060
40243  -47.869  -11.813  3.544 0.4000000060
116507  -48.917  -11.062  3.216 0.4000000060
39379  -43.930  -11.704  1.893 0.5000000000
39380  -44.280  -11.629  2.064 0.5000000000
110957  -51.056  -9.864  1.949 0.4000000060
39378  -43.764  -11.785  2.841 0.5000000000
110920  -51.720  -9.854  1.597 0.3000000119
38400  -43.633  -12.954  3.452 0.5000000000
41968  -51.910  -9.231  1.007 0.3000000119
35666  -38.945  -16.439  3.913 0.6000000238
37482  -43.193  -14.542  4.463 0.5000000000
35653  -39.974  -16.652  4.102 0.6000000238
35654  -40.896  -16.221  4.224 0.6000000238
37481  -42.614  -14.659  4.702 0.6000000238
36512  -40.147  -15.659  3.945 0.6000000238
36500  -40.998  -15.279  4.246 0.6000000238
36501  -42.058  -15.345  4.523 0.6000000238
109217  -40.104  -14.825  3.814 0.5000000000
37479  -40.678  -14.427  4.253 0.5000000000
40241  -45.296  -11.017  3.192 0.4000000060
41069  -46.484  -10.980  3.548 0.3000000119
99855  -48.172  -10.979  3.369 0.4000000060
110364  -48.828  -10.447  3.002 0.3000000119
40251  -44.059  -11.371  2.597 0.5000000000
40252  -44.557  -11.288  2.656 0.4000000060
41078  -48.773  -9.825  2.763 0.3000000119
41079  -49.481  -9.988  2.584 0.3000000119
41953  -50.321  -9.907  2.257 0.3000000119
107864  -43.670  -12.371  4.070 0.5000000000
115268  -49.754  -9.294  2.054 0.3000000119
110914  -50.466  -9.264  1.704 0.3000000119
38394  -43.361  -13.463  4.512 0.5000000000
97161  -51.182  -9.212  1.354 0.3000000119
38393  -42.964  -13.865  4.906 0.5000000000
42896  -52.659  -8.407  -0.421 0.3000000119
37480  -41.609  -14.617  4.603 0.5000000000
41068  -44.992  -10.330  3.475 0.3000000119
112496  -45.786  -10.410  3.594 0.3000000119
41070  -47.350  -10.392  3.497 0.3000000119
116711  -44.138  -10.887  3.634 0.3000000119
40240  -44.441  -10.958  3.201 0.4000000060
41071  -48.209  -10.094  3.179 0.3000000119
41951  -48.339  -9.387  2.765 0.3000000119
40230  -43.825  -10.883  4.347 0.3000000119
41952  -48.996  -9.297  2.335 0.3000000119
39352  -43.388  -12.698  4.827 0.4000000060
97095  -50.558  -8.547  1.101 0.3000000119
42887  -51.378  -8.599  0.743 0.3000000119
38385  -43.151  -13.171  5.084 0.5000000000
43864  -52.104  -7.881  -0.551 0.3000000119
38392  -42.160  -13.985  4.962 0.5000000000
38399  -40.379  -13.702  4.215 0.4000000060
38391  -41.194  -13.912  4.663 0.5000000000
101187  -45.618  -9.677  3.788 0.3000000119
105453  -46.463  -10.060  3.626 0.3000000119
41053  -43.977  -10.043  4.334 0.3000000119
41940  -47.676  -9.579  3.228 0.3000000119
42870  -49.249  -8.702  1.787 0.3000000119
40218  -42.664  -11.454  5.389 0.3000000119
40219  -43.333  -11.325  5.128 0.3000000119
97318  -50.940  -8.138  0.525 0.3000000119
39350  -42.160  -12.173  5.446 0.3000000119
38384  -42.495  -13.129  5.186 0.4000000060
96671  -50.326  -7.890  0.552 0.3000000119
110633  -50.913  -7.709  0.026 0.3000000119
39358  -41.469  -12.733  5.214 0.4000000060
43871  -52.420  -7.393  -1.334 0.3000000119
38390  -40.027  -12.932  4.200 0.4000000060
113419  -40.815  -13.218  4.749 0.4000000060
43880  -53.174  -7.378  -2.448 0.3000000119
41054  -44.711  -9.771  3.923 0.3000000119
116294  -45.786  -9.090  3.893 0.3000000119
41938  -46.398  -9.201  3.705 0.3000000119
42854  -47.234  -8.891  3.318 0.3000000119
42855  -47.867  -8.973  2.818 0.3000000119
42868  -47.677  -8.332  2.628 0.3000000119
42869  -48.440  -8.635  2.259 0.3000000119
42880  -48.762  -8.089  1.483 0.3000000119
109535  -42.275  -10.783  5.472 0.3000000119
107612  -42.924  -10.690  5.371 0.3000000119
110833  -49.616  -8.178  1.107 0.3000000119
96672  -50.276  -7.307  -0.044 0.3000000119
39349  -41.160  -11.875  5.362 0.4000000060
43862  -50.994  -7.121  -0.516 0.3000000119
43870  -51.706  -7.162  -0.941 0.3000000119
44900  -51.979  -6.735  -1.675 0.3000000119
43879  -52.655  -7.057  -2.059 0.3000000119
44914  -53.278  -6.640  -3.468 0.3000000119
41927  -45.141  -8.988  4.092 0.3000000119
42852  -45.898  -8.477  3.862 0.3000000119
42853  -46.604  -8.500  3.510 0.3000000119
41926  -44.250  -9.269  4.394 0.3000000119
43818  -47.033  -8.061  3.072 0.3000000119
43832  -47.398  -7.578  2.430 0.3000000119
41040  -42.996  -9.869  5.286 0.3000000119
106410  -43.603  -9.586  4.917 0.3000000119
43833  -48.058  -7.853  1.940 0.3000000119
43853  -49.584  -7.501  0.475 0.3000000119
41039  -42.338  -10.075  5.462 0.3000000119
100661  -48.769  -7.061  0.458 0.3000000119
40216  -40.874  -10.974  5.336 0.4000000060
96670  -49.530  -6.828  -0.082 0.3000000119
40228  -40.246  -11.543  4.897 0.4000000060
96669  -50.315  -6.603  -0.596 0.3000000119
44899  -51.120  -6.431  -1.253 0.3000000119
39356  -39.747  -12.078  4.258 0.4000000060
44906  -52.325  -6.391  -2.370 0.3000000119
40238  -39.258  -11.682  3.589 0.4000000060
44907  -52.941  -6.811  -2.740 0.3000000119
46012  -53.078  -5.864  -3.779 0.3000000119
43817  -46.390  -7.803  3.478 0.3000000119
42840  -44.452  -8.476  4.450 0.3000000119
42841  -45.141  -8.106  4.180 0.3000000119
106221  -43.746  -8.766  4.836 0.3000000119
43843  -48.335  -7.382  1.155 0.3000000119
41916  -41.704  -9.452  5.520 0.3000000119
97138  -50.279  -5.864  -1.160 0.3000000119
98346  -51.611  -5.983  -2.017 0.3000000119
44905  -52.025  -5.634  -2.692 0.3000000119
40237  -38.850  -11.149  2.934 0.3000000119
44913  -52.711  -6.092  -3.042 0.3000000119
46019  -52.728  -5.056  -4.114 0.3000000119
46020  -53.474  -5.632  -4.561 0.3000000119
105917  -44.577  -7.784  4.433 0.3000000119
43816  -45.676  -7.558  3.819 0.3000000119
44852  -47.127  -6.794  2.274 0.3000000119
43842  -47.690  -7.153  1.720 0.3000000119
42827  -43.224  -8.281  5.253 0.3000000119
104873  -43.890  -7.868  4.798 0.3000000119
44866  -47.874  -6.823  1.032 0.3000000119
115758  -48.273  -6.961  0.750 0.3000000119
44879  -48.108  -6.630  0.420 0.3000000119
97137  -49.510  -6.168  -0.700 0.3000000119
46006  -51.276  -5.215  -2.392 0.3000000119
46010  -51.630  -4.878  -3.066 0.3000000119
47132  -50.842  -4.560  -2.807 0.3000000119
46011  -52.391  -5.331  -3.382 0.3000000119
47140  -51.958  -4.530  -3.744 0.3000000119
47150  -53.083  -4.682  -4.816 0.3000000119
46028  -53.922  -5.298  -5.383 0.3000000119
43806  -44.344  -7.157  4.512 0.3000000119
43807  -45.002  -7.297  4.175 0.3000000119
105432  -46.164  -6.969  3.407 0.3000000119
43831  -46.796  -7.250  2.944 0.3000000119
43792  -43.196  -7.529  5.239 0.3000000119
43805  -43.668  -7.035  4.878 0.3000000119
44826  -44.725  -6.557  4.167 0.3000000119
44827  -45.431  -6.639  3.736 0.3000000119
44840  -46.459  -6.376  2.785 0.3000000119
44865  -47.356  -6.487  1.518 0.3000000119
111155  -42.113  -7.925  5.540 0.3000000119
44891  -48.587  -6.416  -0.271 0.3000000119
104557  -40.649  -7.891  5.324 0.3000000119
97183  -49.517  -5.534  -1.217 0.3000000119
45998  -50.852  -5.548  -1.747 0.3000000119
46005  -50.518  -4.958  -2.219 0.3000000119
47139  -51.139  -4.187  -3.487 0.3000000119
47149  -52.240  -4.240  -4.454 0.3000000119
45924  -44.404  -5.824  4.142 0.3000000119
44812  -42.635  -6.364  5.274 0.3000000119
44813  -43.341  -6.339  4.932 0.3000000119
44811  -41.836  -6.454  5.474 0.3000000119
43790  -41.620  -7.259  5.515 0.3000000119
113857  -43.083  -6.890  5.215 0.3000000119
43789  -40.386  -7.149  5.210 0.3000000119
117728  -40.981  -7.380  5.463 0.3000000119
110946  -46.991  -15.030  -4.125 0.5000000000
115241  -43.052  -16.336  -2.239 0.6999999881
37557  -44.356  -15.422  -3.647 0.5000000000
36569  -42.965  -16.009  -1.650 0.6000000238
31461  -39.968  -23.170  2.033 0.6000000238
31463  -44.396  -21.374  3.271 0.6999999881
102022  -45.660  -46.330  13.131 0.3000000119
117464  -45.461  -46.065  12.551 0.3000000119
13958  -45.492  -46.113  11.914 0.3000000119
13970  -45.556  -46.086  11.106 0.3000000119
13982  -45.881  -46.023  9.431 0.4000000060
14633  -46.694  -46.006  7.903 0.4000000060
14630  -46.723  -45.259  8.330 0.4000000060
15312  -47.292  -44.517  8.149 0.4000000060
15979  -48.633  -43.727  7.540 0.4000000060
16620  -49.082  -42.341  8.324 0.4000000060
15977  -48.734  -43.086  7.943 0.4000000060
17252  -48.868  -41.445  9.316 0.4000000060
19891  -49.163  -37.561  10.329 0.4000000060
21148  -47.988  -35.584  18.525 0.3000000119
21865  -48.452  -34.895  18.457 0.3000000119
22607  -48.834  -33.646  18.320 0.3000000119
24808  -50.193  -31.311  17.281 0.3000000119
98982  -50.139  -30.783  16.870 0.3000000119
21237  -48.460  -35.174  8.779 0.5000000000
21939  -48.053  -34.448  8.447 0.5000000000
97719  -51.486  -27.961  9.184 0.3000000119
27026  -51.019  -27.183  9.083 0.3000000119
27035  -51.506  -27.593  8.414 0.3000000119
22684  -48.399  -33.537  6.610 0.6000000238
101038  -49.093  -34.320  6.067 0.6000000238
27721  -51.179  -26.360  7.588 0.4000000060
27726  -51.566  -26.464  6.822 0.4000000060
29125  -51.193  -24.983  6.591 0.4000000060
28439  -51.668  -25.030  5.955 0.4000000060
28448  -52.637  -24.840  4.974 0.4000000060
27000  -40.256  -27.376  10.541 0.4000000060
106650  -41.480  -28.019  10.212 0.5000000000
103035  -42.089  -27.912  9.626 0.5000000000
23505  -49.738  -33.152  2.008 0.6999999881
29834  -52.891  -23.599  4.645 0.4000000060
24204  -49.661  -31.887  1.271 0.6999999881
27705  -41.793  -26.461  9.524 0.5000000000
27712  -42.293  -26.383  8.642 0.5000000000
27724  -42.971  -25.924  6.460 0.6000000238
108788  -42.490  -26.075  7.890 0.6000000238
24944  -49.655  -30.911  0.657 0.8000000119
24941  -48.657  -30.904  2.204 0.6999999881
97577  -49.461  -30.687  -0.041 0.8000000119
116847  -49.804  -31.412  0.630 0.6999999881
26320  -49.207  -29.567  0.630 0.8000000119
28444  -43.636  -25.242  5.171 0.8000000119
26325  -48.378  -29.176  -0.552 0.8000000119
25643  -49.041  -29.918  -0.523 0.8000000119
106985  -53.772  -21.076  4.227 0.4000000060
28445  -43.920  -25.377  4.403 0.6999999881
27072  -46.841  -28.433  -0.252 0.8000000119
29152  -44.534  -24.740  3.255 0.6999999881
28459  -44.603  -25.498  2.876 0.6999999881
27075  -45.854  -27.510  0.288 0.8000000119
27757  -45.461  -26.530  0.917 0.6000000238
33107  -53.844  -19.515  4.292 0.3000000119
36516  -50.747  -15.847  3.330 0.4000000060
34800  -52.505  -17.539  4.396 0.4000000060
33913  -53.337  -18.745  4.403 0.3000000119
36533  -51.419  -15.812  2.573 0.4000000060
116613  -51.406  -16.002  3.421 0.4000000060
35659  -52.164  -16.955  4.199 0.4000000060
36546  -51.440  -15.671  1.152 0.4000000060
35699  -53.012  -16.010  1.416 0.4000000060
36561  -51.049  -15.518  0.038 0.5000000000
36562  -51.704  -15.326  -0.074 0.4000000060
36547  -52.453  -15.598  0.739 0.5000000000
35700  -53.682  -16.188  1.047 0.5000000000
35701  -54.333  -16.416  0.913 0.4000000060
110790  -49.910  -14.945  -1.475 0.5000000000
105267  -51.162  -15.158  -0.911 0.4000000060
36576  -54.989  -16.075  -0.375 0.5000000000
117015  -56.032  -15.191  -0.670 0.5000000000
36578  -56.450  -15.631  -1.027 0.5000000000
31425  -34.921  -22.655  5.246 0.5000000000
37543  -56.514  -14.603  -0.907 0.5000000000
30575  -35.470  -23.775  3.813 0.6000000238
30576  -36.577  -24.190  3.521 0.6000000238
29828  -37.320  -24.405  3.369 0.6000000238
29841  -38.312  -24.344  2.515 0.6000000238
107819  -57.643  -13.454  -2.764 0.3000000119
99879  -37.461  -23.453  2.351 0.6000000238
31472  -38.251  -23.427  1.926 0.6000000238
31473  -39.093  -23.227  1.391 0.6000000238
39421  -57.374  -12.757  -2.910 0.3000000119
39424  -57.656  -12.455  -3.643 0.3000000119
31460  -38.257  -22.285  1.939 0.6000000238
33906  -38.593  -18.760  4.013 0.6000000238
34793  -38.479  -17.913  4.144 0.6000000238
34811  -38.354  -17.084  3.863 0.6000000238
35667  -39.441  -15.866  3.808 0.6000000238
35665  -38.181  -16.300  3.415 0.6000000238
36511  -39.454  -15.149  3.479 0.5000000000
117986  -40.045  -14.157  3.805 0.5000000000
38398  -39.724  -13.516  3.631 0.4000000060
39364  -39.386  -12.647  3.474 0.4000000060
39363  -38.844  -12.092  2.959 0.4000000060
47131  -50.057  -4.524  -2.602 0.3000000119
47138  -50.312  -4.175  -3.307 0.3000000119
114555  -50.941  -3.693  -4.645 0.3000000119
48315  -50.943  -3.560  -5.378 0.3000000119
47158  -52.442  -3.944  -5.175 0.3000000119
44810  -40.920  -6.618  5.449 0.3000000119
43803  -39.593  -7.298  4.193 0.3000000119
29146  -52.880  -24.393  4.699 0.4000000060
35702  -54.782  -16.531  0.583 0.5000000000
16581  -44.268  -42.878  13.824 0.3000000119
15943  -44.502  -43.578  13.163 0.3000000119
16587  -44.608  -42.653  12.801 0.3000000119
15962  -46.219  -43.178  9.836 0.4000000060
17226  -44.750  -41.659  12.812 0.3000000119
19244  -48.192  -37.963  11.229 0.4000000060
18483  -45.287  -39.397  17.607 0.3000000119
18577  -46.893  -39.653  11.586 0.4000000060
21231  -47.979  -35.447  9.608 0.4000000060
24817  -49.297  -30.465  16.824 0.3000000119
24805  -47.885  -30.836  17.237 0.3000000119
25516  -47.109  -29.769  16.100 0.3000000119
26968  -49.222  -27.877  13.404 0.3000000119
26988  -49.598  -27.270  11.954 0.3000000119
24823  -46.255  -30.716  15.727 0.3000000119
24833  -45.343  -30.635  14.458 0.3000000119
25524  -46.170  -29.479  15.043 0.3000000119
26206  -46.690  -28.743  14.778 0.3000000119
24842  -44.725  -30.535  13.258 0.3000000119
26223  -45.552  -28.711  13.527 0.3000000119
27715  -51.161  -26.816  8.258 0.4000000060
24192  -46.693  -31.304  6.596 0.6000000238
23496  -48.117  -32.572  5.315 0.6999999881
25570  -44.680  -29.558  11.387 0.3000000119
28427  -51.128  -25.704  7.064 0.4000000060
23500  -48.397  -32.348  4.137 0.6999999881
26986  -44.916  -27.819  11.015 0.4000000060
26285  -44.904  -27.815  8.744 0.4000000060
29117  -49.871  -24.769  8.566 0.4000000060
103244  -45.318  -27.797  6.953 0.6000000238
24935  -47.005  -30.296  4.300 0.6999999881
23504  -49.164  -32.348  2.670 0.6999999881
29104  -46.275  -24.053  9.550 0.4000000060
112019  -45.735  -28.007  5.820 0.6000000238
29817  -51.069  -23.447  6.349 0.4000000060
30565  -52.554  -22.720  4.929 0.4000000060
27685  -39.924  -26.616  10.593 0.3000000119
27051  -45.778  -27.438  5.411 0.6000000238
24940  -47.684  -30.423  3.229 0.6999999881
24203  -48.934  -31.587  2.324 0.6999999881
27739  -45.963  -26.866  4.798 0.6000000238
30519  -46.684  -22.627  8.231 0.5000000000
25637  -47.610  -29.382  2.639 0.6999999881
106984  -46.744  -27.039  3.088 0.6999999881
25634  -48.320  -30.215  2.223 0.8000000119
27078  -49.274  -27.951  -0.601 0.6999999881
32289  -51.048  -21.073  5.941 0.4000000060
28455  -46.419  -25.351  3.889 0.6999999881
112601  -49.265  -26.706  -0.623 0.6000000238
27076  -47.898  -28.314  -0.676 0.6999999881
29171  -48.702  -24.564  -1.809 0.6000000238
27759  -45.956  -26.683  -0.105 0.6999999881
103546  -46.716  -27.549  -0.480 0.6999999881
109399  -45.884  -25.228  -0.012 0.6000000238
32313  -54.228  -20.301  4.127 0.4000000060
29851  -47.385  -23.885  2.062 0.6000000238
29850  -46.951  -23.776  2.987 0.6000000238
29168  -49.224  -24.773  -1.061 0.6000000238
29157  -44.782  -24.775  2.514 0.6999999881
112106  -45.327  -24.185  1.393 0.6999999881
29163  -45.535  -24.866  0.839 0.6999999881
27752  -45.086  -26.312  1.850 0.8000000119
29165  -45.866  -24.621  -0.004 0.6999999881
112571  -46.515  -22.810  4.038 0.4000000060
33081  -48.334  -19.319  6.394 0.3000000119
33092  -49.689  -18.850  5.997 0.3000000119
33898  -51.161  -18.736  5.349 0.3000000119
30593  -47.146  -22.145  2.777 0.5000000000
31464  -46.690  -21.132  3.717 0.5000000000
31392  -41.373  -21.545  7.721 0.6999999881
33894  -47.864  -18.345  5.548 0.4000000060
114751  -49.509  -16.273  4.283 0.4000000060
34796  -48.426  -17.225  4.804 0.4000000060
36530  -47.888  -15.833  1.902 0.5000000000
34787  -50.196  -17.352  5.187 0.4000000060
35675  -51.777  -16.364  3.835 0.4000000060
97707  -46.866  -19.964  3.135 0.5000000000
31391  -40.547  -21.370  7.851 0.6999999881
34843  -47.030  -17.133  2.080 0.5000000000
31462  -43.981  -21.163  3.924 0.8000000119
31389  -37.886  -21.114  7.191 0.5000000000
32363  -45.870  -21.187  -1.238 0.6999999881
98725  -50.144  -15.539  0.360 0.5000000000
32309  -43.464  -20.864  4.183 0.6999999881
116843  -54.017  -15.013  0.312 0.5000000000
36548  -53.192  -15.713  0.708 0.5000000000
31406  -36.255  -21.355  6.398 0.5000000000
33976  -46.990  -18.831  -0.871 0.5000000000
36572  -49.291  -15.105  -1.136 0.5000000000
32362  -45.743  -20.467  -1.260 0.6999999881
36573  -50.876  -15.022  -1.294 0.4000000060
36585  -50.226  -14.831  -1.419 0.4000000060
32360  -45.153  -20.299  0.577 0.8000000119
31426  -36.585  -22.187  5.461 0.5000000000
32345  -44.430  -20.298  1.853 0.6000000238
33133  -43.617  -19.782  1.520 0.6000000238
38442  -54.371  -13.619  0.586 0.4000000060
30548  -37.006  -23.346  4.586 0.5000000000
99527  -45.834  -18.863  -2.073 0.6000000238
33974  -44.081  -18.008  -0.818 0.6999999881
100663  -41.214  -21.070  2.927 0.6000000238
99664  -35.676  -24.002  4.074 0.5000000000
110859  -48.038  -16.851  -3.404 0.6000000238
97366  -46.614  -14.430  -1.893 0.5000000000
96660  -48.048  -14.713  -0.593 0.4000000060
34860  -44.732  -17.845  -1.619 0.6999999881
35724  -43.335  -15.930  -2.828 0.6999999881
35732  -43.736  -16.181  -2.984 0.6999999881
35696  -42.987  -16.826  1.054 0.6000000238
96661  -47.944  -14.478  0.476 0.4000000060
36599  -44.161  -15.063  -4.529 0.5000000000
37549  -44.776  -13.916  -1.891 0.5000000000
36598  -43.771  -14.859  -3.852 0.5000000000
36591  -43.605  -15.250  -3.251 0.6000000238
99327  -43.591  -14.638  -1.826 0.6999999881
40263  -53.494  -11.765  1.378 0.4000000060
33956  -40.749  -19.736  0.081 0.6000000238
38438  -44.756  -12.945  -0.134 0.6000000238
112282  -47.880  -14.265  1.337 0.4000000060
37537  -43.874  -13.615  -1.880 0.6999999881
38450  -43.894  -12.860  -0.966 0.6000000238
99459  -43.227  -16.573  2.327 0.6000000238
37503  -47.310  -13.887  2.048 0.5000000000
39369  -49.319  -12.326  3.240 0.4000000060
41097  -54.048  -10.681  0.638 0.3000000119
37511  -43.515  -13.639  1.120 0.6000000238
105388  -43.628  -14.870  1.956 0.6000000238
34813  -42.781  -17.173  2.811 0.6000000238
115102  -43.643  -14.658  2.985 0.6000000238
40284  -55.684  -11.484  -1.387 0.3000000119
40292  -57.151  -11.959  -3.114 0.3000000119
38436  -43.905  -12.268  -0.079 0.6000000238
38424  -43.605  -12.397  0.603 0.6000000238
35669  -42.507  -16.832  3.768 0.6000000238
41102  -54.963  -10.596  -0.937 0.3000000119
38415  -46.816  -13.241  2.611 0.6000000238
109422  -43.639  -12.274  2.228 0.6000000238
117317  -52.135  -10.415  1.739 0.4000000060
41962  -53.043  -10.052  1.079 0.3000000119
111473  -54.523  -10.017  -0.811 0.3000000119
36502  -42.894  -15.382  4.409 0.6000000238
39366  -46.511  -12.517  3.128 0.5000000000
41072  -49.449  -10.785  2.915 0.4000000060
111366  -46.104  -11.685  3.313 0.4000000060
103947  -47.371  -11.245  3.528 0.4000000060
42888  -52.150  -8.623  0.224 0.3000000119
40239  -43.899  -11.331  3.527 0.4000000060
40229  -43.577  -11.861  4.642 0.4000000060
39351  -43.101  -12.317  5.221 0.3000000119
42895  -51.476  -8.085  0.087 0.3000000119
43863  -51.462  -7.561  -0.352 0.3000000119
41052  -43.494  -10.441  5.030 0.3000000119
40217  -41.801  -11.265  5.439 0.3000000119
39357  -40.491  -12.413  4.861 0.4000000060
117302  -48.975  -7.692  0.878 0.3000000119
44920  -53.644  -6.478  -4.245 0.3000000119
41917  -42.455  -9.279  5.499 0.3000000119
41918  -43.122  -9.062  5.298 0.3000000119
42826  -42.581  -8.525  5.452 0.3000000119
44864  -46.840  -6.050  2.030 0.3000000119
44878  -47.530  -6.279  0.741 0.3000000119
102236  -41.378  -7.985  5.511 0.3000000119
110878  -50.116  -5.225  -1.636 0.3000000119
47148  -51.411  -3.907  -4.185 0.3000000119
47159  -53.256  -4.226  -5.541 0.3000000119
44825  -44.040  -6.412  4.539 0.3000000119
44839  -45.937  -6.299  3.295 0.3000000119
45938  -46.036  -5.814  3.022 0.3000000119
42838  -39.637  -8.116  4.313 0.3000000119
42851  -39.399  -8.595  3.808 0.3000000119
48305  -50.368  -3.797  -4.664 0.3000000119
112945  -39.907  -6.982  4.732 0.3000000119
24207  -49.764  -31.389  1.005 0.6999999881
26322  -47.394  -29.327  -0.135 0.8000000119
105976  -45.300  -27.353  1.495 0.8000000119
101622  -53.453  -16.474  2.173 0.4000000060
36510  -38.714  -15.589  3.339 0.5000000000
34847  -56.948  -17.765  -0.025 0.3000000119
34862  -55.956  -17.837  -1.429 0.4000000060
33977  -57.432  -18.519  -1.414 0.3000000119
35721  -55.347  -16.765  -0.569 0.4000000060
35714  -54.990  -16.435  -0.071 0.4000000060
34869  -57.664  -18.446  -2.093 0.3000000119
34867  -55.724  -18.030  -1.402 0.4000000060
36586  -56.085  -16.960  -1.161 0.4000000060
36587  -57.062  -16.142  -1.444 0.3000000119
36595  -58.560  -16.065  -2.658 0.3000000119
36588  -57.708  -16.782  -1.989 0.3000000119
36577  -55.526  -16.343  -0.745 0.4000000060
37554  -58.309  -14.901  -2.762 0.3000000119
38462  -57.608  -14.223  -2.221 0.3000000119
30588  -37.044  -23.979  2.755 0.5000000000
38465  -58.221  -14.027  -3.136 0.3000000119
31457  -35.188  -23.119  3.408 0.5000000000
32338  -34.596  -20.912  2.607 0.5000000000
31470  -35.529  -22.188  2.848 0.5000000000
32339  -35.429  -20.788  2.422 0.5000000000
31459  -37.380  -22.302  2.418 0.5000000000
102136  -58.853  -14.476  -3.882 0.3000000119
32323  -36.978  -20.942  2.952 0.5000000000
110285  -38.017  -20.018  3.515 0.5000000000
112839  -35.467  -18.817  1.902 0.5000000000
34824  -35.905  -18.180  2.204 0.5000000000
33941  -35.833  -19.313  2.351 0.5000000000
34809  -36.794  -17.928  3.146 0.4000000060
33940  -35.106  -18.492  1.525 0.5000000000
34840  -35.899  -17.143  1.845 0.4000000060
34826  -37.144  -17.135  2.954 0.5000000000
34839  -35.220  -17.663  1.371 0.4000000060
35695  -36.075  -16.316  1.550 0.4000000060
35685  -37.468  -16.267  2.701 0.5000000000
35684  -36.642  -16.656  2.241 0.4000000060
36539  -35.516  -16.003  0.801 0.4000000060
36526  -36.900  -15.875  1.918 0.5000000000
36540  -36.339  -15.515  1.267 0.4000000060
36527  -37.608  -15.445  2.264 0.4000000060
37508  -36.609  -14.706  1.023 0.5000000000
36541  -37.133  -15.084  1.640 0.4000000060
37488  -38.860  -14.758  2.889 0.4000000060
37500  -37.830  -14.738  1.983 0.3000000119
37521  -36.147  -14.310  0.255 0.3000000119
37509  -37.411  -14.247  1.391 0.3000000119
38423  -38.430  -13.759  2.039 0.3000000119
37502  -38.868  -14.000  2.607 0.3000000119
37510  -38.047  -14.156  1.817 0.3000000119
38435  -37.331  -13.461  0.945 0.3000000119
38412  -39.204  -13.423  2.996 0.3000000119
38422  -37.927  -13.563  1.521 0.3000000119
107661  -38.342  -13.026  1.822 0.3000000119
38411  -38.736  -13.278  2.416 0.3000000119
117756  -38.980  -12.807  2.805 0.3000000119
39387  -37.785  -12.706  1.181 0.3000000119
39388  -38.225  -12.201  1.734 0.3000000119
39377  -38.605  -12.534  2.334 0.3000000119
33127  -34.120  -19.905  2.062 0.5000000000
104800  -57.568  -18.263  0.529 0.3000000119
34845  -55.326  -16.914  0.530 0.4000000060
33126  -33.002  -19.653  2.130 0.4000000060
98921  -34.869  -20.022  2.057 0.5000000000
33955  -34.421  -18.857  1.425 0.4000000060
35694  -35.290  -16.814  1.115 0.5000000000
111718  -50.776  -15.332  -0.662 0.4000000060
33102  -38.590  -19.666  3.497 0.5000000000
36534  -52.245  -15.862  1.838 0.4000000060
37550  -57.158  -14.939  -1.385 0.3000000119
30587  -36.043  -23.513  3.171 0.5000000000
31471  -36.626  -22.949  2.639 0.5000000000
32324  -37.790  -21.002  2.912 0.5000000000
33905  -37.981  -18.382  4.038 0.5000000000
34810  -37.646  -17.671  3.717 0.5000000000
108743  -37.743  -16.878  3.384 0.5000000000
36509  -38.022  -15.707  2.875 0.4000000060
116490  -39.443  -14.263  3.276 0.3000000119
33969  -57.924  -18.510  -0.295 0.3000000119
34863  -56.442  -18.244  -1.180 0.4000000060
35722  -55.558  -17.481  -1.043 0.4000000060
35715  -55.578  -16.995  -0.502 0.4000000060
34856  -55.866  -17.781  -0.881 0.4000000060
34844  -54.945  -16.964  1.435 0.4000000060
35727  -56.573  -17.550  -1.614 0.3000000119
34868  -56.516  -18.144  -1.555 0.3000000119
36594  -57.803  -15.444  -1.980 0.3000000119
115439  -58.552  -14.654  -3.289 0.3000000119
31456  -34.549  -22.199  3.309 0.5000000000
31458  -36.268  -21.647  2.639 0.5000000000
33129  -35.985  -20.411  2.552 0.5000000000
33115  -36.650  -19.832  3.149 0.5000000000
107536  -37.430  -20.204  3.377 0.5000000000
33925  -37.387  -18.527  3.653 0.5000000000
103157  -35.401  -19.930  2.202 0.5000000000
33128  -35.101  -19.288  1.775 0.5000000000
34825  -36.463  -17.391  2.471 0.4000000060
33924  -36.596  -18.820  3.134 0.4000000060
37501  -38.403  -14.425  2.291 0.3000000119
37522  -36.861  -14.038  0.791 0.3000000119
27050  -43.532  -27.788  5.035 0.6999999881
27071  -46.004  -28.409  0.585 0.6999999881
27068  -44.840  -27.669  2.483 0.6999999881
27063  -44.381  -27.962  3.403 0.6999999881
101547  -44.128  -27.114  3.761 0.6999999881
27055  -43.718  -27.023  4.550 0.6999999881
27751  -44.776  -26.812  2.439 0.6999999881
109795  -44.492  -27.180  3.076 0.6999999881
27738  -44.003  -26.268  4.063 0.6999999881
27737  -43.629  -26.137  4.869 0.6999999881
105826  -52.889  -17.133  3.926 0.3000000119
34815  -53.571  -17.420  3.608 0.3000000119
35676  -53.207  -16.755  3.152 0.3000000119
34816  -54.325  -17.707  3.338 0.3000000119
35689  -53.898  -17.070  2.791 0.3000000119
103565  -44.743  -26.094  2.509 0.6999999881
27745  -44.422  -26.350  3.195 0.6999999881
111459  -52.503  -16.526  3.512 0.3000000119
34831  -55.578  -17.719  2.202 0.3000000119
28454  -44.292  -25.483  3.635 0.6000000238
35688  -52.047  -16.050  3.026 0.3000000119
102210  -52.778  -16.221  2.574 0.3000000119
113825  -55.700  -17.268  1.293 0.3000000119
35690  -54.152  -16.750  1.826 0.3000000119
105324  -56.160  -17.322  0.425 0.3000000119
25640  -48.422  -30.156  -0.196 0.6999999881
25639  -46.639  -30.048  0.949 0.6999999881
26300  -43.348  -28.495  5.442 0.6999999881
26321  -46.390  -29.334  0.714 0.6999999881
25636  -45.528  -29.211  1.895 0.6999999881
26318  -44.886  -28.518  2.653 0.6999999881
27056  -43.877  -27.851  4.249 0.6999999881
27049  -43.169  -27.730  5.787 0.6999999881
106159  -45.416  -28.382  1.692 0.6999999881
104434  -43.397  -26.943  5.378 0.6999999881
33931  -53.864  -18.164  3.939 0.3000000119
33947  -55.065  -18.035  3.052 0.3000000119
33949  -56.381  -18.489  2.250 0.3000000119
34832  -56.344  -17.720  1.571 0.3000000119
34846  -57.028  -17.795  0.920 0.3000000119
34801  -53.155  -17.841  4.260 0.3000000119
34830  -54.667  -17.372  2.487 0.3000000119
19271  -50.175  -38.529  8.302 0.4000000060
19270  -49.383  -37.673  8.202 0.4000000060
19906  -49.638  -37.098  8.732 0.4000000060
19907  -50.168  -37.758  9.078 0.4000000060
97964  -48.652  -38.431  7.801 0.4000000060
21946  -48.469  -34.310  7.719 0.5000000000
105875  -49.177  -35.449  7.622 0.4000000060
21238  -49.231  -35.733  8.305 0.4000000060
20569  -49.267  -36.089  7.576 0.4000000060
20562  -49.359  -36.407  8.842 0.4000000060
21243  -49.137  -35.531  6.976 0.5000000000
19914  -49.176  -36.884  7.955 0.4000000060
20568  -48.386  -36.691  7.293 0.4000000060
21940  -48.806  -34.994  7.999 0.4000000060
22685  -48.820  -34.237  6.974 0.5000000000
20577  -48.861  -36.022  6.774 0.5000000000
20567  -47.043  -36.937  7.144 0.5000000000
109314  -49.164  -34.901  6.527 0.5000000000
21249  -48.984  -35.495  6.183 0.5000000000
20576  -47.761  -36.309  6.567 0.5000000000
19918  -46.109  -37.340  6.685 0.5000000000
19917  -45.460  -37.874  6.136 0.5000000000
21248  -48.377  -35.808  6.104 0.5000000000
107822  -49.283  -35.043  5.589 0.6000000238
20575  -46.417  -36.508  6.099 0.5000000000
21257  -48.584  -35.492  3.818 0.5000000000
20583  -45.602  -36.286  4.325 0.6000000238
20580  -46.364  -35.986  4.919 0.5000000000
20587  -45.319  -36.124  4.004 0.5000000000
115557  -49.319  -33.858  4.750 0.6000000238
21252  -48.566  -35.510  5.173 0.6000000238
21951  -49.448  -34.464  4.861 0.6000000238
21251  -47.446  -35.653  4.457 0.5000000000
21255  -46.249  -35.693  3.846 0.6000000238
21262  -45.622  -35.493  3.621 0.5000000000
103409  -43.544  -34.119  4.737 0.5000000000
21952  -43.711  -35.014  4.257 0.5000000000
21956  -44.855  -34.912  3.651 0.5000000000
22687  -44.076  -34.240  3.989 0.5000000000
24909  -43.288  -30.795  8.126 0.4000000060
21953  -49.703  -34.858  3.626 0.6000000238
24915  -43.174  -29.940  7.892 0.5000000000
114321  -49.809  -34.986  3.059 0.6000000238
24916  -43.326  -30.383  7.166 0.5000000000
21265  -49.387  -35.188  2.760 0.6000000238
21264  -48.705  -35.386  2.891 0.6000000238
24922  -43.373  -30.630  6.418 0.5000000000
102805  -47.701  -35.340  2.917 0.6000000238
21957  -45.846  -34.871  3.225 0.6000000238
21263  -46.699  -35.371  3.273 0.5000000000
22683  -43.570  -33.848  5.796 0.5000000000
112285  -44.396  -33.428  3.858 0.5000000000
22690  -45.023  -34.101  3.563 0.5000000000
24896  -42.595  -30.842  9.616 0.4000000060
25603  -42.780  -29.429  8.733 0.5000000000
24168  -42.673  -31.657  9.587 0.4000000060
25609  -42.955  -29.161  7.504 0.5000000000
22689  -49.691  -34.052  3.813 0.6000000238
110575  -43.294  -30.073  6.479 0.5000000000
21963  -49.780  -34.387  2.429 0.6000000238
102851  -43.288  -30.157  6.011 0.5000000000
21959  -48.362  -34.966  2.474 0.6000000238
21958  -47.084  -34.772  2.693 0.6000000238
22692  -46.967  -33.875  2.500 0.6000000238
104869  -43.520  -33.093  5.192 0.5000000000
22691  -46.023  -33.995  3.047 0.6000000238
102692  -43.823  -33.111  4.309 0.5000000000
23499  -43.992  -32.195  4.321 0.5000000000
113277  -42.575  -30.090  9.507 0.4000000060
25579  -42.092  -30.328  10.144 0.4000000060
26289  -42.813  -28.409  7.015 0.5000000000
26294  -43.027  -28.441  6.147 0.5000000000
26295  -43.225  -29.141  5.795 0.5000000000
102690  -43.497  -29.217  5.104 0.5000000000
23509  -49.440  -32.697  1.520 0.6000000238
22695  -49.683  -33.904  2.180 0.6000000238
24928  -43.413  -29.903  5.482 0.5000000000
103088  -43.415  -30.662  5.690 0.5000000000
23508  -48.716  -33.165  1.451 0.6000000238
105956  -47.554  -33.305  2.116 0.6000000238
23498  -43.636  -32.233  4.815 0.5000000000
23503  -46.375  -33.024  2.800 0.5000000000
24195  -43.492  -31.433  5.252 0.5000000000
24198  -43.795  -31.465  4.581 0.5000000000
22688  -44.475  -32.575  3.911 0.5000000000
26284  -42.683  -28.489  8.137 0.5000000000
26306  -43.664  -28.543  4.715 0.6000000238
108632  -43.884  -29.225  4.426 0.5000000000
24209  -49.515  -31.405  0.172 0.6000000238
25627  -43.703  -29.928  4.703 0.5000000000
24933  -43.592  -30.666  4.972 0.5000000000
23507  -47.519  -32.315  1.660 0.6000000238
24934  -44.011  -30.695  4.326 0.5000000000
23506  -46.155  -32.121  2.767 0.5000000000
24199  -44.423  -31.600  4.050 0.5000000000
24202  -45.348  -31.530  3.363 0.5000000000
26274  -42.442  -28.615  9.229 0.4000000060
27038  -42.603  -27.590  7.618 0.4000000060
25592  -42.299  -29.438  9.739 0.4000000060
26307  -44.119  -28.602  4.053 0.6000000238
111695  -44.289  -29.179  3.906 0.6000000238
24206  -47.489  -31.477  1.125 0.6000000238
25628  -44.309  -29.860  4.022 0.5000000000
24942  -46.794  -30.762  1.336 0.6000000238
24938  -44.739  -30.695  3.717 0.5000000000
106746  -42.448  -27.794  8.732 0.5000000000
105117  -42.633  -27.012  6.990 0.4000000060
27730  -42.936  -26.813  6.250 0.5000000000
27024  -42.183  -27.140  9.199 0.4000000060
26314  -44.514  -28.806  3.410 0.6000000238
103799  -44.947  -29.977  3.301 0.5000000000
25632  -45.528  -29.902  2.317 0.5000000000
23493  -43.544  -32.249  6.778 0.5000000000
102806  -43.524  -32.222  5.682 0.5000000000
26273  -41.918  -28.694  9.988 0.4000000060
20556  -49.148  -36.474  9.398 0.4000000060
22693  -49.783  -33.816  2.587 0.6000000238
24946  -49.665  -31.139  0.070 0.6000000238
100399  -48.132  -30.587  0.209 0.6000000238
24943  -48.773  -31.140  0.186 0.6000000238
25635  -44.968  -29.204  2.831 0.6000000238
27045  -42.811  -27.686  6.574 0.5000000000
20581  -47.400  -35.867  5.622 0.5000000000
20579  -45.606  -36.814  4.970 0.5000000000
21256  -47.450  -35.526  3.496 0.6000000238
25616  -43.054  -29.076  6.526 0.5000000000
21962  -49.571  -34.513  2.334 0.6000000238
105407  -45.218  -33.239  3.496 0.5000000000
21960  -48.263  -34.155  2.130 0.6000000238
22694  -49.338  -33.955  1.889 0.6000000238
23502  -45.353  -32.404  3.414 0.5000000000
24208  -48.526  -31.712  0.636 0.6000000238
24205  -46.394  -31.451  2.219 0.6000000238
24939  -45.574  -30.672  2.810 0.5000000000
27047  -52.084  -27.229  6.467 0.3000000119
27727  -51.981  -26.431  6.047 0.3000000119
27052  -52.589  -27.129  5.546 0.3000000119
28433  -51.586  -25.734  6.367 0.3000000119
27733  -52.398  -26.264  5.486 0.3000000119
27734  -52.921  -26.491  4.994 0.3000000119
28434  -52.033  -25.687  5.713 0.3000000119
28441  -52.637  -25.605  5.106 0.3000000119
30582  -54.897  -22.969  3.293 0.3000000119
30567  -54.070  -22.699  3.865 0.3000000119
30583  -55.419  -22.265  3.180 0.3000000119
31449  -54.197  -21.765  3.929 0.3000000119
31465  -54.912  -21.532  3.669 0.3000000119
114509  -54.671  -22.260  3.592 0.3000000119
107280  -54.430  -21.035  3.952 0.3000000119
19912  -46.691  -37.810  7.320 0.4000000060
27041  -51.650  -27.218  7.476 0.3000000119
26297  -52.750  -28.178  5.925 0.3000000119
19268  -46.334  -38.658  7.256 0.4000000060
26302  -53.178  -27.995  5.154 0.3000000119
27053  -53.324  -27.414  4.781 0.3000000119
28449  -53.187  -25.112  4.524 0.3000000119
29147  -53.408  -24.307  4.297 0.3000000119
29835  -53.691  -23.546  4.088 0.3000000119
29844  -54.480  -23.629  3.491 0.3000000119
29154  -54.954  -24.536  3.076 0.3000000119
29845  -55.325  -23.796  2.876 0.3000000119
109626  -55.603  -23.133  2.813 0.3000000119
31466  -55.631  -21.309  3.338 0.3000000119
27741  -53.620  -26.747  4.374 0.3000000119
15300  -37.965  -45.378  8.823 0.4000000060
15964  -38.395  -44.218  8.776 0.3000000119
16607  -39.908  -42.892  9.282 0.3000000119
17246  -39.695  -41.523  9.002 0.3000000119
113073  -43.411  -36.643  6.291 0.4000000060
21250  -43.353  -35.905  5.021 0.4000000060
20573  -43.208  -37.403  5.946 0.4000000060
19919  -43.178  -37.681  5.119 0.4000000060
113758  -43.588  -34.525  6.339 0.4000000060
116824  -43.476  -34.538  5.434 0.4000000060
98890  -43.481  -35.208  5.690 0.4000000060
21950  -43.421  -35.081  4.833 0.4000000060
21254  -43.591  -35.766  4.427 0.4000000060
19924  -44.264  -36.954  4.267 0.4000000060
20586  -44.483  -36.329  4.010 0.4000000060
19283  -43.337  -38.467  4.702 0.4000000060
19284  -44.125  -38.313  4.493 0.4000000060
22666  -42.166  -33.606  9.798 0.3000000119
101911  -43.621  -33.805  6.876 0.4000000060
21261  -44.676  -35.635  3.821 0.4000000060
23471  -42.880  -32.414  9.438 0.3000000119
22659  -41.927  -32.764  9.970 0.3000000119
19925  -44.950  -36.876  4.219 0.4000000060
21260  -43.911  -35.719  3.952 0.4000000060
24188  -43.442  -31.333  7.266 0.4000000060
19279  -42.963  -38.349  5.510 0.4000000060
21247  -43.461  -35.979  5.994 0.4000000060
20582  -43.572  -36.521  4.585 0.4000000060
14631  -47.471  -45.292  7.465 0.3000000119
15313  -48.152  -44.394  7.476 0.3000000119
15980  -49.403  -43.235  7.189 0.3000000119
16625  -49.748  -42.492  7.576 0.3000000119
16621  -50.257  -41.695  7.911 0.3000000119
17275  -51.365  -41.353  5.981 0.3000000119
17280  -51.195  -41.479  5.054 0.3000000119
17279  -49.939  -41.359  5.179 0.3000000119
17959  -51.095  -40.648  6.645 0.3000000119
17274  -50.667  -40.946  5.834 0.3000000119
17273  -49.146  -40.959  6.102 0.3000000119
18609  -50.724  -39.573  7.797 0.3000000119
17951  -50.399  -39.849  7.239 0.3000000119
17950  -48.810  -39.720  7.202 0.3000000119
18608  -49.442  -39.155  7.693 0.3000000119
18607  -47.946  -39.189  7.538 0.3000000119
17260  -49.528  -41.584  8.704 0.3000000119
19913  -48.012  -37.558  7.708 0.3000000119
15981  -50.464  -42.575  6.770 0.3000000119
14618  -45.220  -45.415  11.526 0.3000000119
15292  -44.990  -44.145  11.500 0.4000000060
15949  -44.692  -43.462  12.412 0.4000000060
15954  -44.940  -43.456  11.770 0.4000000060
15961  -45.653  -43.533  10.409 0.4000000060
16606  -38.943  -43.276  8.865 0.3000000119
17227  -45.375  -41.222  12.264 0.3000000119
17251  -47.992  -41.653  9.568 0.4000000060
17905  -45.256  -40.177  13.005 0.3000000119
17912  -45.617  -40.465  12.442 0.3000000119
17919  -45.943  -40.810  11.770 0.4000000060
17958  -49.869  -40.334  6.558 0.3000000119
19167  -45.281  -38.471  17.330 0.3000000119
19187  -45.084  -37.946  16.871 0.3000000119
19219  -44.527  -38.833  15.365 0.3000000119
19277  -45.899  -38.055  6.922 0.4000000060
19819  -45.896  -37.216  17.623 0.3000000119
19837  -45.221  -37.204  16.558 0.3000000119
19881  -45.337  -37.881  14.184 0.3000000119
19882  -46.485  -37.323  13.203 0.3000000119
19885  -47.422  -37.547  11.938 0.3000000119
19888  -48.530  -37.584  10.860 0.4000000060
19921  -43.692  -37.438  4.486 0.4000000060
19922  -44.545  -37.571  4.455 0.4000000060
20517  -45.350  -36.566  15.772 0.3000000119
20527  -45.753  -36.584  14.289 0.3000000119
20539  -45.811  -37.246  13.830 0.3000000119
20557  -49.596  -37.043  9.234 0.4000000060
20574  -45.670  -37.183  5.829 0.5000000000
20578  -43.280  -36.795  5.265 0.4000000060
20584  -46.578  -35.746  4.066 0.6000000238
20585  -43.850  -36.368  4.163 0.4000000060
21147  -47.019  -35.535  18.286 0.3000000119
21187  -46.079  -35.078  15.116 0.3000000119
21213  -47.090  -35.614  12.843 0.3000000119
21218  -47.461  -35.823  11.371 0.3000000119
21253  -49.315  -35.204  4.364 0.6000000238
21258  -49.407  -35.249  3.238 0.5000000000
21259  -49.746  -34.741  2.576 0.6000000238
21266  -48.932  -35.014  2.422 0.6000000238
21863  -46.910  -34.576  18.009 0.3000000119
21866  -48.867  -34.347  18.385 0.3000000119
21896  -46.243  -34.345  15.358 0.3000000119
21916  -46.465  -34.360  13.124 0.3000000119
21920  -46.607  -34.615  11.388 0.3000000119
21947  -49.064  -34.893  7.297 0.4000000060
21954  -49.865  -34.458  3.058 0.6000000238
21955  -44.113  -35.100  3.877 0.5000000000
21961  -48.808  -34.533  2.162 0.6000000238
22606  -48.202  -34.159  18.408 0.3000000119
22612  -46.929  -33.746  17.666 0.3000000119
22613  -49.502  -33.139  18.107 0.3000000119
22667  -42.572  -33.023  9.636 0.3000000119
22680  -48.065  -33.632  7.453 0.6000000238
23415  -48.163  -32.120  17.851 0.3000000119
23427  -46.584  -32.585  16.673 0.3000000119
23449  -45.697  -32.382  14.353 0.3000000119
23470  -42.315  -32.212  9.873 0.3000000119
23488  -43.521  -32.333  7.870 0.4000000060
23510  -49.108  -32.166  0.660 0.6000000238
23511  -49.679  -31.543  0.568 0.6000000238
24099  -48.890  -31.926  17.881 0.3000000119
24104  -46.984  -32.023  17.110 0.3000000119
24105  -47.596  -31.609  17.416 0.3000000119
24106  -48.374  -31.401  17.607 0.3000000119
24107  -49.670  -31.754  17.653 0.3000000119
24141  -45.077  -31.672  13.499 0.3000000119
24144  -44.769  -31.271  12.892 0.3000000119
24170  -45.649  -31.343  9.578 0.5000000000
24171  -46.104  -31.697  8.952 0.5000000000
24189  -46.330  -31.051  7.385 0.6000000238
24191  -43.459  -31.397  6.149 0.5000000000
24815  -46.787  -30.461  16.240 0.3000000119
24885  -45.195  -30.769  10.302 0.5000000000
24908  -42.987  -30.367  8.871 0.4000000060
24918  -46.027  -30.486  7.465 0.6000000238
24945  -49.832  -31.286  0.310 0.6999999881
25518  -48.533  -29.705  16.251 0.3000000119
25525  -46.841  -29.316  15.505 0.3000000119
25526  -47.521  -29.254  15.785 0.3000000119
25533  -45.261  -29.393  13.796 0.3000000119
25534  -45.503  -29.780  14.495 0.3000000119
25610  -43.192  -29.691  6.896 0.5000000000
25617  -43.220  -29.657  6.153 0.5000000000
25631  -44.630  -29.416  3.441 0.6000000238
25638  -49.241  -30.094  0.857 0.8000000119
26216  -49.058  -28.600  14.589 0.3000000119
26222  -45.307  -28.514  12.904 0.3000000119
26239  -45.329  -28.046  12.381 0.3000000119
26256  -39.778  -28.036  10.417 0.5000000000
26257  -40.700  -28.147  10.473 0.5000000000
26258  -41.239  -28.732  10.358 0.5000000000
26290  -45.393  -28.479  7.340 0.6000000238
26315  -46.701  -28.894  3.829 0.6000000238
26324  -49.498  -29.096  -0.315 0.6999999881
26326  -49.103  -28.851  -0.693 0.6999999881
26327  -49.313  -28.880  -0.505 0.6999999881
26958  -48.686  -28.040  14.131 0.3000000119
26966  -47.439  -27.470  13.654 0.3000000119
26967  -48.287  -27.428  13.583 0.3000000119
26980  -46.407  -27.402  12.866 0.4000000060
26982  -49.401  -27.551  12.618 0.3000000119
27001  -41.025  -27.364  10.382 0.4000000060
27032  -42.416  -27.112  8.385 0.5000000000
27039  -44.934  -26.954  7.665 0.5000000000
27058  -46.259  -27.408  4.357 0.6000000238
27073  -49.147  -28.478  0.358 0.6999999881
27077  -48.758  -28.129  -0.904 0.6999999881
27654  -47.040  -27.123  13.037 0.4000000060
27704  -41.193  -26.604  10.163 0.4000000060
27717  -42.517  -26.722  7.731 0.5000000000
27719  -45.072  -26.391  7.201 0.6000000238
27723  -42.628  -26.203  7.085 0.6000000238
27725  -45.374  -26.556  6.433 0.6000000238
28371  -46.342  -25.483  10.943 0.4000000060
28387  -45.951  -25.041  10.402 0.4000000060
28408  -45.082  -25.637  9.558 0.4000000060
28440  -52.205  -24.959  5.445 0.4000000060
28460  -44.920  -25.517  2.160 0.6999999881
28468  -45.661  -25.788  0.443 0.6000000238
28474  -49.196  -25.535  -1.483 0.6000000238
28475  -48.965  -25.322  -1.732 0.6000000238
29084  -45.916  -24.511  9.806 0.4000000060
29098  -38.510  -24.140  10.217 0.6000000238
29107  -48.716  -24.538  9.745 0.4000000060
29114  -42.153  -24.256  8.473 0.6999999881
29129  -43.349  -24.402  6.193 0.6999999881
29130  -45.418  -24.201  6.805 0.5000000000
29138  -52.363  -24.157  5.190 0.4000000060
29143  -44.259  -24.597  4.006 0.6999999881
29789  -46.096  -23.690  9.062 0.4000000060
29800  -48.007  -23.172  8.733 0.4000000060
29840  -37.605  -24.446  2.907 0.6000000238
29857  -48.070  -24.098  1.008 0.6000000238
29864  -48.139  -24.219  -1.890 0.6000000238
30499  -40.605  -22.724  9.380 0.6000000238
30515  -40.168  -22.174  9.128 0.6000000238
30516  -41.571  -22.629  8.585 0.8000000119
30532  -46.948  -21.985  7.798 0.5000000000
30538  -43.235  -22.829  6.460 0.6999999881
30589  -37.964  -24.117  2.333 0.6000000238
30592  -45.251  -22.215  2.025 0.6999999881
30601  -45.559  -22.866  0.823 0.6999999881
30608  -47.257  -22.342  -2.344 0.6000000238
30609  -48.039  -22.725  -2.488 0.6000000238
31395  -47.175  -21.360  7.410 0.5000000000
31435  -52.172  -21.985  5.225 0.4000000060
31444  -43.823  -21.632  4.556 0.8000000119
31446  -46.561  -20.677  4.357 0.5000000000
31483  -45.515  -21.988  0.841 0.6999999881
31488  -46.413  -21.746  -1.780 0.6000000238
32274  -47.437  -20.691  7.087 0.4000000060
32283  -42.094  -20.924  6.041 0.6999999881
32307  -41.609  -20.630  4.282 0.6999999881
32325  -39.471  -21.580  0.950 0.6000000238
32355  -45.105  -20.884  1.680 0.6999999881
32368  -48.179  -20.779  -2.757 0.6000000238
32371  -48.063  -20.702  -3.160 0.6000000238
33090  -47.240  -19.722  6.147 0.5000000000
33094  -51.316  -19.618  5.465 0.4000000060
33101  -38.006  -19.138  3.911 0.5000000000
33116  -37.353  -19.406  3.598 0.5000000000
33131  -40.518  -20.292  0.126 0.6000000238
33134  -46.985  -19.445  2.523 0.5000000000
33143  -34.484  -19.462  1.732 0.4000000060
33146  -42.924  -18.711  0.080 0.6000000238
33148  -44.593  -19.827  1.028 0.6000000238
33887  -48.083  -18.733  6.021 0.4000000060
33895  -48.441  -18.131  5.698 0.4000000060
33908  -40.164  -18.449  3.814 0.6000000238
33944  -41.523  -18.559  0.404 0.6000000238
33958  -41.694  -18.885  -0.019 0.6000000238
34785  -48.668  -17.603  5.344 0.4000000060
34883  -48.503  -17.572  -3.750 0.6000000238
34884  -48.520  -17.214  -3.396 0.6000000238
34885  -48.454  -16.992  -3.443 0.6000000238
34888  -48.039  -17.116  -4.490 0.6000000238
34889  -48.533  -17.234  -3.559 0.6000000238
35687  -48.120  -16.003  2.728 0.5000000000
35725  -43.169  -16.561  -2.218 0.6999999881
35733  -48.021  -17.640  -2.836 0.6000000238
35742  -48.728  -16.454  -3.314 0.5000000000
36528  -38.272  -15.114  2.557 0.4000000060
36531  -48.527  -15.713  2.115 0.5000000000
36581  -43.348  -15.548  -2.494 0.6000000238
37540  -50.658  -14.710  -1.261 0.4000000060
37541  -51.117  -14.845  -1.180 0.4000000060
38460  -43.997  -13.354  -1.631 0.5000000000
39381  -51.915  -12.029  2.317 0.4000000060
40244  -48.680  -11.685  3.364 0.4000000060
40276  -54.969  -11.179  -0.303 0.3000000119
41067  -44.359  -10.483  3.772 0.3000000119
41939  -47.033  -9.644  3.535 0.3000000119
41970  -53.292  -9.619  0.365 0.3000000119
43791  -42.461  -7.190  5.427 0.3000000119
43804  -39.974  -7.638  4.865 0.3000000119
43872  -53.089  -7.692  -1.816 0.3000000119
44824  -40.163  -6.455  5.018 0.3000000119
45907  -42.895  -5.788  5.004 0.3000000119
45923  -43.580  -5.580  4.577 0.3000000119
45925  -44.991  -6.027  3.836 0.3000000119
48298  -50.620  -3.846  -4.027 0.3000000119
48306  -51.593  -3.749  -4.930 0.3000000119
96668  -49.937  -8.768  1.565 0.3000000119
97127  -48.157  -16.339  -4.469 0.6000000238
97384  -48.158  -17.296  -3.609 0.6000000238
97452  -48.781  -12.928  3.200 0.4000000060
97463  -50.122  -10.614  2.622 0.4000000060
98235  -41.732  -20.285  1.378 0.6000000238
99668  -46.893  -19.739  5.453 0.4000000060
99856  -44.648  -29.903  13.119 0.3000000119
100589  -44.775  -27.068  9.275 0.4000000060
101127  -46.789  -42.968  9.409 0.4000000060
101140  -42.336  -24.972  8.208 0.6999999881
101515  -43.975  -41.000  15.525 0.3000000119
102599  -48.198  -17.977  -3.711 0.6000000238
103428  -44.694  -31.032  12.107 0.3000000119
104933  -45.571  -25.906  5.913 0.6000000238
105762  -46.420  -23.508  -1.193 0.6999999881
105850  -53.582  -10.212  0.717 0.3000000119
105914  -45.990  -31.093  8.508 0.5000000000
106086  -46.283  -42.009  10.597 0.4000000060
107549  -41.837  -32.050  10.093 0.3000000119
108249  -48.347  -21.906  -2.639 0.6000000238
108502  -48.125  -20.308  -3.114 0.6000000238
108854  -49.350  -36.389  8.302 0.4000000060
110106  -46.327  -26.029  11.365 0.4000000060
110876  -48.430  -15.457  -3.638 0.5000000000
110915  -49.129  -14.768  -4.048 0.5000000000
111906  -46.833  -17.391  -3.866 0.6000000238
112016  -44.845  -29.549  10.604 0.3000000119
112070  -40.593  -20.341  0.188 0.6000000238
113048  -46.671  -17.639  1.475 0.5000000000
113233  -50.145  -26.863  10.639 0.4000000060
113650  -49.351  -24.924  9.659 0.4000000060
115089  -43.102  -19.888  1.648 0.6000000238
115380  -36.624  -20.982  6.927 0.5000000000
115505  -47.017  -20.405  -2.744 0.5000000000
115506  -42.713  -7.898  5.426 0.3000000119
116228  -44.934  -29.654  13.456 0.3000000119
116320  -44.382  -40.548  14.208 0.3000000119
117034  -44.826  -32.034  3.745 0.5000000000
117057  -45.702  -27.013  11.650 0.4000000060
117080  -41.634  -13.436  5.055 0.4000000060
117631  -45.000  -29.572  3.031 0.5000000000
117743  -43.829  -36.840  4.339 0.4000000060
117974  -51.377  -13.327  1.878 0.4000000060
