#!ascii label  , from subject sub-v1s16x0051193_ses-1 vox2ras=TkReg
919
42848  -25.877  -8.060  3.274 0.4285714328
44846  -26.677  -6.886  1.932 0.2857142985
100816  -26.204  -7.460  2.548 0.4285714328
44847  -27.500  -6.366  2.500 0.4285714328
45928  -28.250  -5.909  2.987 0.4285714328
44859  -27.349  -6.306  1.414 0.2857142985
45945  -27.902  -5.821  2.245 0.4285714328
45946  -28.595  -5.340  2.510 0.4285714328
45971  -27.443  -6.243  -0.294 0.4285714328
47072  -28.578  -5.214  0.883 0.4285714328
47103  -28.044  -5.119  -1.139 0.4285714328
102606  -28.583  -4.742  -0.484 0.4285714328
47127  -27.297  -5.040  -2.759 0.5714285970
47118  -28.170  -4.618  -1.757 0.5714285970
47104  -28.606  -4.375  -1.135 0.4285714328
48255  -29.920  -3.577  -0.774 0.2857142985
105796  -28.471  -3.830  -2.648 0.7142857313
48269  -29.119  -3.395  -2.214 0.7142857313
49273  -29.813  -2.812  -2.099 0.7142857313
49274  -30.929  -2.444  -1.106 0.4285714328
49262  -30.227  -2.880  -1.336 0.5714285970
50259  -31.824  -1.394  -1.220 0.5714285970
49285  -29.391  -2.804  -2.869 0.5714285970
50270  -30.455  -1.997  -2.968 0.5714285970
50271  -31.056  -1.619  -2.427 0.5714285970
51226  -31.596  -1.110  -1.858 0.5714285970
50269  -29.755  -2.306  -3.390 0.5714285970
51227  -32.261  -0.821  -1.379 0.4285714328
51243  -31.986  -0.397  -2.140 0.5714285970
52230  -33.613  0.154  -1.855 0.5714285970
50294  -29.925  -1.496  -4.446 0.7142857313
52246  -32.374  0.348  -2.427 0.7142857313
102767  -33.108  0.538  -2.206 0.7142857313
52248  -34.864  0.636  -2.265 0.5714285970
51242  -31.401  -0.885  -2.705 0.5714285970
51266  -27.712  -1.460  -5.533 0.5714285970
51254  -31.268  -0.274  -4.040 0.8571428657
52249  -35.657  0.518  -2.487 0.5714285970
51269  -30.025  -0.980  -4.970 0.7142857313
115213  -29.270  -0.961  -5.458 0.5714285970
53238  -35.293  1.136  -2.931 0.7142857313
112717  -36.529  0.572  -3.709 0.5714285970
104556  -31.700  0.360  -3.766 0.7142857313
53237  -34.293  1.080  -2.758 0.7142857313
53255  -34.663  1.676  -3.317 0.5714285970
52263  -32.144  0.724  -3.157 0.7142857313
52264  -37.039  1.244  -4.653 0.5714285970
52273  -31.326  0.478  -4.538 0.5714285970
52274  -31.993  0.997  -3.963 0.7142857313
54190  -35.188  2.368  -3.869 0.7142857313
53256  -35.775  1.808  -3.604 0.7142857313
53267  -32.271  1.811  -4.043 0.7142857313
53268  -33.025  2.073  -3.729 0.7142857313
54189  -34.054  2.190  -3.741 0.7142857313
55085  -35.840  3.095  -4.475 0.7142857313
54191  -36.258  2.511  -4.411 0.5714285970
112292  -30.139  0.513  -5.628 0.5714285970
55086  -36.743  2.996  -5.367 0.5714285970
55105  -36.562  3.392  -5.599 0.5714285970
54205  -32.607  2.581  -4.242 0.8571428657
53286  -31.317  1.810  -5.157 0.8571428657
55104  -35.376  3.560  -4.880 0.7142857313
54206  -33.554  2.731  -4.178 0.8571428657
55103  -34.169  3.446  -4.618 0.7142857313
56034  -35.280  4.194  -6.268 0.8571428657
56017  -36.120  3.788  -6.253 0.5714285970
56016  -34.812  3.996  -5.311 0.8571428657
55123  -33.727  3.935  -5.020 0.8571428657
54221  -33.130  3.285  -4.595 0.8571428657
56973  -34.505  4.763  -6.367 0.8571428657
56058  -35.497  4.367  -8.080 0.8571428657
57002  -34.785  4.579  -8.641 0.8571428657
56033  -34.190  4.532  -5.554 0.8571428657
56992  -34.800  4.564  -7.660 0.8571428657
58023  -33.285  5.863  -7.274 1.0000000000
57001  -34.068  5.028  -8.124 1.0000000000
56972  -33.421  5.089  -5.778 0.8571428657
56991  -33.835  5.305  -6.747 1.0000000000
58050  -33.509  5.509  -9.986 1.0000000000
58976  -32.665  6.809  -9.813 0.7142857313
58039  -33.400  5.512  -8.785 1.0000000000
58038  -32.768  6.397  -7.899 1.0000000000
58049  -32.824  5.914  -9.463 1.0000000000
60899  -32.779  9.508  -10.847 1.0000000000
60886  -32.660  9.100  -10.677 0.8571428657
62641  -32.272  10.907  -11.233 0.8571428657
61782  -32.439  10.172  -10.825 1.0000000000
101736  -32.692  13.078  -11.590 0.8571428657
63572  -32.254  12.020  -11.591 0.8571428657
61795  -32.648  11.481  -11.375 1.0000000000
66250  -32.989  14.277  -13.228 0.8571428657
65377  -33.119  14.001  -13.022 0.8571428657
66265  -32.770  15.316  -13.424 0.7142857313
65357  -31.887  14.048  -12.520 0.5714285970
114911  -32.338  16.021  -13.778 0.7142857313
67025  -32.885  16.088  -14.257 0.5714285970
107860  -30.732  17.175  -11.796 0.5714285970
102319  -31.733  15.766  -12.919 0.5714285970
67746  -30.825  17.872  -12.225 0.4285714328
68481  -30.869  18.918  -13.090 0.4285714328
106057  -31.773  19.130  -13.330 0.4285714328
69177  -29.177  19.760  -12.226 0.2857142985
69807  -29.136  20.342  -11.611 0.2857142985
68469  -29.592  19.243  -12.400 0.2857142985
54207  -34.646  2.905  -4.230 0.7142857313
113923  -36.079  3.879  -7.109 0.8571428657
102610  -35.551  4.147  -7.325 0.8571428657
58987  -32.877  6.685  -11.037 0.8571428657
106279  -29.419  21.100  -9.042 0.1428571492
43839  -26.300  -8.236  0.238 0.2857142985
44872  -26.625  -7.868  -0.104 0.2857142985
44873  -27.128  -6.806  0.244 0.2857142985
45960  -27.742  -5.855  0.641 0.4285714328
45972  -29.492  -4.816  1.002 0.4285714328
45982  -26.738  -6.840  -0.935 0.2857142985
47089  -28.961  -4.783  0.239 0.4285714328
47116  -27.024  -5.608  -2.341 0.5714285970
48267  -27.933  -4.479  -2.594 0.5714285970
49261  -29.651  -3.275  -1.536 0.4285714328
48282  -28.041  -3.958  -3.381 0.2857142985
50257  -30.575  -2.313  -2.058 0.4285714328
49297  -28.986  -2.715  -3.678 0.5714285970
51229  -34.729  -0.388  -1.180 0.4285714328
50293  -29.365  -2.105  -4.232 0.7142857313
52229  -32.871  -0.179  -1.746 0.5714285970
51228  -33.784  -0.298  -1.390 0.4285714328
53236  -32.771  0.979  -2.750 0.7142857313
51267  -28.550  -1.553  -5.307 0.5714285970
53257  -36.683  1.894  -4.540 0.5714285970
51286  -30.036  -0.292  -5.558 0.5714285970
53239  -36.173  1.090  -3.420 0.5714285970
53253  -32.507  1.437  -3.357 0.7142857313
52290  -30.730  0.377  -5.277 0.8571428657
116148  -33.350  4.402  -5.316 1.0000000000
57015  -34.690  4.865  -9.230 1.0000000000
98310  -32.038  5.867  -6.239 1.0000000000
110769  -32.600  6.734  -8.629 0.8571428657
59912  -32.452  7.991  -9.248 0.7142857313
59923  -32.627  7.517  -10.465 1.0000000000
59938  -33.039  7.456  -11.238 1.0000000000
59937  -32.846  7.710  -11.073 1.0000000000
110136  -32.502  8.452  -10.204 0.7142857313
64465  -32.055  12.886  -11.581 0.8571428657
117683  -32.917  11.050  -11.153 1.0000000000
66249  -32.311  14.613  -12.984 0.7142857313
68471  -30.972  18.077  -13.207 0.7142857313
66233  -31.330  14.948  -12.371 0.5714285970
67007  -31.708  16.648  -13.347 0.7142857313
67758  -31.729  17.401  -13.494 0.7142857313
69178  -29.998  19.658  -12.796 0.2857142985
69187  -31.113  19.818  -13.017 0.4285714328
67759  -32.404  17.476  -14.046 0.4285714328
69188  -32.055  19.975  -13.235 0.4285714328
69808  -29.905  20.940  -11.783 0.2857142985
69818  -31.733  20.730  -12.866 0.4285714328
114377  -28.237  -3.335  -4.085 0.4285714328
49305  -28.067  -2.835  -4.773 0.4285714328
68470  -30.331  18.822  -12.708 0.4285714328
69813  -29.568  20.326  -12.343 0.2857142985
43811  -26.670  -7.525  3.527 0.4285714328
44831  -27.000  -6.887  2.973 0.4285714328
43827  -26.017  -7.805  1.256 0.2857142985
102969  -25.513  -8.393  1.114 0.2857142985
44833  -28.774  -6.264  3.604 0.4285714328
44858  -26.623  -7.265  0.784 0.2857142985
102239  -28.123  -5.484  1.618 0.4285714328
45983  -27.189  -6.433  -1.030 0.2857142985
109481  -27.655  -5.835  -0.875 0.4285714328
47088  -28.110  -5.355  -0.110 0.4285714328
45993  -27.391  -5.800  -1.573 0.4285714328
47117  -27.635  -5.143  -2.068 0.4285714328
48281  -27.319  -4.542  -3.401 0.2857142985
48254  -29.173  -3.793  -1.310 0.4285714328
49284  -28.705  -3.330  -3.161 0.5714285970
51253  -30.837  -1.350  -3.265 0.5714285970
117979  -31.190  -0.741  -3.470 0.7142857313
107161  -35.274  0.148  -1.742 0.5714285970
51268  -29.305  -1.560  -4.912 0.7142857313
100068  -30.608  -1.004  -4.144 0.7142857313
101879  -28.638  -2.162  -4.835 0.7142857313
51270  -30.727  -0.348  -4.849 0.5714285970
52291  -31.212  1.018  -5.124 0.8571428657
53285  -30.579  1.271  -5.513 0.8571428657
110087  -32.819  3.789  -5.081 0.8571428657
65358  -32.493  13.487  -12.335 0.8571428657
65376  -32.877  13.820  -12.992 0.8571428657
67747  -31.213  17.360  -13.090 0.5714285970
67006  -31.173  16.824  -12.535 0.5714285970
67736  -30.234  17.829  -11.545 0.4285714328
68461  -29.905  18.587  -12.070 0.4285714328
68482  -31.668  18.211  -13.479 0.4285714328
69167  -28.766  19.905  -10.990 0.2857142985
69802  -29.794  20.920  -10.815 0.2857142985
97673  -29.724  20.963  -9.814 0.1428571492
44887  -26.930  -7.037  -0.490 0.2857142985
48292  -27.502  -3.931  -3.987 0.2857142985
71086  -33.311  22.901  -14.840 0.2857142985
72256  -32.017  25.309  -14.893 0.1428571492
70488  -32.509  21.809  -14.062 0.2857142985
70496  -33.816  22.060  -14.950 0.2857142985
71664  -31.785  24.649  -14.842 0.1428571492
105015  -32.448  25.819  -14.566 0.1428571492
70482  -31.797  21.648  -12.891 0.1428571492
70487  -32.145  21.457  -13.459 0.2857142985
104495  -31.777  23.232  -14.168 0.1428571492
69824  -33.946  20.547  -14.594 0.2857142985
70489  -33.453  21.517  -14.506 0.2857142985
67737  -34.617  17.379  -12.475 0.2857142985
67761  -34.320  18.021  -14.042 0.2857142985
72844  -31.845  26.852  -14.026 0.1428571492
108688  -32.468  19.389  -13.526 0.2857142985
67026  -33.530  16.468  -14.319 0.2857142985
69193  -33.582  19.891  -14.060 0.2857142985
69820  -33.194  20.788  -13.875 0.2857142985
65359  -34.089  15.118  -11.456 0.1428571492
105204  -34.254  17.078  -14.039 0.2857142985
67770  -33.888  18.075  -14.295 0.2857142985
116145  -31.701  23.930  -14.714 0.1428571492
113188  -33.363  18.456  -14.151 0.2857142985
69189  -32.828  20.036  -13.569 0.2857142985
65344  -35.814  14.386  -9.540 0.1428571492
65351  -34.633  14.881  -10.487 0.1428571492
67008  -34.265  16.529  -12.162 0.4285714328
103349  -33.046  16.748  -14.520 0.2857142985
63564  -33.842  13.428  -10.204 0.2857142985
65350  -33.463  14.305  -12.038 0.4285714328
66266  -33.425  15.719  -13.735 0.2857142985
62615  -34.655  11.968  -8.570 0.1428571492
64455  -34.211  14.199  -10.215 0.2857142985
66251  -33.270  14.911  -13.147 0.4285714328
64454  -33.355  13.835  -11.113 0.5714285970
61754  -34.522  11.001  -8.673 0.1428571492
113060  -34.350  12.318  -9.143 0.1428571492
63550  -33.582  12.550  -10.451 0.4285714328
61755  -34.973  10.323  -8.106 0.2857142985
105613  -34.407  10.167  -8.913 0.7142857313
64466  -33.012  13.709  -12.463 0.7142857313
61783  -32.777  10.418  -11.002 0.8571428657
61769  -33.464  10.998  -10.408 0.8571428657
101421  -33.260  13.005  -10.967 0.5714285970
60874  -35.193  9.398  -7.933 0.2857142985
63573  -33.059  12.208  -11.332 0.8571428657
104295  -35.411  8.593  -7.750 0.1428571492
60888  -33.971  9.613  -9.727 0.7142857313
59877  -35.726  8.530  -6.953 0.1428571492
56986  -28.958  5.362  -7.307 0.5714285970
58022  -32.528  6.357  -6.774 0.8571428657
58037  -32.106  6.962  -7.074 0.8571428657
58020  -30.813  6.451  -6.593 0.4285714328
103802  -32.388  7.120  -7.725 0.5714285970
108337  -32.922  8.379  -11.042 0.8571428657
58066  -34.109  6.049  -10.994 0.8571428657
59896  -35.580  7.840  -7.572 0.2857142985
102248  -34.089  8.593  -9.855 0.8571428657
62642  -33.302  11.664  -10.890 0.8571428657
58949  -35.964  7.455  -6.980 0.4285714328
59913  -34.560  7.995  -9.226 0.7142857313
60873  -34.591  9.356  -8.792 0.7142857313
57012  -27.818  5.067  -8.360 0.2857142985
56989  -31.166  5.786  -6.365 0.5714285970
56988  -30.250  5.654  -6.560 0.5714285970
58065  -33.650  5.847  -10.868 0.8571428657
58079  -33.383  6.244  -11.239 0.8571428657
58080  -33.399  6.843  -11.191 0.8571428657
59924  -33.387  7.924  -10.934 0.8571428657
58967  -35.565  6.898  -7.887 0.4285714328
58977  -34.532  6.844  -9.589 0.8571428657
59925  -34.044  7.295  -10.462 0.8571428657
58024  -35.929  6.352  -7.448 0.4285714328
53300  -28.281  1.355  -6.670 0.7142857313
55141  -26.636  2.360  -8.056 0.4285714328
53301  -29.189  1.665  -6.327 0.7142857313
54233  -30.090  2.965  -6.122 0.8571428657
55132  -28.114  3.115  -6.941 0.5714285970
55143  -28.284  4.043  -7.392 0.5714285970
56066  -26.213  3.800  -8.964 0.4285714328
55120  -30.475  3.639  -6.021 0.8571428657
56056  -28.354  4.858  -7.695 0.5714285970
56047  -31.493  5.166  -5.993 0.7142857313
117530  -30.047  4.887  -6.525 0.5714285970
56057  -35.217  4.635  -8.656 0.7142857313
57029  -34.633  5.212  -9.639 0.7142857313
58051  -34.608  5.755  -9.884 0.8571428657
99483  -36.491  5.209  -6.884 0.2857142985
57004  -36.155  5.355  -7.551 0.4285714328
51285  -29.103  -0.268  -5.915 0.4285714328
53282  -27.841  0.511  -6.690 0.4285714328
53311  -26.311  1.577  -7.829 0.4285714328
54220  -32.253  3.097  -4.797 0.7142857313
54219  -31.419  2.828  -5.201 0.7142857313
56032  -31.751  4.499  -5.570 0.8571428657
56048  -36.130  4.145  -7.506 0.7142857313
56049  -36.598  4.215  -7.050 0.2857142985
56993  -36.282  4.516  -7.520 0.5714285970
51284  -28.405  -0.855  -5.743 0.4285714328
52286  -26.268  -0.021  -6.624 0.5714285970
53283  -28.875  0.599  -6.293 0.5714285970
107935  -30.811  2.187  -5.497 0.7142857313
55124  -37.270  3.566  -6.564 0.4285714328
56036  -37.058  3.724  -6.528 0.4285714328
50291  -27.064  -2.099  -5.356 0.5714285970
54208  -38.258  2.835  -6.534 0.4285714328
54192  -37.361  2.558  -5.904 0.4285714328
54222  -38.116  2.991  -6.817 0.4285714328
47091  -30.574  -4.080  0.507 0.1428571492
53269  -37.758  1.949  -6.372 0.4285714328
53270  -38.390  2.207  -6.824 0.4285714328
48240  -30.464  -3.678  -0.161 0.1428571492
115802  -31.574  -2.685  0.222 0.1428571492
50245  -33.763  -1.227  -0.454 0.2857142985
50296  -37.166  -1.142  -4.935 0.2857142985
51301  -38.751  0.078  -8.430 0.2857142985
51287  -37.731  -0.367  -5.554 0.2857142985
52232  -35.937  -0.037  -1.977 0.4285714328
52303  -38.581  1.013  -7.779 0.2857142985
51271  -36.829  -0.687  -4.200 0.2857142985
52302  -38.750  1.617  -7.104 0.2857142985
53287  -38.525  1.851  -6.996 0.4285714328
48241  -31.094  -3.285  0.206 0.1428571492
47106  -30.069  -4.098  -0.127 0.1428571492
49264  -32.508  -2.009  -0.149 0.2857142985
50272  -36.333  -1.478  -2.172 0.2857142985
50282  -36.442  -1.588  -3.193 0.2857142985
51230  -35.547  -0.442  -1.342 0.2857142985
50295  -36.691  -1.681  -4.259 0.2857142985
101885  -32.476  -2.635  1.198 0.1428571492
50237  -35.839  -1.867  -0.007 0.2857142985
48258  -32.933  -2.223  0.693 0.2857142985
50247  -35.286  -1.396  -0.399 0.2857142985
50246  -34.380  -1.613  -0.116 0.2857142985
49263  -31.830  -2.354  -0.128 0.2857142985
51213  -35.779  -1.022  -0.949 0.2857142985
111717  -30.191  -4.517  0.985 0.1428571492
47073  -30.735  -4.118  1.435 0.1428571492
106017  -27.394  -7.720  4.277 0.2857142985
43796  -26.335  -8.239  4.111 0.2857142985
45961  -29.041  -5.044  1.783 0.2857142985
43797  -28.408  -7.653  4.560 0.1428571492
42833  -25.936  -8.938  4.641 0.2857142985
48257  -32.144  -2.434  0.458 0.1428571492
50236  -34.983  -1.960  0.244 0.2857142985
50260  -36.231  -1.483  -1.241 0.2857142985
104127  -37.047  -2.048  -5.362 0.2857142985
51231  -36.092  -0.788  -1.646 0.2857142985
50302  -37.635  -1.428  -5.883 0.2857142985
52250  -36.193  0.287  -2.848 0.4285714328
51256  -37.166  0.361  -4.548 0.4285714328
52293  -38.407  0.814  -7.194 0.2857142985
53288  -38.947  1.708  -6.670 0.2857142985
54231  -28.620  2.320  -6.628 0.7142857313
56045  -29.542  4.377  -6.648 0.5714285970
56035  -36.501  3.893  -6.903 0.4285714328
109945  -36.789  4.924  -6.128 0.2857142985
62657  -32.048  11.415  -11.495 0.7142857313
97566  -35.585  5.623  -8.296 0.7142857313
58950  -36.270  6.465  -6.656 0.2857142985
104598  -33.332  9.990  -10.477 0.8571428657
63551  -34.194  12.880  -9.566 0.4285714328
72243  -31.625  25.549  -12.956 0.1428571492
102621  -34.038  15.686  -12.088 0.2857142985
69194  -34.378  19.693  -14.546 0.2857142985
43813  -28.391  -7.015  4.054 0.1428571492
43826  -25.570  -8.124  2.162 0.2857142985
45929  -29.056  -5.489  3.230 0.1428571492
45962  -29.955  -4.470  1.926 0.1428571492
47092  -31.340  -3.638  1.068 0.1428571492
48243  -32.918  -2.436  1.478 0.1428571492
48244  -33.670  -2.418  1.120 0.1428571492
50244  -32.388  -1.373  -0.760 0.2857142985
49307  -36.748  -2.628  -4.869 0.2857142985
51211  -34.006  -0.715  -0.873 0.2857142985
52288  -28.192  -0.154  -6.226 0.5714285970
53310  -25.562  1.548  -7.903 0.2857142985
52304  -39.321  1.052  -7.323 0.2857142985
53271  -38.901  1.739  -6.205 0.2857142985
54230  -27.769  2.038  -7.011 0.7142857313
54217  -30.093  2.093  -5.952 0.5714285970
98604  -25.807  2.911  -10.093 0.4285714328
54243  -27.307  2.641  -7.484 0.5714285970
115887  -27.272  5.170  -8.731 0.2857142985
56067  -27.110  4.518  -8.552 0.5714285970
110226  -29.678  3.543  -6.433 0.7142857313
56999  -28.420  5.721  -7.947 0.2857142985
54209  -38.294  2.778  -6.599 0.1428571492
55126  -38.024  3.211  -6.310 0.4285714328
55125  -37.949  3.270  -6.661 0.4285714328
56018  -37.260  3.946  -5.037 0.1428571492
116936  -34.228  5.530  -10.343 0.8571428657
56974  -37.087  4.348  -5.590 0.1428571492
58005  -36.493  6.136  -5.884 0.2857142985
59914  -35.121  7.629  -8.428 0.7142857313
59878  -36.115  8.408  -6.194 0.2857142985
69814  -30.555  20.608  -12.490 0.2857142985
60855  -35.570  9.369  -7.154 0.1428571492
62628  -34.141  11.523  -9.316 0.5714285970
99944  -35.385  10.041  -7.401 0.1428571492
99935  -31.694  23.547  -13.055 0.1428571492
62616  -35.086  11.392  -8.024 0.1428571492
66252  -33.817  15.610  -12.991 0.2857142985
64443  -34.609  13.693  -9.493 0.2857142985
65343  -35.003  14.384  -9.711 0.1428571492
66993  -34.855  16.822  -11.671 0.2857142985
66235  -35.236  15.928  -11.302 0.1428571492
66228  -35.388  15.239  -10.759 0.1428571492
44834  -29.643  -5.979  3.748 0.1428571492
47074  -31.345  -3.403  2.207 0.1428571492
50303  -38.496  -1.768  -6.976 0.2857142985
57992  -36.646  6.079  -4.972 0.2857142985
65352  -35.500  14.783  -10.129 0.1428571492
67009  -35.330  17.375  -12.068 0.2857142985
43812  -27.467  -7.107  3.685 0.2857142985
44832  -27.891  -6.567  3.352 0.1428571492
45947  -29.511  -4.968  2.624 0.1428571492
47105  -29.288  -4.255  -0.443 0.1428571492
50258  -31.292  -1.847  -1.584 0.4285714328
49275  -31.704  -2.007  -0.747 0.2857142985
48270  -30.609  -3.049  -0.567 0.1428571492
53284  -29.760  1.053  -5.960 0.5714285970
52289  -29.582  0.299  -5.857 0.4285714328
55106  -37.936  3.221  -6.647 0.4285714328
55122  -31.970  3.753  -5.204 0.7142857313
57016  -35.233  4.888  -8.966 0.7142857313
111586  -32.375  5.224  -5.796 0.8571428657
56990  -32.947  5.771  -6.304 0.8571428657
57028  -34.160  5.201  -10.008 0.8571428657
58064  -33.000  6.010  -10.687 0.8571428657
67024  -32.338  16.650  -14.075 0.2857142985
107630  -35.221  -0.812  -0.856 0.2857142985
52275  -37.874  1.447  -6.268 0.4285714328
60887  -33.326  9.000  -10.644 0.8571428657
68483  -32.572  18.495  -13.804 0.2857142985
69819  -32.411  20.827  -13.436 0.2857142985
55121  -31.205  3.676  -5.610 0.8571428657
71081  -32.886  22.476  -14.564 0.2857142985
71665  -32.256  24.188  -15.119 0.1428571492
71085  -32.354  23.317  -14.885 0.2857142985
72255  -31.774  25.928  -14.507 0.1428571492
71080  -32.119  22.833  -14.555 0.2857142985
71079  -31.863  23.676  -14.934 0.1428571492
71073  -31.956  22.196  -13.828 0.1428571492
68492  -34.689  18.905  -14.303 0.2857142985
109782  -33.717  17.149  -14.425 0.2857142985
72247  -31.624  25.403  -14.071 0.1428571492
67027  -34.024  16.387  -13.539 0.2857142985
109897  -33.134  19.237  -13.833 0.2857142985
68484  -33.896  19.045  -14.176 0.2857142985
66234  -34.501  16.029  -11.530 0.1428571492
66227  -34.729  15.452  -11.010 0.1428571492
67760  -33.203  17.614  -14.309 0.2857142985
65378  -33.635  14.818  -12.588 0.5714285970
63552  -34.995  12.913  -8.782 0.1428571492
111619  -33.854  14.550  -10.936 0.2857142985
61770  -33.988  10.537  -9.580 0.4285714328
62627  -33.815  12.025  -9.886 0.5714285970
105481  -34.940  8.636  -8.468 0.5714285970
107249  -29.523  5.123  -6.805 0.5714285970
58021  -31.684  6.482  -6.587 0.5714285970
58948  -31.323  7.170  -6.804 0.4285714328
56987  -29.530  5.877  -6.935 0.4285714328
117747  -34.566  8.682  -9.013 0.8571428657
58978  -35.156  6.354  -8.891 0.7142857313
53299  -27.406  1.107  -7.120 0.5714285970
54229  -27.017  1.691  -7.550 0.4285714328
54232  -29.454  2.615  -6.365 0.7142857313
55133  -28.972  3.088  -6.654 0.7142857313
111493  -26.908  3.072  -8.042 0.4285714328
55142  -27.556  3.519  -7.666 0.5714285970
56044  -28.925  4.596  -7.099 0.5714285970
55152  -26.960  3.735  -8.329 0.4285714328
55160  -25.009  2.764  -9.861 0.2857142985
56031  -30.981  4.387  -5.977 0.7142857313
57003  -35.802  4.590  -8.161 0.5714285970
52301  -26.913  0.503  -6.988 0.5714285970
51272  -37.364  -0.297  -4.829 0.2857142985
108230  -37.818  0.597  -5.714 0.4285714328
112323  -33.024  -1.420  -0.400 0.2857142985
51212  -34.588  -1.014  -0.627 0.2857142985
106922  -36.528  -0.973  -3.530 0.2857142985
51295  -38.638  -0.308  -7.240 0.2857142985
51255  -36.578  -0.162  -3.498 0.2857142985
51244  -36.287  -0.628  -2.636 0.2857142985
47093  -32.027  -3.046  1.639 0.1428571492
48242  -31.786  -2.978  0.788 0.1428571492
101055  -34.118  -2.079  0.459 0.2857142985
50248  -36.007  -1.504  -0.583 0.2857142985
42835  -27.859  -8.277  4.820 0.1428571492
42834  -26.847  -8.570  4.712 0.1428571492
43798  -29.316  -7.263  4.542 0.1428571492
56037  -37.362  3.539  -5.987 0.2857142985
71652  -31.870  24.424  -12.440 0.1428571492
44835  -30.650  -5.734  3.953 0.1428571492
71069  -31.750  22.638  -12.808 0.1428571492
62656  -31.784  11.700  -11.378 0.5714285970
61767  -31.908  10.737  -10.681 0.4285714328
62640  -31.743  11.365  -11.111 0.5714285970
61768  -32.193  10.015  -10.284 0.4285714328
59895  -32.127  8.459  -7.958 0.4285714328
60872  -32.303  9.332  -9.921 0.4285714328
61753  -31.999  10.000  -8.705 0.4285714328
50308  -39.533  -1.309  -8.288 0.1428571492
52328  -39.201  0.526  -10.462 0.1428571492
51296  -39.987  0.320  -7.251 0.1428571492
47126  -26.788  -5.157  -3.018 0.2857142985
97754  -40.486  -3.207  -7.122 0.1428571492
49321  -39.911  -2.603  -8.246 0.1428571492
49309  -40.297  -2.435  -5.822 0.1428571492
97631  -40.438  -2.139  -6.803 0.1428571492
50284  -39.493  -1.511  -3.856 0.1428571492
49313  -37.745  -2.494  -6.280 0.1428571492
49314  -39.066  -3.015  -7.021 0.1428571492
49320  -40.175  -3.169  -7.762 0.1428571492
98858  -39.550  -2.889  -3.235 0.1428571492
50239  -39.192  -2.004  0.005 0.1428571492
49289  -39.452  -2.316  -2.250 0.1428571492
50249  -39.224  -1.539  -0.712 0.1428571492
46001  -26.352  -5.726  -2.408 0.2857142985
47115  -25.592  -5.428  -2.598 0.2857142985
49288  -36.738  -2.958  -2.269 0.1428571492
48283  -36.685  -3.202  -3.491 0.1428571492
49298  -36.606  -2.432  -3.831 0.1428571492
49287  -36.501  -2.292  -2.780 0.1428571492
49308  -37.092  -2.861  -5.761 0.1428571492
48310  -39.823  -4.140  -7.109 0.1428571492
48309  -37.999  -3.615  -6.295 0.1428571492
48301  -40.151  -4.672  -6.229 0.1428571492
48295  -39.827  -3.848  -4.526 0.1428571492
48272  -39.613  -3.631  -1.498 0.1428571492
49256  -39.255  -2.843  0.318 0.1428571492
49278  -39.523  -2.765  -1.361 0.1428571492
45992  -26.776  -6.292  -1.645 0.2857142985
44894  -25.810  -6.702  -1.437 0.2857142985
49266  -36.475  -2.092  -0.629 0.1428571492
48293  -36.506  -4.047  -4.800 0.1428571492
101260  -38.457  -4.589  -6.204 0.1428571492
48300  -36.752  -3.582  -5.547 0.1428571492
47136  -39.706  -4.935  -5.103 0.1428571492
110150  -39.568  -4.114  -2.403 0.1428571492
101614  -39.560  -4.400  -3.648 0.1428571492
103760  -38.722  -2.171  1.847 0.1428571492
49255  -38.860  -2.214  1.019 0.1428571492
49277  -36.828  -2.862  -1.234 0.1428571492
49254  -36.878  -2.869  -0.229 0.1428571492
48294  -36.627  -4.022  -3.633 0.1428571492
48271  -37.117  -3.604  -1.691 0.1428571492
46025  -37.166  -5.796  -6.087 0.1428571492
47155  -38.604  -5.418  -6.007 0.1428571492
108677  -36.563  -4.551  -5.729 0.1428571492
47144  -39.656  -5.343  -6.062 0.1428571492
98133  -39.681  -3.975  -0.826 0.1428571492
47129  -39.492  -4.918  -3.031 0.1428571492
48233  -39.279  -3.510  0.673 0.1428571492
48247  -39.551  -3.565  -0.162 0.1428571492
48245  -36.856  -3.053  0.704 0.1428571492
49251  -34.669  -2.396  0.942 0.1428571492
46002  -37.287  -5.246  -2.379 0.1428571492
47119  -37.301  -4.392  -2.039 0.1428571492
48259  -37.189  -3.541  -0.770 0.1428571492
47135  -36.472  -4.771  -4.304 0.1428571492
47128  -36.867  -4.587  -3.058 0.1428571492
44919  -37.822  -6.670  -5.742 0.1428571492
44925  -36.142  -6.447  -6.085 0.1428571492
46017  -39.352  -5.728  -5.194 0.1428571492
46016  -38.926  -6.017  -5.694 0.1428571492
47120  -39.643  -4.384  -1.467 0.1428571492
99674  -37.519  -5.870  -1.763 0.1428571492
47107  -37.378  -4.249  -1.137 0.1428571492
115905  -37.395  -4.130  -0.406 0.1428571492
46008  -36.178  -6.313  -5.066 0.1428571492
109566  -37.219  -5.986  -2.708 0.1428571492
113713  -39.558  -4.796  -2.117 0.1428571492
44911  -38.905  -6.671  -5.093 0.1428571492
105450  -36.691  -5.551  -3.691 0.1428571492
48284  -36.868  -3.760  -2.658 0.1428571492
47143  -36.359  -5.168  -5.631 0.1428571492
48308  -37.025  -4.516  -6.081 0.1428571492
49241  -38.741  -2.793  1.629 0.1428571492
50199  -38.976  -1.743  2.407 0.1428571492
48260  -39.599  -3.355  -0.864 0.1428571492
98631  -40.335  -3.645  -6.040 0.1428571492
48285  -39.541  -3.209  -2.277 0.1428571492
50311  -39.137  -1.390  -7.902 0.1428571492
50307  -40.282  -0.913  -7.200 0.1428571492
44895  -26.402  -6.896  -1.157 0.2857142985
115692  -39.628  -4.247  -0.288 0.1428571492
49226  -38.769  -2.657  2.496 0.1428571492
50200  -39.633  -1.326  2.851 0.1428571492
50221  -38.815  -1.487  1.631 0.1428571492
49267  -39.459  -2.794  -0.482 0.1428571492
114442  -38.994  -1.102  -0.024 0.1428571492
51289  -40.107  0.058  -6.246 0.1428571492
52294  -39.480  0.897  -6.464 0.1428571492
63571  -31.740  12.149  -11.401 0.4285714328
66994  -35.753  16.534  -11.676 0.1428571492
109273  -26.253  -6.350  -1.769 0.2857142985
67748  -35.086  17.827  -12.550 0.1428571492
50317  -39.584  -1.053  -10.132 0.1428571492
49276  -36.497  -2.187  -1.717 0.1428571492
49253  -36.357  -2.406  0.336 0.1428571492
49252  -35.576  -2.321  0.688 0.1428571492
105896  -38.489  2.203  -5.763 0.1428571492
49319  -39.723  -2.644  -8.111 0.1428571492
49324  -39.600  -2.046  -8.345 0.1428571492
51297  -40.220  -0.130  -8.419 0.1428571492
49315  -40.408  -2.487  -7.709 0.1428571492
97887  -39.813  -2.537  -4.416 0.1428571492
50297  -40.192  -1.193  -5.924 0.1428571492
50274  -39.422  -1.918  -3.148 0.1428571492
110691  -39.547  -3.657  -3.154 0.1428571492
48311  -40.158  -4.072  -7.007 0.1428571492
50262  -39.376  -1.873  -1.436 0.1428571492
108278  -36.655  -3.160  -4.481 0.1428571492
47156  -39.837  -4.826  -6.548 0.1428571492
47154  -37.147  -5.255  -6.119 0.1428571492
117215  -39.476  -5.145  -4.111 0.1428571492
48246  -37.227  -3.621  0.117 0.1428571492
47153  -36.549  -5.130  -6.012 0.1428571492
46026  -37.850  -6.030  -5.796 0.1428571492
46024  -36.387  -5.837  -6.059 0.1428571492
109592  -36.294  -5.554  -5.020 0.1428571492
46009  -39.387  -5.855  -3.798 0.1428571492
46003  -39.494  -5.484  -2.494 0.1428571492
46015  -36.061  -6.098  -5.874 0.1428571492
41922  -24.996  -9.834  4.605 0.1428571492
42847  -25.527  -8.695  3.978 0.1428571492
99783  -24.054  -9.770  3.374 0.1428571492
41935  -24.913  -9.221  3.819 0.1428571492
100175  -25.177  -8.513  3.072 0.1428571492
41949  -24.664  -8.844  2.932 0.1428571492
42865  -24.915  -8.563  1.889 0.1428571492
43838  -25.926  -8.589  0.313 0.1428571492
42884  -24.945  -8.690  0.394 0.1428571492
43847  -25.189  -8.399  -0.138 0.1428571492
43858  -26.285  -8.239  -0.253 0.1428571492
42883  -24.010  -8.494  0.857 0.1428571492
43846  -24.334  -8.051  0.304 0.1428571492
43856  -25.373  -7.760  -0.528 0.1428571492
44885  -26.006  -7.612  -0.834 0.1428571492
45980  -23.589  -5.436  -0.676 0.1428571492
45981  -24.384  -6.002  -1.001 0.1428571492
102778  -24.728  -4.975  -2.385 0.1428571492
112045  -25.064  -5.633  -2.116 0.1428571492
47125  -26.129  -5.082  -3.101 0.1428571492
48280  -26.617  -4.501  -3.620 0.1428571492
47124  -25.296  -4.692  -3.022 0.2857142985
48291  -26.851  -3.834  -4.264 0.2857142985
113136  -26.047  -1.183  -5.938 0.4285714328
51283  -27.490  -0.705  -5.940 0.4285714328
58964  -30.875  7.887  -7.026 0.2857142985
58966  -32.409  7.512  -8.342 0.2857142985
61736  -31.111  11.259  -8.233 0.2857142985
62626  -31.503  11.588  -9.839 0.2857142985
63563  -31.414  12.062  -10.826 0.4285714328
45991  -25.727  -6.022  -2.046 0.1428571492
47123  -24.404  -4.186  -2.748 0.1428571492
48278  -25.058  -3.874  -3.498 0.2857142985
116021  -27.090  -4.251  -3.868 0.1428571492
42875  -24.410  -8.703  1.257 0.1428571492
44883  -24.083  -6.407  -0.434 0.1428571492
45989  -24.278  -5.314  -1.560 0.1428571492
47114  -23.861  -4.475  -2.008 0.1428571492
49283  -24.016  -3.486  -3.193 0.2857142985
48290  -25.973  -3.929  -4.000 0.2857142985
48289  -25.326  -3.397  -4.129 0.2857142985
49295  -26.905  -3.253  -4.809 0.2857142985
49304  -27.349  -2.818  -5.037 0.4285714328
50290  -26.023  -1.860  -5.526 0.4285714328
108011  -24.849  -0.919  -6.438 0.2857142985
58019  -30.070  6.369  -6.755 0.2857142985
106701  -28.811  7.216  -7.589 0.2857142985
58962  -28.957  8.007  -7.679 0.2857142985
59894  -31.377  8.637  -7.295 0.2857142985
60854  -32.261  8.992  -8.850 0.2857142985
60871  -31.309  10.174  -7.747 0.2857142985
60870  -30.216  10.027  -7.777 0.2857142985
100758  -31.790  10.788  -9.338 0.2857142985
49294  -26.048  -3.202  -4.603 0.2857142985
58036  -29.452  6.696  -7.133 0.2857142985
58963  -29.761  7.762  -7.226 0.2857142985
58048  -28.139  6.614  -8.298 0.2857142985
59893  -30.428  8.609  -7.276 0.2857142985
60851  -30.085  9.232  -7.485 0.2857142985
60853  -31.796  9.357  -7.774 0.2857142985
59892  -29.520  8.636  -7.547 0.2857142985
51265  -26.813  -1.318  -5.713 0.4285714328
43849  -26.251  -8.524  -0.018 0.1428571492
44886  -26.531  -7.499  -0.587 0.1428571492
48279  -25.842  -4.446  -3.495 0.1428571492
45990  -25.026  -6.160  -1.602 0.1428571492
42864  -24.258  -8.929  2.344 0.1428571492
43848  -25.807  -8.748  0.013 0.1428571492
43855  -24.585  -7.422  -0.270 0.1428571492
44871  -23.582  -6.980  0.218 0.1428571492
44884  -25.029  -6.905  -0.932 0.1428571492
51264  -25.268  -1.372  -6.010 0.4285714328
61752  -31.471  10.817  -8.296 0.2857142985
49303  -26.524  -2.644  -5.108 0.4285714328
59910  -28.567  8.676  -8.078 0.2857142985
52285  -25.214  -0.153  -6.848 0.2857142985
107671  -25.989  0.996  -7.547 0.2857142985
69197  -37.017  19.426  -14.750 0.1428571492
68487  -36.904  18.268  -14.162 0.1428571492
68493  -35.696  18.909  -14.598 0.1428571492
68485  -35.140  18.499  -13.891 0.1428571492
69825  -34.783  20.339  -15.065 0.1428571492
71672  -34.726  22.944  -15.102 0.1428571492
52300  -26.057  0.503  -7.206 0.2857142985
53309  -24.787  1.471  -7.928 0.2857142985
67749  -35.880  17.616  -12.827 0.1428571492
99940  -34.780  17.980  -13.171 0.1428571492
68486  -36.030  18.452  -14.007 0.1428571492
67762  -35.481  18.105  -13.249 0.1428571492
69826  -35.666  20.229  -15.230 0.1428571492
71088  -35.095  22.137  -15.286 0.1428571492
69829  -35.103  20.948  -15.398 0.1428571492
71671  -33.840  23.320  -15.068 0.1428571492
70492  -34.287  21.176  -15.158 0.1428571492
51282  -26.573  -0.600  -6.112 0.2857142985
68494  -36.581  18.856  -14.605 0.1428571492
69827  -36.491  20.208  -15.081 0.1428571492
69195  -35.287  19.581  -14.848 0.1428571492
69196  -36.200  19.471  -15.010 0.1428571492
69828  -37.142  20.341  -14.555 0.1428571492
67763  -36.431  17.914  -13.570 0.1428571492
58974  -27.447  7.306  -8.631 0.1428571492
58975  -28.239  7.675  -8.107 0.1428571492
59911  -29.360  9.413  -7.883 0.1428571492
60869  -28.594  9.627  -8.294 0.1428571492
112234  -29.306  10.098  -8.172 0.1428571492
58035  -28.726  6.449  -7.628 0.1428571492
100977  -30.034  11.339  -8.298 0.1428571492
103239  -29.803  11.924  -8.489 0.2857142985
55151  -26.278  3.033  -8.901 0.2857142985
55150  -25.443  2.756  -10.389 0.1428571492
57027  -25.772  5.250  -9.406 0.1428571492
58046  -26.882  5.589  -9.024 0.1428571492
58047  -27.287  6.386  -8.923 0.1428571492
115291  -36.284  7.555  -6.188 0.1428571492
58986  -26.925  7.822  -9.056 0.1428571492
61751  -30.700  10.920  -8.021 0.1428571492
63538  -31.056  12.112  -8.953 0.1428571492
62613  -30.667  11.666  -8.394 0.1428571492
63537  -30.312  12.414  -8.711 0.2857142985
64442  -31.116  12.945  -10.081 0.2857142985
66988  -29.871  15.997  -11.210 0.2857142985
66221  -29.256  15.475  -10.058 0.2857142985
66991  -30.071  16.920  -11.333 0.2857142985
117338  -31.304  21.265  -12.425 0.1428571492
109884  -28.590  19.889  -9.558 0.1428571492
63548  -30.717  12.773  -9.255 0.2857142985
64452  -30.913  13.625  -10.580 0.2857142985
65356  -30.960  14.260  -12.084 0.2857142985
65348  -30.607  14.318  -11.126 0.2857142985
66222  -29.749  15.112  -10.717 0.2857142985
66992  -30.792  16.117  -11.930 0.2857142985
68460  -28.990  19.168  -11.852 0.1428571492
66220  -29.034  16.290  -9.714 0.2857142985
69809  -30.783  21.329  -11.835 0.1428571492
70469  -30.549  21.280  -10.132 0.1428571492
65341  -29.353  14.727  -9.962 0.1428571492
66226  -29.399  16.168  -10.332 0.2857142985
67735  -29.417  17.746  -11.138 0.1428571492
66987  -29.420  16.963  -10.757 0.2857142985
68454  -28.414  18.649  -10.616 0.1428571492
67731  -28.178  18.045  -10.048 0.1428571492
62612  -29.317  11.349  -8.418 0.2857142985
66982  -28.306  17.361  -9.120 0.1428571492
69162  -28.477  19.920  -8.785 0.1428571492
116365  -28.250  17.731  -9.587 0.1428571492
61748  -28.259  10.288  -8.400 0.1428571492
111848  -36.856  5.283  -5.005 0.1428571492
57011  -26.437  4.760  -8.951 0.1428571492
58077  -25.883  6.732  -9.602 0.1428571492
58936  -36.518  7.209  -5.652 0.1428571492
58998  -25.451  7.282  -9.964 0.1428571492
59935  -26.012  8.190  -10.024 0.1428571492
59921  -26.582  8.211  -9.523 0.1428571492
59922  -27.809  9.029  -8.574 0.1428571492
64441  -30.472  13.494  -9.667 0.1428571492
65342  -30.131  14.234  -10.206 0.2857142985
69166  -28.537  19.450  -10.430 0.1428571492
103078  -36.728  6.897  -5.055 0.1428571492
69173  -28.697  19.691  -11.763 0.1428571492
69800  -28.807  20.285  -9.902 0.1428571492
108035  -29.509  18.413  -11.486 0.2857142985
70475  -30.582  21.350  -11.004 0.1428571492
64453  -31.522  12.950  -11.018 0.2857142985
56075  -25.020  4.040  -10.026 0.1428571492
65349  -31.428  13.644  -11.797 0.2857142985
57000  -29.026  6.010  -7.396 0.1428571492
62614  -31.335  11.422  -8.702 0.1428571492
63549  -31.206  12.344  -9.701 0.1428571492
58063  -26.676  7.015  -9.196 0.1428571492
59909  -27.610  8.208  -8.491 0.1428571492
58985  -26.273  7.507  -9.594 0.1428571492
61750  -29.704  10.739  -8.212 0.1428571492
58062  -26.397  6.162  -9.356 0.1428571492
104420  -25.664  5.969  -9.738 0.1428571492
69795  -28.689  20.613  -8.952 0.1428571492
66232  -30.502  15.098  -11.588 0.2857142985
68455  -28.808  18.541  -11.191 0.1428571492
66983  -28.872  17.170  -9.908 0.2857142985
70479  -31.232  21.952  -11.208 0.1428571492
67732  -28.718  17.871  -10.625 0.2857142985
64429  -29.992  13.146  -9.057 0.1428571492
68448  -28.278  18.918  -9.702 0.1428571492
49282  -23.110  -3.120  -2.855 0.1428571492
49293  -24.512  -3.167  -3.960 0.1428571492
50280  -24.137  -2.500  -4.559 0.1428571492
50278  -22.550  -1.594  -3.525 0.1428571492
51251  -22.228  -0.896  -3.858 0.1428571492
51261  -22.589  -0.851  -4.825 0.1428571492
50287  -23.606  -1.950  -4.825 0.1428571492
52271  -22.237  -0.110  -5.083 0.1428571492
49301  -24.780  -2.351  -5.074 0.1428571492
52282  -22.586  0.060  -5.914 0.1428571492
51280  -23.671  -1.043  -6.246 0.1428571492
50289  -25.007  -1.925  -5.586 0.1428571492
52283  -23.375  -0.398  -6.500 0.1428571492
51263  -24.352  -1.429  -6.105 0.1428571492
52281  -21.850  0.568  -5.324 0.1428571492
53281  -22.910  0.520  -6.635 0.1428571492
52284  -24.226  -0.665  -6.735 0.1428571492
52299  -24.522  0.035  -7.151 0.1428571492
54240  -24.493  2.065  -8.789 0.1428571492
54241  -25.235  2.186  -8.795 0.1428571492
49302  -25.570  -2.459  -5.106 0.1428571492
48276  -22.843  -3.380  -2.176 0.1428571492
50267  -22.060  -1.790  -2.736 0.1428571492
51252  -22.961  -1.487  -4.435 0.1428571492
54242  -25.931  2.303  -8.489 0.1428571492
51281  -25.668  -0.672  -6.295 0.1428571492
49292  -23.622  -2.810  -3.654 0.1428571492
104961  -25.024  -2.900  -4.639 0.1428571492
50268  -22.809  -2.352  -3.179 0.1428571492
50279  -23.313  -2.097  -4.022 0.1428571492
51250  -21.404  -0.363  -3.323 0.1428571492
51262  -23.458  -1.437  -5.451 0.1428571492
52272  -22.974  -0.691  -5.728 0.1428571492
50288  -24.210  -1.982  -5.363 0.1428571492
113270  -22.208  0.720  -5.969 0.1428571492
53264  -21.062  1.083  -4.783 0.1428571492
113417  -22.219  -2.675  -2.238 0.1428571492
42876  -25.282  -8.638  0.600 0.1428571492
43857  -25.843  -8.291  -0.348 0.1428571492
44926  -36.742  -6.359  -6.156 0.1428571492
47090  -29.810  -4.480  0.362 0.1428571492
48256  -31.259  -2.622  -0.345 0.1428571492
48268  -28.563  -4.050  -1.913 0.4285714328
49242  -39.014  -2.939  0.989 0.1428571492
49265  -33.468  -1.857  0.069 0.2857142985
49286  -30.023  -2.451  -2.706 0.5714285970
49296  -27.508  -3.421  -4.598 0.4285714328
49306  -28.636  -2.622  -4.346 0.5714285970
49325  -39.743  -1.656  -8.749 0.1428571492
50250  -39.414  -2.195  -0.801 0.1428571492
50281  -30.183  -1.723  -3.765 0.5714285970
50292  -27.906  -2.201  -5.185 0.5714285970
50312  -39.221  -0.901  -9.102 0.1428571492
50313  -39.386  -0.895  -9.366 0.1428571492
51210  -33.133  -0.827  -0.953 0.4285714328
51288  -38.224  -0.443  -6.385 0.2857142985
51302  -40.186  -0.442  -9.692 0.1428571492
51305  -38.714  0.294  -9.593 0.1428571492
51306  -38.894  -0.434  -10.204 0.1428571492
51307  -40.139  -0.715  -10.435 0.1428571492
51314  -38.751  0.568  -10.289 0.1428571492
51315  -39.513  -0.337  -10.819 0.1428571492
52231  -34.406  0.162  -1.748 0.5714285970
52247  -33.958  0.609  -2.212 0.7142857313
52262  -31.754  -0.131  -3.107 0.7142857313
52287  -27.237  -0.065  -6.461 0.5714285970
52292  -38.237  0.897  -6.708 0.2857142985
52305  -39.832  0.354  -8.366 0.1428571492
52310  -39.567  0.527  -9.332 0.1428571492
52311  -40.032  0.089  -9.619 0.1428571492
52317  -38.819  0.918  -9.922 0.1428571492
52318  -39.421  0.651  -9.957 0.1428571492
52319  -39.968  -0.086  -10.470 0.1428571492
52327  -38.883  0.925  -10.088 0.1428571492
53254  -33.512  1.497  -3.165 0.7142857313
53266  -31.643  1.412  -4.546 0.8571428657
53272  -39.209  1.357  -6.157 0.2857142985
53298  -26.614  0.990  -7.432 0.5714285970
53302  -39.078  1.542  -6.644 0.2857142985
53318  -39.030  1.045  -9.789 0.1428571492
54204  -31.878  2.293  -4.600 0.8571428657
54218  -30.652  2.922  -5.674 0.8571428657
56046  -30.698  5.030  -6.286 0.5714285970
56055  -27.714  4.321  -8.047 0.5714285970
56065  -25.515  3.991  -9.531 0.1428571492
57013  -27.743  5.737  -8.671 0.1428571492
57014  -34.131  4.952  -9.278 1.0000000000
58052  -35.097  5.489  -9.202 0.7142857313
58061  -25.085  5.458  -9.988 0.1428571492
58076  -25.194  6.284  -10.060 0.1428571492
58078  -33.188  6.231  -11.239 0.8571428657
58947  -30.387  7.082  -6.873 0.2857142985
58965  -31.859  7.764  -7.294 0.2857142985
58999  -33.107  6.711  -11.265 1.0000000000
60852  -30.907  9.390  -7.398 0.2857142985
68459  -28.569  19.245  -11.285 0.1428571492
69801  -29.174  20.539  -10.410 0.2857142985
71657  -31.616  24.333  -13.829 0.1428571492
71670  -32.925  23.572  -14.982 0.1428571492
72834  -31.878  26.713  -12.417 0.1428571492
72838  -31.684  26.571  -13.483 0.1428571492
72845  -31.963  26.399  -14.384 0.1428571492
73543  -31.963  27.232  -13.726 0.1428571492
96916  -31.839  27.339  -13.419 0.1428571492
100761  -39.741  -2.563  -8.056 0.1428571492
101787  -32.607  4.493  -5.400 0.8571428657
105063  -39.072  0.932  -8.890 0.1428571492
105884  -28.924  3.800  -6.851 0.7142857313
106887  -40.191  -0.342  -10.168 0.1428571492
107030  -25.217  0.690  -7.380 0.2857142985
111217  -33.535  -2.139  0.586 0.2857142985
111368  -33.000  13.729  -12.929 0.8571428657
113016  -30.238  4.304  -6.319 0.7142857313
114957  -33.501  0.947  -2.613 0.7142857313
