#!ascii label  , from subject sub-v1s16x0051193_ses-1 vox2ras=TkReg
1670
54043  42.924  -2.891  50.095 0.0000000000
49743  32.685  -7.151  72.327 0.0000000000
50725  23.317  -5.458  71.836 0.0000000000
101914  17.998  -8.523  75.932 0.0000000000
52669  30.515  -4.000  79.032 0.0000000000
46141  23.668  -11.727  68.628 0.0000000000
49887  37.960  -6.705  53.264 0.0000000000
55846  50.172  -0.268  50.063 0.0000000000
57542  41.900  0.820  60.087 0.0000000000
51864  32.750  -4.419  63.517 0.0000000000
45319  26.560  -11.940  62.338 0.0000000000
98179  23.831  -2.019  75.874 0.0000000000
48944  20.853  -8.298  73.410 0.0000000000
50626  23.383  -5.030  78.383 0.0000000000
53694  27.861  -3.212  75.042 0.0000000000
54863  45.550  -2.627  61.476 0.0000000000
103134  36.747  -4.812  73.913 0.0000000000
51751  38.079  -5.234  70.162 0.0000000000
52851  38.125  -3.393  65.874 0.0000000000
50794  32.709  -5.942  67.407 0.0000000000
49848  27.413  -6.516  63.779 0.0000000000
112181  28.095  -8.215  68.457 0.0000000000
47079  20.699  -9.558  62.554 0.0000000000
96235  20.655  -15.020  63.027 0.0000000000
54023  47.003  -1.868  50.231 0.0000000000
100080  51.446  -2.778  48.366 0.0000000000
49011  18.773  -8.044  66.554 0.0000000000
107475  15.891  -8.651  69.212 0.0000000000
48904  32.847  -8.956  77.278 0.0000000000
116396  28.550  -11.014  72.414 0.0000000000
48931  28.385  -8.160  75.022 0.0000000000
102257  26.187  -6.519  69.282 0.0000000000
53015  39.742  -3.958  51.164 0.0000000000
99901  21.543  -8.644  82.327 0.0000000000
46927  16.163  -9.161  78.671 0.0000000000
55820  46.387  -1.032  53.534 0.0000000000
99153  42.939  -2.374  53.039 0.0000000000
51931  41.097  -5.019  56.047 0.0000000000
53977  39.515  -3.339  56.614 0.0000000000
112953  35.825  -2.322  56.876 0.0000000000
58354  41.769  2.182  63.772 0.0000000000
53905  37.508  -2.700  61.768 0.0000000000
51912  32.306  -4.138  58.249 0.0000000000
50851  27.865  -5.888  58.926 0.0000000000
43819  25.475  -13.076  65.000 0.0000000000
102030  23.636  -0.492  77.580 0.0000000000
52683  23.585  -3.699  76.660 0.0000000000
105934  23.444  -1.886  78.865 0.0000000000
55509  25.491  -0.020  77.341 0.0000000000
48935  35.667  -7.423  73.758 0.0000000000
49766  35.643  -6.583  71.349 0.0000000000
107160  35.520  -5.579  68.937 0.0000000000
49788  32.382  -6.366  69.761 0.0000000000
96981  30.158  -6.608  68.127 0.0000000000
48972  29.467  -7.402  70.208 0.0000000000
46173  17.634  -10.788  63.262 0.0000000000
44574  18.065  -13.098  62.820 0.0000000000
54040  45.454  -2.669  49.851 0.0000000000
53048  46.279  -3.937  48.918 0.0000000000
108948  44.687  -3.833  49.013 0.0000000000
49807  21.567  -6.528  68.483 0.0000000000
48034  18.205  -8.275  68.084 0.0000000000
98030  20.508  -7.982  70.088 0.0000000000
47951  19.217  -8.416  74.905 0.0000000000
97705  17.728  -8.383  72.923 0.0000000000
47974  15.824  -8.696  73.867 0.0000000000
46973  14.991  -9.294  75.131 0.0000000000
51677  32.781  -4.960  75.645 0.0000000000
50638  31.151  -6.604  77.984 0.0000000000
47910  29.876  -9.498  77.526 0.0000000000
50640  30.292  -6.350  77.517 0.0000000000
52720  25.596  -3.273  73.131 0.0000000000
51735  27.536  -4.910  71.968 0.0000000000
51769  24.845  -4.931  69.734 0.0000000000
49830  23.184  -6.149  66.888 0.0000000000
51958  38.973  -5.318  52.553 0.0000000000
50898  38.983  -5.692  50.103 0.0000000000
49905  37.960  -6.764  51.364 0.0000000000
104174  15.075  -7.573  79.817 0.0000000000
52996  42.111  -3.256  54.308 0.0000000000
52966  42.874  -3.755  57.599 0.0000000000
103439  43.013  -0.778  59.553 0.0000000000
54890  42.004  -3.015  58.720 0.0000000000
55751  40.154  -1.297  57.901 0.0000000000
54919  38.014  -2.095  56.635 0.0000000000
55742  38.688  -0.802  58.706 0.0000000000
52871  35.449  -3.979  64.504 0.0000000000
53883  38.338  -2.703  63.710 0.0000000000
52894  35.235  -3.534  62.275 0.0000000000
52928  34.892  -3.328  60.643 0.0000000000
52932  31.978  -4.204  60.951 0.0000000000
51915  29.847  -5.237  58.736 0.0000000000
51891  30.161  -5.082  61.792 0.0000000000
49036  25.741  -7.805  61.286 0.0000000000
44486  25.367  -12.867  72.496 0.0000000000
44501  26.742  -12.356  69.584 0.0000000000
43801  23.888  -13.977  67.882 0.0000000000
115620  21.462  -15.322  62.281 0.0000000000
55875  46.842  -0.179  48.392 0.0000000000
55873  49.651  -0.606  49.023 0.0000000000
53718  23.954  -3.164  73.959 0.0000000000
49735  22.509  -6.602  73.013 0.0000000000
50675  23.367  -5.542  74.840 0.0000000000
102042  22.711  -6.776  75.819 0.0000000000
47912  21.232  -8.236  77.326 0.0000000000
103650  28.889  -0.580  79.581 0.0000000000
52682  28.799  -3.307  76.837 0.0000000000
54625  27.398  -1.491  77.053 0.0000000000
54665  25.791  -1.882  74.973 0.0000000000
54888  45.648  -2.093  58.426 0.0000000000
58401  44.407  1.997  61.414 0.0000000000
52803  38.018  -4.098  68.117 0.0000000000
51805  35.300  -4.855  67.010 0.0000000000
51838  32.279  -5.178  65.183 0.0000000000
50823  29.736  -5.273  63.665 0.0000000000
50805  30.078  -6.134  66.093 0.0000000000
99651  27.414  -7.418  65.632 0.0000000000
47059  26.597  -9.950  65.415 0.0000000000
46157  23.422  -10.555  66.142 0.0000000000
44533  22.472  -13.576  65.617 0.0000000000
45320  21.392  -11.551  62.288 0.0000000000
54951  49.726  -0.825  50.257 0.0000000000
54035  51.190  -1.564  48.994 0.0000000000
53030  49.406  -2.823  49.183 0.0000000000
48002  18.563  -8.533  71.071 0.0000000000
50654  34.955  -7.360  75.253 0.0000000000
48927  33.468  -9.095  75.648 0.0000000000
48940  30.486  -8.121  73.324 0.0000000000
46980  30.532  -10.256  76.182 0.0000000000
46106  27.344  -11.644  75.487 0.0000000000
47022  25.847  -10.390  72.368 0.0000000000
50690  29.076  -5.567  74.637 0.0000000000
48961  27.737  -7.053  72.073 0.0000000000
47043  25.219  -9.416  68.781 0.0000000000
48050  23.847  -8.025  66.142 0.0000000000
48067  19.371  -8.209  63.933 0.0000000000
98046  40.961  -3.617  50.138 0.0000000000
107146  42.673  -4.577  48.753 0.0000000000
104557  40.560  -5.126  49.380 0.0000000000
49687  23.097  -6.883  80.488 0.0000000000
46938  20.007  -9.504  79.331 0.0000000000
47868  18.905  -9.274  80.421 0.0000000000
46953  16.643  -9.327  77.896 0.0000000000
109726  49.341  -0.487  52.055 0.0000000000
54942  46.386  -1.084  52.002 0.0000000000
54954  44.710  -2.057  50.955 0.0000000000
54016  42.743  -2.408  51.381 0.0000000000
53006  41.470  -3.110  52.513 0.0000000000
51951  40.202  -4.401  53.374 0.0000000000
106707  39.852  -5.759  55.115 0.0000000000
52955  42.127  -4.180  58.687 0.0000000000
51926  40.614  -5.003  57.045 0.0000000000
51944  38.661  -5.966  55.247 0.0000000000
52987  37.303  -3.849  54.891 0.0000000000
52989  35.392  -3.101  54.781 0.0000000000
57488  41.487  1.994  62.037 0.0000000000
54799  40.172  -1.265  65.123 0.0000000000
55673  39.666  -0.516  62.493 0.0000000000
55700  39.327  -0.312  60.824 0.0000000000
54879  36.913  -2.099  59.195 0.0000000000
53969  34.405  -2.920  57.652 0.0000000000
50835  27.710  -5.712  61.690 0.0000000000
47027  28.798  -10.241  70.133 0.0000000000
45273  27.314  -11.445  66.230 0.0000000000
44556  26.905  -12.712  63.274 0.0000000000
43113  22.709  -15.197  65.203 0.0000000000
43131  23.611  -14.259  62.940 0.0000000000
107340  23.237  -0.884  78.671 0.0000000000
55477  23.094  0.399  79.960 0.0000000000
48947  34.454  -7.810  73.296 0.0000000000
49750  36.199  -6.871  72.138 0.0000000000
49752  34.313  -7.013  71.593 0.0000000000
49768  33.861  -6.614  70.745 0.0000000000
49770  32.217  -6.547  70.702 0.0000000000
99047  31.438  -6.455  70.179 0.0000000000
49754  31.190  -6.734  71.747 0.0000000000
54041  44.588  -2.788  49.924 0.0000000000
53034  45.010  -3.296  49.410 0.0000000000
53035  44.084  -3.448  49.380 0.0000000000
116225  22.922  -5.846  70.179 0.0000000000
49795  21.063  -7.440  69.763 0.0000000000
113558  22.133  -6.747  70.657 0.0000000000
47934  18.664  -8.451  75.685 0.0000000000
47953  17.677  -8.404  74.170 0.0000000000
107824  17.021  -8.460  74.853 0.0000000000
46984  15.259  -9.070  74.409 0.0000000000
47936  16.409  -8.736  75.553 0.0000000000
54604  31.187  -1.410  79.069 0.0000000000
53656  31.619  -2.959  78.517 0.0000000000
51647  31.582  -4.449  78.073 0.0000000000
51648  31.042  -4.920  78.596 0.0000000000
50639  30.928  -6.510  78.118 0.0000000000
50625  30.443  -5.078  78.425 0.0000000000
52738  24.808  -3.864  72.058 0.0000000000
52756  25.606  -3.947  71.618 0.0000000000
106763  24.370  -4.461  70.989 0.0000000000
50765  23.592  -5.366  68.958 0.0000000000
50882  38.444  -6.071  52.726 0.0000000000
50889  38.226  -5.918  51.465 0.0000000000
106750  37.650  -6.927  52.294 0.0000000000
53974  44.560  -2.135  56.008 0.0000000000
53975  43.739  -2.753  56.739 0.0000000000
102820  44.529  -2.277  56.879 0.0000000000
56650  42.513  0.076  59.623 0.0000000000
55723  42.302  -0.890  59.108 0.0000000000
55724  41.157  -0.466  59.024 0.0000000000
55741  39.682  -0.730  58.552 0.0000000000
96643  40.182  -0.394  59.155 0.0000000000
52873  34.218  -4.294  63.957 0.0000000000
108111  35.013  -3.944  63.776 0.0000000000
109589  34.199  -3.918  62.933 0.0000000000
98202  33.828  -3.677  61.753 0.0000000000
51876  32.341  -4.157  62.144 0.0000000000
51889  31.425  -4.489  61.422 0.0000000000
51877  31.523  -4.463  62.238 0.0000000000
45251  24.450  -13.208  70.810 0.0000000000
43787  24.280  -13.688  69.813 0.0000000000
44504  23.930  -13.623  69.353 0.0000000000
55860  48.924  -0.037  49.418 0.0000000000
55859  50.140  -0.650  49.578 0.0000000000
54668  23.981  -2.348  75.119 0.0000000000
51695  23.566  -4.738  74.413 0.0000000000
53681  23.713  -2.736  75.438 0.0000000000
97165  23.565  -4.231  78.320 0.0000000000
50641  23.388  -5.637  76.585 0.0000000000
101929  23.116  -6.330  76.873 0.0000000000
48908  21.756  -7.757  76.244 0.0000000000
49702  22.624  -6.902  77.284 0.0000000000
55476  27.854  0.491  79.154 0.0000000000
54614  28.009  -1.037  78.086 0.0000000000
55507  27.062  -0.525  77.755 0.0000000000
55528  24.525  -0.872  76.257 0.0000000000
55526  25.802  -0.796  76.352 0.0000000000
54644  24.814  -1.369  75.461 0.0000000000
53697  24.805  -2.376  74.210 0.0000000000
50735  38.243  -5.476  71.381 0.0000000000
51749  39.359  -4.663  70.844 0.0000000000
52786  39.908  -3.991  69.603 0.0000000000
52801  39.681  -3.713  68.739 0.0000000000
51783  38.332  -4.451  68.931 0.0000000000
50782  34.239  -5.767  68.417 0.0000000000
50791  35.166  -5.298  67.630 0.0000000000
50801  34.088  -5.392  67.005 0.0000000000
51820  33.788  -5.225  66.185 0.0000000000
100122  32.529  -5.752  66.688 0.0000000000
106271  31.694  -5.474  65.768 0.0000000000
50804  30.760  -6.136  66.656 0.0000000000
100588  28.458  -7.525  67.797 0.0000000000
49815  29.066  -6.903  67.244 0.0000000000
99529  27.916  -7.774  67.257 0.0000000000
99291  26.598  -9.231  66.010 0.0000000000
47053  27.148  -9.956  66.454 0.0000000000
47067  22.686  -9.749  64.548 0.0000000000
109723  22.245  -11.448  63.698 0.0000000000
46179  21.296  -10.456  62.495 0.0000000000
54961  48.376  -1.640  50.066 0.0000000000
54037  48.795  -2.177  49.576 0.0000000000
54038  47.439  -2.383  49.677 0.0000000000
53047  47.281  -3.874  48.852 0.0000000000
48060  17.367  -8.546  65.270 0.0000000000
48052  17.115  -8.467  66.351 0.0000000000
48953  21.421  -7.810  73.022 0.0000000000
111879  20.754  -8.287  71.865 0.0000000000
47984  20.316  -8.496  72.328 0.0000000000
47013  14.859  -9.005  71.909 0.0000000000
48005  15.581  -8.645  71.658 0.0000000000
50656  32.775  -6.093  75.802 0.0000000000
51676  33.468  -5.376  75.106 0.0000000000
49716  34.662  -8.022  75.765 0.0000000000
48925  34.636  -8.403  75.553 0.0000000000
47926  33.536  -9.001  76.545 0.0000000000
112639  31.163  -9.219  75.223 0.0000000000
47928  32.159  -9.900  77.300 0.0000000000
48917  28.564  -8.607  76.128 0.0000000000
46960  28.755  -10.711  76.806 0.0000000000
46982  27.715  -9.848  75.756 0.0000000000
46998  26.043  -10.937  74.316 0.0000000000
47968  27.126  -9.032  73.872 0.0000000000
52695  28.511  -3.562  75.862 0.0000000000
51679  28.850  -4.229  75.650 0.0000000000
104914  28.400  -3.799  75.076 0.0000000000
50740  27.216  -5.653  70.952 0.0000000000
50723  28.058  -6.087  72.057 0.0000000000
108298  27.072  -6.711  70.629 0.0000000000
48015  26.543  -8.538  70.500 0.0000000000
48025  25.969  -8.064  68.927 0.0000000000
48040  24.912  -8.264  67.479 0.0000000000
48999  24.588  -7.347  67.132 0.0000000000
49832  20.977  -6.836  66.382 0.0000000000
49841  21.107  -6.988  65.615 0.0000000000
49018  19.757  -7.716  65.432 0.0000000000
53014  40.583  -3.539  50.885 0.0000000000
51979  40.667  -4.205  49.664 0.0000000000
51970  39.895  -4.588  49.884 0.0000000000
49119  39.802  -6.477  49.765 0.0000000000
48841  22.855  -7.839  81.541 0.0000000000
47876  21.749  -8.650  79.816 0.0000000000
108966  21.138  -8.998  80.990 0.0000000000
48857  16.805  -7.439  80.002 0.0000000000
101216  17.063  -9.064  79.031 0.0000000000
46926  17.642  -9.185  78.897 0.0000000000
46942  16.398  -9.311  78.250 0.0000000000
46962  15.243  -9.366  76.951 0.0000000000
46955  15.079  -9.591  77.837 0.0000000000
55831  50.788  0.320  53.037 0.0000000000
55819  48.396  -0.733  53.105 0.0000000000
116426  47.155  -0.912  52.948 0.0000000000
54953  45.493  -1.685  51.146 0.0000000000
54943  45.347  -1.474  52.091 0.0000000000
105394  43.693  -2.149  53.100 0.0000000000
54008  43.327  -2.211  52.232 0.0000000000
54017  41.843  -2.768  51.438 0.0000000000
54005  42.158  -2.848  53.209 0.0000000000
106081  41.795  -3.926  55.454 0.0000000000
51941  41.277  -4.156  54.816 0.0000000000
106819  40.244  -5.193  54.482 0.0000000000
51942  40.481  -5.209  55.310 0.0000000000
53947  45.993  -2.560  60.589 0.0000000000
53949  43.114  -3.607  59.167 0.0000000000
53934  43.219  -3.241  59.686 0.0000000000
54904  40.590  -2.379  57.618 0.0000000000
53965  40.873  -3.935  57.883 0.0000000000
53976  40.340  -4.279  57.259 0.0000000000
52985  39.404  -4.855  56.206 0.0000000000
52977  39.053  -3.926  56.226 0.0000000000
51935  38.034  -4.078  55.329 0.0000000000
53978  38.243  -3.431  55.814 0.0000000000
54920  37.370  -1.801  57.139 0.0000000000
53979  36.796  -2.462  56.101 0.0000000000
53980  35.973  -2.431  56.203 0.0000000000
53981  35.236  -2.482  56.430 0.0000000000
57471  41.626  2.148  62.891 0.0000000000
53831  39.598  -2.684  66.617 0.0000000000
99766  40.233  -1.540  65.824 0.0000000000
53847  39.350  -2.552  65.750 0.0000000000
53895  37.661  -2.821  62.518 0.0000000000
54825  38.832  -2.089  63.361 0.0000000000
54839  38.705  -1.847  62.560 0.0000000000
55685  39.464  -0.380  61.644 0.0000000000
54852  38.291  -1.386  60.897 0.0000000000
54864  38.119  -1.183  60.075 0.0000000000
53917  37.318  -2.596  60.938 0.0000000000
52947  33.421  -3.665  59.406 0.0000000000
111759  34.669  -3.115  58.949 0.0000000000
52957  33.558  -3.564  58.650 0.0000000000
52970  33.115  -3.445  57.157 0.0000000000
51919  32.396  -3.863  57.375 0.0000000000
51921  30.900  -4.874  57.571 0.0000000000
50843  29.003  -5.422  58.928 0.0000000000
50849  29.171  -5.541  58.059 0.0000000000
50824  28.999  -5.626  63.637 0.0000000000
97522  29.035  -5.419  62.857 0.0000000000
50831  27.741  -5.931  62.518 0.0000000000
49038  26.074  -7.733  60.459 0.0000000000
99113  29.424  -9.641  73.091 0.0000000000
47997  29.199  -8.822  71.355 0.0000000000
102066  28.847  -10.413  70.867 0.0000000000
44515  25.545  -12.837  67.638 0.0000000000
45269  27.419  -11.725  67.494 0.0000000000
44532  26.694  -12.482  65.257 0.0000000000
44531  27.648  -11.951  64.573 0.0000000000
43832  26.037  -13.157  63.855 0.0000000000
43849  21.843  -13.757  63.833 0.0000000000
43821  22.233  -14.924  65.317 0.0000000000
115615  21.517  -15.210  63.700 0.0000000000
43132  22.778  -14.604  62.581 0.0000000000
43869  24.747  -13.660  62.124 0.0000000000
53045  50.823  -2.356  48.851 0.0000000000
54977  51.190  -1.619  48.823 0.0000000000
50919  43.644  -5.380  48.430 0.0000000000
54627  23.961  -1.144  76.471 0.0000000000
100678  23.678  -2.729  76.199 0.0000000000
53670  23.594  -1.697  76.903 0.0000000000
53659  23.777  -2.808  78.229 0.0000000000
52660  24.033  -3.512  78.857 0.0000000000
55511  24.257  -0.105  77.384 0.0000000000
50670  36.547  -5.803  73.788 0.0000000000
51704  37.774  -4.807  73.307 0.0000000000
49731  37.141  -6.411  72.764 0.0000000000
49738  37.216  -6.441  72.172 0.0000000000
50737  36.729  -5.805  70.871 0.0000000000
50757  37.251  -5.344  70.070 0.0000000000
50759  35.276  -5.698  69.893 0.0000000000
50761  33.986  -5.971  69.285 0.0000000000
97168  32.154  -6.254  68.807 0.0000000000
96231  30.977  -6.398  68.026 0.0000000000
49789  31.439  -6.404  69.322 0.0000000000
112370  30.127  -6.714  69.485 0.0000000000
48973  28.928  -7.829  69.629 0.0000000000
46182  19.032  -10.025  62.259 0.0000000000
46181  19.828  -10.616  61.805 0.0000000000
44559  18.242  -12.179  62.911 0.0000000000
54024  45.952  -2.080  50.382 0.0000000000
53032  46.821  -3.201  49.326 0.0000000000
53033  45.879  -3.267  49.387 0.0000000000
53049  45.392  -3.897  48.951 0.0000000000
108757  20.266  -7.327  67.669 0.0000000000
48041  18.536  -8.159  67.343 0.0000000000
108825  19.775  -7.748  68.096 0.0000000000
48994  18.791  -8.330  68.806 0.0000000000
48027  18.262  -8.455  69.534 0.0000000000
48933  20.807  -8.316  74.367 0.0000000000
99133  19.102  -8.569  73.107 0.0000000000
47971  18.323  -8.427  73.478 0.0000000000
108548  16.024  -8.556  73.128 0.0000000000
47001  14.071  -9.807  73.983 0.0000000000
51663  31.960  -5.041  76.777 0.0000000000
100099  31.784  -7.610  77.655 0.0000000000
47897  31.583  -9.350  78.000 0.0000000000
49707  31.300  -7.777  77.901 0.0000000000
49709  29.886  -7.306  77.015 0.0000000000
49718  29.294  -6.931  75.933 0.0000000000
53714  26.773  -3.152  73.831 0.0000000000
51708  27.816  -3.921  73.543 0.0000000000
52736  26.685  -3.920  72.379 0.0000000000
51753  26.530  -4.745  70.933 0.0000000000
50762  26.031  -5.385  69.837 0.0000000000
49805  25.021  -5.979  68.325 0.0000000000
50785  23.782  -5.545  68.164 0.0000000000
49806  22.279  -5.993  68.010 0.0000000000
51964  39.253  -4.559  51.887 0.0000000000
51971  39.218  -4.924  50.278 0.0000000000
50899  38.684  -5.340  50.798 0.0000000000
49916  38.416  -6.137  50.639 0.0000000000
49689  16.398  -6.672  80.499 0.0000000000
48873  15.578  -8.107  79.494 0.0000000000
46944  14.909  -9.541  78.477 0.0000000000
46929  14.669  -9.327  79.107 0.0000000000
53998  43.706  -2.327  54.884 0.0000000000
54004  42.712  -2.625  53.750 0.0000000000
53999  43.023  -2.902  55.389 0.0000000000
52983  42.367  -3.690  55.974 0.0000000000
52974  42.216  -4.220  57.153 0.0000000000
55699  44.853  -2.189  61.319 0.0000000000
54876  43.156  -3.136  59.808 0.0000000000
54889  42.573  -2.567  59.224 0.0000000000
54891  41.146  -1.907  58.057 0.0000000000
54905  39.641  -1.719  57.381 0.0000000000
54918  39.020  -2.129  56.816 0.0000000000
114375  38.809  -1.364  57.422 0.0000000000
54906  38.322  -1.086  57.907 0.0000000000
54907  37.587  -1.434  57.798 0.0000000000
52853  36.492  -3.806  65.411 0.0000000000
52868  37.907  -3.302  65.030 0.0000000000
98366  36.782  -3.533  63.999 0.0000000000
101594  36.470  -3.473  63.173 0.0000000000
52893  36.588  -3.292  62.354 0.0000000000
52909  35.870  -3.169  60.975 0.0000000000
52910  35.304  -3.373  61.447 0.0000000000
52930  33.453  -3.663  60.551 0.0000000000
52948  32.728  -3.959  59.650 0.0000000000
51906  31.404  -4.713  59.276 0.0000000000
100343  31.223  -4.744  59.983 0.0000000000
51908  30.094  -5.134  60.137 0.0000000000
50838  29.306  -5.252  60.342 0.0000000000
114596  26.119  -7.498  63.380 0.0000000000
49853  26.442  -6.792  62.376 0.0000000000
49033  25.599  -7.967  62.054 0.0000000000
100236  25.489  -10.059  60.091 0.0000000000
46251  26.051  -11.311  58.882 0.0000000000
45237  26.693  -12.544  72.748 0.0000000000
45243  28.064  -11.549  70.947 0.0000000000
44496  25.550  -13.087  70.839 0.0000000000
44509  25.126  -13.328  68.712 0.0000000000
43811  24.019  -14.118  67.164 0.0000000000
115185  21.185  -15.298  63.211 0.0000000000
42342  19.966  -15.994  61.916 0.0000000000
55874  47.734  -0.011  48.866 0.0000000000
108268  48.483  -0.438  48.865 0.0000000000
54970  48.656  -1.045  48.487 0.0000000000
106758  23.873  -4.397  72.828 0.0000000000
50711  23.027  -5.940  72.517 0.0000000000
50710  23.440  -5.229  73.018 0.0000000000
50693  23.073  -5.996  73.481 0.0000000000
100206  22.675  -6.668  74.616 0.0000000000
51666  23.496  -4.720  76.174 0.0000000000
49719  23.025  -6.318  75.258 0.0000000000
48932  21.610  -7.832  74.782 0.0000000000
48920  21.077  -8.183  75.305 0.0000000000
47932  20.577  -8.288  75.964 0.0000000000
47914  20.084  -8.484  76.789 0.0000000000
53647  29.904  -2.407  79.184 0.0000000000
52659  29.917  -3.440  78.808 0.0000000000
53658  28.830  -2.015  78.082 0.0000000000
53668  28.441  -2.581  77.074 0.0000000000
53669  27.681  -2.216  76.522 0.0000000000
55508  26.268  -0.139  77.521 0.0000000000
54642  26.361  -1.599  75.626 0.0000000000
53680  26.446  -2.227  74.770 0.0000000000
53696  25.620  -2.325  74.227 0.0000000000
52721  24.883  -3.430  72.957 0.0000000000
50877  38.031  -6.534  54.155 0.0000000000
49896  37.407  -7.091  52.767 0.0000000000
49888  36.990  -7.237  53.048 0.0000000000
110833  45.394  -1.704  57.527 0.0000000000
113162  47.182  -2.054  63.059 0.0000000000
107089  45.181  -0.845  61.513 0.0000000000
56623  43.992  0.442  60.552 0.0000000000
57519  43.202  1.406  60.590 0.0000000000
53814  39.854  -2.890  67.442 0.0000000000
52836  38.345  -3.517  66.713 0.0000000000
51785  36.771  -4.891  68.292 0.0000000000
51803  36.505  -4.624  67.588 0.0000000000
52838  36.710  -3.932  66.225 0.0000000000
51834  35.101  -4.460  65.715 0.0000000000
51835  34.539  -4.587  65.163 0.0000000000
51851  32.543  -4.781  64.311 0.0000000000
51866  31.282  -4.632  63.140 0.0000000000
50817  30.914  -5.146  64.621 0.0000000000
50811  30.319  -5.521  65.172 0.0000000000
50813  28.965  -6.156  64.954 0.0000000000
49824  30.124  -6.368  66.848 0.0000000000
49836  28.766  -6.522  65.610 0.0000000000
113243  27.517  -6.836  64.736 0.0000000000
111286  26.377  -8.092  64.727 0.0000000000
47066  25.785  -9.921  64.141 0.0000000000
46169  26.087  -10.966  63.786 0.0000000000
46152  23.552  -11.035  67.052 0.0000000000
106830  23.175  -12.313  67.190 0.0000000000
45281  22.693  -11.921  65.318 0.0000000000
44557  22.143  -12.607  63.899 0.0000000000
98564  21.514  -13.539  63.106 0.0000000000
45342  20.148  -12.184  61.636 0.0000000000
43860  19.477  -13.979  62.191 0.0000000000
54950  50.249  -0.698  49.670 0.0000000000
108888  50.742  -0.945  49.269 0.0000000000
54960  49.802  -1.339  49.744 0.0000000000
54036  50.322  -1.870  49.374 0.0000000000
98467  50.107  -3.338  48.652 0.0000000000
53031  47.967  -3.097  49.291 0.0000000000
53046  48.516  -3.721  48.778 0.0000000000
48962  21.274  -7.854  71.386 0.0000000000
48017  18.914  -8.467  70.302 0.0000000000
48018  17.935  -8.501  70.408 0.0000000000
96760  18.247  -8.508  71.743 0.0000000000
48020  15.720  -8.622  70.791 0.0000000000
51690  35.962  -4.877  74.039 0.0000000000
49724  35.591  -7.303  74.306 0.0000000000
106002  35.016  -8.235  74.327 0.0000000000
49733  32.316  -7.610  73.229 0.0000000000
48949  31.326  -7.455  73.046 0.0000000000
48929  31.221  -8.193  73.846 0.0000000000
47965  30.594  -8.628  74.049 0.0000000000
46995  29.538  -10.133  74.372 0.0000000000
46959  30.202  -10.217  77.396 0.0000000000
46104  28.959  -11.281  76.314 0.0000000000
45230  27.403  -12.150  74.373 0.0000000000
45232  26.084  -12.143  74.403 0.0000000000
46124  25.028  -12.204  72.489 0.0000000000
46129  24.788  -11.600  71.551 0.0000000000
51665  29.721  -4.602  77.695 0.0000000000
50674  29.353  -5.975  75.554 0.0000000000
49726  29.019  -6.440  74.672 0.0000000000
103538  28.522  -5.077  73.292 0.0000000000
49734  28.660  -6.426  73.569 0.0000000000
48942  27.851  -8.028  73.615 0.0000000000
47999  26.807  -8.798  71.992 0.0000000000
101241  25.623  -9.824  70.282 0.0000000000
47038  24.810  -10.366  69.449 0.0000000000
111019  24.507  -9.787  67.845 0.0000000000
47060  23.518  -9.562  65.823 0.0000000000
48065  22.320  -8.732  64.314 0.0000000000
49829  23.649  -6.643  66.595 0.0000000000
48066  21.985  -7.861  64.592 0.0000000000
48076  20.489  -8.418  63.396 0.0000000000
48078  18.532  -8.943  63.142 0.0000000000
53021  42.293  -3.317  49.778 0.0000000000
53036  42.426  -3.887  49.167 0.0000000000
97563  41.542  -3.857  49.490 0.0000000000
50909  39.675  -5.388  49.728 0.0000000000
49923  41.129  -6.086  49.210 0.0000000000
49906  37.556  -7.418  51.842 0.0000000000
55462  22.964  -0.318  80.734 0.0000000000
107126  24.065  -2.159  80.168 0.0000000000
51610  23.952  -4.213  80.265 0.0000000000
50602  23.654  -5.110  80.474 0.0000000000
49698  23.173  -6.194  79.275 0.0000000000
48882  22.241  -7.652  78.812 0.0000000000
101525  20.568  -8.618  77.650 0.0000000000
47900  18.666  -8.844  77.526 0.0000000000
47855  19.923  -8.811  81.701 0.0000000000
46925  18.742  -9.527  79.696 0.0000000000
46951  18.091  -9.057  78.212 0.0000000000
47902  17.014  -8.978  77.318 0.0000000000
47918  15.850  -9.021  76.247 0.0000000000
56747  49.875  0.208  50.710 0.0000000000
55847  50.190  -0.156  50.305 0.0000000000
55848  49.426  -0.548  51.038 0.0000000000
100326  47.971  -1.189  50.611 0.0000000000
104154  50.441  -0.598  54.805 0.0000000000
55833  47.931  -0.735  51.948 0.0000000000
54952  46.607  -1.405  50.887 0.0000000000
54025  45.061  -2.280  50.459 0.0000000000
54026  44.243  -2.410  50.528 0.0000000000
54945  44.079  -2.020  51.954 0.0000000000
54014  44.091  -2.161  51.162 0.0000000000
54027  43.331  -2.453  50.698 0.0000000000
54028  42.275  -2.812  50.546 0.0000000000
53022  41.374  -3.173  50.737 0.0000000000
113367  40.374  -3.621  51.641 0.0000000000
53003  41.433  -3.504  53.673 0.0000000000
99233  40.866  -3.686  53.205 0.0000000000
51956  39.897  -4.057  52.248 0.0000000000
51957  39.495  -4.926  52.983 0.0000000000
50875  39.097  -6.010  53.613 0.0000000000
50866  39.054  -6.380  54.549 0.0000000000
53963  43.770  -3.109  57.957 0.0000000000
52954  42.624  -4.021  58.471 0.0000000000
52975  41.392  -4.759  57.661 0.0000000000
53951  42.018  -4.040  58.804 0.0000000000
52968  41.689  -4.532  58.207 0.0000000000
51925  40.955  -5.131  57.007 0.0000000000
100919  39.782  -5.597  55.718 0.0000000000
51943  39.218  -6.163  55.260 0.0000000000
50867  38.664  -6.305  54.792 0.0000000000
50868  38.064  -6.096  54.720 0.0000000000
116554  37.371  -5.307  54.392 0.0000000000
107500  37.701  -2.625  56.099 0.0000000000
52988  36.450  -3.386  54.852 0.0000000000
58387  42.939  2.530  61.451 0.0000000000
57521  41.432  1.286  60.688 0.0000000000
56559  40.705  -0.062  64.362 0.0000000000
54813  38.955  -2.260  64.125 0.0000000000
98969  39.674  -1.234  63.801 0.0000000000
56573  40.494  0.253  63.404 0.0000000000
56587  40.528  0.776  62.468 0.0000000000
56604  40.398  0.797  61.537 0.0000000000
56626  39.820  0.116  60.365 0.0000000000
55726  38.675  -0.727  59.652 0.0000000000
107352  37.486  -1.494  58.977 0.0000000000
53952  36.471  -2.171  58.371 0.0000000000
53919  35.747  -3.026  59.947 0.0000000000
102758  36.099  -2.577  59.114 0.0000000000
53968  35.238  -2.549  57.427 0.0000000000
53994  34.001  -2.755  56.231 0.0000000000
51922  29.996  -5.229  57.811 0.0000000000
50855  29.377  -5.668  57.067 0.0000000000
51879  29.825  -5.156  62.805 0.0000000000
50834  28.476  -5.409  61.468 0.0000000000
50845  27.598  -5.801  59.707 0.0000000000
49856  26.507  -6.658  61.497 0.0000000000
49864  26.573  -7.166  60.012 0.0000000000
48959  30.060  -7.319  71.761 0.0000000000
48012  29.166  -8.143  70.600 0.0000000000
47035  28.374  -9.729  69.058 0.0000000000
45255  28.471  -11.230  69.108 0.0000000000
46145  28.069  -11.044  67.938 0.0000000000
97503  27.945  -10.408  67.795 0.0000000000
46156  27.336  -11.416  65.732 0.0000000000
105737  27.819  -12.151  64.508 0.0000000000
44555  26.940  -12.418  62.959 0.0000000000
97201  23.119  -14.311  67.018 0.0000000000
43102  22.763  -15.017  65.885 0.0000000000
43101  23.354  -14.796  65.613 0.0000000000
43133  21.564  -15.299  63.257 0.0000000000
43122  23.365  -14.565  64.063 0.0000000000
43848  24.694  -13.731  63.925 0.0000000000
43847  26.093  -13.324  63.070 0.0000000000
108821  25.568  -13.213  61.836 0.0000000000
54968  51.022  -1.131  48.927 0.0000000000
54978  50.785  -1.555  48.481 0.0000000000
54058  50.542  -2.095  47.820 0.0000000000
51991  43.477  -4.719  48.624 0.0000000000
49742  33.803  -7.348  72.312 0.0000000000
49741  34.862  -7.403  72.569 0.0000000000
49753  33.160  -6.829  71.354 0.0000000000
106216  32.006  -6.723  71.604 0.0000000000
54042  43.718  -2.847  50.025 0.0000000000
98095  43.117  -3.376  49.554 0.0000000000
101557  23.300  -5.562  70.871 0.0000000000
50743  22.641  -6.245  70.775 0.0000000000
104039  18.052  -8.429  75.088 0.0000000000
47935  17.273  -8.578  75.748 0.0000000000
53646  30.588  -2.478  79.269 0.0000000000
53645  31.380  -2.292  78.878 0.0000000000
52657  30.907  -3.318  79.132 0.0000000000
52668  31.178  -4.113  78.778 0.0000000000
51649  30.745  -4.738  78.774 0.0000000000
51650  30.198  -4.360  78.618 0.0000000000
51738  24.210  -4.299  71.671 0.0000000000
51739  23.789  -4.911  71.336 0.0000000000
50876  38.614  -6.497  54.014 0.0000000000
100215  37.923  -6.499  52.220 0.0000000000
56651  41.565  0.165  59.560 0.0000000000
56652  40.514  0.187  59.807 0.0000000000
52885  33.668  -4.188  63.313 0.0000000000
52897  32.929  -4.132  62.729 0.0000000000
51865  32.098  -4.354  62.921 0.0000000000
103637  24.133  -12.458  70.178 0.0000000000
98417  24.132  -13.496  70.099 0.0000000000
45264  23.555  -12.958  68.749 0.0000000000
56760  49.707  0.120  50.033 0.0000000000
53699  23.689  -3.113  74.692 0.0000000000
107691  23.331  -5.736  77.468 0.0000000000
114792  23.044  -6.354  77.607 0.0000000000
49701  23.244  -5.937  78.382 0.0000000000
56419  28.052  0.906  79.122 0.0000000000
55487  27.447  0.231  78.844 0.0000000000
55488  26.720  0.692  78.491 0.0000000000
54645  24.272  -1.623  75.615 0.0000000000
54667  24.538  -2.039  74.917 0.0000000000
51750  38.667  -5.131  70.668 0.0000000000
52768  39.873  -4.128  70.345 0.0000000000
51763  39.321  -4.559  70.103 0.0000000000
52787  39.144  -4.265  69.268 0.0000000000
51764  38.604  -4.821  69.757 0.0000000000
50793  33.601  -5.778  67.716 0.0000000000
50792  34.468  -5.542  67.695 0.0000000000
96106  33.300  -5.638  66.858 0.0000000000
50803  31.653  -5.824  66.491 0.0000000000
96107  32.024  -6.013  67.142 0.0000000000
48997  27.707  -8.360  67.846 0.0000000000
48048  26.947  -9.143  66.851 0.0000000000
48039  27.381  -9.229  67.600 0.0000000000
47072  21.473  -9.570  63.049 0.0000000000
46171  21.964  -10.384  63.255 0.0000000000
48051  18.070  -8.277  65.941 0.0000000000
48954  20.858  -8.279  72.625 0.0000000000
47969  20.279  -8.534  72.951 0.0000000000
49706  32.698  -8.207  77.186 0.0000000000
49717  33.557  -7.809  76.308 0.0000000000
48903  33.539  -8.712  76.717 0.0000000000
48915  34.220  -8.624  76.092 0.0000000000
47946  32.897  -9.492  76.752 0.0000000000
47927  32.518  -9.441  77.271 0.0000000000
47931  28.394  -9.796  76.535 0.0000000000
108256  28.072  -9.016  75.723 0.0000000000
47949  27.126  -9.847  75.014 0.0000000000
47967  27.767  -8.778  74.724 0.0000000000
52706  28.144  -3.808  74.326 0.0000000000
49774  26.402  -5.901  69.815 0.0000000000
49773  26.971  -6.038  70.462 0.0000000000
104943  26.685  -6.665  69.997 0.0000000000
48983  26.460  -7.629  69.609 0.0000000000
48990  26.040  -7.200  68.906 0.0000000000
48991  25.644  -7.343  68.372 0.0000000000
49816  25.222  -6.628  68.083 0.0000000000
49010  19.592  -7.659  66.311 0.0000000000
49009  20.370  -7.273  65.954 0.0000000000
49019  18.931  -8.001  65.699 0.0000000000
48059  18.295  -8.275  65.094 0.0000000000
53023  40.162  -3.941  50.302 0.0000000000
112563  39.568  -4.342  50.492 0.0000000000
48840  23.255  -7.103  81.948 0.0000000000
47852  22.386  -8.350  81.979 0.0000000000
47866  21.821  -8.802  80.733 0.0000000000
47853  21.657  -8.852  81.557 0.0000000000
47879  16.331  -8.674  79.171 0.0000000000
48871  17.221  -8.466  79.578 0.0000000000
46943  15.634  -9.437  78.295 0.0000000000
56715  51.723  0.352  54.516 0.0000000000
108630  52.208  0.128  55.220 0.0000000000
106925  47.370  -0.914  54.016 0.0000000000
54009  42.391  -2.544  52.251 0.0000000000
52984  41.593  -4.566  56.618 0.0000000000
53932  44.824  -2.903  60.785 0.0000000000
53933  44.037  -3.177  59.923 0.0000000000
111981  43.712  -3.019  60.173 0.0000000000
53966  40.062  -2.821  57.079 0.0000000000
52976  39.807  -4.606  56.678 0.0000000000
54921  36.579  -2.129  56.873 0.0000000000
57472  41.292  1.529  63.426 0.0000000000
53832  38.881  -3.084  66.202 0.0000000000
53848  38.675  -2.979  65.355 0.0000000000
53904  38.123  -2.312  62.129 0.0000000000
100388  38.500  -1.611  61.723 0.0000000000
54853  37.929  -2.129  61.321 0.0000000000
52958  32.870  -3.921  58.856 0.0000000000
98670  32.997  -3.730  58.048 0.0000000000
51920  31.721  -4.327  57.556 0.0000000000
50844  28.289  -5.605  59.268 0.0000000000
50850  28.420  -5.772  58.472 0.0000000000
50825  28.236  -6.066  63.722 0.0000000000
50826  27.796  -6.128  63.191 0.0000000000
49852  27.138  -6.399  62.873 0.0000000000
47010  28.941  -10.400  72.712 0.0000000000
47021  28.928  -10.318  71.670 0.0000000000
46122  28.455  -11.124  71.535 0.0000000000
44522  25.986  -12.548  66.518 0.0000000000
43850  21.405  -15.006  63.819 0.0000000000
43834  21.822  -15.017  64.598 0.0000000000
51984  52.306  -2.777  47.843 0.0000000000
54615  23.322  -1.004  77.842 0.0000000000
105293  23.356  -1.814  77.810 0.0000000000
56438  24.076  1.320  78.343 0.0000000000
56456  24.910  1.230  78.102 0.0000000000
49723  36.153  -6.624  73.731 0.0000000000
50689  36.933  -6.237  73.398 0.0000000000
49732  36.474  -6.712  73.151 0.0000000000
112389  36.809  -6.644  71.996 0.0000000000
49749  36.444  -6.460  71.523 0.0000000000
50722  37.113  -6.259  71.640 0.0000000000
50738  35.847  -5.979  70.764 0.0000000000
49787  33.444  -6.267  69.931 0.0000000000
50760  34.271  -6.225  70.270 0.0000000000
49799  33.058  -6.093  69.083 0.0000000000
49771  30.754  -6.565  70.522 0.0000000000
49790  30.699  -6.523  69.794 0.0000000000
49791  29.562  -7.107  69.578 0.0000000000
46172  18.251  -10.424  62.658 0.0000000000
45305  18.208  -11.316  62.741 0.0000000000
54039  46.364  -2.533  49.768 0.0000000000
51990  44.832  -4.443  48.644 0.0000000000
49821  20.910  -6.928  68.068 0.0000000000
48992  20.333  -7.497  68.499 0.0000000000
48984  20.431  -7.733  69.309 0.0000000000
48985  19.976  -8.141  69.617 0.0000000000
48026  19.271  -8.333  69.559 0.0000000000
47950  20.010  -8.490  74.367 0.0000000000
47970  19.308  -8.512  73.856 0.0000000000
47952  18.516  -8.432  74.297 0.0000000000
47973  16.714  -8.469  73.864 0.0000000000
46999  15.132  -8.923  73.348 0.0000000000
47000  14.363  -9.540  73.118 0.0000000000
107131  14.660  -9.360  73.892 0.0000000000
46985  14.543  -9.482  74.612 0.0000000000
46986  13.902  -9.842  74.801 0.0000000000
53666  32.925  -2.576  77.235 0.0000000000
51664  31.245  -5.511  78.023 0.0000000000
50637  32.001  -6.751  77.038 0.0000000000
49708  30.726  -7.538  77.843 0.0000000000
107613  29.640  -6.421  76.526 0.0000000000
52719  26.449  -3.472  73.111 0.0000000000
52718  27.186  -3.554  73.510 0.0000000000
51754  25.752  -4.381  70.780 0.0000000000
51737  26.254  -4.255  71.352 0.0000000000
51767  26.165  -4.957  70.367 0.0000000000
50763  25.371  -5.320  69.411 0.0000000000
113314  25.104  -5.583  68.846 0.0000000000
50764  24.737  -5.300  69.074 0.0000000000
49793  22.220  -6.070  68.930 0.0000000000
50786  22.960  -5.616  68.460 0.0000000000
49820  21.594  -6.436  67.607 0.0000000000
51965  38.719  -5.218  51.648 0.0000000000
105938  38.477  -7.009  50.634 0.0000000000
48858  15.824  -7.181  79.855 0.0000000000
47881  14.655  -8.412  79.594 0.0000000000
99448  42.900  -2.696  54.518 0.0000000000
53988  43.751  -2.478  55.758 0.0000000000
53989  43.015  -3.299  56.394 0.0000000000
55721  43.750  -1.456  60.186 0.0000000000
55722  43.224  -2.192  59.722 0.0000000000
55740  40.694  -0.925  58.430 0.0000000000
55739  41.684  -1.480  58.578 0.0000000000
54892  37.852  -1.177  58.478 0.0000000000
52854  35.710  -4.042  65.210 0.0000000000
52869  37.081  -3.550  64.792 0.0000000000
52870  36.239  -3.745  64.634 0.0000000000
111324  35.581  -3.651  63.118 0.0000000000
108121  35.983  -3.481  62.559 0.0000000000
97929  35.969  -3.359  61.846 0.0000000000
52912  33.265  -3.748  61.186 0.0000000000
52931  32.727  -3.902  60.539 0.0000000000
106702  33.264  -3.711  60.036 0.0000000000
51898  31.958  -4.358  60.018 0.0000000000
51890  30.801  -4.844  61.165 0.0000000000
51900  30.721  -4.942  60.399 0.0000000000
51901  30.104  -5.116  60.857 0.0000000000
48072  25.854  -7.989  63.473 0.0000000000
49026  25.920  -7.491  62.738 0.0000000000
49027  25.579  -8.314  62.816 0.0000000000
46228  25.780  -11.212  59.792 0.0000000000
44485  25.978  -12.934  72.353 0.0000000000
44495  26.371  -12.698  71.319 0.0000000000
44489  25.262  -13.114  71.844 0.0000000000
105569  24.024  -13.820  68.868 0.0000000000
44503  24.638  -13.698  69.701 0.0000000000
43795  24.370  -13.721  68.414 0.0000000000
43800  24.687  -13.502  67.361 0.0000000000
52722  24.127  -3.691  73.337 0.0000000000
51709  23.702  -4.575  73.591 0.0000000000
50692  23.413  -5.416  73.975 0.0000000000
50676  23.106  -6.102  74.370 0.0000000000
49728  22.612  -6.625  73.866 0.0000000000
49710  23.130  -6.288  76.111 0.0000000000
50658  23.383  -5.607  75.706 0.0000000000
49720  22.322  -7.151  75.205 0.0000000000
48919  21.723  -7.778  75.595 0.0000000000
113456  21.501  -7.978  76.764 0.0000000000
48909  21.277  -8.041  76.083 0.0000000000
47913  20.912  -8.247  76.746 0.0000000000
47933  19.527  -8.413  75.974 0.0000000000
55461  29.350  0.325  79.324 0.0000000000
56407  29.764  0.890  79.159 0.0000000000
55474  29.356  -0.359  79.728 0.0000000000
54605  30.261  -1.512  79.467 0.0000000000
54606  29.519  -1.205  79.472 0.0000000000
53657  29.536  -2.547  78.670 0.0000000000
53648  29.396  -1.861  78.943 0.0000000000
54624  28.037  -1.929  77.327 0.0000000000
54643  25.408  -1.333  75.484 0.0000000000
53717  24.487  -2.933  73.696 0.0000000000
52739  24.347  -3.876  72.642 0.0000000000
102823  37.597  -6.740  53.431 0.0000000000
55698  46.414  -1.994  62.586 0.0000000000
56621  46.548  -0.857  62.945 0.0000000000
57506  45.304  1.402  61.682 0.0000000000
56622  45.223  0.417  61.488 0.0000000000
57518  44.201  1.323  61.032 0.0000000000
99723  37.583  -5.820  73.068 0.0000000000
52802  38.865  -3.944  68.418 0.0000000000
52818  39.376  -3.428  67.905 0.0000000000
52819  38.576  -3.671  67.573 0.0000000000
53815  39.116  -3.229  67.059 0.0000000000
50758  36.229  -5.514  69.795 0.0000000000
51766  36.962  -5.099  69.141 0.0000000000
50780  36.221  -5.307  68.686 0.0000000000
51804  35.831  -4.972  67.536 0.0000000000
51817  36.074  -4.405  66.834 0.0000000000
52821  36.951  -4.096  67.043 0.0000000000
52839  35.901  -4.143  65.977 0.0000000000
51818  35.410  -4.542  66.397 0.0000000000
51837  33.117  -5.261  65.625 0.0000000000
51836  33.862  -4.960  65.356 0.0000000000
97530  33.232  -4.961  64.852 0.0000000000
51852  31.660  -4.973  64.498 0.0000000000
96855  30.948  -5.723  65.906 0.0000000000
50812  29.489  -6.060  65.405 0.0000000000
49813  30.507  -6.398  67.389 0.0000000000
49814  29.777  -6.616  67.418 0.0000000000
49005  28.403  -7.246  66.899 0.0000000000
49826  28.896  -6.745  66.439 0.0000000000
49827  28.212  -7.038  66.099 0.0000000000
49837  28.040  -6.826  65.409 0.0000000000
112371  26.823  -7.476  64.808 0.0000000000
98194  26.137  -8.947  65.097 0.0000000000
47065  26.255  -9.974  64.842 0.0000000000
46163  26.452  -10.814  64.468 0.0000000000
45274  23.216  -11.483  66.485 0.0000000000
112300  23.062  -11.208  65.750 0.0000000000
44558  21.872  -12.298  63.012 0.0000000000
44570  21.283  -12.650  62.373 0.0000000000
45323  18.787  -11.835  62.192 0.0000000000
109588  19.525  -11.531  61.726 0.0000000000
44572  19.360  -12.397  61.841 0.0000000000
43871  19.872  -13.078  61.845 0.0000000000
43859  20.266  -14.105  62.292 0.0000000000
48042  17.579  -8.344  67.328 0.0000000000
48043  16.495  -8.550  67.306 0.0000000000
49746  22.435  -6.678  72.139 0.0000000000
49757  22.296  -6.745  71.322 0.0000000000
49758  21.870  -7.311  71.770 0.0000000000
108047  19.985  -8.543  71.727 0.0000000000
48001  19.501  -8.504  71.007 0.0000000000
47986  18.507  -8.498  72.519 0.0000000000
47987  17.412  -8.429  72.160 0.0000000000
47024  14.920  -8.925  71.096 0.0000000000
48004  16.561  -8.480  71.433 0.0000000000
108497  33.689  -3.297  76.020 0.0000000000
52693  33.417  -4.224  75.320 0.0000000000
50673  34.613  -6.046  74.748 0.0000000000
51692  34.095  -4.566  74.664 0.0000000000
115155  35.296  -6.211  74.475 0.0000000000
50671  35.735  -6.279  74.146 0.0000000000
50672  35.377  -7.029  74.764 0.0000000000
48937  34.422  -8.562  74.924 0.0000000000
96317  34.954  -8.354  75.143 0.0000000000
111448  34.196  -8.209  73.931 0.0000000000
48938  33.412  -8.291  74.169 0.0000000000
113779  31.762  -7.851  73.530 0.0000000000
48939  32.380  -8.331  74.233 0.0000000000
47948  30.320  -9.596  74.750 0.0000000000
46981  29.684  -10.695  75.723 0.0000000000
47909  31.008  -9.637  78.012 0.0000000000
46958  31.293  -10.043  77.652 0.0000000000
46100  27.933  -11.334  76.025 0.0000000000
46094  29.063  -11.031  76.719 0.0000000000
46105  28.172  -11.636  75.782 0.0000000000
46111  28.161  -11.864  74.899 0.0000000000
45226  27.379  -12.044  75.166 0.0000000000
45231  26.710  -12.186  74.690 0.0000000000
45227  26.607  -11.957  75.000 0.0000000000
47012  25.840  -10.662  73.380 0.0000000000
46117  25.603  -11.845  73.995 0.0000000000
46123  25.364  -11.569  73.063 0.0000000000
47023  25.294  -11.085  72.065 0.0000000000
101688  29.490  -3.780  77.758 0.0000000000
52681  29.125  -4.024  76.668 0.0000000000
51693  29.111  -5.027  75.337 0.0000000000
51721  27.979  -4.617  72.811 0.0000000000
51707  28.376  -4.415  73.739 0.0000000000
110958  28.299  -5.200  72.778 0.0000000000
50708  28.470  -5.761  72.861 0.0000000000
49745  28.270  -6.586  72.761 0.0000000000
105584  28.323  -7.218  73.500 0.0000000000
48951  28.000  -7.361  72.893 0.0000000000
48952  27.505  -8.031  72.821 0.0000000000
98941  27.206  -8.010  71.992 0.0000000000
47036  26.069  -8.897  69.736 0.0000000000
47028  26.069  -9.536  70.725 0.0000000000
47037  25.427  -9.654  69.589 0.0000000000
47044  24.626  -10.059  68.594 0.0000000000
48049  24.412  -8.182  66.763 0.0000000000
47055  24.039  -9.092  66.424 0.0000000000
48057  23.483  -8.597  65.667 0.0000000000
47061  23.109  -9.107  65.039 0.0000000000
48058  22.814  -8.074  65.107 0.0000000000
49818  23.959  -6.190  67.153 0.0000000000
49838  22.989  -6.634  66.145 0.0000000000
49017  20.572  -7.450  65.153 0.0000000000
49016  21.394  -7.372  64.937 0.0000000000
49022  20.753  -7.749  64.460 0.0000000000
49028  20.923  -8.064  63.898 0.0000000000
49029  20.217  -8.076  63.912 0.0000000000
110196  19.256  -8.593  63.172 0.0000000000
110547  41.657  -3.318  50.091 0.0000000000
112554  41.194  -4.536  49.244 0.0000000000
50908  41.445  -5.200  48.991 0.0000000000
49925  39.495  -6.025  49.737 0.0000000000
49118  40.558  -6.703  49.705 0.0000000000
49117  41.434  -6.985  49.673 0.0000000000
49092  37.114  -7.808  52.312 0.0000000000
56410  22.298  1.610  80.681 0.0000000000
54591  23.543  -1.498  80.844 0.0000000000
53633  24.222  -2.553  81.107 0.0000000000
53638  24.620  -2.896  80.482 0.0000000000
103649  24.505  -3.212  80.929 0.0000000000
49693  23.624  -5.963  80.594 0.0000000000
116516  23.511  -5.807  80.007 0.0000000000
113297  23.262  -6.345  79.986 0.0000000000
49694  22.715  -6.933  79.479 0.0000000000
47877  20.910  -9.136  79.468 0.0000000000
47888  21.496  -8.624  78.856 0.0000000000
47889  20.741  -8.976  78.615 0.0000000000
47899  19.538  -8.801  77.617 0.0000000000
47890  19.816  -9.149  78.479 0.0000000000
48855  18.468  -8.453  80.664 0.0000000000
48830  18.935  -7.755  82.248 0.0000000000
47856  19.132  -8.545  81.357 0.0000000000
46903  19.563  -9.227  80.824 0.0000000000
46913  19.719  -9.484  80.514 0.0000000000
46914  19.116  -9.569  80.210 0.0000000000
46941  17.091  -9.177  78.376 0.0000000000
111606  17.676  -9.110  78.565 0.0000000000
46952  17.359  -9.187  77.977 0.0000000000
46961  16.193  -9.166  77.183 0.0000000000
98141  14.321  -9.633  78.056 0.0000000000
57622  48.753  1.052  51.837 0.0000000000
56736  50.116  0.387  51.946 0.0000000000
55832  49.864  0.335  51.630 0.0000000000
55787  50.590  -0.404  55.832 0.0000000000
55803  48.807  -0.818  54.386 0.0000000000
54941  47.519  -0.972  51.201 0.0000000000
54937  44.739  -1.647  52.709 0.0000000000
54015  43.498  -2.231  51.445 0.0000000000
53013  41.027  -3.227  51.576 0.0000000000
53004  40.779  -4.313  54.114 0.0000000000
53007  40.614  -3.594  52.428 0.0000000000
51952  39.619  -5.754  54.325 0.0000000000
53962  44.950  -2.199  57.602 0.0000000000
104316  44.471  -2.771  58.868 0.0000000000
52967  42.104  -4.503  58.179 0.0000000000
53950  42.676  -3.622  59.177 0.0000000000
52969  41.149  -4.671  57.767 0.0000000000
53964  41.619  -4.332  58.365 0.0000000000
115067  41.010  -4.986  57.422 0.0000000000
51932  40.448  -5.246  56.322 0.0000000000
51934  39.279  -5.493  55.713 0.0000000000
51945  37.858  -4.920  54.883 0.0000000000
52997  36.795  -4.286  54.367 0.0000000000
53991  36.164  -2.758  55.463 0.0000000000
114844  35.902  -3.714  54.350 0.0000000000
58369  42.285  2.685  62.237 0.0000000000
58388  42.038  2.187  61.426 0.0000000000
58404  41.890  1.800  60.915 0.0000000000
57507  41.393  1.689  61.320 0.0000000000
55646  40.740  -0.948  65.873 0.0000000000
100896  40.569  -0.673  64.995 0.0000000000
56548  41.085  -0.182  65.379 0.0000000000
53867  37.670  -3.239  64.098 0.0000000000
53866  38.472  -2.862  64.525 0.0000000000
54824  39.345  -1.325  63.071 0.0000000000
101687  39.288  -1.731  63.772 0.0000000000
55662  40.001  -0.584  63.369 0.0000000000
114262  40.359  -0.329  63.843 0.0000000000
56586  40.882  0.987  63.153 0.0000000000
114644  40.124  0.049  62.740 0.0000000000
56605  39.845  0.266  61.163 0.0000000000
56625  40.440  0.684  60.694 0.0000000000
98135  39.279  -0.369  60.061 0.0000000000
55701  38.730  -0.763  60.473 0.0000000000
54878  37.534  -1.648  59.678 0.0000000000
54893  37.180  -1.650  58.383 0.0000000000
53918  36.592  -2.882  60.530 0.0000000000
52956  34.233  -3.216  58.454 0.0000000000
53937  35.297  -2.876  59.060 0.0000000000
53954  34.916  -2.872  58.329 0.0000000000
53953  35.683  -2.560  58.327 0.0000000000
53982  34.537  -2.661  56.758 0.0000000000
52979  32.469  -3.596  56.418 0.0000000000
51914  30.753  -5.013  58.569 0.0000000000
50856  28.664  -5.983  57.627 0.0000000000
49870  28.976  -6.050  56.870 0.0000000000
51867  30.496  -4.997  63.394 0.0000000000
50830  28.410  -5.550  62.280 0.0000000000
50829  29.209  -5.296  62.080 0.0000000000
50840  27.768  -5.580  60.728 0.0000000000
49032  25.943  -7.254  61.828 0.0000000000
49035  26.149  -7.181  61.038 0.0000000000
49041  26.518  -7.938  59.513 0.0000000000
104097  30.713  -7.630  72.997 0.0000000000
48950  30.715  -7.128  72.295 0.0000000000
110968  30.092  -7.805  72.558 0.0000000000
48013  28.762  -9.138  70.513 0.0000000000
115242  28.639  -8.605  69.951 0.0000000000
99699  28.512  -9.440  69.732 0.0000000000
45256  27.799  -11.764  69.675 0.0000000000
45249  28.370  -11.352  69.943 0.0000000000
45262  27.965  -11.568  68.814 0.0000000000
45268  27.610  -11.268  67.273 0.0000000000
101499  27.913  -11.364  68.076 0.0000000000
46150  27.696  -10.966  67.157 0.0000000000
46151  27.402  -10.838  66.416 0.0000000000
44541  27.384  -12.143  63.819 0.0000000000
44569  26.575  -12.879  62.626 0.0000000000
45275  22.850  -12.620  66.361 0.0000000000
44523  23.008  -13.574  67.173 0.0000000000
44524  22.774  -14.174  66.589 0.0000000000
116603  22.518  -15.090  65.464 0.0000000000
109600  22.636  -14.877  65.968 0.0000000000
43091  23.233  -14.713  66.373 0.0000000000
43146  21.090  -15.414  62.787 0.0000000000
43123  22.401  -15.118  63.776 0.0000000000
43858  24.753  -13.755  63.047 0.0000000000
43880  24.276  -13.785  61.384 0.0000000000
44590  26.144  -12.904  61.984 0.0000000000
112885  50.752  -1.158  49.289 0.0000000000
54967  51.049  -1.136  49.032 0.0000000000
54979  49.529  -1.614  48.144 0.0000000000
53051  43.301  -3.995  48.986 0.0000000000
55490  23.311  0.318  78.693 0.0000000000
48946  35.359  -7.733  73.656 0.0000000000
99821  36.155  -7.055  73.024 0.0000000000
49740  35.684  -7.261  72.871 0.0000000000
49751  35.308  -7.014  71.883 0.0000000000
49767  34.768  -6.616  71.068 0.0000000000
49769  33.041  -6.511  70.470 0.0000000000
100323  31.313  -6.550  71.013 0.0000000000
49755  30.488  -6.815  71.253 0.0000000000
53050  44.103  -4.203  48.821 0.0000000000
49775  22.292  -6.355  69.943 0.0000000000
49808  20.968  -7.153  68.931 0.0000000000
107567  21.662  -7.062  70.226 0.0000000000
48976  21.149  -7.702  70.569 0.0000000000
47954  16.120  -8.695  74.649 0.0000000000
47937  15.614  -9.020  75.323 0.0000000000
52667  32.092  -3.400  78.014 0.0000000000
50624  30.889  -5.524  78.430 0.0000000000
113394  30.644  -5.712  78.195 0.0000000000
102187  29.970  -5.377  77.615 0.0000000000
52737  25.708  -3.646  72.428 0.0000000000
52757  24.923  -4.094  71.210 0.0000000000
51755  24.929  -4.452  70.430 0.0000000000
51770  24.184  -5.140  69.418 0.0000000000
50742  23.495  -5.368  69.853 0.0000000000
50766  22.895  -5.706  69.371 0.0000000000
48859  14.393  -7.594  80.225 0.0000000000
56649  43.347  -0.135  59.947 0.0000000000
103473  39.383  -0.513  59.321 0.0000000000
52872  34.727  -4.292  64.508 0.0000000000
113713  34.390  -4.026  63.405 0.0000000000
52884  34.805  -3.772  62.994 0.0000000000
52895  34.393  -3.690  62.351 0.0000000000
52896  33.683  -3.886  62.518 0.0000000000
99183  33.081  -3.882  61.958 0.0000000000
52913  32.542  -3.985  61.401 0.0000000000
51888  31.955  -4.245  61.633 0.0000000000
101088  30.933  -4.749  61.836 0.0000000000
44491  24.854  -13.352  71.115 0.0000000000
112968  24.864  -13.360  71.333 0.0000000000
44498  24.510  -13.502  70.501 0.0000000000
43802  23.745  -13.848  67.928 0.0000000000
52708  23.768  -3.860  74.101 0.0000000000
106960  23.605  -4.023  74.781 0.0000000000
51680  23.497  -4.750  75.242 0.0000000000
52670  23.658  -3.654  77.745 0.0000000000
51651  23.482  -4.713  77.320 0.0000000000
49711  22.671  -6.854  76.468 0.0000000000
48918  22.207  -7.321  76.023 0.0000000000
48907  22.090  -7.516  76.844 0.0000000000
48893  21.662  -7.986  77.499 0.0000000000
55475  28.609  0.132  79.432 0.0000000000
55486  28.245  -0.291  79.236 0.0000000000
54607  28.828  -1.166  78.968 0.0000000000
55510  24.824  -0.049  77.264 0.0000000000
55527  25.069  -0.709  76.173 0.0000000000
54666  25.104  -1.848  74.822 0.0000000000
53698  24.173  -2.616  74.369 0.0000000000
50720  38.224  -5.508  71.948 0.0000000000
51734  38.792  -5.079  71.412 0.0000000000
51733  39.277  -4.417  71.575 0.0000000000
52800  40.451  -3.289  69.058 0.0000000000
108512  34.987  -5.624  68.291 0.0000000000
50781  35.667  -5.378  68.165 0.0000000000
113276  34.729  -5.197  67.157 0.0000000000
51819  34.682  -4.922  66.459 0.0000000000
50802  33.041  -5.507  66.257 0.0000000000
50809  32.388  -5.490  66.006 0.0000000000
110799  29.282  -7.003  68.174 0.0000000000
49006  27.709  -7.647  66.561 0.0000000000
48056  26.655  -8.185  65.458 0.0000000000
48047  27.003  -8.304  66.308 0.0000000000
105429  27.047  -10.521  65.902 0.0000000000
46158  23.133  -10.135  65.354 0.0000000000
46164  22.796  -10.768  64.939 0.0000000000
46170  22.438  -10.475  64.087 0.0000000000
110003  21.825  -11.182  62.870 0.0000000000
102448  17.175  -8.400  68.210 0.0000000000
49747  21.950  -7.261  72.597 0.0000000000
98281  21.384  -7.863  72.201 0.0000000000
99040  19.087  -8.580  71.754 0.0000000000
47988  16.301  -8.483  72.301 0.0000000000
50655  34.143  -6.903  75.517 0.0000000000
48926  34.376  -8.702  75.749 0.0000000000
48928  31.992  -8.800  75.056 0.0000000000
47947  32.331  -9.613  76.300 0.0000000000
47929  31.453  -10.134  76.817 0.0000000000
47930  28.985  -9.273  76.934 0.0000000000
47911  29.202  -10.139  77.187 0.0000000000
46972  28.069  -10.715  76.314 0.0000000000
46983  27.320  -10.767  75.608 0.0000000000
46112  26.599  -11.179  75.050 0.0000000000
112775  26.858  -10.528  75.095 0.0000000000
46997  26.599  -10.235  74.566 0.0000000000
99717  26.384  -9.841  73.633 0.0000000000
51694  28.635  -4.332  74.662 0.0000000000
50724  27.619  -5.561  71.586 0.0000000000
50709  28.048  -5.365  72.308 0.0000000000
49756  27.472  -6.291  71.225 0.0000000000
48974  27.270  -7.275  71.212 0.0000000000
48014  26.927  -8.259  71.232 0.0000000000
48975  26.873  -7.499  70.481 0.0000000000
111294  25.689  -8.881  69.013 0.0000000000
100778  24.969  -9.179  67.980 0.0000000000
48033  25.450  -8.379  68.271 0.0000000000
49007  24.071  -7.311  66.550 0.0000000000
49831  21.651  -6.493  66.778 0.0000000000
110556  22.383  -6.425  66.415 0.0000000000
49840  21.685  -6.647  66.019 0.0000000000
49023  19.970  -7.870  64.607 0.0000000000
48068  18.537  -8.355  64.293 0.0000000000
49024  19.138  -8.065  64.842 0.0000000000
107103  17.858  -8.529  64.569 0.0000000000
49915  39.077  -6.544  50.082 0.0000000000
102380  39.885  -7.199  50.102 0.0000000000
48853  23.277  -7.050  81.329 0.0000000000
48854  22.679  -7.832  80.839 0.0000000000
48869  22.327  -7.851  79.880 0.0000000000
47875  22.218  -8.405  80.547 0.0000000000
47867  21.045  -9.082  80.304 0.0000000000
46923  20.173  -9.531  80.090 0.0000000000
49688  17.314  -7.017  80.812 0.0000000000
48856  17.730  -7.958  80.350 0.0000000000
112329  18.150  -8.956  79.996 0.0000000000
47878  18.566  -9.446  79.804 0.0000000000
47869  17.907  -9.181  79.367 0.0000000000
111569  16.906  -9.161  78.588 0.0000000000
46954  15.876  -9.440  77.805 0.0000000000
56726  50.970  0.313  53.137 0.0000000000
56725  51.923  -0.014  53.837 0.0000000000
55818  50.132  -0.422  53.259 0.0000000000
54944  44.731  -1.831  51.637 0.0000000000
54938  44.092  -2.011  52.726 0.0000000000
53948  45.279  -2.555  59.696 0.0000000000
54903  41.431  -3.426  58.260 0.0000000000
51933  39.918  -5.210  56.333 0.0000000000
52986  38.777  -4.499  55.819 0.0000000000
114087  38.566  -5.068  55.438 0.0000000000
116419  37.262  -2.181  56.580 0.0000000000
53992  35.296  -2.644  55.577 0.0000000000
54783  40.608  -1.588  66.511 0.0000000000
54784  39.972  -2.066  66.206 0.0000000000
54800  39.736  -1.913  65.368 0.0000000000
53884  37.733  -3.017  63.250 0.0000000000
53894  38.245  -2.494  62.924 0.0000000000
55674  39.088  -1.089  62.136 0.0000000000
55686  38.862  -0.874  61.291 0.0000000000
54865  37.712  -1.893  60.500 0.0000000000
53935  37.116  -2.359  60.110 0.0000000000
52929  33.992  -3.485  60.061 0.0000000000
52945  34.778  -3.195  59.646 0.0000000000
52946  34.114  -3.386  59.200 0.0000000000
105467  33.695  -3.328  57.848 0.0000000000
52980  31.777  -4.023  56.671 0.0000000000
114966  29.398  -5.338  63.251 0.0000000000
104152  28.374  -5.752  63.043 0.0000000000
49855  27.068  -6.213  62.018 0.0000000000
48096  25.639  -8.444  60.793 0.0000000000
48106  25.921  -8.566  59.988 0.0000000000
47966  29.965  -8.779  73.482 0.0000000000
47982  29.547  -8.631  72.349 0.0000000000
47009  29.235  -9.552  71.975 0.0000000000
47998  28.992  -9.777  71.039 0.0000000000
44508  26.421  -12.392  68.007 0.0000000000
44507  27.248  -12.020  68.438 0.0000000000
44514  26.831  -12.080  66.941 0.0000000000
44521  27.324  -11.913  65.738 0.0000000000
44542  27.045  -12.516  64.098 0.0000000000
44543  22.173  -13.712  64.644 0.0000000000
43114  22.247  -15.165  64.938 0.0000000000
43870  23.765  -14.104  62.078 0.0000000000
50921  42.195  -5.216  48.713 0.0000000000
50920  42.948  -5.336  48.505 0.0000000000
96495  23.641  -2.743  77.164 0.0000000000
51631  23.719  -4.257  79.272 0.0000000000
56455  25.393  0.905  78.069 0.0000000000
51705  37.194  -5.371  73.583 0.0000000000
50707  37.648  -5.956  72.388 0.0000000000
49739  36.697  -6.710  72.504 0.0000000000
50721  37.670  -5.907  71.777 0.0000000000
50736  37.701  -5.616  70.968 0.0000000000
50739  35.032  -6.128  70.597 0.0000000000
110229  34.602  -5.849  69.869 0.0000000000
102949  34.756  -5.753  69.087 0.0000000000
50783  33.544  -5.918  68.522 0.0000000000
49800  32.828  -6.042  68.223 0.0000000000
49812  31.900  -6.169  67.921 0.0000000000
49801  31.407  -6.363  68.588 0.0000000000
49802  30.643  -6.534  68.880 0.0000000000
49803  29.806  -6.829  68.868 0.0000000000
48982  29.204  -7.266  69.000 0.0000000000
48989  28.653  -7.702  68.727 0.0000000000
47080  19.869  -9.681  62.260 0.0000000000
97938  20.509  -10.209  62.121 0.0000000000
45322  18.872  -10.930  62.082 0.0000000000
44560  17.737  -12.598  63.571 0.0000000000
43851  17.551  -13.476  63.335 0.0000000000
49001  19.475  -7.766  67.279 0.0000000000
49002  19.109  -8.095  68.087 0.0000000000
48993  19.695  -8.047  68.857 0.0000000000
97436  17.974  -8.399  68.742 0.0000000000
48028  17.332  -8.457  69.121 0.0000000000
48029  16.614  -8.520  69.571 0.0000000000
99265  20.190  -8.513  73.676 0.0000000000
110339  19.712  -8.598  73.207 0.0000000000
47972  17.472  -8.401  73.477 0.0000000000
100869  16.940  -8.425  72.969 0.0000000000
47989  15.405  -8.731  72.479 0.0000000000
108926  14.788  -9.094  72.604 0.0000000000
52680  32.467  -3.702  77.196 0.0000000000
47896  32.118  -9.235  77.782 0.0000000000
48905  32.099  -8.495  77.728 0.0000000000
109941  31.662  -8.762  77.963 0.0000000000
48891  31.187  -8.686  78.053 0.0000000000
48906  30.349  -8.535  77.702 0.0000000000
48916  29.316  -8.141  76.673 0.0000000000
48930  28.826  -7.530  75.418 0.0000000000
52707  27.507  -3.400  74.129 0.0000000000
52735  27.305  -3.923  72.917 0.0000000000
51722  27.330  -4.355  72.330 0.0000000000
52755  26.256  -3.986  71.890 0.0000000000
51736  26.871  -4.449  71.694 0.0000000000
51752  27.119  -5.116  71.228 0.0000000000
50741  26.666  -5.407  70.486 0.0000000000
49792  25.685  -5.824  69.141 0.0000000000
49804  25.627  -6.485  68.650 0.0000000000
50796  24.279  -5.865  67.808 0.0000000000
50797  23.677  -5.863  67.493 0.0000000000
50798  23.063  -5.760  67.632 0.0000000000
49819  22.371  -6.138  67.178 0.0000000000
106386  20.914  -6.824  67.214 0.0000000000
105586  39.076  -4.597  50.987 0.0000000000
107277  39.076  -7.280  50.345 0.0000000000
48872  16.350  -7.931  79.586 0.0000000000
47880  15.438  -8.987  79.122 0.0000000000
46928  15.347  -9.335  78.734 0.0000000000
47882  13.932  -9.028  79.628 0.0000000000
54003  43.585  -2.258  53.912 0.0000000000
110347  42.447  -3.258  55.074 0.0000000000
110664  44.227  -2.860  60.550 0.0000000000
114592  43.491  -2.978  60.135 0.0000000000
102301  38.623  -2.817  56.267 0.0000000000
108080  38.137  -1.539  57.258 0.0000000000
55752  39.158  -0.961  57.921 0.0000000000
54908  36.871  -1.850  57.668 0.0000000000
57459  41.500  1.434  64.277 0.0000000000
52852  37.320  -3.619  65.619 0.0000000000
106089  35.926  -3.710  63.872 0.0000000000
52883  37.180  -3.324  63.466 0.0000000000
52892  37.156  -3.211  62.821 0.0000000000
53896  37.149  -3.063  62.191 0.0000000000
53906  36.747  -3.075  61.501 0.0000000000
52911  34.601  -3.515  61.560 0.0000000000
97953  34.007  -3.568  60.949 0.0000000000
51905  32.167  -4.311  59.084 0.0000000000
51907  30.554  -5.047  59.527 0.0000000000
51899  31.364  -4.579  60.667 0.0000000000
108897  29.635  -5.250  59.557 0.0000000000
108739  28.901  -5.372  59.642 0.0000000000
49849  26.528  -6.993  63.341 0.0000000000
48089  25.495  -8.517  61.496 0.0000000000
104531  25.417  -9.002  61.065 0.0000000000
47102  25.542  -9.181  60.434 0.0000000000
45236  27.630  -11.846  72.933 0.0000000000
45244  27.083  -12.305  71.646 0.0000000000
98707  26.861  -12.359  70.386 0.0000000000
44497  24.635  -13.582  70.590 0.0000000000
44502  25.337  -13.241  70.064 0.0000000000
99514  25.915  -12.756  69.067 0.0000000000
43810  24.902  -13.359  66.259 0.0000000000
43134  21.202  -15.210  63.368 0.0000000000
103090  20.860  -15.255  63.053 0.0000000000
110016  20.486  -15.535  62.373 0.0000000000
107092  20.489  -15.729  61.269 0.0000000000
42350  21.059  -15.457  61.789 0.0000000000
54971  47.534  -0.657  48.513 0.0000000000
115531  47.433  -1.263  48.181 0.0000000000
54980  48.027  -1.805  47.961 0.0000000000
101477  23.663  -4.813  72.210 0.0000000000
115918  23.356  -5.357  72.421 0.0000000000
49736  22.024  -7.228  73.434 0.0000000000
48943  21.484  -7.842  73.876 0.0000000000
52696  23.575  -3.647  75.563 0.0000000000
49729  22.131  -7.228  74.286 0.0000000000
97633  20.264  -8.381  75.119 0.0000000000
47915  18.488  -8.604  76.573 0.0000000000
98787  30.820  -0.449  79.258 0.0000000000
52658  30.312  -3.258  79.155 0.0000000000
53667  29.255  -2.921  77.799 0.0000000000
53678  28.072  -2.885  76.103 0.0000000000
53679  27.256  -2.353  75.481 0.0000000000
54626  26.646  -1.094  76.705 0.0000000000
54641  27.064  -1.779  76.229 0.0000000000
53695  27.088  -2.783  74.513 0.0000000000
112592  26.394  -2.643  74.135 0.0000000000
53715  25.960  -2.904  73.627 0.0000000000
53716  25.168  -2.800  73.598 0.0000000000
51723  24.095  -4.179  72.273 0.0000000000
54887  46.639  -2.031  59.411 0.0000000000
54875  47.084  -2.252  61.170 0.0000000000
53916  45.930  -2.706  61.480 0.0000000000
54861  47.560  -2.008  62.437 0.0000000000
108604  44.169  -0.684  60.510 0.0000000000
56603  46.426  0.452  62.472 0.0000000000
57541  42.834  0.765  60.136 0.0000000000
53830  40.395  -2.258  67.082 0.0000000000
51765  37.830  -4.975  69.423 0.0000000000
51784  37.515  -4.629  68.610 0.0000000000
51786  36.214  -5.103  68.026 0.0000000000
51802  37.234  -4.340  67.822 0.0000000000
52820  37.764  -3.881  67.281 0.0000000000
52837  37.540  -3.734  66.448 0.0000000000
52855  35.105  -4.270  65.016 0.0000000000
98934  34.395  -4.837  65.770 0.0000000000
51849  34.013  -4.633  64.647 0.0000000000
51850  33.418  -4.559  64.097 0.0000000000
96914  31.880  -4.608  63.733 0.0000000000
51853  31.074  -4.869  63.951 0.0000000000
50818  30.313  -5.190  64.247 0.0000000000
50810  31.281  -5.299  65.205 0.0000000000
50819  29.483  -5.640  64.514 0.0000000000
50820  28.694  -6.057  64.340 0.0000000000
49847  28.036  -6.365  64.309 0.0000000000
50795  31.297  -6.193  67.261 0.0000000000
49825  29.548  -6.526  66.684 0.0000000000
49835  29.359  -6.405  66.044 0.0000000000
49844  28.343  -6.453  64.900 0.0000000000
49845  26.859  -7.039  64.165 0.0000000000
49021  26.324  -7.607  64.029 0.0000000000
48063  25.967  -8.410  64.243 0.0000000000
48064  25.822  -9.156  64.428 0.0000000000
48073  25.580  -8.890  63.635 0.0000000000
47070  25.507  -9.901  63.330 0.0000000000
45270  23.357  -12.032  67.971 0.0000000000
108350  22.554  -11.326  64.530 0.0000000000
45289  22.413  -12.344  64.600 0.0000000000
102627  21.012  -14.234  62.813 0.0000000000
46180  20.774  -10.993  61.882 0.0000000000
46194  20.277  -11.412  61.648 0.0000000000
45321  20.862  -11.915  61.761 0.0000000000
104971  19.190  -13.145  62.042 0.0000000000
44571  20.616  -12.949  61.985 0.0000000000
48053  16.118  -8.775  66.400 0.0000000000
49776  21.750  -7.275  70.987 0.0000000000
48977  20.469  -8.254  70.975 0.0000000000
48016  19.808  -8.331  70.255 0.0000000000
116589  17.401  -8.495  69.829 0.0000000000
47985  19.592  -8.598  72.506 0.0000000000
48003  17.594  -8.488  71.217 0.0000000000
48019  16.811  -8.502  70.462 0.0000000000
48030  15.800  -8.651  69.909 0.0000000000
49725  35.181  -7.940  75.132 0.0000000000
48936  35.404  -7.970  74.495 0.0000000000
48948  33.416  -7.702  73.158 0.0000000000
49744  31.650  -7.006  72.406 0.0000000000
46996  28.905  -10.802  73.934 0.0000000000
47908  31.799  -9.730  77.831 0.0000000000
46970  30.641  -10.320  77.148 0.0000000000
112340  29.366  -10.654  77.020 0.0000000000
46971  29.713  -10.728  76.792 0.0000000000
46110  28.867  -11.342  75.358 0.0000000000
46116  28.299  -11.395  73.501 0.0000000000
105020  26.424  -12.471  73.898 0.0000000000
116061  25.532  -12.624  73.017 0.0000000000
46113  26.080  -11.703  74.636 0.0000000000
46118  25.439  -12.363  73.218 0.0000000000
45239  25.307  -12.765  72.489 0.0000000000
45245  24.826  -12.864  71.688 0.0000000000
46130  24.393  -12.060  70.906 0.0000000000
46136  24.395  -11.323  70.088 0.0000000000
51678  29.354  -4.788  76.547 0.0000000000
50657  29.590  -5.638  76.551 0.0000000000
49727  28.602  -7.231  74.343 0.0000000000
51706  28.803  -4.964  74.166 0.0000000000
50691  28.840  -5.666  73.782 0.0000000000
48941  28.212  -7.866  74.186 0.0000000000
47983  26.901  -8.839  72.795 0.0000000000
47011  26.346  -9.585  72.611 0.0000000000
48000  26.414  -9.313  71.517 0.0000000000
102615  25.851  -10.142  71.524 0.0000000000
47029  25.466  -10.469  71.071 0.0000000000
46135  24.953  -10.702  70.430 0.0000000000
46140  24.140  -11.271  69.267 0.0000000000
46146  24.170  -10.632  68.228 0.0000000000
110577  24.104  -10.096  67.274 0.0000000000
102844  23.748  -10.049  66.523 0.0000000000
47054  24.564  -9.105  67.240 0.0000000000
47071  22.128  -9.553  63.730 0.0000000000
48074  21.613  -8.880  63.568 0.0000000000
49817  24.616  -6.485  67.565 0.0000000000
49828  24.187  -6.723  66.952 0.0000000000
49008  23.474  -7.240  66.080 0.0000000000
49839  22.315  -6.767  65.740 0.0000000000
49014  22.886  -7.237  65.587 0.0000000000
112725  23.331  -7.821  65.686 0.0000000000
116492  21.120  -8.483  63.549 0.0000000000
47073  20.928  -8.902  63.063 0.0000000000
48082  20.035  -8.859  62.770 0.0000000000
48083  19.164  -9.191  62.607 0.0000000000
47074  18.394  -9.605  62.800 0.0000000000
115907  18.719  -8.532  63.639 0.0000000000
47075  17.942  -9.331  63.315 0.0000000000
51978  41.874  -4.486  48.960 0.0000000000
49924  40.151  -5.982  49.475 0.0000000000
49102  38.007  -7.613  51.133 0.0000000000
49103  37.523  -8.179  51.588 0.0000000000
55478  22.833  1.454  80.340 0.0000000000
54596  23.369  -1.014  79.905 0.0000000000
53649  24.282  -2.828  79.473 0.0000000000
52651  24.457  -3.356  80.008 0.0000000000
51588  23.830  -4.213  81.092 0.0000000000
50612  23.452  -5.220  79.475 0.0000000000
49699  22.691  -6.795  78.364 0.0000000000
48892  22.142  -7.525  77.828 0.0000000000
48870  21.945  -8.255  79.110 0.0000000000
47898  21.312  -8.445  78.034 0.0000000000
115875  19.253  -8.604  76.884 0.0000000000
100194  21.038  -8.879  81.984 0.0000000000
46901  20.776  -8.986  81.431 0.0000000000
46924  19.384  -9.699  79.939 0.0000000000
105067  18.276  -9.320  79.383 0.0000000000
46940  18.329  -9.325  78.994 0.0000000000
46939  19.132  -9.528  79.230 0.0000000000
47891  18.894  -9.177  78.392 0.0000000000
47901  17.830  -8.866  77.413 0.0000000000
47916  17.536  -8.705  76.584 0.0000000000
47917  16.688  -8.826  76.453 0.0000000000
102000  15.089  -9.281  75.894 0.0000000000
55801  52.011  0.071  55.575 0.0000000000
54936  45.557  -1.264  53.076 0.0000000000
53990  37.237  -3.139  55.470 0.0000000000
58402  43.500  2.016  61.101 0.0000000000
58403  42.576  1.972  60.930 0.0000000000
57520  42.243  1.421  60.512 0.0000000000
56624  41.084  0.740  60.253 0.0000000000
56558  41.281  0.621  64.801 0.0000000000
53865  39.143  -2.398  64.917 0.0000000000
54812  39.594  -1.672  64.477 0.0000000000
55661  40.163  -0.841  64.274 0.0000000000
56572  41.023  0.796  63.886 0.0000000000
57489  41.103  1.491  62.630 0.0000000000
57508  40.915  1.377  61.840 0.0000000000
56588  39.973  0.214  61.997 0.0000000000
57522  40.866  1.201  61.112 0.0000000000
115652  40.930  0.996  60.700 0.0000000000
55725  39.812  -0.167  59.742 0.0000000000
54877  38.011  -1.074  59.251 0.0000000000
53967  36.116  -2.276  57.586 0.0000000000
53936  36.505  -2.624  59.787 0.0000000000
53983  33.822  -2.983  56.973 0.0000000000
51913  31.572  -4.579  58.412 0.0000000000
109532  30.160  -5.256  57.061 0.0000000000
51878  30.708  -4.836  62.539 0.0000000000
50833  29.323  -5.240  61.235 0.0000000000
108196  28.621  -5.345  60.779 0.0000000000
50839  28.361  -5.442  60.076 0.0000000000
49859  27.080  -6.047  61.144 0.0000000000
112769  26.345  -7.171  60.527 0.0000000000
49860  26.643  -6.628  60.617 0.0000000000
108072  27.137  -5.994  60.371 0.0000000000
48960  29.743  -7.314  70.974 0.0000000000
109711  29.580  -7.915  71.619 0.0000000000
48024  28.263  -8.618  69.220 0.0000000000
48032  27.812  -9.260  68.461 0.0000000000
46128  28.700  -10.896  70.391 0.0000000000
46134  28.692  -10.881  69.499 0.0000000000
45261  28.356  -11.152  68.530 0.0000000000
47034  28.639  -10.514  69.273 0.0000000000
47042  28.396  -10.635  68.561 0.0000000000
47049  27.515  -10.152  67.040 0.0000000000
46162  27.138  -11.256  65.067 0.0000000000
45280  27.483  -11.820  65.118 0.0000000000
45288  27.472  -11.788  64.075 0.0000000000
45304  27.110  -11.966  63.250 0.0000000000
44568  26.448  -12.439  62.046 0.0000000000
44516  23.394  -13.334  67.961 0.0000000000
113681  23.346  -13.988  67.437 0.0000000000
43812  22.965  -14.724  66.523 0.0000000000
97548  23.399  -14.290  67.115 0.0000000000
114381  23.799  -14.297  66.660 0.0000000000
43820  24.120  -14.162  65.875 0.0000000000
43124  21.832  -15.226  64.203 0.0000000000
99271  22.320  -15.256  64.599 0.0000000000
43112  23.658  -14.518  64.788 0.0000000000
43833  24.511  -13.840  64.839 0.0000000000
43857  25.840  -13.299  62.420 0.0000000000
114863  26.073  -12.476  61.479 0.0000000000
55872  50.733  -0.918  49.110 0.0000000000
54969  50.206  -1.042  48.692 0.0000000000
54059  48.865  -2.360  47.590 0.0000000000
112999  44.211  -4.932  48.503 0.0000000000
43136  19.031  -14.754  62.353 0.0000000000
43792  24.303  -13.837  69.229 0.0000000000
44490  25.095  -13.076  71.822 0.0000000000
44510  23.788  -13.658  68.664 0.0000000000
44573  18.694  -12.717  62.320 0.0000000000
45238  25.707  -12.406  73.660 0.0000000000
45250  27.516  -11.979  70.608 0.0000000000
45263  23.787  -12.756  69.462 0.0000000000
46099  28.552  -11.226  76.376 0.0000000000
46139  28.622  -10.972  68.920 0.0000000000
46147  23.777  -11.066  67.830 0.0000000000
46902  20.136  -9.114  81.164 0.0000000000
46912  20.405  -9.236  80.778 0.0000000000
47837  22.033  -8.184  82.664 0.0000000000
47838  20.757  -8.657  82.515 0.0000000000
47854  20.488  -8.842  81.909 0.0000000000
47865  22.362  -8.475  81.180 0.0000000000
48075  21.569  -8.282  64.025 0.0000000000
48077  19.850  -8.365  63.387 0.0000000000
48828  23.051  -7.156  82.365 0.0000000000
48883  21.797  -8.133  78.333 0.0000000000
48998  25.158  -7.369  67.733 0.0000000000
49000  20.257  -7.251  66.810 0.0000000000
49015  22.209  -7.290  65.171 0.0000000000
49772  30.068  -6.816  70.282 0.0000000000
49794  21.610  -6.766  69.387 0.0000000000
50726  22.852  -6.122  71.590 0.0000000000
50784  24.535  -5.600  68.475 0.0000000000
51756  24.111  -4.893  70.351 0.0000000000
51768  25.561  -4.886  70.045 0.0000000000
51787  24.185  -5.351  68.778 0.0000000000
54862  46.695  -2.255  62.331 0.0000000000
55463  22.587  0.875  80.915 0.0000000000
55771  51.688  0.038  55.914 0.0000000000
55786  51.477  -0.018  56.008 0.0000000000
55802  51.682  -0.315  55.190 0.0000000000
56602  47.163  -0.472  63.207 0.0000000000
56703  51.779  0.072  55.845 0.0000000000
97347  27.378  -8.397  67.102 0.0000000000
103448  27.341  -11.570  66.647 0.0000000000
105321  17.697  -9.963  63.170 0.0000000000
105776  39.747  -4.142  70.928 0.0000000000
108019  35.885  -7.051  73.610 0.0000000000
108161  22.929  -7.713  82.057 0.0000000000
108424  18.012  -8.275  66.702 0.0000000000
108927  27.638  -11.838  71.917 0.0000000000
110831  21.335  -7.835  64.374 0.0000000000
113431  25.759  -12.762  73.156 0.0000000000
115696  21.738  -6.924  65.453 0.0000000000
