#!ascii label  , from subject sub-v1s16x0051174_ses-1 vox2ras=TkReg
1452
4700  41.278  -55.513  29.315 0.2000000030
4713  41.883  -55.737  28.734 0.2000000030
4701  40.550  -55.471  29.702 0.2000000030
4286  41.447  -56.382  28.752 0.2000000030
4682  39.271  -55.135  30.131 0.1000000015
4702  39.914  -55.720  29.890 0.1000000015
4271  40.622  -56.262  29.480 0.2000000030
4681  40.080  -54.973  29.998 0.1000000015
5050  38.610  -54.499  30.422 0.1000000015
4683  38.337  -55.425  30.338 0.1000000015
5435  37.706  -53.044  31.114 0.1000000015
5051  37.652  -54.744  30.521 0.1000000015
72935  36.977  -54.167  30.574 0.1000000015
5436  37.329  -52.374  31.315 0.2000000030
76716  37.108  -53.272  30.836 0.1000000015
5451  40.660  -53.753  30.481 0.1000000015
5432  40.470  -53.129  30.789 0.1000000015
5064  40.837  -54.876  29.856 0.2000000030
5049  39.544  -54.354  30.267 0.1000000015
5048  40.370  -54.320  30.231 0.1000000015
5453  38.967  -53.623  30.591 0.1000000015
5807  38.255  -52.591  31.425 0.1000000015
6528  36.944  -50.942  31.492 0.2000000030
6139  37.383  -51.469  31.756 0.2000000030
82349  37.173  -50.230  31.439 0.1000000015
6140  36.763  -51.732  31.203 0.2000000030
6946  37.356  -49.338  31.051 0.2000000030
79249  37.266  -49.353  30.002 0.1000000015
85134  37.428  -48.812  29.552 0.1000000015
5433  39.614  -53.057  30.886 0.1000000015
5805  40.095  -52.429  31.230 0.1000000015
5434  38.300  -53.206  30.991 0.1000000015
7241  37.758  -48.951  32.028 0.2000000030
73144  37.664  -48.403  31.105 0.2000000030
7270  37.602  -47.850  30.401 0.2000000030
74904  37.431  -48.626  30.255 0.2000000030
7588  37.622  -47.299  29.845 0.1000000015
85142  37.591  -48.084  29.497 0.2000000030
80726  38.884  -52.989  31.013 0.1000000015
6137  39.564  -51.789  31.779 0.1000000015
6138  38.640  -51.889  31.883 0.1000000015
6122  38.082  -51.296  32.266 0.2000000030
6909  37.957  -49.741  32.551 0.2000000030
6123  37.547  -50.588  32.153 0.3000000119
7930  37.740  -46.593  30.247 0.3000000119
7952  37.675  -46.634  29.432 0.2000000030
7591  37.690  -47.340  29.024 0.2000000030
7283  37.931  -48.594  28.134 0.2000000030
7240  38.285  -48.343  32.459 0.3000000119
79368  37.930  -46.597  31.098 0.3000000119
8296  37.932  -45.375  29.821 0.3000000119
80157  38.110  -44.733  29.721 0.3000000119
71674  37.769  -46.038  29.857 0.3000000119
8312  37.604  -45.760  29.088 0.2000000030
82854  37.672  -47.309  28.202 0.2000000030
7593  37.928  -47.896  27.814 0.2000000030
8687  38.772  -44.686  29.960 0.4000000060
81820  38.384  -45.216  30.182 0.3000000119
74386  37.969  -48.154  31.760 0.2000000030
7550  37.871  -47.513  31.254 0.2000000030
71798  37.720  -44.837  29.247 0.3000000119
7963  37.577  -46.597  28.589 0.2000000030
74400  37.444  -44.941  28.479 0.2000000030
7965  37.529  -46.626  27.694 0.2000000030
9109  38.731  -43.644  29.800 0.3000000119
8713  37.568  -44.124  28.820 0.2000000030
76148  37.367  -44.149  27.860 0.2000000030
8329  37.430  -45.805  28.087 0.2000000030
8345  37.390  -45.806  27.035 0.2000000030
75980  37.333  -45.061  27.640 0.2000000030
9567  38.266  -42.624  29.913 0.3000000119
9110  38.081  -43.400  29.612 0.3000000119
10117  37.625  -41.419  29.987 0.2000000030
9568  37.785  -42.498  29.671 0.3000000119
8703  37.887  -44.103  29.395 0.3000000119
9580  37.536  -42.781  29.067 0.1000000015
9134  37.482  -43.377  28.545 0.1000000015
73563  37.429  -43.689  26.996 0.1000000015
9144  37.418  -43.186  27.714 0.1000000015
9592  37.440  -42.599  28.384 0.1000000015
8725  37.389  -44.694  26.828 0.1000000015
10108  38.647  -40.844  30.582 0.3000000119
10116  38.016  -41.044  30.440 0.2000000030
81743  37.933  -40.421  30.521 0.2000000030
11833  37.786  -38.907  31.028 0.2000000030
78627  37.802  -38.083  30.944 0.1000000015
10689  37.735  -40.536  30.303 0.1000000015
75220  37.560  -39.236  30.525 0.1000000015
10704  37.479  -40.562  29.764 0.1000000015
77265  37.448  -41.959  29.136 0.1000000015
9605  37.448  -42.399  27.528 0.1000000015
10152  37.507  -41.702  27.213 0.1000000015
10668  38.200  -40.268  30.663 0.2000000030
11847  37.544  -38.375  30.429 0.1000000015
11853  37.457  -38.252  29.516 0.1000000015
75703  37.391  -39.078  29.932 0.1000000015
83634  37.457  -38.873  29.136 0.1000000015
10710  37.423  -40.507  28.932 0.1000000015
11858  37.479  -39.148  28.393 0.1000000015
79143  37.495  -41.130  27.617 0.1000000015
78825  37.422  -41.184  28.551 0.1000000015
13049  37.488  -36.790  29.264 0.1000000015
11282  37.510  -39.646  27.613 0.1000000015
79997  37.584  -41.160  26.864 0.1000000015
13033  37.571  -36.629  30.103 0.1000000015
5454  37.844  -53.808  30.780 0.1000000015
5452  39.940  -53.695  30.504 0.1000000015
6544  37.075  -50.150  30.494 0.1000000015
8258  45.803  -45.325  32.428 0.5000000000
8248  45.508  -45.587  33.238 0.5000000000
8652  45.651  -44.655  32.246 0.5000000000
9087  45.623  -43.781  32.299 0.5000000000
8240  44.530  -45.777  34.322 0.2000000030
7870  45.238  -46.012  33.907 0.2000000030
8249  44.876  -45.323  33.669 0.3000000119
8259  45.220  -44.945  32.958 0.5000000000
8653  45.124  -44.207  32.891 0.5000000000
9088  45.181  -43.574  32.968 0.5000000000
8663  46.125  -44.268  31.656 0.5000000000
9557  46.098  -43.188  32.163 0.5000000000
8662  46.705  -44.519  31.167 0.5000000000
7926  48.944  -45.624  30.060 0.5000000000
8250  44.209  -45.039  34.088 0.3000000119
8648  44.001  -44.218  34.000 0.3000000119
8647  44.650  -44.559  33.515 0.5000000000
9532  45.308  -42.567  33.524 0.5000000000
9545  45.619  -43.040  32.832 0.5000000000
9097  46.207  -43.545  31.758 0.5000000000
9096  46.686  -43.701  31.238 0.5000000000
7568  51.571  -47.281  28.284 0.4000000060
7569  50.874  -46.887  28.018 0.5000000000
7925  50.634  -46.165  28.760 0.5000000000
8293  47.360  -45.053  30.797 0.5000000000
86285  50.759  -47.396  28.185 0.4000000060
8241  43.772  -45.519  34.694 0.3000000119
9534  43.799  -43.377  34.024 0.4000000060
9080  44.558  -43.668  33.474 0.5000000000
9533  44.423  -42.753  33.739 0.5000000000
9546  44.991  -43.123  33.310 0.5000000000
10079  45.055  -42.074  34.034 0.5000000000
10078  45.963  -42.114  34.098 0.5000000000
9531  46.184  -42.465  33.355 0.5000000000
9544  46.453  -42.674  32.442 0.5000000000
8683  47.397  -44.056  30.658 0.6000000238
74796  50.470  -45.901  28.559 0.5000000000
8682  48.495  -44.633  30.058 0.5000000000
7265  48.947  -48.762  29.611 0.4000000060
7264  50.469  -48.224  28.734 0.4000000060
8232  43.345  -45.811  36.527 0.1000000015
8630  42.503  -44.612  36.511 0.1000000015
8631  41.859  -44.115  36.649 0.1000000015
8233  42.979  -45.159  36.209 0.1000000015
9071  41.713  -43.326  36.027 0.1000000015
8639  42.597  -44.628  35.706 0.1000000015
8640  42.084  -44.066  35.874 0.1000000015
8644  42.832  -44.546  34.935 0.1000000015
8643  43.496  -44.786  34.489 0.3000000119
9074  43.255  -43.973  34.376 0.4000000060
74388  43.111  -43.217  34.364 0.4000000060
10080  44.269  -42.058  34.095 0.4000000060
10068  45.706  -41.580  34.446 0.5000000000
9556  46.760  -42.918  31.561 0.5000000000
8292  49.806  -45.380  29.132 0.5000000000
74181  49.367  -47.705  29.000 0.4000000060
6943  48.489  -49.790  29.716 0.5000000000
7827  44.073  -46.027  38.631 0.1000000015
8219  43.774  -45.482  38.146 0.1000000015
8225  43.580  -45.657  37.374 0.1000000015
8226  43.130  -45.017  36.970 0.1000000015
84883  41.677  -44.068  37.286 0.1000000015
8220  43.262  -44.946  37.780 0.1000000015
8624  42.421  -44.563  37.385 0.1000000015
9061  41.467  -43.401  36.801 0.1000000015
11168  42.305  -40.023  36.215 0.2000000030
8237  43.021  -45.212  35.529 0.1000000015
73750  42.385  -44.057  35.262 0.1000000015
9070  42.109  -43.366  35.270 0.1000000015
9521  41.891  -42.517  35.473 0.1000000015
10619  42.298  -40.878  35.665 0.2000000030
9075  42.624  -43.643  34.747 0.2000000030
9520  42.563  -42.675  34.712 0.2000000030
10059  43.177  -41.019  35.074 0.2000000030
85972  42.875  -39.751  36.051 0.2000000030
11196  42.856  -39.223  36.388 0.2000000030
9524  43.510  -42.509  34.219 0.3000000119
76157  43.789  -41.604  34.468 0.3000000119
10631  44.255  -40.847  34.864 0.4000000060
10069  44.736  -41.490  34.428 0.5000000000
9105  47.458  -43.059  30.825 0.5000000000
10630  45.265  -40.880  34.782 0.4000000060
9104  48.631  -43.283  30.071 0.5000000000
84474  47.690  -42.546  31.132 0.5000000000
8681  49.614  -44.213  29.194 0.5000000000
74524  46.877  -42.217  34.028 0.5000000000
8309  50.474  -46.139  28.257 0.5000000000
82561  50.303  -45.463  28.400 0.5000000000
7945  50.415  -46.410  28.239 0.5000000000
8215  44.056  -45.300  38.774 0.1000000015
8615  43.481  -44.914  38.553 0.1000000015
9046  42.056  -44.187  38.897 0.1000000015
9484  41.428  -42.493  39.536 0.1000000015
8616  42.678  -44.630  38.317 0.1000000015
8617  41.836  -44.207  38.007 0.1000000015
9054  41.332  -43.499  37.577 0.1000000015
82036  41.246  -42.792  37.121 0.1000000015
75560  41.188  -42.041  37.114 0.1000000015
10590  41.418  -40.350  37.254 0.1000000015
10061  41.776  -41.655  35.870 0.1000000015
72746  41.782  -39.970  36.766 0.2000000030
11169  42.080  -39.281  36.743 0.2000000030
10597  41.693  -40.791  36.440 0.2000000030
10617  43.828  -40.156  35.413 0.3000000119
11195  43.444  -39.574  35.955 0.2000000030
11194  44.380  -39.328  35.836 0.3000000119
10616  44.809  -40.096  35.226 0.4000000060
10107  48.966  -42.113  31.076 0.5000000000
10094  48.442  -42.118  32.266 0.5000000000
10629  46.264  -41.014  34.753 0.5000000000
72118  50.671  -42.101  33.387 0.5000000000
10640  50.816  -41.742  33.987 0.5000000000
10075  49.778  -42.144  34.067 0.5000000000
9543  47.431  -42.340  31.842 0.6000000238
10067  46.641  -41.737  34.495 0.5000000000
10065  48.573  -42.096  34.399 0.5000000000
10076  49.056  -42.266  33.309 0.6000000238
10077  47.906  -42.302  33.764 0.5000000000
9530  47.159  -42.414  33.000 0.5000000000
6155  47.825  -50.990  29.233 0.4000000060
77203  47.609  -50.017  29.809 0.4000000060
11122  41.250  -39.444  40.583 0.1000000015
10018  41.319  -41.701  39.694 0.1000000015
10572  41.105  -40.149  39.551 0.1000000015
9036  41.668  -43.360  39.274 0.1000000015
10019  40.975  -41.395  39.145 0.1000000015
80147  41.031  -40.708  39.173 0.1000000015
9495  41.042  -42.704  38.834 0.1000000015
9496  40.819  -41.911  38.550 0.1000000015
10582  41.053  -40.116  38.874 0.1000000015
9503  40.935  -41.584  37.789 0.1000000015
10041  41.060  -40.805  37.723 0.1000000015
11753  41.654  -38.531  37.780 0.2000000030
11768  41.853  -38.541  37.024 0.2000000030
12366  41.909  -37.725  36.773 0.2000000030
11767  42.356  -38.457  36.633 0.2000000030
14144  47.273  -34.910  35.558 0.2000000030
79332  43.692  -38.890  36.235 0.2000000030
12972  48.443  -36.319  35.870 0.2000000030
12973  47.515  -36.489  35.921 0.2000000030
71868  47.147  -37.301  36.389 0.2000000030
12957  49.860  -36.891  36.288 0.2000000030
82263  49.261  -37.557  36.447 0.2000000030
12364  48.518  -37.831  36.635 0.2000000030
11765  48.274  -38.550  36.830 0.2000000030
85024  47.481  -37.756  36.650 0.3000000119
11774  47.642  -38.954  36.784 0.2000000030
76014  46.774  -38.873  36.389 0.4000000060
11763  50.439  -38.589  36.429 0.2000000030
11166  49.523  -39.133  36.322 0.3000000119
11167  48.537  -39.085  36.590 0.4000000060
11191  47.240  -39.489  35.918 0.4000000060
11192  46.335  -39.422  35.616 0.4000000060
10615  45.807  -40.144  35.116 0.5000000000
10624  52.535  -40.636  34.319 0.5000000000
10625  51.232  -40.814  34.561 0.4000000060
11188  50.633  -40.060  35.347 0.4000000060
77860  49.780  -39.669  35.823 0.4000000060
10611  49.456  -40.341  35.259 0.4000000060
10612  48.515  -40.373  35.244 0.5000000000
10613  47.667  -40.277  35.190 0.5000000000
10064  50.106  -41.130  34.668 0.5000000000
10626  49.054  -41.394  34.770 0.5000000000
10066  47.563  -41.925  34.524 0.5000000000
12321  41.322  -37.347  41.018 0.1000000015
11724  41.282  -38.210  41.020 0.1000000015
12322  40.875  -37.037  40.231 0.1000000015
11123  41.018  -39.464  39.906 0.1000000015
76320  40.796  -37.923  39.840 0.1000000015
11737  40.998  -38.753  39.401 0.1000000015
12332  40.698  -37.239  39.366 0.1000000015
11745  41.230  -38.428  38.558 0.1000000015
12341  40.823  -37.477  38.526 0.1000000015
11157  41.523  -39.128  38.176 0.1000000015
78394  41.326  -37.910  37.985 0.2000000030
73232  40.422  -36.767  38.165 0.2000000030
12349  41.609  -37.816  37.351 0.2000000030
11778  43.108  -38.321  36.358 0.2000000030
14145  46.576  -34.270  35.515 0.1000000015
11777  43.766  -38.188  36.238 0.2000000030
15218  44.909  -32.397  35.243 0.1000000015
14692  45.239  -33.270  35.255 0.1000000015
79365  46.535  -35.169  35.518 0.1000000015
78839  45.824  -35.004  35.381 0.1000000015
75935  46.062  -35.897  35.532 0.1000000015
74581  47.060  -38.178  36.705 0.1000000015
11193  45.386  -39.376  35.590 0.3000000119
12375  46.282  -37.495  36.298 0.1000000015
81591  46.334  -38.286  36.391 0.1000000015
10627  48.103  -41.326  34.789 0.5000000000
10614  46.778  -40.208  35.124 0.5000000000
10628  47.203  -41.190  34.763 0.5000000000
12914  41.775  -36.743  41.704 0.1000000015
13533  41.772  -35.249  40.728 0.1000000015
12918  41.447  -36.365  40.919 0.1000000015
12919  40.948  -36.007  40.238 0.1000000015
14104  41.702  -34.342  40.366 0.1000000015
13547  40.233  -35.710  38.945 0.1000000015
13539  40.573  -34.994  39.473 0.1000000015
12936  40.434  -36.613  38.782 0.1000000015
73534  41.036  -37.179  37.694 0.2000000030
12959  41.157  -36.566  37.076 0.2000000030
12367  41.508  -37.218  37.040 0.2000000030
12958  41.863  -36.789  36.476 0.2000000030
12365  42.533  -37.562  36.374 0.2000000030
74905  45.068  -34.865  35.123 0.1000000015
12975  45.806  -36.693  35.885 0.1000000015
12376  44.203  -37.697  36.123 0.1000000015
11776  44.353  -38.482  36.144 0.2000000030
85776  45.502  -36.229  35.585 0.1000000015
73649  45.379  -37.333  36.114 0.1000000015
76254  45.633  -38.081  36.244 0.2000000030
77990  45.096  -38.683  36.022 0.2000000030
14662  43.024  -33.493  41.326 0.1000000015
14099  42.507  -34.244  40.889 0.1000000015
86237  42.064  -31.948  42.337 0.1000000015
14663  42.246  -33.494  40.753 0.1000000015
79951  41.935  -32.188  41.543 0.1000000015
15195  41.810  -32.803  40.726 0.1000000015
14109  40.539  -34.148  39.475 0.1000000015
14105  41.080  -34.413  39.857 0.1000000015
13548  39.825  -35.225  38.325 0.1000000015
84653  39.723  -34.494  38.448 0.1000000015
81502  40.069  -35.464  37.577 0.1000000015
13555  40.736  -35.895  37.109 0.2000000030
73336  41.358  -35.924  36.530 0.2000000030
12979  42.021  -35.903  35.955 0.2000000030
12978  42.775  -36.597  35.958 0.2000000030
12377  43.410  -37.433  36.105 0.2000000030
17103  42.779  -29.171  35.141 0.1000000015
15801  43.614  -31.525  35.374 0.1000000015
15219  43.992  -32.370  35.215 0.1000000015
14147  44.558  -34.162  35.030 0.1000000015
84889  43.452  -36.755  35.835 0.2000000030
15220  43.090  -32.336  35.439 0.1000000015
82296  43.816  -33.800  35.017 0.1000000015
75014  45.151  -35.730  35.325 0.1000000015
12976  44.998  -36.623  35.723 0.1000000015
80699  44.706  -37.277  36.036 0.2000000030
15773  40.965  -31.390  42.229 0.1000000015
15777  40.967  -31.706  41.420 0.1000000015
15780  40.417  -32.002  40.560 0.1000000015
14670  40.537  -33.396  39.567 0.1000000015
77356  39.672  -34.640  37.854 0.1000000015
75561  40.094  -33.894  36.848 0.1000000015
13569  40.815  -35.116  36.670 0.1000000015
14129  41.445  -34.443  35.929 0.1000000015
13568  41.551  -35.288  36.122 0.2000000030
16454  41.462  -30.632  35.788 0.1000000015
15803  41.808  -31.426  35.668 0.1000000015
76952  41.317  -32.115  35.653 0.1000000015
82572  42.075  -32.395  35.509 0.1000000015
14695  41.767  -33.475  35.559 0.1000000015
13583  42.138  -35.048  35.687 0.1000000015
17095  42.556  -29.934  35.556 0.1000000015
16453  42.290  -30.655  35.690 0.1000000015
14694  42.620  -33.225  35.317 0.1000000015
74667  42.891  -34.770  35.395 0.1000000015
82219  43.402  -35.272  35.301 0.1000000015
13582  42.790  -35.613  35.623 0.1000000015
14148  43.123  -33.933  35.238 0.1000000015
74468  43.658  -34.542  35.094 0.1000000015
74727  44.393  -36.144  35.411 0.1000000015
12977  44.092  -36.877  35.802 0.1000000015
15778  40.155  -31.213  41.695 0.1000000015
84836  40.093  -31.452  40.992 0.1000000015
15198  39.895  -32.237  39.731 0.1000000015
14671  40.050  -32.940  39.261 0.1000000015
14674  39.650  -33.143  38.482 0.1000000015
75021  39.711  -33.955  37.456 0.1000000015
18265  39.052  -28.179  37.100 0.1000000015
79000  39.383  -30.136  36.408 0.1000000015
15793  39.462  -31.397  36.595 0.1000000015
77451  39.542  -32.138  36.749 0.1000000015
14681  39.760  -33.338  36.966 0.1000000015
79748  39.559  -27.901  36.644 0.1000000015
17708  39.518  -28.636  36.543 0.1000000015
16456  39.687  -30.680  36.210 0.1000000015
14680  40.442  -33.335  36.277 0.1000000015
81480  40.177  -28.254  36.218 0.1000000015
17097  41.076  -29.769  35.926 0.1000000015
17098  40.019  -29.964  36.060 0.1000000015
15805  40.059  -31.239  36.056 0.1000000015
15221  40.596  -32.425  35.922 0.1000000015
14696  41.076  -33.695  35.909 0.1000000015
15783  39.383  -31.658  39.259 0.1000000015
16443  38.790  -30.280  38.985 0.1000000015
15786  39.317  -31.771  38.376 0.1000000015
15787  39.096  -31.041  38.723 0.1000000015
15204  39.499  -32.666  37.210 0.1000000015
18261  38.860  -27.730  37.645 0.1000000015
17709  38.956  -29.071  37.040 0.1000000015
17088  38.838  -29.697  37.782 0.1000000015
15790  39.166  -31.106  37.904 0.1000000015
18264  39.227  -27.264  37.069 0.1000000015
16450  39.015  -29.907  36.907 0.1000000015
9511  41.468  -42.466  36.371 0.1000000015
10060  42.355  -41.743  35.135 0.2000000030
10070  43.000  -41.883  34.602 0.2000000030
10618  42.952  -40.204  35.671 0.3000000119
9555  48.698  -42.523  30.582 0.5000000000
8610  42.991  -44.517  39.134 0.1000000015
9035  42.547  -43.771  39.570 0.1000000015
9485  40.985  -42.074  39.165 0.1000000015
9047  41.346  -43.535  38.437 0.1000000015
9502  41.003  -42.598  37.893 0.1000000015
10040  41.272  -41.199  37.135 0.1000000015
10047  41.432  -41.624  36.550 0.1000000015
11156  41.661  -39.394  37.394 0.1000000015
10092  50.151  -42.127  32.724 0.5000000000
10091  51.060  -41.770  32.178 0.5000000000
10565  41.241  -40.117  40.207 0.1000000015
11725  40.992  -38.664  40.314 0.1000000015
10012  41.237  -40.866  39.807 0.1000000015
11135  41.095  -39.562  39.308 0.1000000015
10033  40.894  -40.936  38.459 0.1000000015
11146  41.223  -39.331  38.758 0.1000000015
13579  47.892  -35.566  35.632 0.2000000030
14143  48.147  -34.576  35.570 0.2000000030
12373  48.885  -37.027  36.254 0.2000000030
12374  47.957  -37.282  36.402 0.2000000030
12974  46.629  -36.602  35.949 0.1000000015
12363  50.141  -37.700  36.445 0.2000000030
11764  49.194  -38.362  36.582 0.2000000030
11165  50.640  -39.292  36.105 0.5000000000
11189  48.934  -39.663  35.922 0.4000000060
11190  48.063  -39.597  36.068 0.5000000000
11775  45.938  -38.761  36.011 0.3000000119
11209  52.003  -40.014  35.149 0.5000000000
11164  51.801  -39.473  35.950 0.5000000000
74519  41.006  -37.852  40.465 0.1000000015
82013  40.894  -37.965  39.130 0.1000000015
12928  40.592  -36.394  39.550 0.1000000015
13580  46.976  -35.773  35.671 0.1000000015
14146  45.582  -34.134  35.290 0.1000000015
12913  42.307  -35.656  41.404 0.1000000015
81394  42.623  -34.819  41.142 0.1000000015
13534  41.110  -35.134  40.040 0.1000000015
14666  41.350  -33.522  40.044 0.1000000015
12937  40.035  -36.083  38.223 0.2000000030
12946  40.442  -36.359  37.674 0.2000000030
15800  44.553  -31.563  35.228 0.1000000015
14701  44.323  -33.201  35.098 0.1000000015
76449  44.892  -37.931  36.108 0.2000000030
13581  44.235  -35.282  35.111 0.1000000015
15192  42.627  -32.827  41.350 0.1000000015
14657  43.251  -32.945  41.812 0.1000000015
15188  42.717  -32.384  42.276 0.1000000015
15767  41.587  -31.660  42.685 0.1000000015
15193  41.587  -31.714  42.047 0.1000000015
15196  41.253  -32.282  40.850 0.1000000015
14667  40.847  -32.718  40.064 0.1000000015
13540  40.027  -34.759  38.935 0.1000000015
14110  39.908  -33.846  38.940 0.1000000015
14118  39.565  -33.915  38.172 0.1000000015
83856  43.210  -30.622  35.423 0.1000000015
15802  42.693  -31.467  35.617 0.1000000015
14677  39.530  -33.274  37.705 0.1000000015
14131  40.102  -34.560  37.142 0.1000000015
14130  40.651  -34.190  36.441 0.1000000015
17713  40.986  -28.795  35.860 0.1000000015
77216  41.920  -30.028  35.814 0.1000000015
16455  40.535  -30.622  35.928 0.1000000015
73635  41.187  -32.919  35.681 0.1000000015
14149  42.319  -34.155  35.485 0.1000000015
75018  43.562  -36.097  35.522 0.1000000015
74455  39.567  -31.451  40.215 0.1000000015
15200  39.569  -32.400  38.859 0.1000000015
15202  39.417  -32.538  38.011 0.1000000015
17092  39.437  -29.458  36.441 0.1000000015
16445  39.179  -31.101  37.190 0.1000000015
15222  40.016  -31.921  36.212 0.1000000015
16446  39.020  -30.477  37.439 0.1000000015
15207  39.900  -32.676  36.524 0.1000000015
17091  40.248  -29.137  36.137 0.1000000015
15784  39.066  -30.941  39.550 0.1000000015
15789  39.318  -31.837  37.414 0.1000000015
85091  38.774  -29.980  38.416 0.1000000015
17085  38.665  -29.410  38.678 0.1000000015
18860  38.882  -27.015  37.886 0.1000000015
17704  38.736  -28.602  37.898 0.1000000015
7216  48.195  -47.902  35.027 0.1000000015
7206  49.013  -48.705  35.445 0.1000000015
74255  47.447  -47.421  34.604 0.1000000015
7531  46.618  -47.021  34.322 0.1000000015
7523  46.603  -47.568  34.830 0.1000000015
7524  45.829  -47.113  34.675 0.1000000015
6876  49.317  -49.578  36.235 0.2000000030
7857  45.009  -46.527  34.633 0.1000000015
7215  49.185  -48.012  34.823 0.2000000030
7214  50.260  -48.592  34.744 0.2000000030
7522  48.532  -47.340  34.337 0.1000000015
7869  45.805  -46.610  34.080 0.1000000015
6886  50.160  -49.401  35.295 0.2000000030
7530  47.443  -46.868  33.999 0.2000000030
84711  46.539  -46.470  33.600 0.3000000119
83881  45.826  -46.135  33.538 0.3000000119
7883  46.231  -45.896  32.900 0.3000000119
7521  49.948  -47.753  34.271 0.2000000030
7868  48.264  -46.725  33.532 0.2000000030
75906  51.109  -49.062  34.443 0.2000000030
85237  47.321  -46.410  33.233 0.2000000030
7220  51.255  -48.279  33.993 0.2000000030
5423  49.761  -53.665  32.838 0.1000000015
6489  50.732  -49.873  35.069 0.2000000030
86588  46.760  -46.175  33.060 0.3000000119
6115  50.157  -51.582  33.973 0.1000000015
6498  50.513  -50.567  34.620 0.1000000015
7529  49.421  -47.050  33.648 0.2000000030
81962  49.004  -46.584  32.976 0.2000000030
5794  49.916  -53.167  33.536 0.1000000015
7882  47.053  -46.003  32.322 0.4000000060
7528  50.852  -47.411  33.537 0.2000000030
6894  51.211  -49.440  34.028 0.2000000030
5796  49.571  -52.723  32.696 0.1000000015
6117  49.586  -51.573  32.781 0.2000000030
86413  49.855  -52.294  33.442 0.1000000015
6893  51.843  -48.563  33.400 0.2000000030
7881  48.095  -46.306  32.593 0.4000000060
74482  50.078  -50.929  33.540 0.1000000015
74830  49.330  -46.334  31.787 0.4000000060
8257  46.435  -45.616  32.040 0.4000000060
7527  52.132  -47.773  33.126 0.3000000119
78927  50.639  -50.329  33.630 0.2000000030
6901  52.156  -48.757  32.253 0.4000000060
7900  48.156  -45.958  31.395 0.4000000060
8275  46.380  -45.111  31.590 0.4000000060
7534  51.678  -47.062  32.651 0.3000000119
7223  53.020  -47.625  31.308 0.4000000060
7224  52.677  -47.977  32.272 0.3000000119
15216  46.815  -32.410  35.664 0.1000000015
14691  46.203  -33.298  35.499 0.1000000015
8274  47.228  -45.577  31.310 0.4000000060
82816  52.175  -46.861  31.630 0.4000000060
7533  52.600  -47.381  32.024 0.3000000119
7879  50.961  -46.589  31.713 0.4000000060
14690  47.170  -33.336  35.679 0.1000000015
78488  47.479  -34.117  35.596 0.1000000015
7899  49.404  -45.983  30.440 0.5000000000
79095  48.972  -35.239  35.622 0.1000000015
14142  49.881  -34.514  35.719 0.1000000015
77344  49.047  -34.111  35.570 0.1000000015
12970  50.649  -35.988  36.173 0.1000000015
6877  48.293  -49.146  36.216 0.1000000015
81968  47.310  -47.930  35.050 0.1000000015
7207  47.743  -48.452  35.570 0.1000000015
7517  45.758  -47.690  35.153 0.1000000015
12971  49.450  -36.153  35.931 0.1000000015
6469  49.642  -50.086  36.904 0.1000000015
7880  50.221  -46.728  32.870 0.3000000119
14689  48.221  -33.492  35.645 0.1000000015
13578  49.934  -35.358  35.807 0.1000000015
3869  41.241  -57.544  33.807 0.1000000015
74940  41.468  -58.289  33.750 0.1000000015
3522  43.652  -58.464  32.399 0.1000000015
3509  40.700  -58.241  34.028 0.1000000015
3523  42.796  -58.038  32.856 0.1000000015
3510  39.729  -58.078  34.086 0.1000000015
3511  38.555  -58.593  33.949 0.1000000015
3499  40.100  -58.860  34.247 0.1000000015
3103  36.175  -59.068  37.751 0.1000000015
3855  35.151  -57.087  33.702 0.1000000015
3513  36.247  -58.204  33.484 0.1000000015
3868  42.010  -57.732  33.419 0.1000000015
77883  37.971  -57.930  33.683 0.1000000015
3883  43.498  -57.322  32.305 0.1000000015
3102  36.898  -59.349  38.178 0.1000000015
73810  35.506  -58.789  37.384 0.1000000015
3480  35.083  -58.145  37.469 0.1000000015
3099  37.150  -59.048  38.954 0.1000000015
3475  35.817  -58.355  38.030 0.1000000015
3832  34.688  -57.369  37.519 0.1000000015
4210  33.592  -56.428  35.276 0.1000000015
3856  34.415  -57.010  33.970 0.1000000015
3884  42.546  -57.071  32.899 0.1000000015
3882  44.193  -57.917  31.841 0.1000000015
3823  35.364  -57.530  38.263 0.1000000015
3469  36.727  -58.372  39.331 0.1000000015
3474  36.516  -58.672  38.499 0.1000000015
3824  34.893  -56.896  38.099 0.1000000015
4187  34.441  -56.473  37.493 0.1000000015
4188  33.785  -56.377  36.725 0.1000000015
4193  33.353  -56.455  36.033 0.1000000015
4608  33.812  -55.664  36.411 0.1000000015
85509  34.146  -55.925  35.079 0.1000000015
4209  34.231  -56.401  34.563 0.1000000015
4208  35.097  -56.346  34.008 0.1000000015
4223  35.801  -56.832  33.569 0.1000000015
3872  38.163  -57.145  33.601 0.1000000015
4218  40.993  -56.742  33.884 0.1000000015
3870  40.407  -57.406  33.970 0.1000000015
84752  38.857  -56.973  33.733 0.1000000015
74542  38.864  -57.756  33.864 0.1000000015
4178  34.865  -56.133  38.456 0.1000000015
3095  37.246  -58.869  39.867 0.1000000015
3470  36.132  -57.922  38.807 0.1000000015
4182  35.182  -56.827  38.716 0.1000000015
4598  34.096  -55.651  37.167 0.1000000015
4981  34.074  -54.992  36.001 0.1000000015
4991  34.586  -54.452  35.501 0.1000000015
3464  36.855  -58.157  40.258 0.1000000015
3816  36.317  -57.627  39.710 0.1000000015
3817  35.683  -57.176  39.178 0.1000000015
4618  33.836  -55.777  35.708 0.1000000015
4617  34.354  -55.272  35.259 0.1000000015
4632  34.717  -55.710  34.634 0.1000000015
4648  35.969  -56.014  33.746 0.1000000015
4647  36.818  -55.794  33.612 0.1000000015
4221  37.495  -56.473  33.475 0.1000000015
4222  36.627  -56.625  33.462 0.1000000015
4219  39.281  -56.305  33.750 0.1000000015
4220  38.352  -56.360  33.592 0.1000000015
77991  40.163  -56.608  33.901 0.1000000015
3871  39.560  -57.203  33.888 0.1000000015
4226  43.111  -56.243  32.470 0.1000000015
4225  43.949  -56.325  31.987 0.1000000015
73976  44.196  -57.051  31.766 0.1000000015
4234  44.736  -56.244  31.370 0.1000000015
4589  34.738  -55.191  38.354 0.1000000015
74912  34.551  -55.696  37.804 0.1000000015
3810  36.492  -57.308  40.690 0.1000000015
3811  35.896  -56.840  40.031 0.1000000015
4177  35.257  -56.287  39.468 0.1000000015
4597  34.405  -54.944  37.586 0.1000000015
4607  34.109  -54.875  36.807 0.1000000015
4990  35.189  -53.940  35.052 0.1000000015
5008  34.946  -54.836  34.791 0.1000000015
5007  35.677  -54.525  34.496 0.1000000015
4631  35.435  -55.437  34.262 0.1000000015
5006  36.521  -54.325  34.326 0.1000000015
4630  36.225  -55.166  34.004 0.1000000015
4645  38.579  -55.534  33.662 0.1000000015
4646  37.696  -55.646  33.596 0.1000000015
4227  42.286  -56.115  33.091 0.1000000015
74057  41.497  -56.013  33.640 0.1000000015
77375  40.682  -55.957  33.901 0.1000000015
4655  42.823  -55.209  32.737 0.1000000015
4654  43.771  -55.295  32.223 0.1000000015
4233  45.671  -55.731  30.796 0.1000000015
3804  36.897  -57.311  41.409 0.1000000015
3460  37.080  -57.959  41.096 0.1000000015
4165  35.757  -55.970  41.176 0.1000000015
4172  35.518  -56.103  40.405 0.1000000015
4164  36.427  -56.602  41.470 0.1000000015
83056  36.013  -56.567  40.765 0.1000000015
4585  34.949  -55.386  39.211 0.1000000015
4959  34.707  -54.354  38.118 0.1000000015
4969  34.494  -54.096  37.281 0.1000000015
4980  34.420  -54.230  36.343 0.1000000015
5348  34.891  -53.782  37.934 0.1000000015
5372  35.562  -53.351  36.486 0.1000000015
5390  35.711  -53.472  35.560 0.1000000015
4989  36.010  -53.730  34.845 0.1000000015
5005  37.405  -54.188  34.247 0.1000000015
5019  37.952  -54.815  33.817 0.1000000015
4644  39.414  -55.380  33.790 0.1000000015
4643  40.217  -55.237  33.920 0.1000000015
4641  42.048  -55.206  33.397 0.1000000015
4653  44.427  -55.578  31.764 0.1000000015
4665  45.137  -55.187  31.324 0.1000000015
5338  35.111  -53.930  39.521 0.1000000015
82571  35.473  -53.590  39.135 0.1000000015
4155  36.752  -56.254  42.183 0.1000000015
4571  35.520  -55.092  41.472 0.1000000015
4584  35.143  -55.434  40.077 0.1000000015
4951  34.995  -54.623  39.824 0.1000000015
5347  35.565  -53.474  38.269 0.1000000015
4952  34.930  -54.544  38.933 0.1000000015
5779  36.373  -53.230  36.728 0.1000000015
5371  36.366  -53.248  36.059 0.1000000015
5357  35.123  -53.520  37.337 0.1000000015
5388  37.371  -53.378  35.364 0.1000000015
5004  38.287  -54.064  34.181 0.1000000015
5016  40.424  -54.394  34.051 0.1000000015
5018  38.817  -54.670  33.830 0.1000000015
5015  41.821  -54.483  33.722 0.1000000015
4642  41.149  -55.074  33.864 0.1000000015
5014  42.589  -54.285  33.231 0.1000000015
5026  43.419  -54.384  32.643 0.1000000015
5733  35.709  -52.580  41.557 0.1000000015
4559  36.022  -55.077  42.224 0.1000000015
4931  35.626  -54.303  42.012 0.1000000015
79716  35.428  -53.255  40.984 0.1000000015
5332  35.125  -53.926  40.402 0.1000000015
5754  36.067  -53.153  39.192 0.1000000015
79416  36.522  -55.616  42.341 0.1000000015
4946  35.146  -54.757  40.652 0.1000000015
72922  36.581  -53.212  38.289 0.1000000015
5767  36.824  -53.222  37.309 0.1000000015
5786  37.739  -53.221  36.022 0.1000000015
5370  37.030  -53.285  35.867 0.1000000015
5387  38.206  -53.350  35.382 0.1000000015
5407  38.697  -53.564  34.726 0.1000000015
5420  39.138  -53.949  34.115 0.1000000015
5426  44.104  -53.810  32.736 0.1000000015
79592  44.869  -53.984  32.182 0.1000000015
5320  35.964  -53.684  42.372 0.1000000015
5742  35.846  -52.419  40.761 0.1000000015
79032  36.295  -52.491  40.028 0.1000000015
75091  37.309  -53.073  38.681 0.1000000015
5760  37.375  -53.241  37.881 0.1000000015
5766  37.404  -53.272  37.143 0.1000000015
5765  37.974  -53.320  37.349 0.1000000015
5777  38.202  -53.320  36.521 0.1000000015
5776  38.428  -53.288  35.927 0.1000000015
5386  39.125  -53.390  35.469 0.1000000015
74530  41.052  -53.293  35.014 0.1000000015
5419  41.326  -53.592  34.507 0.1000000015
5405  40.520  -53.646  34.481 0.1000000015
5418  42.024  -53.809  34.083 0.1000000015
80572  41.207  -54.079  34.045 0.1000000015
74999  42.896  -53.685  33.754 0.1000000015
5417  43.299  -53.843  33.047 0.1000000015
5425  45.010  -53.597  32.752 0.1000000015
5023  46.604  -54.210  32.791 0.1000000015
5724  35.905  -52.910  42.167 0.1000000015
5732  35.990  -51.837  41.313 0.1000000015
5752  37.631  -52.660  39.370 0.1000000015
5759  38.027  -53.157  38.483 0.1000000015
5319  36.588  -53.050  42.547 0.1000000015
5753  36.834  -52.822  39.300 0.1000000015
5368  38.844  -53.392  36.299 0.1000000015
75466  40.178  -53.377  35.225 0.1000000015
5403  42.528  -53.448  34.634 0.1000000015
76687  43.697  -53.623  33.483 0.1000000015
82426  44.408  -53.561  33.256 0.1000000015
5012  47.865  -55.355  34.160 0.1000000015
4627  49.085  -56.172  34.519 0.1000000015
5730  38.337  -51.808  41.024 0.1000000015
6062  36.790  -51.493  42.063 0.1000000015
73081  37.964  -51.979  40.093 0.1000000015
5751  38.485  -52.580  39.397 0.1000000015
4958  39.503  -54.534  38.548 0.1000000015
5345  39.181  -53.710  38.324 0.1000000015
73677  37.045  -52.017  40.049 0.1000000015
4968  39.455  -54.090  37.745 0.1000000015
5369  38.519  -53.437  36.961 0.1000000015
5355  39.119  -53.599  36.938 0.1000000015
72313  39.796  -53.451  36.069 0.1000000015
5384  41.619  -53.324  35.511 0.1000000015
5361  46.247  -53.408  36.407 0.1000000015
5380  45.237  -53.536  35.219 0.1000000015
83983  43.976  -53.412  34.828 0.1000000015
83203  42.238  -53.300  35.290 0.1000000015
5404  41.795  -53.383  34.842 0.1000000015
4975  47.155  -54.607  36.465 0.1000000015
4988  46.232  -53.833  35.787 0.1000000015
5360  47.322  -53.922  36.920 0.1000000015
5002  46.405  -54.141  34.927 0.1000000015
5416  44.190  -53.490  34.005 0.1000000015
5763  48.200  -52.986  37.259 0.1000000015
5352  48.312  -54.241  37.345 0.1000000015
79340  47.701  -55.881  36.821 0.1000000015
5415  45.082  -53.556  33.615 0.1000000015
4616  47.779  -56.162  36.179 0.1000000015
5414  46.108  -53.758  33.685 0.1000000015
5379  50.214  -54.264  36.450 0.1000000015
4628  48.351  -55.941  35.064 0.1000000015
5000  49.961  -55.535  35.100 0.1000000015
5749  40.121  -52.864  39.602 0.1000000015
5739  38.986  -51.990  40.035 0.1000000015
5750  39.328  -52.545  39.392 0.1000000015
5336  40.105  -53.880  39.454 0.1000000015
5337  39.528  -53.564  38.940 0.1000000015
4950  39.701  -54.833  39.168 0.1000000015
4596  39.647  -55.173  38.149 0.1000000015
5354  39.883  -53.873  36.848 0.1000000015
5367  40.538  -53.606  36.261 0.1000000015
5366  41.367  -53.557  36.185 0.1000000015
5383  42.863  -53.286  35.325 0.1000000015
5362  44.980  -52.973  36.021 0.1000000015
5381  44.238  -53.226  35.518 0.1000000015
6094  49.218  -50.953  37.298 0.1000000015
5771  49.315  -52.114  37.365 0.1000000015
5331  40.694  -53.468  40.030 0.1000000015
4945  40.324  -54.943  39.953 0.1000000015
4582  39.768  -56.085  39.337 0.1000000015
4588  39.615  -56.639  38.910 0.1000000015
4583  39.594  -55.663  38.802 0.1000000015
4595  39.802  -56.211  38.483 0.1000000015
76516  40.208  -55.603  37.822 0.1000000015
4967  40.071  -54.632  37.430 0.1000000015
4979  40.781  -54.099  36.734 0.1000000015
83684  43.132  -53.265  35.894 0.1000000015
5365  42.400  -53.382  36.067 0.1000000015
6095  46.336  -51.571  36.718 0.1000000015
5773  45.621  -52.341  36.525 0.1000000015
5382  43.519  -53.266  35.403 0.1000000015
74474  46.876  -52.653  36.811 0.1000000015
4171  40.265  -56.407  40.109 0.1000000015
4176  39.950  -57.241  39.280 0.1000000015
4181  39.982  -57.202  38.657 0.1000000015
81423  40.235  -56.526  38.111 0.1000000015
4594  41.071  -56.032  37.632 0.1000000015
4966  40.999  -54.962  37.237 0.1000000015
76553  42.832  -53.930  36.665 0.1000000015
4978  41.958  -54.195  36.775 0.1000000015
5364  43.232  -53.494  36.359 0.1000000015
74137  43.659  -53.114  36.065 0.1000000015
5772  47.903  -51.582  37.066 0.1000000015
84282  49.291  -50.210  37.163 0.1000000015
4170  40.698  -57.305  40.156 0.1000000015
3821  42.195  -58.277  38.744 0.1000000015
86009  40.217  -57.595  38.944 0.1000000015
3479  42.960  -58.742  37.632 0.1000000015
86233  42.135  -57.972  38.268 0.1000000015
4185  42.122  -56.654  37.347 0.1000000015
4186  40.871  -57.108  38.013 0.1000000015
4593  42.160  -55.459  37.173 0.1000000015
6470  48.364  -50.344  37.050 0.1000000015
6868  48.874  -49.730  36.873 0.1000000015
3829  43.629  -58.798  36.809 0.1000000015
3831  42.171  -57.674  37.672 0.1000000015
4192  42.875  -57.521  36.668 0.1000000015
4191  44.033  -57.067  36.186 0.1000000015
4606  43.265  -56.568  36.556 0.1000000015
4977  43.013  -55.005  36.744 0.1000000015
6471  46.869  -50.610  36.717 0.1000000015
5363  44.331  -52.865  36.409 0.1000000015
6869  47.542  -49.658  36.567 0.1000000015
3828  44.034  -58.286  36.601 0.1000000015
4604  44.143  -55.939  36.741 0.1000000015
4965  43.958  -53.390  36.701 0.1000000015
4964  44.317  -54.626  37.246 0.1000000015
4605  43.768  -55.876  36.547 0.1000000015
4976  43.594  -54.434  36.728 0.1000000015
85027  45.948  -50.979  36.609 0.1000000015
5774  44.766  -52.146  36.598 0.1000000015
6878  47.127  -48.909  36.066 0.1000000015
6096  45.232  -51.336  36.613 0.1000000015
5353  44.323  -52.650  37.073 0.1000000015
5775  44.547  -52.167  36.823 0.1000000015
3857  33.468  -57.072  34.604 0.1000000015
74963  35.647  -57.595  33.539 0.1000000015
3874  36.459  -57.432  33.437 0.1000000015
3507  42.219  -58.597  33.410 0.1000000015
3873  37.320  -57.284  33.430 0.1000000015
81592  39.123  -58.304  34.034 0.1000000015
3500  39.309  -58.794  34.147 0.1000000015
78114  37.111  -58.067  33.502 0.1000000015
4217  41.779  -56.875  33.535 0.1000000015
4629  37.073  -54.956  33.842 0.1000000015
77817  39.962  -55.921  33.868 0.1000000015
5391  34.926  -53.699  35.853 0.1000000015
4578  35.373  -55.477  40.774 0.1000000015
5373  34.812  -53.680  36.647 0.1000000015
5339  35.044  -53.887  38.636 0.1000000015
5389  36.541  -53.413  35.384 0.1000000015
5409  36.910  -53.669  34.787 0.1000000015
5017  39.636  -54.569  33.941 0.1000000015
83811  44.151  -54.427  32.311 0.1000000015
5025  44.639  -54.761  31.875 0.1000000015
74903  35.616  -53.251  40.027 0.1000000015
4570  36.106  -55.800  41.880 0.1000000015
5356  35.991  -53.279  37.393 0.1000000015
5778  37.080  -53.244  36.525 0.1000000015
5408  37.806  -53.600  34.757 0.1000000015
75805  35.256  -54.108  41.263 0.1000000015
82540  37.693  -53.289  36.698 0.1000000015
5003  39.850  -53.959  34.171 0.1000000015
5406  39.597  -53.565  34.659 0.1000000015
5024  45.741  -53.865  32.300 0.1000000015
5741  36.432  -51.749  40.696 0.1000000015
5346  38.670  -53.475  37.765 0.1000000015
5424  45.738  -53.636  32.948 0.1000000015
5022  47.733  -55.133  33.167 0.1000000015
5740  37.268  -51.435  40.780 0.1000000015
5758  38.803  -53.172  38.745 0.1000000015
5385  40.793  -53.387  35.684 0.1000000015
5013  47.060  -54.488  33.907 0.1000000015
5001  47.457  -55.223  35.123 0.1000000015
4615  48.528  -56.418  35.885 0.1000000015
83724  44.658  -53.495  34.610 0.1000000015
5402  43.368  -53.437  34.489 0.1000000015
4987  47.157  -55.082  35.980 0.1000000015
5401  45.477  -53.652  34.416 0.1000000015
4974  47.690  -55.212  37.141 0.1000000015
85382  47.916  -56.058  37.236 0.1000000015
4602  48.920  -56.141  36.509 0.1000000015
5400  50.266  -54.600  35.372 0.1000000015
4986  49.847  -55.412  36.035 0.1000000015
7261  53.073  -47.557  30.351 0.3000000119
7544  52.844  -47.084  30.655 0.3000000119
7897  51.856  -46.616  30.383 0.3000000119
7898  50.626  -46.306  30.251 0.4000000060
7923  52.429  -46.917  29.377 0.3000000119
4303  45.418  -55.860  26.268 0.1000000015
4722  46.197  -55.106  26.700 0.1000000015
5070  46.696  -53.851  27.434 0.2000000030
6171  47.454  -51.583  28.857 0.3000000119
7236  52.988  -48.218  31.040 0.3000000119
6944  47.595  -49.198  30.058 0.4000000060
75999  46.806  -51.926  28.623 0.2000000030
6542  47.230  -50.518  29.742 0.3000000119
84228  48.083  -48.235  29.946 0.4000000060
7583  49.344  -47.075  28.494 0.4000000060
5463  46.671  -52.517  28.244 0.3000000119
7958  50.042  -46.366  27.933 0.4000000060
4317  44.715  -56.508  25.876 0.1000000015
8700  50.396  -44.579  28.210 0.5000000000
5476  46.135  -53.316  28.138 0.2000000030
9121  50.314  -43.118  28.672 0.4000000060
7570  47.917  -47.683  29.720 0.4000000060
8322  50.464  -45.369  26.941 0.4000000060
8308  50.406  -45.696  27.748 0.5000000000
73301  44.078  -55.890  26.714 0.2000000030
4723  44.825  -55.312  27.148 0.2000000030
4709  45.271  -54.698  27.628 0.2000000030
5838  45.964  -52.188  29.033 0.2000000030
5071  45.645  -54.055  27.971 0.2000000030
6523  46.680  -49.917  30.440 0.3000000119
7266  47.000  -48.346  30.219 0.3000000119
84278  43.741  -56.533  26.203 0.1000000015
7946  48.720  -46.745  28.411 0.4000000060
6156  46.877  -51.090  29.577 0.3000000119
85651  48.701  -46.505  28.129 0.4000000060
8710  50.672  -44.780  27.326 0.5000000000
9120  50.738  -43.447  27.803 0.5000000000
9103  49.808  -42.902  29.392 0.4000000060
7584  47.523  -47.274  29.180 0.4000000060
73841  49.919  -45.858  27.343 0.4000000060
8721  50.764  -44.678  26.569 0.5000000000
8709  51.083  -43.645  26.803 0.5000000000
4710  44.238  -54.813  27.814 0.2000000030
5477  45.052  -53.538  28.544 0.2000000030
5464  45.528  -52.835  28.773 0.2000000030
6172  46.413  -51.634  29.351 0.4000000060
5819  45.379  -51.845  29.951 0.2000000030
6543  46.343  -50.722  30.320 0.3000000119
6157  46.007  -51.312  30.126 0.4000000060
8338  50.580  -44.797  25.998 0.5000000000
85010  51.120  -42.533  27.469 0.5000000000
9563  50.421  -41.994  29.947 0.4000000060
9554  50.119  -42.025  30.436 0.4000000060
72259  45.676  -50.989  30.685 0.4000000060
7571  46.564  -47.793  30.033 0.4000000060
7959  47.522  -46.490  28.186 0.4000000060
8733  51.093  -44.077  25.803 0.5000000000
5072  44.643  -54.238  28.257 0.2000000030
79811  43.889  -55.301  27.397 0.2000000030
5820  44.963  -52.537  29.514 0.2000000030
6945  46.531  -49.047  30.508 0.3000000119
7947  46.799  -46.928  28.663 0.4000000060
8323  48.456  -46.146  27.716 0.4000000060
4724  43.208  -55.656  27.427 0.2000000030
5060  44.091  -53.789  28.827 0.2000000030
80369  45.332  -51.370  30.535 0.4000000060
76474  49.773  -41.939  31.083 0.4000000060
7267  45.846  -48.494  30.481 0.3000000119
8339  49.655  -45.298  26.399 0.5000000000
9131  51.230  -42.529  26.696 0.5000000000
10639  51.781  -41.321  33.896 0.4000000060
5073  43.713  -54.451  28.470 0.2000000030
7585  46.027  -47.365  29.390 0.4000000060
9576  51.148  -42.079  28.332 0.5000000000
10106  50.489  -41.720  30.206 0.4000000060
11762  52.017  -38.874  36.491 0.4000000060
4305  42.528  -56.166  27.599 0.2000000030
5465  44.494  -53.120  29.120 0.2000000030
77638  44.374  -52.182  30.263 0.2000000030
8349  48.970  -44.554  25.446 0.5000000000
9152  51.103  -43.334  25.125 0.5000000000
6524  45.595  -50.309  30.999 0.4000000060
8350  48.140  -45.132  26.310 0.5000000000
8734  50.733  -44.154  24.933 0.5000000000
9577  50.961  -41.791  29.219 0.5000000000
4285  42.073  -56.113  28.259 0.2000000030
11163  52.946  -39.231  36.298 0.2000000030
10074  51.756  -41.840  33.171 0.4000000060
4711  43.377  -55.057  28.005 0.2000000030
6158  44.681  -51.562  30.724 0.4000000060
10112  50.880  -41.308  29.762 0.4000000060
73278  50.716  -41.664  30.140 0.4000000060
4712  42.564  -55.516  28.263 0.2000000030
5466  43.600  -53.413  29.451 0.2000000030
5448  43.988  -52.798  29.818 0.2000000030
5074  42.886  -54.784  28.741 0.2000000030
10650  53.091  -41.483  32.361 0.4000000060
10104  51.537  -41.456  30.626 0.4000000060
83734  46.985  -46.093  27.707 0.3000000119
9163  50.475  -43.367  24.309 0.5000000000
9598  51.177  -42.149  26.476 0.5000000000
6131  45.006  -50.995  31.006 0.4000000060
7960  46.008  -46.380  28.038 0.3000000119
75689  47.290  -45.571  27.043 0.4000000060
7237  44.996  -48.809  30.800 0.4000000060
83584  49.523  -43.319  24.296 0.5000000000
5061  43.245  -54.115  29.153 0.2000000030
9589  51.028  -41.563  28.647 0.5000000000
10133  50.933  -41.724  27.290 0.5000000000
8324  46.047  -45.733  27.256 0.4000000060
8735  47.699  -44.174  25.527 0.5000000000
9613  50.743  -42.567  25.158 0.5000000000
85070  47.953  -43.473  25.000 0.5000000000
82690  47.091  -44.821  26.360 0.5000000000
7924  51.709  -46.726  28.767 0.4000000060
10638  52.913  -41.236  33.432 0.4000000060
10090  52.017  -41.570  31.691 0.4000000060
9614  49.569  -42.290  25.211 0.5000000000
6920  49.911  -49.805  30.149 0.3000000119
73725  50.838  -48.914  29.599 0.3000000119
7263  51.848  -48.106  28.734 0.2000000030
76042  48.805  -51.515  30.534 0.2000000030
6522  49.127  -50.670  30.386 0.3000000119
6540  48.897  -50.225  29.816 0.3000000119
6942  49.563  -49.286  29.622 0.3000000119
79483  48.547  -51.708  29.736 0.2000000030
6170  48.166  -51.513  29.105 0.2000000030
5475  47.189  -53.120  27.551 0.2000000030
3926  41.425  -57.381  28.432 0.1000000015
3927  40.775  -57.856  29.188 0.1000000015
6135  41.503  -51.574  31.659 0.1000000015
6504  49.823  -50.622  32.682 0.1000000015
83151  52.232  -48.755  31.130 0.2000000030
6918  52.103  -48.618  30.064 0.2000000030
6521  49.846  -50.218  31.463 0.2000000030
6919  51.158  -49.340  31.045 0.2000000030
5800  49.572  -53.500  32.004 0.1000000015
5430  49.274  -53.295  30.986 0.1000000015
6130  49.134  -51.070  31.643 0.2000000030
5446  49.501  -53.993  30.462 0.1000000015
4304  43.096  -56.289  26.775 0.1000000015
4306  41.941  -56.698  27.883 0.1000000015
5450  42.285  -53.278  30.391 0.1000000015
5822  42.604  -52.599  30.683 0.1000000015
5802  42.941  -51.948  31.134 0.1000000015
6527  42.837  -50.683  32.027 0.1000000015
5046  41.972  -54.044  30.157 0.1000000015
5803  42.071  -52.149  31.215 0.1000000015
6134  42.438  -51.421  31.682 0.1000000015
6505  43.161  -49.876  32.050 0.1000000015
6506  42.303  -50.012  32.319 0.1000000015
7545  42.922  -47.831  30.855 0.1000000015
72575  42.544  -48.424  31.631 0.1000000015
7928  42.579  -47.042  30.922 0.1000000015
5801  49.126  -52.251  31.614 0.1000000015
6525  44.560  -50.393  31.380 0.1000000015
7948  45.430  -46.909  28.719 0.3000000119
5062  42.429  -54.441  29.470 0.1000000015
5449  43.116  -53.047  30.110 0.1000000015
6159  43.828  -51.765  30.977 0.1000000015
7238  44.137  -48.950  31.020 0.2000000030
7586  44.886  -47.303  29.444 0.3000000119
8342  45.163  -45.248  26.633 0.3000000119
8722  45.514  -44.407  26.227 0.3000000119
84394  40.947  -57.009  29.127 0.1000000015
4699  42.108  -55.137  29.061 0.1000000015
6133  43.354  -51.291  31.598 0.1000000015
6923  43.957  -49.704  31.520 0.1000000015
7573  44.441  -47.618  30.050 0.2000000030
8325  44.990  -45.887  27.397 0.3000000119
5063  41.616  -54.707  29.690 0.1000000015
6903  43.297  -48.990  31.531 0.1000000015
7962  43.595  -46.391  28.877 0.2000000030
8343  44.145  -45.427  26.705 0.3000000119
7950  43.146  -46.421  29.715 0.1000000015
83513  43.209  -45.870  27.980 0.2000000030
8724  43.496  -44.895  26.384 0.4000000060
7546  42.211  -47.562  31.449 0.1000000015
8310  42.875  -45.891  28.930 0.1000000015
8327  42.738  -45.240  27.465 0.3000000119
6105  50.149  -50.701  36.784 0.1000000015
72347  50.372  -50.769  35.756 0.1000000015
9599  49.526  -41.738  26.488 0.4000000060
9154  48.507  -42.946  24.793 0.4000000060
8341  46.190  -45.057  26.562 0.3000000119
8736  46.540  -44.240  26.050 0.4000000060
9155  47.136  -43.389  25.482 0.4000000060
9156  45.184  -43.510  26.111 0.4000000060
9616  46.183  -42.885  26.061 0.4000000060
8723  44.357  -44.474  26.121 0.4000000060
9142  44.203  -43.222  26.139 0.5000000000
8711  42.853  -44.675  26.787 0.3000000119
9143  43.354  -43.996  26.222 0.5000000000
7901  41.890  -46.606  31.385 0.2000000030
7951  42.520  -46.262  30.553 0.1000000015
9132  42.704  -43.662  26.877 0.4000000060
7226  41.232  -48.517  32.729 0.1000000015
7547  41.511  -47.242  32.060 0.1000000015
8311  42.259  -45.328  29.186 0.2000000030
8328  42.464  -45.339  28.246 0.2000000030
6907  39.791  -49.536  32.936 0.1000000015
7227  40.217  -48.709  33.128 0.1000000015
84155  41.824  -45.804  31.031 0.2000000030
6509  39.340  -50.357  32.697 0.1000000015
86703  39.367  -48.878  33.186 0.1000000015
72808  50.993  -41.205  29.376 0.3000000119
10134  49.746  -41.414  27.835 0.4000000060
9600  48.234  -42.309  25.713 0.4000000060
9601  47.001  -42.358  26.315 0.4000000060
10148  48.098  -41.794  26.940 0.4000000060
9602  45.065  -42.540  26.292 0.4000000060
74743  45.894  -42.215  26.603 0.4000000060
9603  44.221  -42.179  26.432 0.5000000000
9604  43.379  -42.895  26.499 0.4000000060
8701  41.956  -44.716  28.607 0.3000000119
8712  42.338  -44.450  27.685 0.4000000060
81675  42.842  -42.728  27.121 0.4000000060
7885  39.687  -46.593  32.890 0.2000000030
7884  40.684  -46.946  32.781 0.2000000030
8684  41.707  -44.838  29.399 0.2000000030
78303  39.524  -48.015  33.295 0.1000000015
82028  39.948  -47.256  33.265 0.2000000030
5824  36.585  -52.653  30.713 0.1000000015
10696  50.247  -40.893  29.057 0.4000000060
10663  50.459  -40.766  29.408 0.4000000060
10135  48.027  -41.427  28.022 0.4000000060
10149  46.812  -41.823  27.166 0.4000000060
83337  45.835  -41.705  27.170 0.4000000060
10151  44.344  -41.522  26.908 0.4000000060
10150  45.046  -41.774  26.656 0.4000000060
9590  43.461  -41.846  26.985 0.3000000119
9591  42.690  -42.099  27.684 0.4000000060
8702  41.462  -44.054  29.018 0.3000000119
71632  41.938  -44.007  28.328 0.3000000119
9133  42.298  -43.268  27.812 0.4000000060
7537  39.290  -47.213  33.115 0.2000000030
7904  39.365  -46.088  32.239 0.2000000030
8664  41.256  -45.228  31.005 0.2000000030
7228  38.780  -48.599  33.056 0.2000000030
71062  36.226  -52.872  29.358 0.1000000015
5825  36.142  -53.237  30.089 0.1000000015
6160  36.467  -51.861  30.557 0.1000000015
10089  53.039  -41.406  30.998 0.3000000119
10679  51.211  -40.404  29.389 0.4000000060
10678  51.808  -40.664  29.231 0.3000000119
10681  49.069  -40.387  29.942 0.4000000060
10664  47.950  -39.984  30.620 0.4000000060
10697  48.590  -40.665  29.564 0.4000000060
10136  46.515  -41.427  27.968 0.4000000060
10123  47.560  -41.117  28.867 0.4000000060
10137  45.169  -41.282  27.554 0.4000000060
10124  46.000  -41.088  28.683 0.4000000060
10138  43.950  -41.014  27.363 0.4000000060
9123  41.395  -43.004  28.953 0.3000000119
9578  42.078  -42.511  28.438 0.3000000119
10139  43.001  -40.992  27.432 0.3000000119
7905  38.639  -46.040  31.601 0.2000000030
8278  39.633  -45.335  31.445 0.2000000030
8685  40.181  -44.192  29.901 0.3000000119
9106  40.852  -43.629  29.435 0.2000000030
9122  41.797  -43.388  28.515 0.3000000119
7548  38.809  -46.783  32.509 0.2000000030
8665  40.470  -44.866  30.879 0.2000000030
7549  38.273  -47.555  32.114 0.2000000030
10649  54.202  -41.253  31.538 0.3000000119
11221  55.033  -40.247  31.554 0.3000000119
10658  54.079  -40.633  29.863 0.3000000119
10677  52.916  -40.863  29.372 0.4000000060
10660  52.143  -41.138  29.490 0.3000000119
11222  49.695  -39.473  30.909 0.3000000119
11827  51.390  -38.902  30.286 0.4000000060
11236  48.279  -39.744  31.031 0.4000000060
10665  46.671  -39.872  30.813 0.4000000060
10698  46.802  -40.719  29.534 0.4000000060
10699  45.440  -40.555  29.310 0.3000000119
10127  42.217  -40.759  28.739 0.3000000119
10702  42.588  -39.930  28.639 0.2000000030
10126  42.773  -40.378  28.013 0.2000000030
10700  44.265  -40.169  28.865 0.2000000030
10125  44.722  -40.730  28.263 0.3000000119
9564  40.901  -42.565  29.428 0.3000000119
10140  42.445  -41.374  28.216 0.3000000119
10709  43.541  -40.411  27.898 0.2000000030
8295  38.756  -45.258  30.870 0.2000000030
9108  39.532  -43.459  29.785 0.3000000119
9107  40.235  -43.130  29.631 0.3000000119
10622  54.784  -40.583  33.095 0.3000000119
10623  53.977  -40.582  33.760 0.3000000119
10637  54.252  -41.150  32.770 0.3000000119
11237  47.140  -39.523  31.367 0.3000000119
11253  44.343  -39.509  30.600 0.2000000030
73974  44.747  -39.310  31.253 0.2000000030
10666  45.415  -39.714  30.879 0.2000000030
73359  46.096  -39.419  31.457 0.2000000030
11265  42.902  -39.439  29.071 0.2000000030
10701  43.248  -39.863  28.474 0.2000000030
10685  43.829  -39.665  29.493 0.2000000030
10684  44.890  -40.005  29.941 0.2000000030
11186  53.951  -39.325  36.068 0.2000000030
6510  38.391  -50.480  32.620 0.1000000015
6908  38.777  -49.531  32.957 0.1000000015
8686  39.405  -44.323  30.003 0.3000000119
7906  38.260  -46.868  31.759 0.2000000030
6541  48.140  -50.489  29.502 0.2000000030
6902  51.029  -49.717  32.737 0.2000000030
7276  52.244  -47.388  28.744 0.2000000030
7572  45.305  -47.863  30.122 0.3000000119
11208  53.576  -39.849  34.964 0.3000000119
5821  43.458  -52.405  30.499 0.1000000015
10661  51.258  -41.014  29.430 0.3000000119
6922  44.819  -49.556  31.161 0.3000000119
7268  44.443  -48.229  30.518 0.2000000030
5467  42.770  -53.722  29.796 0.1000000015
6154  48.526  -51.005  29.583 0.2000000030
6118  41.915  -50.789  32.101 0.1000000015
5823  41.873  -52.771  30.797 0.1000000015
6526  43.703  -50.569  31.759 0.1000000015
84821  43.034  -48.426  31.132 0.1000000015
7574  43.732  -47.671  30.382 0.1000000015
7961  44.769  -46.398  28.127 0.3000000119
7949  44.407  -46.746  28.823 0.3000000119
82909  46.053  -43.664  25.974 0.4000000060
7587  43.899  -47.062  29.650 0.3000000119
86145  43.980  -46.291  28.262 0.3000000119
8344  43.315  -45.436  27.037 0.3000000119
8276  41.199  -45.885  31.575 0.2000000030
83265  49.834  -41.060  28.774 0.4000000060
8277  40.593  -45.431  31.479 0.2000000030
84416  50.249  -39.911  30.168 0.4000000060
84267  41.087  -44.637  29.992 0.2000000030
11233  51.355  -40.112  29.468 0.4000000060
11232  52.268  -39.949  29.395 0.4000000060
11235  49.480  -40.266  30.154 0.4000000060
9579  41.713  -41.861  29.077 0.3000000119
8667  39.285  -44.874  30.665 0.2000000030
8666  39.811  -44.730  30.660 0.2000000030
11231  53.582  -39.881  29.610 0.4000000060
10683  46.066  -40.280  30.178 0.4000000060
10703  41.952  -40.189  29.178 0.2000000030
11826  52.733  -38.738  30.069 0.3000000119
11230  54.609  -40.017  30.365 0.2000000030
11808  52.988  -37.989  30.983 0.3000000119
10636  54.893  -40.801  32.126 0.2000000030
11797  54.813  -39.565  33.646 0.2000000030
5836  48.045  -52.106  28.604 0.1000000015
5483  47.719  -53.761  26.861 0.1000000015
5852  47.469  -52.730  27.861 0.1000000015
12361  52.910  -38.316  36.809 0.1000000015
11761  53.809  -38.789  36.598 0.1000000015
80087  54.257  -37.867  36.842 0.1000000015
11185  54.543  -39.278  35.414 0.1000000015
12360  54.670  -38.399  36.546 0.1000000015
11207  54.619  -39.818  34.056 0.1000000015
11791  54.967  -39.000  35.238 0.1000000015
11806  54.805  -39.598  32.282 0.1000000015
11825  53.940  -38.925  30.388 0.2000000030
81617  54.844  -38.877  34.230 0.1000000015
12398  53.535  -38.053  33.791 0.2000000030
11810  50.278  -38.734  31.159 0.2000000030
12404  53.070  -37.992  32.377 0.2000000030
12405  52.011  -37.583  31.930 0.2000000030
11809  51.892  -37.932  31.006 0.2000000030
12399  52.251  -37.197  33.209 0.2000000030
11223  48.727  -39.288  31.512 0.2000000030
11225  46.502  -38.909  31.867 0.1000000015
12388  53.355  -37.237  34.428 0.2000000030
75545  50.864  -37.886  31.396 0.2000000030
82890  49.995  -37.907  31.796 0.2000000030
12408  49.206  -37.579  32.230 0.1000000015
11812  48.305  -38.160  32.189 0.1000000015
11773  54.665  -38.883  36.206 0.1000000015
78248  52.575  -37.437  36.811 0.1000000015
12954  53.799  -36.764  37.014 0.1000000015
12953  55.696  -36.824  37.229 0.1000000015
12359  55.159  -37.658  36.519 0.1000000015
11798  54.307  -38.781  33.007 0.2000000030
73641  39.681  -42.708  29.849 0.2000000030
9565  40.231  -42.211  29.836 0.2000000030
9566  38.976  -42.716  30.018 0.2000000030
73171  39.435  -42.013  30.194 0.2000000030
10113  40.962  -41.601  29.670 0.2000000030
10114  40.087  -41.238  30.162 0.2000000030
71659  38.543  -41.793  30.348 0.2000000030
10128  41.617  -41.027  29.351 0.2000000030
10688  39.422  -40.592  30.566 0.2000000030
10686  41.084  -40.569  29.791 0.2000000030
11267  41.637  -39.696  29.561 0.2000000030
11258  39.610  -39.766  30.756 0.1000000015
11257  40.497  -39.473  30.397 0.1000000015
75419  40.954  -39.861  29.980 0.1000000015
11242  38.913  -39.283  31.191 0.1000000015
11832  38.330  -38.894  31.262 0.1000000015
12372  54.540  -37.532  35.377 0.1000000015
11255  41.926  -38.931  29.424 0.1000000015
11846  40.938  -38.718  30.301 0.1000000015
11241  39.864  -38.836  30.938 0.1000000015
11831  38.906  -38.450  31.354 0.1000000015
12422  39.661  -37.883  31.213 0.1000000015
13018  38.363  -36.584  31.216 0.1000000015
12987  54.011  -36.448  35.046 0.1000000015
13591  56.330  -34.654  34.972 0.1000000015
75187  43.405  -39.210  30.119 0.1000000015
11266  42.286  -39.475  29.159 0.1000000015
83551  41.647  -38.581  29.770 0.1000000015
79541  40.578  -38.036  30.691 0.1000000015
13017  39.073  -36.516  31.428 0.1000000015
13016  39.890  -36.464  31.271 0.1000000015
13592  54.430  -35.006  34.544 0.1000000015
11843  42.627  -38.100  29.903 0.1000000015
11240  43.272  -38.752  30.417 0.1000000015
13029  42.914  -36.701  29.969 0.1000000015
12439  43.197  -37.452  30.341 0.1000000015
13030  42.140  -36.645  29.687 0.1000000015
12440  42.307  -37.342  29.757 0.1000000015
13649  41.891  -36.010  29.796 0.1000000015
12442  41.125  -37.319  30.376 0.1000000015
12441  41.858  -37.336  29.769 0.1000000015
76921  41.807  -34.818  30.203 0.1000000015
77790  41.220  -35.914  30.382 0.1000000015
13031  41.551  -36.637  30.097 0.1000000015
13639  40.390  -35.726  31.037 0.1000000015
13593  52.792  -35.409  34.343 0.1000000015
12988  52.266  -36.152  33.926 0.1000000015
11239  43.958  -39.012  31.190 0.1000000015
75382  43.144  -35.453  29.772 0.1000000015
13648  42.607  -36.033  29.742 0.1000000015
82402  42.287  -35.418  29.821 0.1000000015
11828  44.889  -38.834  31.689 0.1000000015
10115  39.200  -41.309  30.445 0.1000000015
10667  38.799  -40.048  30.831 0.1000000015
13032  40.743  -36.557  30.690 0.1000000015
11830  43.574  -38.344  30.914 0.1000000015
6603  38.469  -50.490  27.315 0.1000000015
6976  38.702  -48.836  27.176 0.1000000015
6197  37.899  -51.528  26.954 0.1000000015
81002  39.145  -52.713  26.222 0.1000000015
81018  39.658  -54.018  25.155 0.1000000015
6589  37.961  -50.171  27.629 0.1000000015
6971  38.189  -49.244  27.785 0.1000000015
6196  38.869  -51.189  26.926 0.1000000015
5870  38.422  -52.143  26.607 0.1000000015
7287  38.260  -48.380  27.414 0.1000000015
6965  37.637  -49.329  28.431 0.1000000015
73538  37.654  -49.922  28.071 0.1000000015
6188  37.633  -51.064  27.420 0.1000000015
6975  39.214  -49.478  27.116 0.1000000015
78130  37.797  -47.992  28.592 0.1000000015
81694  37.608  -48.690  28.881 0.1000000015
7290  38.344  -48.174  26.607 0.1000000015
7596  37.971  -47.712  27.036 0.1000000015
80560  37.677  -46.900  26.792 0.1000000015
76794  38.002  -47.546  26.349 0.1000000015
7967  37.701  -46.202  26.149 0.1000000015
80838  40.649  -54.113  24.480 0.1000000015
3822  40.934  -57.735  38.598 0.1000000015
3830  43.051  -58.280  36.720 0.1000000015
3839  43.563  -57.887  36.332 0.1000000015
4603  47.920  -56.738  36.975 0.1000000015
4614  49.361  -56.066  35.402 0.1000000015
4973  48.519  -55.893  37.218 0.1000000015
5082  46.213  -54.478  27.378 0.2000000030
5326  35.556  -53.453  41.796 0.1000000015
5723  36.225  -52.006  42.104 0.1000000015
5731  37.352  -51.508  41.689 0.1000000015
5806  39.197  -52.472  31.356 0.1000000015
5837  47.437  -52.188  28.275 0.1000000015
6068  36.584  -51.329  41.472 0.1000000015
6132  44.222  -51.150  31.364 0.1000000015
6545  36.688  -51.045  30.678 0.1000000015
6904  42.558  -49.234  32.181 0.1000000015
6921  45.735  -49.336  30.847 0.4000000060
6924  37.480  -49.765  31.950 0.3000000119
6959  37.353  -49.356  29.180 0.1000000015
7229  38.259  -49.045  32.725 0.2000000030
7262  52.682  -47.841  29.549 0.2000000030
7269  43.547  -48.368  30.845 0.2000000030
7535  41.225  -47.691  32.695 0.1000000015
7536  40.522  -47.829  33.169 0.2000000030
7538  38.749  -47.719  32.882 0.2000000030
7567  52.676  -47.227  29.419 0.2000000030
7582  52.214  -47.062  28.692 0.3000000119
7902  41.142  -46.517  32.029 0.2000000030
7903  40.325  -46.028  32.182 0.2000000030
7927  43.152  -47.037  30.346 0.1000000015
7929  38.088  -45.786  30.634 0.3000000119
8242  43.233  -45.218  34.978 0.1000000015
8294  41.939  -45.369  30.207 0.2000000030
8326  44.034  -45.940  27.568 0.3000000119
8340  48.674  -45.700  27.047 0.4000000060
8688  38.286  -44.129  29.663 0.3000000119
8739  49.843  -44.040  24.481 0.5000000000
8740  48.724  -43.646  24.719 0.5000000000
9124  37.708  -43.386  29.227 0.3000000119
9151  51.205  -43.206  25.992 0.5000000000
9153  49.806  -42.867  24.431 0.5000000000
9588  51.243  -41.954  27.584 0.5000000000
9612  51.139  -42.687  25.863 0.5000000000
9615  47.386  -42.811  25.599 0.4000000060
9617  37.567  -42.164  26.756 0.1000000015
10093  49.716  -41.860  31.766 0.4000000060
10103  52.218  -41.372  30.460 0.3000000119
10105  50.887  -41.568  31.010 0.4000000060
10141  37.420  -41.836  28.100 0.1000000015
10147  50.598  -41.900  26.055 0.4000000060
10591  41.162  -39.994  38.064 0.1000000015
10648  54.658  -40.764  30.844 0.3000000119
10659  53.774  -41.139  30.216 0.3000000119
10662  50.982  -40.708  29.344 0.4000000060
10680  50.365  -40.808  29.451 0.4000000060
10682  47.509  -40.286  30.155 0.4000000060
10687  40.279  -40.270  30.319 0.1000000015
10717  37.481  -40.451  27.990 0.1000000015
11187  52.858  -39.571  35.783 0.2000000030
11212  55.068  -40.255  32.826 0.2000000030
11224  47.565  -38.918  31.910 0.1000000015
11234  50.595  -39.649  30.155 0.4000000060
11243  38.244  -39.525  31.017 0.1000000015
11244  37.834  -39.822  30.636 0.2000000030
11254  42.470  -38.856  29.507 0.1000000015
11256  41.315  -39.215  29.891 0.1000000015
11259  37.520  -39.847  30.163 0.1000000015
11268  37.439  -39.718  29.290 0.1000000015
11275  37.469  -39.897  28.447 0.1000000015
11766  47.791  -38.156  36.823 0.2000000030
11807  54.008  -38.671  31.602 0.2000000030
11811  49.350  -38.577  31.789 0.2000000030
11815  45.104  -38.173  31.973 0.1000000015
11824  54.671  -39.449  31.136 0.1000000015
11844  41.997  -38.119  29.519 0.1000000015
11845  41.457  -38.027  30.046 0.1000000015
12421  43.988  -37.553  31.204 0.1000000015
12423  38.758  -37.436  31.361 0.1000000015
12424  38.008  -37.357  31.085 0.1000000015
12443  37.691  -37.401  30.578 0.1000000015
12453  37.491  -37.470  29.860 0.1000000015
14204  42.642  -34.728  29.881 0.1000000015
14693  43.478  -33.142  35.144 0.1000000015
15804  40.839  -31.477  35.792 0.1000000015
16449  39.215  -30.624  36.753 0.1000000015
72232  50.426  -53.644  35.754 0.1000000015
72663  37.949  -41.882  30.187 0.2000000030
76650  38.575  -49.590  27.489 0.1000000015
77244  38.948  -30.439  38.217 0.1000000015
78117  54.863  -38.417  36.240 0.1000000015
78569  37.566  -40.408  26.951 0.1000000015
78642  52.812  -41.195  29.905 0.3000000119
78690  41.298  -38.888  40.964 0.1000000015
78827  37.897  -51.929  31.791 0.2000000030
79576  39.523  -37.127  31.328 0.1000000015
79605  38.698  -35.941  31.330 0.1000000015
79616  40.629  -35.679  39.649 0.1000000015
80116  49.199  -40.259  30.093 0.4000000060
80283  40.264  -37.256  31.006 0.1000000015
82590  38.522  -29.030  39.336 0.1000000015
84070  50.086  -44.644  25.365 0.5000000000
84970  37.446  -41.159  29.364 0.1000000015
85185  37.715  -47.301  27.503 0.2000000030
85337  51.731  -49.037  33.238 0.2000000030
85886  45.115  -48.351  30.489 0.3000000119
86307  42.609  -45.842  29.778 0.1000000015
86597  41.665  -35.459  30.164 0.1000000015
86684  37.696  -47.179  30.575 0.2000000030
86771  36.886  -50.587  31.077 0.1000000015
