#!ascii label  , from subject sub-v1s16x0051174_ses-1 vox2ras=TkReg
1712
6465  19.083  -50.484  37.394 0.0000000000
14163  19.198  -34.720  33.448 0.0000000000
74865  15.804  -65.801  33.166 0.0000000000
83968  16.277  -57.909  33.750 0.0000000000
2646  13.631  -62.174  23.549 0.0000000000
71202  16.423  -52.922  35.560 0.0000000000
10024  17.520  -41.328  39.395 0.0000000000
722  24.068  -69.108  37.041 0.0000000000
4200  21.838  -56.663  35.218 0.0000000000
70883  22.797  -47.110  36.289 0.0000000000
11784  22.658  -38.350  35.450 0.0000000000
2262  25.206  -62.461  32.441 0.0000000000
70865  17.651  -55.122  37.385 0.0000000000
3484  10.527  -59.208  37.309 0.0000000000
6084  15.764  -53.590  39.433 0.0000000000
11771  17.546  -38.103  36.344 0.0000000000
81544  12.498  -37.613  39.970 0.0000000000
13585  16.564  -35.422  35.892 0.0000000000
71748  19.698  -60.376  36.338 0.0000000000
6481  27.022  -50.205  35.494 0.0000000000
9514  21.840  -42.598  36.626 0.0000000000
1907  21.765  -64.707  34.516 0.0000000000
1629  24.876  -65.059  35.343 0.0000000000
1680  19.254  -65.581  30.804 0.0000000000
15272  18.393  -31.929  30.336 0.0000000000
1943  13.996  -64.019  32.636 0.0000000000
1191  11.591  -69.114  26.741 0.0000000000
2586  12.619  -61.042  30.078 0.0000000000
3905  15.267  -56.839  30.724 0.0000000000
8211  19.656  -45.126  40.789 0.0000000000
8213  17.438  -45.769  41.252 0.0000000000
8993  12.854  -43.929  43.679 0.0000000000
15833  14.394  -30.043  31.190 0.0000000000
70147  21.589  -68.913  38.305 0.0000000000
2211  22.386  -62.601  36.503 0.0000000000
1626  14.776  -66.356  37.145 0.0000000000
85642  17.229  -61.333  34.502 0.0000000000
3860  19.655  -57.552  34.741 0.0000000000
5376  20.313  -53.409  36.548 0.0000000000
4610  24.223  -54.348  37.595 0.0000000000
82714  23.313  -52.199  35.740 0.0000000000
86537  21.468  -49.107  37.651 0.0000000000
8619  20.658  -44.599  38.146 0.0000000000
10605  19.301  -40.608  36.030 0.0000000000
13006  21.188  -35.978  33.736 0.0000000000
71485  27.717  -70.666  35.602 0.0000000000
81280  28.664  -66.010  33.851 0.0000000000
1993  19.512  -64.621  24.603 0.0000000000
6103  18.442  -52.741  37.653 0.0000000000
81221  16.148  -54.892  37.892 0.0000000000
6467  17.169  -51.949  38.778 0.0000000000
12994  18.815  -35.937  35.255 0.0000000000
12961  18.012  -35.266  37.193 0.0000000000
13616  18.060  -35.011  34.381 0.0000000000
1926  19.072  -63.932  33.826 0.0000000000
84930  20.516  -62.883  33.181 0.0000000000
1671  17.745  -65.527  32.021 0.0000000000
2563  15.818  -61.151  32.709 0.0000000000
2275  13.690  -62.520  31.241 0.0000000000
3151  15.004  -59.345  31.589 0.0000000000
85441  11.649  -55.274  37.368 0.0000000000
4216  10.871  -54.821  33.934 0.0000000000
4633  14.704  -54.417  33.727 0.0000000000
5044  17.079  -54.517  32.028 0.0000000000
73639  17.179  -51.669  33.176 0.0000000000
84810  17.901  -43.358  41.156 0.0000000000
9003  16.897  -43.929  42.844 0.0000000000
9987  15.307  -41.657  42.347 0.0000000000
13543  12.716  -34.845  39.703 0.0000000000
11722  9.809  -38.503  41.297 0.0000000000
15274  16.360  -30.711  30.844 0.0000000000
1371  22.769  -65.241  37.538 0.0000000000
72520  18.316  -65.243  38.034 0.0000000000
73138  15.140  -66.348  38.483 0.0000000000
1912  13.839  -65.460  35.813 0.0000000000
2213  15.458  -63.052  37.367 0.0000000000
3121  21.251  -59.291  35.529 0.0000000000
3123  19.660  -59.545  35.120 0.0000000000
4211  21.004  -57.096  34.825 0.0000000000
4202  19.972  -56.341  35.321 0.0000000000
4621  21.359  -55.396  35.489 0.0000000000
7217  24.626  -48.955  34.781 0.0000000000
76545  25.123  -51.375  34.746 0.0000000000
6880  23.356  -49.711  35.008 0.0000000000
6475  22.315  -50.583  36.873 0.0000000000
81148  22.432  -48.527  36.558 0.0000000000
81072  20.928  -46.090  38.070 0.0000000000
8229  21.638  -45.352  37.149 0.0000000000
10603  22.123  -40.358  36.524 0.0000000000
10054  20.700  -41.382  36.409 0.0000000000
11201  21.331  -39.191  36.136 0.0000000000
11786  20.052  -38.194  35.616 0.0000000000
11795  21.740  -37.774  35.210 0.0000000000
399  26.085  -70.777  38.280 0.0000000000
81149  27.095  -73.153  37.007 0.0000000000
720  26.025  -69.134  36.637 0.0000000000
1923  24.925  -64.042  33.510 0.0000000000
70891  27.593  -65.500  35.663 0.0000000000
70086  28.087  -63.542  35.104 0.0000000000
1922  29.174  -63.996  33.351 0.0000000000
2546  27.491  -61.494  33.162 0.0000000000
1986  12.415  -64.028  26.258 0.0000000000
1719  15.912  -64.811  27.424 0.0000000000
2017  16.358  -63.667  23.327 0.0000000000
82697  12.810  -49.055  42.439 0.0000000000
81696  16.115  -47.107  40.201 0.0000000000
4205  16.660  -57.491  36.366 0.0000000000
3854  15.066  -58.127  35.578 0.0000000000
70871  15.463  -56.541  37.843 0.0000000000
70227  13.746  -55.090  39.480 0.0000000000
70922  14.822  -53.949  37.204 0.0000000000
10595  16.500  -39.807  37.855 0.0000000000
11128  15.343  -39.581  40.176 0.0000000000
11757  15.384  -38.077  37.565 0.0000000000
12941  16.027  -35.599  38.384 0.0000000000
13587  14.071  -35.222  35.813 0.0000000000
70210  17.026  -61.478  38.090 0.0000000000
86677  21.420  -59.893  36.745 0.0000000000
3489  22.457  -58.412  36.135 0.0000000000
70320  24.303  -46.404  35.975 0.0000000000
8235  22.143  -44.943  36.661 0.0000000000
9064  23.400  -43.755  36.564 0.0000000000
10602  23.259  -40.672  36.425 0.0000000000
71057  23.539  -66.227  36.188 0.0000000000
74818  25.181  -67.352  36.026 0.0000000000
70161  21.395  -68.533  33.202 0.0000000000
1935  22.209  -64.203  31.885 0.0000000000
2280  20.158  -62.692  30.642 0.0000000000
2935  15.647  -58.931  25.108 0.0000000000
2654  18.215  -61.170  21.969 0.0000000000
76843  20.166  -33.346  31.340 0.0000000000
14734  18.575  -33.584  31.854 0.0000000000
1395  13.738  -66.293  33.235 0.0000000000
1157  14.005  -67.033  31.587 0.0000000000
1404  12.812  -66.628  31.652 0.0000000000
1692  11.480  -65.383  28.328 0.0000000000
2625  11.467  -61.899  26.726 0.0000000000
3881  13.068  -57.357  32.169 0.0000000000
3184  13.652  -58.174  29.732 0.0000000000
3217  14.053  -58.631  27.003 0.0000000000
3903  17.254  -57.175  30.107 0.0000000000
7189  19.352  -47.692  37.853 0.0000000000
7195  17.972  -48.777  38.436 0.0000000000
7816  18.901  -45.653  41.078 0.0000000000
74933  14.469  -46.437  43.557 0.0000000000
80835  10.691  -46.987  42.793 0.0000000000
10559  12.017  -40.263  41.700 0.0000000000
9463  9.053  -43.455  42.739 0.0000000000
14718  17.223  -33.608  32.164 0.0000000000
14720  15.094  -33.939  32.291 0.0000000000
391  23.780  -70.809  39.468 0.0000000000
70142  21.847  -70.296  36.884 0.0000000000
82327  22.903  -66.010  36.994 0.0000000000
79071  22.502  -62.812  35.086 0.0000000000
1893  19.427  -63.663  35.286 0.0000000000
2514  22.761  -62.747  37.999 0.0000000000
72652  19.008  -64.231  36.284 0.0000000000
1638  15.151  -66.024  35.015 0.0000000000
1653  13.695  -66.063  34.746 0.0000000000
2258  14.845  -63.202  33.957 0.0000000000
2834  17.573  -60.366  33.431 0.0000000000
2524  18.059  -60.865  35.742 0.0000000000
3131  18.736  -59.775  34.258 0.0000000000
3877  18.010  -57.885  34.244 0.0000000000
80696  18.664  -56.206  36.252 0.0000000000
4985  19.109  -54.471  36.802 0.0000000000
6102  19.850  -52.126  37.133 0.0000000000
4611  23.588  -54.879  36.921 0.0000000000
4994  24.119  -53.806  36.546 0.0000000000
77891  22.813  -54.337  35.997 0.0000000000
5792  21.970  -52.790  35.915 0.0000000000
6089  21.041  -51.128  37.183 0.0000000000
6857  20.368  -49.323  37.639 0.0000000000
70308  20.676  -47.249  38.145 0.0000000000
8612  20.275  -44.878  39.669 0.0000000000
9052  18.833  -43.194  38.790 0.0000000000
9067  20.906  -43.462  36.984 0.0000000000
9506  19.627  -42.390  36.906 0.0000000000
10045  18.555  -41.533  37.173 0.0000000000
11179  18.111  -39.470  35.730 0.0000000000
12383  18.910  -37.169  35.640 0.0000000000
13596  19.753  -35.766  34.319 0.0000000000
14176  21.975  -34.400  32.306 0.0000000000
14732  21.194  -33.317  31.564 0.0000000000
70063  28.987  -71.215  33.773 0.0000000000
71566  26.538  -67.999  35.441 0.0000000000
81446  27.487  -68.637  34.746 0.0000000000
78902  28.841  -69.085  32.642 0.0000000000
1423  16.430  -66.749  28.928 0.0000000000
1704  18.990  -65.902  28.136 0.0000000000
2298  20.022  -63.096  28.510 0.0000000000
2326  20.399  -63.024  22.903 0.0000000000
2622  19.602  -61.511  27.530 0.0000000000
2570  24.510  -61.713  31.034 0.0000000000
78007  27.511  -60.562  31.861 0.0000000000
6853  15.942  -49.446  40.602 0.0000000000
6446  14.371  -50.635  41.782 0.0000000000
6104  13.556  -51.658  37.826 0.0000000000
6488  13.274  -50.321  35.462 0.0000000000
6092  18.506  -51.988  37.686 0.0000000000
81309  17.627  -52.547  38.222 0.0000000000
6466  18.177  -51.210  37.840 0.0000000000
13615  18.753  -35.124  34.314 0.0000000000
13598  18.465  -35.536  34.981 0.0000000000
1650  17.530  -65.030  33.445 0.0000000000
1661  18.199  -64.866  32.580 0.0000000000
1393  16.508  -65.896  32.395 0.0000000000
3145  16.537  -59.448  32.639 0.0000000000
2844  15.603  -60.186  32.036 0.0000000000
3525  16.031  -58.784  32.588 0.0000000000
70233  14.386  -55.053  36.353 0.0000000000
71469  13.495  -55.139  34.519 0.0000000000
5010  15.287  -54.168  34.420 0.0000000000
5422  16.586  -53.567  33.628 0.0000000000
6114  17.005  -51.806  34.856 0.0000000000
9482  17.515  -42.317  40.582 0.0000000000
9473  17.128  -42.396  41.572 0.0000000000
10016  16.896  -40.914  40.646 0.0000000000
14115  11.578  -32.890  37.665 0.0000000000
13553  10.437  -34.335  38.804 0.0000000000
1619  15.919  -66.613  39.240 0.0000000000
1620  15.482  -66.394  39.182 0.0000000000
2204  14.540  -64.942  37.873 0.0000000000
2203  15.429  -63.799  38.357 0.0000000000
3494  21.958  -58.229  35.519 0.0000000000
3495  21.249  -58.523  35.231 0.0000000000
3850  21.577  -57.611  35.160 0.0000000000
4201  20.979  -56.285  35.180 0.0000000000
77087  21.748  -55.882  35.351 0.0000000000
76957  23.928  -48.258  34.820 0.0000000000
86551  23.798  -49.087  34.752 0.0000000000
70324  23.253  -48.872  35.116 0.0000000000
6881  22.819  -49.518  35.595 0.0000000000
81055  22.749  -47.901  36.045 0.0000000000
70895  22.262  -47.662  36.873 0.0000000000
80978  22.234  -46.694  36.826 0.0000000000
78028  22.087  -39.430  36.299 0.0000000000
11176  21.515  -39.856  36.375 0.0000000000
75718  21.946  -38.651  35.893 0.0000000000
11794  22.673  -37.820  34.799 0.0000000000
541  25.191  -69.873  38.288 0.0000000000
71032  25.946  -70.061  37.963 0.0000000000
548  25.593  -69.448  37.423 0.0000000000
2253  24.749  -63.771  32.561 0.0000000000
1905  26.239  -62.916  34.922 0.0000000000
2251  26.259  -62.106  33.808 0.0000000000
2231  27.821  -62.538  34.136 0.0000000000
2547  26.698  -61.612  33.275 0.0000000000
2009  12.250  -63.168  24.843 0.0000000000
2007  14.509  -63.513  24.810 0.0000000000
2024  14.605  -63.365  23.112 0.0000000000
81039  11.944  -49.257  41.678 0.0000000000
7819  13.843  -47.879  41.091 0.0000000000
4196  17.078  -56.980  36.946 0.0000000000
71013  16.135  -57.295  37.179 0.0000000000
70232  16.473  -56.408  37.445 0.0000000000
70758  15.375  -54.393  38.342 0.0000000000
80896  15.298  -54.890  38.763 0.0000000000
70229  15.090  -54.825  38.914 0.0000000000
70755  13.609  -55.072  38.861 0.0000000000
5756  14.211  -54.107  39.026 0.0000000000
11159  17.008  -39.490  37.061 0.0000000000
83527  15.750  -39.440  37.948 0.0000000000
11756  16.279  -37.881  37.213 0.0000000000
12984  17.303  -34.784  36.204 0.0000000000
12940  17.058  -35.160  38.154 0.0000000000
14121  16.625  -33.936  37.120 0.0000000000
71874  14.915  -34.904  37.194 0.0000000000
13586  15.567  -35.466  36.058 0.0000000000
70218  21.534  -59.741  37.501 0.0000000000
3117  22.069  -59.265  36.720 0.0000000000
79291  24.803  -46.657  35.454 0.0000000000
85498  24.983  -46.140  35.847 0.0000000000
71079  23.812  -46.029  36.415 0.0000000000
8632  23.492  -44.536  36.562 0.0000000000
74176  22.888  -66.067  34.924 0.0000000000
70154  22.480  -68.182  34.151 0.0000000000
70153  22.000  -66.503  34.494 0.0000000000
73273  19.466  -64.701  31.322 0.0000000000
2255  21.026  -62.731  33.079 0.0000000000
2267  20.668  -62.502  32.448 0.0000000000
2273  20.459  -62.198  31.504 0.0000000000
1942  20.107  -63.248  31.184 0.0000000000
2920  16.960  -59.960  26.386 0.0000000000
3252  17.859  -58.934  23.798 0.0000000000
15850  20.618  -31.638  30.521 0.0000000000
15270  20.295  -32.206  30.647 0.0000000000
1665  13.788  -65.486  33.521 0.0000000000
1403  13.378  -66.523  32.399 0.0000000000
1672  13.598  -65.344  32.657 0.0000000000
2281  13.360  -61.696  30.656 0.0000000000
1960  12.095  -64.688  29.570 0.0000000000
2291  11.502  -62.598  29.135 0.0000000000
2299  10.944  -63.033  28.025 0.0000000000
76574  11.386  -61.880  28.503 0.0000000000
3490  13.166  -59.251  36.698 0.0000000000
3506  12.937  -58.438  34.696 0.0000000000
70224  10.529  -59.856  34.709 0.0000000000
4658  13.137  -55.378  32.647 0.0000000000
74890  12.297  -56.283  31.499 0.0000000000
84238  14.528  -57.169  30.337 0.0000000000
3202  13.423  -58.582  28.534 0.0000000000
3183  14.956  -58.493  29.006 0.0000000000
3200  15.988  -59.623  28.153 0.0000000000
3904  16.041  -57.321  30.280 0.0000000000
7488  19.415  -45.956  39.223 0.0000000000
7831  18.849  -46.126  39.621 0.0000000000
8197  19.303  -45.276  41.098 0.0000000000
83139  14.720  -43.598  43.487 0.0000000000
8585  15.640  -44.929  43.514 0.0000000000
8587  13.343  -44.728  43.765 0.0000000000
75347  12.016  -47.288  43.573 0.0000000000
8589  11.341  -45.425  43.631 0.0000000000
11141  13.817  -38.701  39.670 0.0000000000
11114  14.149  -39.605  41.070 0.0000000000
11131  12.561  -38.635  40.980 0.0000000000
10561  9.845  -40.447  41.780 0.0000000000
85137  18.805  -32.584  30.750 0.0000000000
14717  17.996  -33.688  32.229 0.0000000000
84401  18.059  -32.464  30.812 0.0000000000
74961  15.424  -29.123  30.938 0.0000000000
15832  16.222  -31.594  31.266 0.0000000000
14737  14.904  -32.768  31.801 0.0000000000
14184  14.256  -34.310  32.631 0.0000000000
15252  13.725  -31.906  31.474 0.0000000000
394  20.053  -72.138  38.634 0.0000000000
402  20.740  -72.066  38.027 0.0000000000
83166  20.060  -71.320  37.413 0.0000000000
70146  22.247  -68.824  37.230 0.0000000000
70141  22.290  -68.037  37.433 0.0000000000
1886  22.790  -63.463  36.907 0.0000000000
1892  22.843  -63.469  35.919 0.0000000000
2217  22.692  -62.837  35.754 0.0000000000
2220  20.528  -62.887  35.226 0.0000000000
73670  21.843  -62.344  35.714 0.0000000000
73429  17.815  -65.349  37.246 0.0000000000
2212  19.293  -64.289  37.143 0.0000000000
1895  16.508  -65.852  36.706 0.0000000000
80559  17.249  -65.188  35.601 0.0000000000
76981  15.716  -65.905  35.887 0.0000000000
1639  13.760  -66.195  35.411 0.0000000000
1630  14.078  -66.254  35.962 0.0000000000
2241  15.198  -63.160  35.403 0.0000000000
2242  14.443  -64.283  34.888 0.0000000000
2240  16.363  -61.944  34.473 0.0000000000
2550  16.048  -61.841  33.622 0.0000000000
2549  17.060  -61.154  33.820 0.0000000000
81145  17.905  -60.888  37.138 0.0000000000
74947  17.742  -60.975  36.391 0.0000000000
2523  18.689  -60.669  36.221 0.0000000000
3504  19.783  -58.155  34.664 0.0000000000
3130  19.206  -59.302  34.481 0.0000000000
3517  19.220  -58.571  34.337 0.0000000000
3518  18.629  -58.181  34.101 0.0000000000
3861  18.817  -57.603  34.768 0.0000000000
85205  18.145  -57.545  34.969 0.0000000000
4213  19.401  -57.001  35.133 0.0000000000
4612  19.771  -55.057  36.243 0.0000000000
4984  20.054  -54.234  36.414 0.0000000000
5377  19.475  -53.651  36.853 0.0000000000
5783  19.689  -52.883  36.965 0.0000000000
4601  23.674  -55.161  37.674 0.0000000000
4195  23.477  -56.188  36.884 0.0000000000
4971  23.782  -54.375  37.674 0.0000000000
6106  26.817  -51.702  35.775 0.0000000000
6113  24.794  -52.077  34.737 0.0000000000
5410  25.028  -52.868  34.786 0.0000000000
5394  24.541  -53.498  35.416 0.0000000000
4995  23.610  -53.742  36.604 0.0000000000
83420  23.163  -53.035  36.081 0.0000000000
5396  22.448  -53.234  35.852 0.0000000000
5791  22.820  -52.531  35.995 0.0000000000
82507  21.991  -50.191  37.363 0.0000000000
6476  21.848  -50.887  37.152 0.0000000000
6463  21.338  -50.479  37.380 0.0000000000
6464  20.588  -50.720  37.426 0.0000000000
6856  21.037  -49.268  37.712 0.0000000000
6851  20.720  -48.729  37.912 0.0000000000
74577  21.175  -48.614  37.963 0.0000000000
8223  20.983  -44.962  38.090 0.0000000000
80747  20.476  -45.845  38.509 0.0000000000
8620  20.210  -44.465  38.859 0.0000000000
9038  19.031  -43.699  39.477 0.0000000000
9051  19.474  -43.742  38.589 0.0000000000
8634  21.926  -44.134  36.635 0.0000000000
8635  21.334  -43.972  36.903 0.0000000000
9066  21.574  -43.401  36.710 0.0000000000
78508  20.224  -40.683  36.159 0.0000000000
9516  20.399  -42.188  36.521 0.0000000000
10055  19.711  -41.511  36.345 0.0000000000
9507  18.876  -42.258  37.509 0.0000000000
10056  18.892  -41.165  36.403 0.0000000000
10593  18.205  -40.760  36.946 0.0000000000
10620  18.928  -39.757  35.616 0.0000000000
12381  20.511  -37.408  35.303 0.0000000000
12382  19.621  -37.296  35.467 0.0000000000
12395  20.244  -36.742  34.924 0.0000000000
12993  19.524  -36.246  34.909 0.0000000000
12992  20.496  -36.312  34.367 0.0000000000
14194  21.370  -33.905  32.036 0.0000000000
15249  21.532  -32.503  31.373 0.0000000000
80994  27.520  -71.223  36.226 0.0000000000
81000  27.807  -72.402  36.353 0.0000000000
70068  28.117  -71.546  35.748 0.0000000000
81564  28.167  -70.937  35.198 0.0000000000
83440  25.077  -65.663  35.606 0.0000000000
912  25.864  -67.810  35.822 0.0000000000
1128  25.789  -66.841  35.708 0.0000000000
81361  27.965  -66.126  35.217 0.0000000000
70812  27.711  -66.893  35.077 0.0000000000
70778  28.265  -66.741  34.480 0.0000000000
70066  28.265  -69.427  33.925 0.0000000000
932  28.822  -67.677  33.071 0.0000000000
741  29.021  -68.338  32.534 0.0000000000
1151  29.179  -66.907  32.814 0.0000000000
1932  29.527  -63.333  32.694 0.0000000000
959  12.570  -69.153  29.372 0.0000000000
1178  15.156  -67.358  29.690 0.0000000000
1189  14.106  -67.808  28.726 0.0000000000
1983  17.152  -63.857  26.997 0.0000000000
1718  17.154  -64.786  27.742 0.0000000000
1981  19.757  -65.629  26.265 0.0000000000
1715  20.819  -66.162  27.655 0.0000000000
80500  20.747  -65.289  26.546 0.0000000000
2940  18.144  -60.188  22.665 0.0000000000
2335  19.491  -62.920  21.845 0.0000000000
2892  20.682  -59.852  28.601 0.0000000000
2905  19.730  -60.489  27.411 0.0000000000
73180  21.273  -60.067  29.487 0.0000000000
2868  21.480  -60.487  30.417 0.0000000000
2865  24.073  -61.533  30.350 0.0000000000
2850  25.870  -61.500  30.757 0.0000000000
2864  25.569  -61.977  29.561 0.0000000000
7832  18.089  -46.251  39.937 0.0000000000
6852  16.994  -48.750  39.552 0.0000000000
76877  16.797  -47.434  39.941 0.0000000000
7495  15.026  -47.430  40.320 0.0000000000
7186  15.161  -49.169  41.708 0.0000000000
6854  14.011  -49.328  41.154 0.0000000000
6458  13.596  -51.312  39.796 0.0000000000
6863  13.623  -49.991  38.513 0.0000000000
80808  17.767  -54.368  37.585 0.0000000000
81304  16.901  -54.586  37.706 0.0000000000
80798  17.173  -53.920  37.855 0.0000000000
82873  16.746  -53.467  38.444 0.0000000000
81305  16.616  -53.270  38.819 0.0000000000
12384  18.430  -37.031  36.028 0.0000000000
12369  18.050  -36.831  36.764 0.0000000000
12983  18.215  -35.994  36.272 0.0000000000
12996  17.661  -35.392  35.746 0.0000000000
13617  17.207  -35.123  34.251 0.0000000000
2237  21.643  -62.744  34.414 0.0000000000
76079  21.599  -63.119  33.952 0.0000000000
2256  19.942  -63.195  33.658 0.0000000000
1669  19.247  -64.195  32.263 0.0000000000
1399  18.337  -65.842  31.073 0.0000000000
2564  15.076  -61.979  32.611 0.0000000000
2274  14.046  -62.723  31.953 0.0000000000
2565  14.595  -61.883  32.001 0.0000000000
77174  14.489  -60.937  31.480 0.0000000000
2856  14.116  -59.957  31.066 0.0000000000
4190  10.744  -56.838  37.797 0.0000000000
80805  9.166  -58.720  35.411 0.0000000000
4206  11.301  -55.660  35.314 0.0000000000
4635  12.113  -54.263  33.900 0.0000000000
72743  14.222  -55.300  32.340 0.0000000000
4656  15.949  -54.861  32.129 0.0000000000
5030  16.318  -54.204  32.817 0.0000000000
86330  17.511  -53.031  32.691 0.0000000000
6128  17.274  -51.935  32.194 0.0000000000
9017  18.579  -44.350  41.201 0.0000000000
9018  18.063  -44.373  41.888 0.0000000000
9456  17.398  -43.557  42.132 0.0000000000
9458  15.810  -42.358  42.708 0.0000000000
9459  13.847  -42.256  42.866 0.0000000000
12337  12.687  -36.717  40.273 0.0000000000
12328  11.388  -37.267  40.828 0.0000000000
12339  10.686  -36.333  40.622 0.0000000000
12926  8.602  -36.103  40.688 0.0000000000
74277  17.432  -31.530  30.403 0.0000000000
80263  17.080  -29.098  29.104 0.0000000000
71723  22.008  -67.819  38.008 0.0000000000
1119  22.288  -66.741  38.402 0.0000000000
1607  22.982  -64.528  38.312 0.0000000000
1879  22.970  -63.301  37.746 0.0000000000
70212  19.005  -64.736  38.098 0.0000000000
1880  17.063  -66.346  38.787 0.0000000000
73233  13.959  -66.162  36.409 0.0000000000
1888  14.276  -66.159  37.648 0.0000000000
2222  14.449  -64.580  36.748 0.0000000000
2538  16.660  -61.778  35.218 0.0000000000
72540  20.870  -59.714  35.714 0.0000000000
2811  19.311  -60.179  35.622 0.0000000000
3122  20.515  -59.186  35.239 0.0000000000
3503  20.451  -58.361  34.917 0.0000000000
3859  20.345  -57.622  34.798 0.0000000000
4212  20.271  -56.950  34.821 0.0000000000
4622  20.391  -55.617  35.673 0.0000000000
4998  20.713  -54.812  35.895 0.0000000000
6490  26.230  -50.025  35.002 0.0000000000
6482  26.494  -51.015  35.272 0.0000000000
74462  25.387  -50.073  34.787 0.0000000000
6492  24.677  -50.514  34.676 0.0000000000
6109  23.331  -51.401  35.442 0.0000000000
6110  22.752  -51.732  36.053 0.0000000000
6483  22.984  -50.400  35.501 0.0000000000
6872  22.290  -49.809  36.974 0.0000000000
71029  22.084  -48.511  37.293 0.0000000000
71431  21.265  -47.919  38.184 0.0000000000
70304  21.730  -47.805  37.692 0.0000000000
8222  21.174  -45.525  37.803 0.0000000000
8230  21.182  -44.874  37.629 0.0000000000
78777  21.981  -41.855  36.641 0.0000000000
74766  21.236  -42.014  36.530 0.0000000000
10604  21.181  -40.531  36.455 0.0000000000
11178  19.854  -39.880  35.873 0.0000000000
11202  20.455  -39.083  35.913 0.0000000000
11785  21.015  -38.362  35.728 0.0000000000
12394  21.104  -36.978  34.705 0.0000000000
70065  25.771  -74.415  37.437 0.0000000000
286  26.325  -71.844  38.182 0.0000000000
70785  26.739  -70.230  36.733 0.0000000000
71264  26.670  -69.499  36.056 0.0000000000
1637  24.706  -64.574  34.497 0.0000000000
1628  25.892  -65.170  35.719 0.0000000000
73921  26.643  -64.335  35.689 0.0000000000
71147  28.175  -64.890  35.615 0.0000000000
70081  28.549  -64.805  34.988 0.0000000000
80833  29.104  -65.408  33.410 0.0000000000
81211  28.633  -63.612  33.944 0.0000000000
2250  29.014  -62.970  33.370 0.0000000000
2545  28.916  -62.204  33.030 0.0000000000
1721  12.839  -65.357  26.635 0.0000000000
1449  13.351  -66.757  26.572 0.0000000000
1985  14.000  -64.225  26.384 0.0000000000
2006  15.988  -63.438  25.412 0.0000000000
2005  18.389  -64.085  24.217 0.0000000000
7817  15.410  -47.644  42.195 0.0000000000
7833  17.141  -46.245  40.031 0.0000000000
71414  16.499  -45.830  40.698 0.0000000000
73119  16.683  -45.869  39.437 0.0000000000
3863  16.707  -57.701  34.502 0.0000000000
3864  15.987  -57.763  34.250 0.0000000000
3853  15.686  -57.916  36.541 0.0000000000
79490  14.554  -58.598  36.698 0.0000000000
3835  13.717  -58.202  37.931 0.0000000000
81308  15.724  -55.484  37.887 0.0000000000
81062  14.388  -56.595  38.344 0.0000000000
70226  11.940  -56.902  38.658 0.0000000000
80937  11.298  -54.547  39.309 0.0000000000
70230  13.791  -54.664  37.500 0.0000000000
71051  14.996  -53.152  36.562 0.0000000000
10585  16.847  -40.277  38.751 0.0000000000
77841  16.512  -40.264  40.358 0.0000000000
11149  16.089  -39.767  38.636 0.0000000000
11151  14.560  -38.709  38.464 0.0000000000
11748  13.900  -37.989  38.598 0.0000000000
12352  16.891  -36.788  37.762 0.0000000000
12354  15.010  -37.128  38.038 0.0000000000
12344  13.891  -36.987  38.966 0.0000000000
13550  14.331  -35.095  39.343 0.0000000000
83188  13.474  -34.182  38.434 0.0000000000
13573  12.924  -33.603  36.550 0.0000000000
71425  19.067  -60.622  37.057 0.0000000000
71764  20.082  -60.484  37.041 0.0000000000
70220  20.711  -60.118  36.388 0.0000000000
70223  21.531  -59.749  36.020 0.0000000000
3120  21.896  -59.030  35.728 0.0000000000
3849  22.419  -57.457  35.668 0.0000000000
70326  25.570  -48.408  35.012 0.0000000000
70315  24.543  -47.446  35.072 0.0000000000
70937  23.525  -46.704  36.080 0.0000000000
71257  22.906  -46.289  36.418 0.0000000000
8633  22.732  -44.346  36.520 0.0000000000
9065  22.502  -43.357  36.563 0.0000000000
9513  22.774  -42.306  36.568 0.0000000000
10052  22.505  -41.317  36.573 0.0000000000
11175  22.887  -39.764  36.313 0.0000000000
71397  23.691  -67.674  36.573 0.0000000000
913  24.542  -67.822  36.360 0.0000000000
81277  24.012  -66.507  36.024 0.0000000000
71065  23.545  -66.502  34.522 0.0000000000
70958  24.329  -67.065  33.213 0.0000000000
1909  20.930  -65.112  32.528 0.0000000000
71171  21.128  -66.584  31.481 0.0000000000
70158  24.420  -67.869  31.187 0.0000000000
1934  23.567  -64.807  31.633 0.0000000000
2263  24.288  -63.648  32.100 0.0000000000
2559  23.450  -62.182  31.881 0.0000000000
2944  13.997  -60.765  23.861 0.0000000000
2656  15.577  -62.217  22.593 0.0000000000
2942  16.453  -59.790  23.577 0.0000000000
84333  17.997  -59.436  22.886 0.0000000000
14196  19.855  -33.861  31.976 0.0000000000
14197  19.174  -33.869  32.124 0.0000000000
14733  19.306  -33.480  31.545 0.0000000000
15271  19.402  -32.250  30.517 0.0000000000
1394  14.799  -66.143  32.999 0.0000000000
1401  15.851  -66.360  31.849 0.0000000000
1402  14.258  -66.571  32.353 0.0000000000
1168  12.971  -68.095  31.333 0.0000000000
1180  11.241  -69.263  29.173 0.0000000000
1948  13.014  -64.166  30.562 0.0000000000
1424  11.784  -66.382  29.624 0.0000000000
1438  10.749  -68.117  26.899 0.0000000000
80092  11.964  -64.702  26.972 0.0000000000
1998  11.692  -63.225  25.876 0.0000000000
2322  11.841  -62.560  25.044 0.0000000000
85287  14.763  -57.729  33.791 0.0000000000
74867  14.112  -57.768  32.165 0.0000000000
80216  13.990  -58.228  30.987 0.0000000000
80857  13.280  -56.480  33.589 0.0000000000
3892  13.211  -56.701  31.497 0.0000000000
2872  12.279  -60.477  29.707 0.0000000000
77441  12.173  -60.559  28.716 0.0000000000
2908  11.943  -60.890  26.563 0.0000000000
2937  12.736  -60.289  25.229 0.0000000000
3246  14.455  -59.059  25.091 0.0000000000
2624  16.573  -60.198  27.052 0.0000000000
3921  17.741  -57.568  29.348 0.0000000000
4239  17.121  -55.965  31.059 0.0000000000
7194  19.132  -48.333  37.590 0.0000000000
6859  18.280  -49.820  37.829 0.0000000000
7498  18.600  -47.847  38.210 0.0000000000
77365  18.743  -45.896  40.448 0.0000000000
8212  18.352  -45.649  41.398 0.0000000000
9002  17.509  -44.576  42.442 0.0000000000
8180  16.325  -45.345  43.171 0.0000000000
8181  16.067  -46.268  42.999 0.0000000000
7469  14.322  -48.633  43.162 0.0000000000
86012  11.683  -49.187  42.733 0.0000000000
10556  15.464  -40.459  41.295 0.0000000000
10003  14.075  -40.844  41.898 0.0000000000
9990  12.182  -41.723  42.337 0.0000000000
78861  10.621  -39.794  41.577 0.0000000000
10006  10.468  -41.220  42.203 0.0000000000
9007  11.032  -43.630  42.956 0.0000000000
79930  9.616  -44.416  42.896 0.0000000000
14180  18.658  -34.089  32.699 0.0000000000
14181  17.787  -34.120  32.845 0.0000000000
14166  16.436  -34.892  33.275 0.0000000000
85562  16.980  -32.478  31.313 0.0000000000
14719  16.124  -33.501  32.082 0.0000000000
13618  15.605  -35.189  33.568 0.0000000000
13634  14.616  -34.945  33.204 0.0000000000
13619  13.956  -34.943  33.883 0.0000000000
390  25.103  -70.895  39.412 0.0000000000
542  24.056  -70.046  38.512 0.0000000000
384  23.255  -71.267  40.213 0.0000000000
401  22.375  -71.094  38.181 0.0000000000
71234  22.953  -69.272  37.015 0.0000000000
71363  22.943  -68.547  36.950 0.0000000000
70157  23.211  -65.934  36.444 0.0000000000
70150  22.637  -64.708  35.342 0.0000000000
70162  22.889  -64.345  36.325 0.0000000000
2235  22.641  -63.397  35.112 0.0000000000
82223  22.132  -62.554  35.080 0.0000000000
2239  19.462  -63.599  34.390 0.0000000000
1927  18.026  -64.649  34.033 0.0000000000
2202  22.593  -62.800  37.214 0.0000000000
70211  20.640  -63.054  37.622 0.0000000000
71254  21.164  -62.601  36.884 0.0000000000
70217  21.636  -62.388  36.349 0.0000000000
1887  19.960  -63.399  36.108 0.0000000000
1911  17.007  -65.193  34.892 0.0000000000
1651  15.832  -65.651  33.845 0.0000000000
1652  14.051  -66.278  34.540 0.0000000000
1664  13.741  -66.153  33.977 0.0000000000
1654  13.849  -65.466  34.152 0.0000000000
1913  13.632  -65.909  35.321 0.0000000000
1929  13.988  -65.112  34.497 0.0000000000
2269  14.701  -62.944  33.271 0.0000000000
2551  15.388  -62.179  33.183 0.0000000000
2842  17.126  -59.883  32.888 0.0000000000
3524  17.048  -59.054  33.027 0.0000000000
2520  16.740  -61.545  37.015 0.0000000000
2525  17.220  -61.380  35.890 0.0000000000
2537  17.805  -61.041  35.008 0.0000000000
2812  18.597  -60.560  35.325 0.0000000000
2823  18.438  -60.423  34.508 0.0000000000
71691  17.818  -60.759  34.115 0.0000000000
2833  18.283  -60.049  33.769 0.0000000000
3519  17.742  -58.497  33.575 0.0000000000
3878  17.072  -58.006  33.784 0.0000000000
3851  17.756  -57.447  35.459 0.0000000000
4204  17.517  -57.259  36.198 0.0000000000
70235  18.148  -55.734  36.858 0.0000000000
77761  19.179  -56.488  35.678 0.0000000000
4613  18.911  -55.364  36.544 0.0000000000
81181  18.379  -54.931  37.042 0.0000000000
5378  18.836  -53.842  37.185 0.0000000000
74932  19.209  -52.580  37.291 0.0000000000
6091  19.174  -51.423  37.366 0.0000000000
3841  23.125  -56.934  36.229 0.0000000000
3848  22.613  -56.414  35.736 0.0000000000
4982  25.536  -54.567  36.282 0.0000000000
5788  25.834  -52.757  35.183 0.0000000000
4992  25.647  -54.048  35.698 0.0000000000
4619  24.750  -54.721  36.494 0.0000000000
4983  23.953  -53.842  37.353 0.0000000000
86480  23.397  -54.338  36.555 0.0000000000
4199  22.222  -55.882  35.481 0.0000000000
4620  22.154  -55.055  35.503 0.0000000000
5397  21.805  -53.601  35.694 0.0000000000
5375  21.186  -53.126  36.200 0.0000000000
5780  22.172  -52.010  36.304 0.0000000000
5781  21.371  -52.312  36.452 0.0000000000
5782  20.515  -52.596  36.709 0.0000000000
6101  20.720  -51.804  36.931 0.0000000000
83922  19.889  -50.899  37.444 0.0000000000
6858  19.326  -49.315  37.508 0.0000000000
72787  19.984  -48.390  37.810 0.0000000000
7490  19.989  -47.374  38.061 0.0000000000
70309  19.889  -45.592  39.397 0.0000000000
71244  20.471  -46.392  38.230 0.0000000000
7830  20.026  -45.989  38.761 0.0000000000
8607  19.812  -44.836  40.498 0.0000000000
9027  19.268  -44.222  40.159 0.0000000000
9039  18.444  -42.990  39.477 0.0000000000
9488  17.857  -42.142  39.575 0.0000000000
8228  22.218  -45.818  36.735 0.0000000000
8626  21.501  -44.592  37.007 0.0000000000
8627  20.867  -44.157  37.422 0.0000000000
9515  21.036  -42.759  36.683 0.0000000000
9505  20.333  -42.919  36.958 0.0000000000
9058  19.719  -43.218  37.586 0.0000000000
9498  19.004  -43.005  38.018 0.0000000000
10036  18.331  -41.817  37.941 0.0000000000
10023  17.941  -41.606  38.697 0.0000000000
10594  17.385  -40.378  37.688 0.0000000000
10607  17.760  -39.944  36.580 0.0000000000
11205  17.929  -38.586  35.708 0.0000000000
11203  19.463  -39.017  35.537 0.0000000000
11204  18.591  -38.875  35.408 0.0000000000
11788  18.486  -37.969  35.714 0.0000000000
12981  19.210  -36.525  35.389 0.0000000000
13597  19.062  -35.643  34.770 0.0000000000
13614  19.977  -35.262  33.520 0.0000000000
12392  23.282  -37.643  34.185 0.0000000000
85594  23.228  -37.131  33.720 0.0000000000
12393  22.286  -37.111  34.191 0.0000000000
13005  22.020  -36.290  33.574 0.0000000000
13630  22.297  -35.169  32.673 0.0000000000
13612  21.759  -35.627  33.142 0.0000000000
13613  20.906  -35.431  33.280 0.0000000000
13632  20.586  -34.888  32.812 0.0000000000
14178  20.262  -34.331  32.403 0.0000000000
14195  20.662  -33.859  31.927 0.0000000000
15269  21.056  -32.015  30.900 0.0000000000
71006  26.396  -75.188  36.331 0.0000000000
81220  27.376  -75.149  34.526 0.0000000000
71081  25.643  -68.532  36.312 0.0000000000
70946  26.177  -68.665  35.896 0.0000000000
81287  26.662  -68.735  35.491 0.0000000000
81063  27.281  -66.478  35.464 0.0000000000
70076  27.098  -68.261  35.128 0.0000000000
75128  27.771  -69.414  34.694 0.0000000000
77048  28.194  -70.008  34.385 0.0000000000
71224  28.996  -70.502  33.091 0.0000000000
1391  29.450  -65.536  32.701 0.0000000000
1412  16.608  -66.807  30.839 0.0000000000
1165  16.886  -66.970  30.113 0.0000000000
1410  19.092  -66.112  30.173 0.0000000000
1706  16.366  -65.902  28.163 0.0000000000
82116  18.351  -65.969  29.043 0.0000000000
80131  19.922  -66.675  29.348 0.0000000000
1691  20.584  -66.185  29.279 0.0000000000
86328  20.183  -63.432  29.593 0.0000000000
2582  20.293  -61.335  30.384 0.0000000000
78120  16.308  -63.266  22.532 0.0000000000
2016  18.112  -64.099  22.996 0.0000000000
82958  20.088  -64.404  23.778 0.0000000000
2919  19.500  -60.941  26.447 0.0000000000
72181  19.798  -62.573  26.443 0.0000000000
2309  20.507  -64.182  26.306 0.0000000000
71671  19.883  -62.831  27.507 0.0000000000
2869  20.702  -60.746  30.255 0.0000000000
2558  24.921  -62.163  31.699 0.0000000000
2568  26.124  -61.377  31.681 0.0000000000
84396  27.486  -61.040  32.568 0.0000000000
6860  17.534  -49.784  38.709 0.0000000000
6456  17.268  -50.796  39.026 0.0000000000
6450  15.880  -51.088  40.678 0.0000000000
7191  16.056  -48.100  40.459 0.0000000000
6848  14.990  -50.245  41.735 0.0000000000
6081  15.000  -53.127  40.450 0.0000000000
71184  12.997  -53.787  39.245 0.0000000000
81074  13.250  -52.777  38.427 0.0000000000
71328  14.568  -51.935  36.334 0.0000000000
6873  12.619  -49.784  37.089 0.0000000000
75628  13.423  -50.725  36.184 0.0000000000
6486  15.129  -51.066  35.600 0.0000000000
74794  15.801  -50.539  34.324 0.0000000000
1662  17.066  -65.490  32.925 0.0000000000
3520  16.826  -58.492  33.220 0.0000000000
3879  16.051  -58.219  33.128 0.0000000000
70240  15.690  -54.189  35.958 0.0000000000
4999  15.214  -54.506  35.450 0.0000000000
5399  16.189  -53.479  35.423 0.0000000000
5411  16.683  -53.038  34.950 0.0000000000
6485  16.541  -51.702  35.432 0.0000000000
10015  17.343  -41.454  40.164 0.0000000000
9999  17.131  -41.646  40.900 0.0000000000
1609  16.003  -66.461  39.627 0.0000000000
1610  15.602  -65.833  39.585 0.0000000000
1881  14.839  -65.828  38.714 0.0000000000
73122  23.243  -48.088  35.341 0.0000000000
549  24.609  -69.511  37.709 0.0000000000
721  24.996  -69.077  37.134 0.0000000000
84845  24.700  -62.842  32.219 0.0000000000
2252  25.412  -62.795  33.251 0.0000000000
2548  25.901  -61.920  32.945 0.0000000000
2020  12.805  -63.140  24.027 0.0000000000
2019  13.850  -63.372  23.783 0.0000000000
2328  13.598  -63.109  23.474 0.0000000000
70238  17.361  -56.107  37.182 0.0000000000
70242  15.569  -54.354  38.656 0.0000000000
81406  15.036  -54.721  38.585 0.0000000000
11181  16.853  -38.579  36.774 0.0000000000
13570  16.847  -33.847  36.923 0.0000000000
13571  16.083  -34.270  36.901 0.0000000000
13601  15.834  -35.454  34.728 0.0000000000
2268  20.117  -63.203  32.191 0.0000000000
86615  19.783  -63.856  31.567 0.0000000000
73417  19.888  -64.248  30.821 0.0000000000
1679  19.770  -65.191  30.647 0.0000000000
80439  17.870  -58.930  27.712 0.0000000000
3215  17.645  -59.539  27.184 0.0000000000
2282  12.509  -62.151  29.939 0.0000000000
2599  12.077  -61.459  29.369 0.0000000000
3491  11.619  -59.921  36.589 0.0000000000
3497  11.963  -59.421  35.445 0.0000000000
71851  10.553  -60.352  35.502 0.0000000000
4228  14.445  -55.885  31.680 0.0000000000
4229  13.449  -56.051  31.809 0.0000000000
4241  14.794  -56.455  31.219 0.0000000000
3923  15.560  -57.770  29.889 0.0000000000
4240  16.063  -56.273  31.234 0.0000000000
7823  19.462  -45.547  40.388 0.0000000000
8992  13.879  -43.753  43.545 0.0000000000
8586  14.601  -44.561  43.642 0.0000000000
8588  12.199  -44.982  44.056 0.0000000000
8994  11.776  -44.185  43.545 0.0000000000
11731  12.903  -38.223  39.883 0.0000000000
11130  13.562  -38.939  40.615 0.0000000000
15854  15.151  -29.631  31.167 0.0000000000
83823  15.300  -30.957  31.346 0.0000000000
15251  14.662  -31.437  31.433 0.0000000000
708  20.529  -70.103  38.694 0.0000000000
535  20.401  -71.356  39.431 0.0000000000
536  19.844  -71.354  38.231 0.0000000000
709  20.507  -69.967  37.850 0.0000000000
72315  21.663  -69.124  37.707 0.0000000000
70148  21.690  -68.771  37.851 0.0000000000
2210  22.709  -62.945  36.596 0.0000000000
71542  22.085  -62.359  36.205 0.0000000000
3505  19.244  -57.977  34.449 0.0000000000
4600  23.708  -54.568  37.960 0.0000000000
5789  24.095  -52.385  35.160 0.0000000000
5790  23.606  -52.876  35.838 0.0000000000
71197  21.983  -49.322  37.456 0.0000000000
6462  21.495  -49.754  37.524 0.0000000000
71524  20.619  -44.938  38.833 0.0000000000
9050  20.205  -43.967  38.006 0.0000000000
10606  18.519  -40.336  36.104 0.0000000000
1372  25.548  -66.084  35.759 0.0000000000
80936  28.381  -65.703  34.673 0.0000000000
70071  28.386  -67.731  33.922 0.0000000000
71266  28.768  -66.887  33.561 0.0000000000
1190  12.630  -68.702  27.608 0.0000000000
1982  18.976  -64.753  25.937 0.0000000000
1727  20.298  -65.799  26.386 0.0000000000
1992  20.073  -65.279  25.486 0.0000000000
2933  18.911  -60.102  24.035 0.0000000000
2638  19.643  -61.185  22.751 0.0000000000
2882  22.707  -60.510  29.770 0.0000000000
3162  22.003  -60.092  29.810 0.0000000000
2866  23.189  -61.077  30.397 0.0000000000
75825  24.490  -62.001  29.448 0.0000000000
2851  25.001  -61.776  30.448 0.0000000000
7824  18.004  -45.948  40.712 0.0000000000
7493  17.382  -46.775  39.609 0.0000000000
7192  14.704  -47.916  40.856 0.0000000000
80322  14.176  -48.611  40.010 0.0000000000
6862  13.811  -49.965  39.725 0.0000000000
81310  18.182  -53.652  37.615 0.0000000000
81303  17.474  -53.329  38.060 0.0000000000
12982  18.635  -36.284  35.687 0.0000000000
13599  17.773  -35.383  35.079 0.0000000000
2238  20.991  -62.725  34.493 0.0000000000
1670  18.713  -65.075  31.670 0.0000000000
2575  15.122  -61.026  32.062 0.0000000000
3146  15.821  -59.433  32.194 0.0000000000
2855  14.893  -60.113  31.510 0.0000000000
2584  13.794  -60.825  30.970 0.0000000000
81015  10.841  -55.930  37.893 0.0000000000
4207  10.722  -56.340  36.369 0.0000000000
71319  11.359  -55.464  37.354 0.0000000000
4634  13.755  -54.872  33.884 0.0000000000
77463  12.785  -54.977  33.880 0.0000000000
4649  14.003  -54.914  33.163 0.0000000000
5021  15.126  -54.619  32.778 0.0000000000
5020  15.670  -54.131  33.596 0.0000000000
5795  17.298  -52.214  33.933 0.0000000000
5421  17.306  -52.972  33.331 0.0000000000
5799  17.421  -52.473  32.735 0.0000000000
9474  16.355  -41.975  42.038 0.0000000000
84882  15.843  -41.790  42.220 0.0000000000
77707  14.850  -42.231  42.906 0.0000000000
12931  12.305  -35.511  40.340 0.0000000000
77664  11.735  -36.306  40.606 0.0000000000
12932  10.999  -35.453  40.290 0.0000000000
79937  9.419  -34.653  38.911 0.0000000000
13545  10.069  -34.799  39.876 0.0000000000
16506  18.139  -30.280  29.233 0.0000000000
15877  16.107  -28.790  29.587 0.0000000000
898  22.087  -67.676  38.827 0.0000000000
1872  23.168  -63.593  38.389 0.0000000000
70207  19.071  -64.650  38.810 0.0000000000
1625  16.032  -66.532  38.085 0.0000000000
2221  15.867  -62.373  36.260 0.0000000000
70219  20.113  -59.854  35.747 0.0000000000
3502  20.929  -57.816  34.952 0.0000000000
6887  25.502  -49.377  34.858 0.0000000000
6888  24.852  -49.728  34.734 0.0000000000
6889  24.079  -49.764  34.611 0.0000000000
6493  23.650  -50.554  34.886 0.0000000000
75314  22.496  -49.302  36.362 0.0000000000
81229  22.265  -49.112  36.992 0.0000000000
7838  21.608  -46.250  37.455 0.0000000000
70310  21.846  -47.089  37.489 0.0000000000
10053  21.619  -41.216  36.583 0.0000000000
11177  20.793  -39.866  36.205 0.0000000000
547  26.305  -69.773  37.132 0.0000000000
80895  26.506  -70.696  37.512 0.0000000000
1649  24.775  -65.408  32.231 0.0000000000
1891  25.577  -64.252  35.357 0.0000000000
1906  25.504  -63.569  34.746 0.0000000000
2216  26.927  -62.885  35.072 0.0000000000
1889  27.416  -63.641  35.469 0.0000000000
70961  28.243  -64.178  35.490 0.0000000000
71219  28.734  -64.395  34.099 0.0000000000
71128  28.471  -63.954  34.745 0.0000000000
2535  27.847  -61.915  33.600 0.0000000000
85437  28.417  -62.955  33.877 0.0000000000
2230  28.409  -62.332  33.522 0.0000000000
2554  28.361  -61.549  32.952 0.0000000000
1995  14.984  -63.658  26.043 0.0000000000
79788  15.673  -63.583  24.226 0.0000000000
78765  17.005  -63.597  24.461 0.0000000000
7484  15.078  -48.812  41.988 0.0000000000
8201  15.886  -46.488  41.600 0.0000000000
7818  15.330  -47.717  41.769 0.0000000000
71283  14.186  -46.457  40.825 0.0000000000
71379  15.354  -45.930  40.893 0.0000000000
7836  16.475  -46.287  39.178 0.0000000000
81265  16.890  -45.214  38.924 0.0000000000
3852  17.065  -57.548  35.464 0.0000000000
78908  16.113  -57.699  35.327 0.0000000000
3843  14.961  -57.933  37.492 0.0000000000
3844  13.925  -58.810  37.356 0.0000000000
71069  14.644  -54.683  39.272 0.0000000000
70890  14.988  -55.437  39.037 0.0000000000
72959  13.089  -56.728  38.623 0.0000000000
71352  12.107  -55.284  39.353 0.0000000000
3827  11.183  -56.024  38.886 0.0000000000
80797  12.325  -54.068  39.616 0.0000000000
70878  14.917  -54.445  37.666 0.0000000000
70228  13.128  -53.989  38.179 0.0000000000
71544  14.343  -54.748  36.965 0.0000000000
81043  15.010  -54.327  36.777 0.0000000000
82546  15.101  -53.690  36.677 0.0000000000
10576  16.452  -40.012  39.571 0.0000000000
11161  15.187  -38.871  37.876 0.0000000000
11150  15.304  -39.287  38.541 0.0000000000
11758  14.606  -38.115  38.012 0.0000000000
12351  17.754  -36.343  37.529 0.0000000000
76918  17.474  -35.642  38.036 0.0000000000
12947  16.794  -35.895  38.676 0.0000000000
12948  15.915  -36.086  38.890 0.0000000000
12949  15.069  -36.225  39.297 0.0000000000
12950  14.525  -35.685  39.973 0.0000000000
12942  15.149  -35.562  39.164 0.0000000000
75395  14.709  -35.173  36.554 0.0000000000
13562  14.207  -34.700  38.454 0.0000000000
72256  13.909  -34.569  37.430 0.0000000000
14134  13.089  -33.465  37.474 0.0000000000
13572  13.816  -34.848  36.600 0.0000000000
70216  19.483  -60.614  37.636 0.0000000000
71310  20.867  -60.188  37.234 0.0000000000
71274  26.311  -49.082  35.087 0.0000000000
71855  26.098  -47.450  35.204 0.0000000000
70316  24.006  -47.007  35.517 0.0000000000
8234  23.042  -45.303  36.466 0.0000000000
11200  22.760  -38.995  36.019 0.0000000000
70156  23.635  -66.832  36.408 0.0000000000
81217  23.738  -68.450  33.107 0.0000000000
70155  22.632  -68.895  32.839 0.0000000000
80683  21.145  -62.840  33.918 0.0000000000
1908  21.252  -64.232  33.556 0.0000000000
2254  21.355  -62.960  33.414 0.0000000000
1925  21.268  -65.292  31.797 0.0000000000
1660  22.323  -66.030  31.218 0.0000000000
70159  23.284  -68.053  30.921 0.0000000000
1659  24.007  -66.735  30.902 0.0000000000
2264  23.288  -62.985  32.210 0.0000000000
2561  21.617  -61.715  32.041 0.0000000000
2560  22.501  -62.043  32.184 0.0000000000
3254  15.495  -59.356  24.418 0.0000000000
2943  15.146  -60.242  23.719 0.0000000000
3253  16.739  -59.038  24.195 0.0000000000
3251  18.337  -59.003  23.592 0.0000000000
14754  19.996  -32.759  30.860 0.0000000000
15851  19.915  -31.592  30.245 0.0000000000
1158  13.310  -66.927  32.051 0.0000000000
1413  12.776  -67.572  31.603 0.0000000000
1169  11.863  -69.011  30.928 0.0000000000
1414  12.150  -67.455  30.934 0.0000000000
1944  13.637  -63.774  31.564 0.0000000000
1425  11.080  -67.285  28.285 0.0000000000
1707  11.249  -66.665  27.121 0.0000000000
80552  11.682  -65.403  27.365 0.0000000000
2310  11.170  -62.835  26.854 0.0000000000
1987  11.448  -63.605  26.963 0.0000000000
2317  11.469  -62.552  26.004 0.0000000000
80605  15.310  -57.779  34.439 0.0000000000
3865  14.217  -57.862  34.448 0.0000000000
3866  13.066  -57.789  33.710 0.0000000000
3880  13.977  -57.611  33.024 0.0000000000
3152  14.200  -59.116  31.078 0.0000000000
3887  13.241  -57.442  31.610 0.0000000000
81326  9.748  -57.496  35.134 0.0000000000
70766  10.413  -57.134  35.481 0.0000000000
81271  10.839  -55.432  34.525 0.0000000000
3890  13.872  -57.114  30.912 0.0000000000
3891  13.285  -56.842  31.334 0.0000000000
3528  13.444  -57.293  30.526 0.0000000000
3529  13.505  -58.033  30.325 0.0000000000
3164  12.951  -58.784  30.214 0.0000000000
3185  12.939  -58.782  29.398 0.0000000000
3218  13.284  -58.933  27.670 0.0000000000
2907  12.529  -59.996  27.438 0.0000000000
2923  12.531  -60.023  26.217 0.0000000000
3232  13.182  -59.506  25.871 0.0000000000
2936  13.610  -59.973  24.617 0.0000000000
3231  13.886  -58.963  25.972 0.0000000000
3216  15.247  -58.948  27.060 0.0000000000
3199  17.018  -60.153  28.486 0.0000000000
2894  16.931  -60.647  27.810 0.0000000000
3546  17.344  -58.481  29.095 0.0000000000
4675  16.582  -55.427  31.592 0.0000000000
4674  17.518  -55.059  31.284 0.0000000000
80265  18.622  -48.776  37.746 0.0000000000
8199  18.034  -45.478  41.868 0.0000000000
8182  15.027  -45.651  43.595 0.0000000000
80655  15.742  -45.779  43.313 0.0000000000
8189  16.681  -45.669  42.658 0.0000000000
7798  15.310  -46.723  43.285 0.0000000000
7468  15.045  -48.021  43.118 0.0000000000
7799  14.467  -47.476  43.391 0.0000000000
8184  11.650  -46.389  43.601 0.0000000000
7801  12.141  -48.618  43.191 0.0000000000
8185  11.361  -48.286  42.735 0.0000000000
80813  10.251  -48.492  41.840 0.0000000000
84664  16.041  -39.817  40.102 0.0000000000
10569  15.829  -40.054  40.673 0.0000000000
10570  15.007  -39.863  40.848 0.0000000000
10558  12.921  -40.100  41.669 0.0000000000
76501  13.745  -40.138  41.540 0.0000000000
86481  13.345  -40.716  41.797 0.0000000000
9989  13.318  -41.502  42.246 0.0000000000
72581  10.899  -38.027  41.281 0.0000000000
11117  10.760  -39.034  41.413 0.0000000000
10007  9.210  -41.530  42.128 0.0000000000
9992  9.869  -42.176  42.555 0.0000000000
9462  10.486  -42.932  42.715 0.0000000000
14735  17.692  -33.043  31.498 0.0000000000
14165  17.486  -34.666  33.508 0.0000000000
14182  16.877  -34.251  32.704 0.0000000000
15273  17.156  -32.110  30.942 0.0000000000
77061  15.707  -32.226  31.574 0.0000000000
78814  15.998  -34.382  32.558 0.0000000000
14183  15.343  -34.748  32.803 0.0000000000
86512  14.918  -35.234  33.947 0.0000000000
14721  13.731  -33.094  32.135 0.0000000000
14167  13.495  -34.445  33.233 0.0000000000
13620  12.808  -34.555  33.887 0.0000000000
534  24.817  -70.331  38.932 0.0000000000
72964  22.083  -71.392  40.003 0.0000000000
78813  20.678  -71.211  36.858 0.0000000000
404  21.403  -71.457  37.274 0.0000000000
543  22.999  -70.096  37.358 0.0000000000
70145  22.124  -69.363  37.067 0.0000000000
70149  22.725  -66.921  37.176 0.0000000000
70152  23.215  -66.557  36.661 0.0000000000
83631  23.067  -65.180  35.777 0.0000000000
71344  22.499  -66.181  37.753 0.0000000000
1910  18.415  -64.330  34.822 0.0000000000
2201  22.839  -62.966  37.512 0.0000000000
71589  22.340  -62.572  37.467 0.0000000000
71669  19.817  -63.927  37.780 0.0000000000
71103  20.346  -63.217  36.893 0.0000000000
1928  16.811  -65.305  34.216 0.0000000000
1663  14.574  -66.177  33.736 0.0000000000
1896  13.710  -66.121  35.812 0.0000000000
2257  15.421  -62.754  34.449 0.0000000000
1938  14.364  -64.126  33.859 0.0000000000
2835  16.743  -60.735  33.115 0.0000000000
2515  16.212  -62.339  37.933 0.0000000000
2822  18.970  -59.942  34.920 0.0000000000
3862  17.500  -57.665  34.676 0.0000000000
4203  18.445  -57.093  35.725 0.0000000000
4624  17.864  -56.631  36.572 0.0000000000
4623  19.477  -55.841  35.980 0.0000000000
81022  18.399  -54.308  37.280 0.0000000000
5784  18.975  -53.205  37.281 0.0000000000
74720  19.138  -52.105  37.392 0.0000000000
85500  19.615  -51.773  37.288 0.0000000000
82450  23.144  -56.008  36.264 0.0000000000
82436  25.829  -51.428  35.005 0.0000000000
6107  26.218  -51.926  35.278 0.0000000000
6112  25.483  -52.074  34.932 0.0000000000
5393  25.364  -53.606  35.217 0.0000000000
4993  24.992  -54.402  35.600 0.0000000000
4198  22.800  -55.302  35.957 0.0000000000
4996  22.287  -54.041  35.653 0.0000000000
6484  22.694  -50.963  36.195 0.0000000000
6099  22.295  -51.275  36.649 0.0000000000
6100  21.595  -51.545  36.801 0.0000000000
6454  20.850  -49.989  37.545 0.0000000000
6455  20.071  -50.176  37.523 0.0000000000
71501  20.762  -48.063  38.232 0.0000000000
71281  19.878  -46.367  38.436 0.0000000000
70898  21.277  -47.016  38.053 0.0000000000
8218  20.356  -45.314  39.174 0.0000000000
8210  20.062  -45.162  40.167 0.0000000000
9499  18.403  -42.462  38.535 0.0000000000
9057  20.402  -43.534  37.407 0.0000000000
85502  19.279  -42.719  37.460 0.0000000000
10037  17.989  -41.155  37.874 0.0000000000
10584  17.439  -40.908  38.715 0.0000000000
11180  17.376  -39.070  36.145 0.0000000000
11787  19.155  -38.102  35.513 0.0000000000
80635  19.305  -35.315  34.143 0.0000000000
13611  22.589  -35.838  33.054 0.0000000000
13631  21.440  -35.029  32.690 0.0000000000
14177  21.056  -34.434  32.306 0.0000000000
81276  28.908  -71.660  34.504 0.0000000000
70061  29.242  -72.324  34.049 0.0000000000
723  24.866  -68.532  36.655 0.0000000000
74690  25.255  -68.016  36.219 0.0000000000
1624  26.914  -65.110  35.807 0.0000000000
71153  26.555  -66.023  35.783 0.0000000000
71159  27.738  -67.754  34.701 0.0000000000
80909  27.160  -67.397  35.237 0.0000000000
71567  27.136  -69.085  35.227 0.0000000000
739  28.518  -68.646  33.332 0.0000000000
565  28.690  -69.622  33.179 0.0000000000
569  29.152  -69.898  32.301 0.0000000000
71053  29.068  -64.754  33.609 0.0000000000
81339  29.335  -64.787  32.970 0.0000000000
1156  15.295  -66.861  31.251 0.0000000000
1177  16.351  -67.091  29.635 0.0000000000
1411  17.765  -66.387  30.352 0.0000000000
1422  17.395  -66.577  29.544 0.0000000000
1720  14.429  -65.079  26.913 0.0000000000
1448  14.824  -66.178  27.422 0.0000000000
1705  17.802  -65.422  28.311 0.0000000000
1434  19.556  -66.670  28.838 0.0000000000
1433  20.072  -66.842  28.528 0.0000000000
1980  20.981  -65.374  27.473 0.0000000000
1703  20.993  -65.644  28.436 0.0000000000
1971  20.727  -64.485  28.437 0.0000000000
2583  20.030  -62.033  30.082 0.0000000000
2655  16.865  -61.613  22.315 0.0000000000
2343  16.459  -62.750  22.261 0.0000000000
2342  17.677  -62.334  22.038 0.0000000000
2327  20.416  -63.572  21.912 0.0000000000
2021  18.426  -63.533  22.319 0.0000000000
2015  19.626  -64.083  22.315 0.0000000000
2004  19.554  -64.392  23.339 0.0000000000
2014  20.291  -64.171  22.878 0.0000000000
3214  19.728  -59.707  26.765 0.0000000000
3197  20.170  -59.742  27.679 0.0000000000
2316  20.352  -63.980  25.092 0.0000000000
2581  23.597  -61.435  30.999 0.0000000000
2853  21.803  -60.845  31.088 0.0000000000
2557  25.687  -61.803  32.063 0.0000000000
2569  25.401  -61.697  31.290 0.0000000000
2849  26.627  -60.924  31.276 0.0000000000
2841  26.828  -61.029  32.159 0.0000000000
2840  28.136  -60.863  32.444 0.0000000000
6861  16.727  -50.184  39.602 0.0000000000
6457  16.454  -51.799  39.660 0.0000000000
7499  16.561  -46.518  39.853 0.0000000000
6849  14.371  -50.052  41.766 0.0000000000
6445  14.304  -50.851  41.840 0.0000000000
6074  14.953  -51.615  41.287 0.0000000000
6075  14.371  -52.313  40.756 0.0000000000
6082  13.800  -53.510  39.997 0.0000000000
6076  13.999  -51.803  40.852 0.0000000000
6459  13.632  -50.979  38.715 0.0000000000
70237  13.321  -52.293  39.138 0.0000000000
70968  13.656  -52.133  37.109 0.0000000000
6882  12.790  -50.154  36.349 0.0000000000
6487  14.316  -50.651  35.273 0.0000000000
83044  15.324  -50.666  34.911 0.0000000000
6496  14.856  -50.430  34.360 0.0000000000
6865  17.704  -50.636  38.323 0.0000000000
14164  18.354  -34.581  33.577 0.0000000000
1937  18.636  -64.312  33.165 0.0000000000
2843  16.376  -60.150  32.508 0.0000000000
75721  15.211  -57.808  33.303 0.0000000000
70884  12.499  -55.265  37.086 0.0000000000
76227  11.861  -55.653  35.948 0.0000000000
71028  13.617  -55.415  35.829 0.0000000000
77874  14.432  -54.751  34.806 0.0000000000
5009  15.970  -53.854  34.233 0.0000000000
79830  17.019  -52.965  34.252 0.0000000000
6116  17.081  -51.373  34.146 0.0000000000
10000  16.650  -41.405  41.345 0.0000000000
10001  15.864  -41.235  41.752 0.0000000000
80293  12.706  -33.942  38.572 0.0000000000
13544  11.391  -34.806  39.780 0.0000000000
7211  22.766  -48.695  35.774 0.0000000000
83720  25.472  -68.958  36.800 0.0000000000
2234  25.796  -62.871  34.193 0.0000000000
2232  27.216  -62.485  34.595 0.0000000000
1904  28.205  -63.246  34.442 0.0000000000
2536  27.154  -61.962  33.983 0.0000000000
1997  12.552  -63.494  25.536 0.0000000000
1996  13.567  -63.695  25.739 0.0000000000
2008  13.180  -63.383  24.777 0.0000000000
2018  15.011  -63.549  23.512 0.0000000000
7183  12.199  -50.017  42.017 0.0000000000
7486  12.909  -49.110  41.444 0.0000000000
81307  16.205  -54.221  38.011 0.0000000000
81026  13.176  -54.629  39.818 0.0000000000
70241  14.641  -54.896  39.177 0.0000000000
81014  14.706  -55.003  38.430 0.0000000000
71104  14.562  -54.062  37.172 0.0000000000
11160  16.048  -39.009  37.370 0.0000000000
12962  17.425  -34.159  36.761 0.0000000000
13558  17.289  -34.452  37.462 0.0000000000
13559  16.693  -34.395  37.597 0.0000000000
13560  16.029  -34.562  37.459 0.0000000000
13561  15.081  -35.025  38.105 0.0000000000
71437  25.485  -46.929  35.203 0.0000000000
70163  23.423  -65.746  35.756 0.0000000000
86706  21.621  -67.735  33.899 0.0000000000
83833  20.157  -63.017  32.926 0.0000000000
2265  22.158  -62.748  32.675 0.0000000000
80353  21.189  -62.154  32.349 0.0000000000
1947  20.154  -63.783  30.330 0.0000000000
3229  17.463  -59.154  26.095 0.0000000000
3579  18.241  -58.651  25.904 0.0000000000
15250  20.706  -32.724  31.082 0.0000000000
1396  13.665  -66.184  33.287 0.0000000000
1673  13.267  -65.282  31.585 0.0000000000
76201  13.145  -62.882  30.617 0.0000000000
1949  12.303  -63.319  29.744 0.0000000000
1961  11.508  -63.765  28.744 0.0000000000
1972  11.393  -64.220  27.743 0.0000000000
78000  11.207  -62.197  27.576 0.0000000000
3496  13.780  -58.702  35.672 0.0000000000
71422  11.765  -58.789  34.217 0.0000000000
80452  11.451  -54.626  32.480 0.0000000000
4232  11.772  -55.435  31.922 0.0000000000
4230  12.588  -55.844  31.947 0.0000000000
4242  13.653  -56.604  31.203 0.0000000000
3549  14.083  -57.677  29.958 0.0000000000
78914  13.726  -58.318  29.429 0.0000000000
86317  13.800  -58.500  27.823 0.0000000000
3201  14.422  -58.426  28.148 0.0000000000
3182  16.208  -59.129  28.834 0.0000000000
3922  16.775  -57.866  29.704 0.0000000000
5029  17.625  -53.839  31.904 0.0000000000
5043  17.749  -54.306  31.444 0.0000000000
5042  17.943  -53.606  31.182 0.0000000000
7491  19.154  -46.815  38.507 0.0000000000
8198  18.715  -45.270  41.504 0.0000000000
8991  15.474  -43.935  43.465 0.0000000000
8990  16.295  -44.391  43.260 0.0000000000
8183  13.908  -45.629  43.686 0.0000000000
7800  13.290  -46.995  43.608 0.0000000000
82691  12.672  -45.920  43.897 0.0000000000
11129  14.480  -39.268  40.359 0.0000000000
11115  13.257  -39.427  41.297 0.0000000000
11116  12.364  -39.427  41.477 0.0000000000
11723  8.564  -38.958  41.320 0.0000000000
11118  9.782  -39.443  41.485 0.0000000000
14756  18.653  -33.052  31.226 0.0000000000
86280  21.391  -71.411  39.912 0.0000000000
392  22.045  -71.467  39.188 0.0000000000
281  20.122  -72.208  38.411 0.0000000000
70144  20.384  -71.890  37.426 0.0000000000
70143  20.998  -69.929  37.218 0.0000000000
1618  22.855  -64.194  37.374 0.0000000000
2219  21.418  -62.510  35.131 0.0000000000
2218  22.333  -62.555  35.677 0.0000000000
70221  21.832  -62.461  37.870 0.0000000000
1894  18.139  -64.731  35.938 0.0000000000
3129  19.817  -58.856  34.765 0.0000000000
3141  18.604  -59.097  33.821 0.0000000000
5787  26.491  -52.512  35.698 0.0000000000
5395  23.753  -53.310  36.262 0.0000000000
76737  23.038  -53.545  36.130 0.0000000000
8217  20.731  -45.430  38.414 0.0000000000
8613  19.705  -44.352  39.582 0.0000000000
10044  19.141  -41.782  36.809 0.0000000000
12396  19.794  -36.774  35.225 0.0000000000
86255  20.445  -35.768  33.848 0.0000000000
83431  27.278  -71.803  36.770 0.0000000000
71018  28.394  -73.039  35.515 0.0000000000
71138  28.618  -71.676  35.138 0.0000000000
81175  28.467  -70.805  34.540 0.0000000000
1129  25.129  -66.692  35.878 0.0000000000
911  26.514  -67.078  35.491 0.0000000000
71744  28.015  -68.618  34.211 0.0000000000
1657  29.621  -64.136  32.552 0.0000000000
1179  13.666  -68.134  30.060 0.0000000000
1167  14.507  -67.268  30.665 0.0000000000
1188  15.570  -67.177  29.077 0.0000000000
1717  18.456  -64.892  27.360 0.0000000000
1716  19.811  -66.205  27.012 0.0000000000
1447  19.947  -66.714  27.885 0.0000000000
84460  20.702  -65.965  26.928 0.0000000000
77940  20.650  -64.245  27.391 0.0000000000
2950  18.405  -60.114  22.171 0.0000000000
2341  18.729  -62.099  21.885 0.0000000000
2949  18.805  -60.818  21.934 0.0000000000
2644  19.738  -62.166  21.982 0.0000000000
76067  19.670  -61.695  24.191 0.0000000000
2884  19.931  -60.674  28.433 0.0000000000
2883  20.503  -60.492  29.305 0.0000000000
2867  22.310  -60.669  30.478 0.0000000000
2863  26.400  -61.204  30.190 0.0000000000
7190  17.708  -47.765  39.213 0.0000000000
7494  15.626  -47.531  40.535 0.0000000000
81981  15.027  -47.976  40.959 0.0000000000
7187  14.236  -48.983  41.909 0.0000000000
6850  14.601  -50.018  41.705 0.0000000000
6451  13.868  -50.862  40.929 0.0000000000
70765  16.685  -55.397  37.570 0.0000000000
80807  16.605  -53.800  38.214 0.0000000000
11789  18.068  -37.769  36.051 0.0000000000
12995  18.229  -35.651  35.637 0.0000000000
76152  18.033  -34.975  36.375 0.0000000000
13600  17.005  -35.448  35.126 0.0000000000
2236  22.153  -63.239  34.457 0.0000000000
84772  20.681  -62.893  33.827 0.0000000000
1936  19.548  -63.588  33.020 0.0000000000
2270  14.397  -62.838  32.668 0.0000000000
2576  14.021  -61.752  31.402 0.0000000000
2585  13.217  -60.700  30.488 0.0000000000
3485  10.222  -58.699  37.270 0.0000000000
81306  9.463  -59.294  36.433 0.0000000000
81327  9.330  -58.013  36.279 0.0000000000
70972  9.452  -57.262  35.661 0.0000000000
70788  10.547  -56.064  34.806 0.0000000000
4625  12.471  -55.393  34.808 0.0000000000
4214  11.532  -54.654  34.219 0.0000000000
4636  11.249  -53.999  33.234 0.0000000000
4224  11.937  -54.706  32.641 0.0000000000
4657  15.049  -55.187  32.081 0.0000000000
4676  15.509  -55.679  31.644 0.0000000000
5429  17.238  -53.600  32.645 0.0000000000
5428  17.684  -53.104  32.055 0.0000000000
72448  17.537  -52.516  31.902 0.0000000000
6147  17.365  -52.274  31.332 0.0000000000
8598  19.282  -44.947  41.213 0.0000000000
9457  16.681  -42.869  42.498 0.0000000000
9004  16.127  -43.356  43.133 0.0000000000
9446  15.248  -43.015  43.255 0.0000000000
9447  14.334  -42.934  43.293 0.0000000000
9448  13.378  -43.056  43.310 0.0000000000
11742  12.176  -37.822  40.526 0.0000000000
12338  12.037  -37.165  40.431 0.0000000000
12329  10.360  -37.171  40.863 0.0000000000
12925  9.710  -36.427  40.680 0.0000000000
12330  9.206  -37.037  40.893 0.0000000000
15852  17.647  -30.838  29.817 0.0000000000
15853  16.485  -29.977  30.269 0.0000000000
16488  14.917  -28.368  30.412 0.0000000000
703  21.604  -69.736  39.706 0.0000000000
85144  22.484  -66.029  38.414 0.0000000000
1362  22.733  -65.443  38.364 0.0000000000
71249  18.064  -65.655  39.080 0.0000000000
5398  20.967  -53.955  35.989 0.0000000000
6491  25.653  -50.741  34.860 0.0000000000
6108  24.193  -51.408  34.771 0.0000000000
76066  22.556  -50.131  36.246 0.0000000000
71451  21.630  -48.548  37.706 0.0000000000
12991  21.416  -36.542  34.108 0.0000000000
81001  26.438  -72.820  37.694 0.0000000000
80847  26.829  -71.798  37.343 0.0000000000
70810  27.027  -70.965  36.782 0.0000000000
80903  27.186  -70.391  36.122 0.0000000000
70164  24.735  -66.096  32.701 0.0000000000
1890  26.367  -63.506  35.327 0.0000000000
1627  27.606  -64.592  35.793 0.0000000000
80908  28.209  -65.402  35.339 0.0000000000
80907  28.770  -65.176  34.112 0.0000000000
2553  29.246  -61.671  32.566 0.0000000000
1450  12.036  -67.283  26.000 0.0000000000
1199  12.346  -68.183  26.311 0.0000000000
1984  15.526  -64.022  26.739 0.0000000000
1994  16.252  -63.558  26.335 0.0000000000
78763  17.567  -63.653  25.664 0.0000000000
7808  16.035  -46.500  42.389 0.0000000000
85956  16.648  -45.862  41.271 0.0000000000
8202  14.950  -46.941  41.111 0.0000000000
71036  16.056  -45.720  40.853 0.0000000000
71093  16.558  -45.780  39.670 0.0000000000
7500  15.899  -46.683  39.841 0.0000000000
7501  15.277  -47.029  39.542 0.0000000000
3845  12.776  -59.243  37.469 0.0000000000
3483  11.438  -59.491  37.449 0.0000000000
3836  12.387  -58.331  38.082 0.0000000000
3837  11.332  -57.925  38.032 0.0000000000
83002  11.020  -56.828  38.246 0.0000000000
81302  10.898  -55.611  38.754 0.0000000000
70863  10.999  -54.551  38.779 0.0000000000
82648  12.763  -53.551  38.997 0.0000000000
80796  11.650  -53.645  39.162 0.0000000000
83670  11.513  -54.220  38.380 0.0000000000
81058  13.374  -54.852  37.442 0.0000000000
71269  15.022  -54.715  36.284 0.0000000000
70236  15.897  -52.904  36.161 0.0000000000
10025  17.085  -40.640  39.731 0.0000000000
11139  15.679  -39.590  39.403 0.0000000000
11140  14.737  -39.105  39.358 0.0000000000
11740  14.000  -38.532  38.927 0.0000000000
11741  13.474  -38.209  39.152 0.0000000000
12336  13.201  -37.593  39.409 0.0000000000
11755  17.265  -37.433  37.061 0.0000000000
12353  15.830  -36.943  37.636 0.0000000000
12355  14.331  -37.408  38.394 0.0000000000
12345  13.836  -36.343  40.106 0.0000000000
12943  13.613  -35.606  40.312 0.0000000000
13551  13.766  -34.947  39.574 0.0000000000
14114  12.476  -32.840  37.378 0.0000000000
14135  12.161  -32.401  36.805 0.0000000000
71546  20.231  -60.450  37.813 0.0000000000
70330  26.819  -49.544  35.311 0.0000000000
83310  25.272  -47.660  35.058 0.0000000000
71034  24.761  -48.135  34.902 0.0000000000
70319  23.766  -47.609  35.167 0.0000000000
81071  23.315  -47.378  35.694 0.0000000000
82388  23.341  -43.020  36.565 0.0000000000
724  23.828  -68.450  36.770 0.0000000000
71399  24.409  -66.979  36.150 0.0000000000
71552  23.884  -66.169  35.687 0.0000000000
1131  24.654  -66.269  35.797 0.0000000000
1373  24.246  -65.715  35.457 0.0000000000
71163  24.181  -65.651  34.373 0.0000000000
70160  20.920  -66.384  33.371 0.0000000000
1924  21.491  -63.739  32.700 0.0000000000
81282  20.863  -66.214  32.074 0.0000000000
71203  20.903  -67.577  31.992 0.0000000000
74412  23.832  -68.942  31.772 0.0000000000
81144  24.594  -67.852  31.992 0.0000000000
1658  24.771  -66.770  31.553 0.0000000000
1933  24.545  -65.352  31.790 0.0000000000
75342  24.171  -62.589  31.876 0.0000000000
2657  14.477  -62.794  22.947 0.0000000000
2645  14.751  -61.531  23.256 0.0000000000
2952  15.972  -60.877  22.950 0.0000000000
2951  17.374  -60.390  22.723 0.0000000000
2941  17.624  -59.424  23.108 0.0000000000
14179  19.495  -34.261  32.600 0.0000000000
14755  19.395  -32.953  31.005 0.0000000000
15876  18.887  -31.365  29.973 0.0000000000
73398  13.597  -66.302  32.713 0.0000000000
948  12.375  -69.109  30.514 0.0000000000
949  11.850  -69.524  29.890 0.0000000000
950  11.638  -69.370  28.372 0.0000000000
1681  12.621  -65.638  30.648 0.0000000000
1170  11.259  -68.257  29.703 0.0000000000
83459  10.745  -68.656  28.263 0.0000000000
1200  11.169  -68.562  25.885 0.0000000000
1451  11.241  -67.476  26.242 0.0000000000
79774  11.843  -66.267  26.691 0.0000000000
2330  12.182  -62.355  24.345 0.0000000000
3885  14.721  -58.142  32.077 0.0000000000
80466  14.919  -58.681  31.757 0.0000000000
2870  13.375  -59.793  30.599 0.0000000000
81324  9.915  -59.053  35.876 0.0000000000
70764  11.836  -58.372  35.006 0.0000000000
3867  13.083  -57.747  33.672 0.0000000000
80806  12.445  -55.355  32.722 0.0000000000
3888  13.260  -57.006  32.004 0.0000000000
3163  13.461  -59.047  30.440 0.0000000000
2871  12.596  -59.962  30.261 0.0000000000
73206  11.772  -61.215  27.605 0.0000000000
2895  12.767  -59.373  28.617 0.0000000000
2633  11.673  -61.710  25.775 0.0000000000
2639  12.034  -61.500  24.937 0.0000000000
2647  12.844  -61.396  24.231 0.0000000000
83301  14.499  -59.752  24.328 0.0000000000
3230  14.749  -58.799  25.981 0.0000000000
2922  15.818  -59.127  25.991 0.0000000000
2623  16.906  -60.365  26.756 0.0000000000
3198  17.428  -59.889  28.318 0.0000000000
4264  16.644  -56.735  30.710 0.0000000000
4263  17.639  -56.369  30.415 0.0000000000
7492  18.278  -46.903  39.145 0.0000000000
84462  18.618  -44.922  41.674 0.0000000000
8599  18.174  -45.109  42.096 0.0000000000
8594  17.015  -44.942  42.996 0.0000000000
8593  17.448  -45.302  42.381 0.0000000000
8200  16.991  -45.766  41.967 0.0000000000
7480  15.148  -48.447  42.584 0.0000000000
71586  14.144  -49.409  42.924 0.0000000000
79547  13.470  -48.150  43.327 0.0000000000
70333  13.149  -49.267  42.968 0.0000000000
70332  12.107  -49.696  42.555 0.0000000000
7470  11.700  -49.457  42.298 0.0000000000
10555  16.290  -40.623  41.066 0.0000000000
10002  14.960  -40.986  41.867 0.0000000000
10557  14.583  -40.299  41.427 0.0000000000
9988  14.406  -41.547  42.393 0.0000000000
9460  12.719  -42.470  42.853 0.0000000000
9005  12.554  -43.285  43.367 0.0000000000
11732  11.724  -38.118  41.047 0.0000000000
74050  11.456  -39.613  41.539 0.0000000000
10560  11.036  -40.397  41.796 0.0000000000
10005  11.588  -41.061  42.057 0.0000000000
9991  11.077  -41.881  42.514 0.0000000000
9461  11.631  -42.563  42.736 0.0000000000
8595  10.297  -45.522  42.978 0.0000000000
81328  9.229  -48.259  42.306 0.0000000000
70768  7.809  -49.037  41.512 0.0000000000
81823  16.446  -35.298  34.112 0.0000000000
14736  16.689  -32.831  31.602 0.0000000000
13602  14.580  -35.246  34.836 0.0000000000
13603  13.318  -34.791  34.830 0.0000000000
13588  13.061  -34.690  35.878 0.0000000000
287  25.821  -71.318  38.889 0.0000000000
400  25.517  -70.464  38.643 0.0000000000
280  24.565  -71.428  40.134 0.0000000000
70140  22.992  -67.622  36.918 0.0000000000
70151  22.327  -67.114  37.687 0.0000000000
71287  22.938  -65.245  36.586 0.0000000000
86229  22.155  -62.822  34.628 0.0000000000
83409  20.211  -63.094  34.464 0.0000000000
71545  21.352  -62.616  37.515 0.0000000000
70222  21.898  -62.377  36.953 0.0000000000
70215  20.951  -62.557  36.029 0.0000000000
1939  14.217  -64.120  33.363 0.0000000000
3142  17.805  -59.482  33.325 0.0000000000
85990  18.074  -54.682  37.373 0.0000000000
3842  22.909  -57.748  36.402 0.0000000000
3834  23.384  -57.294  36.976 0.0000000000
4609  25.230  -54.906  37.094 0.0000000000
5392  26.124  -53.376  35.637 0.0000000000
4997  21.644  -54.485  35.574 0.0000000000
6090  20.146  -51.405  37.287 0.0000000000
8608  19.139  -44.468  40.736 0.0000000000
9028  18.593  -43.711  40.334 0.0000000000
9481  18.081  -42.853  40.234 0.0000000000
13633  19.884  -34.699  32.939 0.0000000000
15849  21.188  -31.273  30.699 0.0000000000
80814  26.295  -76.790  36.003 0.0000000000
80891  27.624  -74.082  36.085 0.0000000000
81210  26.622  -76.072  35.043 0.0000000000
70058  27.431  -69.869  35.451 0.0000000000
70069  27.960  -70.254  34.978 0.0000000000
71529  28.571  -70.241  33.812 0.0000000000
82403  29.306  -71.283  33.025 0.0000000000
72755  29.154  -68.953  31.927 0.0000000000
70074  29.140  -66.178  33.143 0.0000000000
1400  17.227  -66.198  31.425 0.0000000000
1166  15.973  -67.179  30.331 0.0000000000
1437  13.745  -67.471  27.280 0.0000000000
1436  15.208  -66.874  28.286 0.0000000000
1435  17.262  -66.182  28.827 0.0000000000
1421  18.795  -66.181  29.604 0.0000000000
1409  19.925  -66.074  30.130 0.0000000000
72384  20.223  -64.992  30.043 0.0000000000
84875  20.327  -64.271  29.796 0.0000000000
1432  20.727  -66.366  28.412 0.0000000000
80482  20.646  -64.896  29.268 0.0000000000
2279  20.312  -61.816  30.777 0.0000000000
2572  22.154  -61.325  31.671 0.0000000000
2571  23.050  -61.625  31.571 0.0000000000
2338  15.436  -63.140  22.659 0.0000000000
2023  15.680  -63.485  22.870 0.0000000000
2336  18.395  -62.917  22.005 0.0000000000
2022  17.008  -63.531  22.678 0.0000000000
2632  19.706  -62.168  25.374 0.0000000000
2320  20.164  -63.152  24.258 0.0000000000
2003  20.337  -64.103  23.807 0.0000000000
73209  20.081  -64.568  24.740 0.0000000000
1991  20.466  -65.085  25.642 0.0000000000
2611  19.646  -61.842  28.547 0.0000000000
2598  19.963  -61.224  29.549 0.0000000000
77712  19.824  -62.224  29.307 0.0000000000
2854  21.105  -60.806  30.956 0.0000000000
75150  23.943  -61.975  31.424 0.0000000000
2556  26.374  -61.469  32.512 0.0000000000
2555  26.983  -61.265  32.788 0.0000000000
86026  27.867  -61.202  32.800 0.0000000000
84094  13.459  -53.992  37.810 0.0000000000
6085  13.473  -52.247  40.153 0.0000000000
83932  13.097  -53.041  39.604 0.0000000000
84090  13.879  -53.834  37.434 0.0000000000
70234  13.773  -53.054  37.238 0.0000000000
70243  14.842  -52.574  36.447 0.0000000000
7196  13.736  -49.031  38.760 0.0000000000
6866  13.143  -49.421  37.873 0.0000000000
6468  13.384  -50.512  37.725 0.0000000000
6478  13.130  -50.751  37.024 0.0000000000
82094  13.461  -51.413  36.929 0.0000000000
6477  14.001  -51.332  36.203 0.0000000000
71158  15.830  -51.531  35.703 0.0000000000
6495  16.055  -50.858  35.053 0.0000000000
73387  16.574  -50.825  34.300 0.0000000000
6501  15.271  -50.375  33.630 0.0000000000
6534  15.949  -51.033  31.940 0.0000000000
6148  16.591  -51.658  31.424 0.0000000000
393  20.717  -71.962  39.187 0.0000000000
1176  20.367  -66.700  28.710 0.0000000000
1187  20.331  -66.611  28.031 0.0000000000
1192  10.908  -69.139  27.366 0.0000000000
1392  21.830  -67.505  31.074 0.0000000000
1668  22.865  -67.134  30.742 0.0000000000
2215  27.609  -63.012  34.862 0.0000000000
2233  26.638  -62.427  34.542 0.0000000000
2266  21.659  -62.380  32.530 0.0000000000
2321  12.226  -62.916  24.271 0.0000000000
2329  12.689  -62.735  23.870 0.0000000000
2337  17.344  -63.170  22.216 0.0000000000
2562  20.976  -61.736  31.854 0.0000000000
2573  21.325  -61.199  31.504 0.0000000000
2574  20.705  -61.282  31.091 0.0000000000
2653  19.290  -61.313  21.658 0.0000000000
2852  22.695  -61.103  31.079 0.0000000000
2885  12.372  -59.530  29.652 0.0000000000
2893  17.328  -60.348  27.872 0.0000000000
2906  17.128  -60.339  27.131 0.0000000000
2921  16.726  -59.849  26.358 0.0000000000
2924  12.081  -60.819  25.702 0.0000000000
2934  16.948  -58.963  25.174 0.0000000000
3247  13.567  -59.452  25.352 0.0000000000
3486  10.152  -57.947  37.157 0.0000000000
3492  10.361  -60.230  36.442 0.0000000000
3526  14.058  -57.902  31.163 0.0000000000
3534  14.133  -57.373  30.110 0.0000000000
3547  16.406  -58.544  29.317 0.0000000000
3548  15.125  -58.131  29.635 0.0000000000
3559  17.639  -58.923  28.430 0.0000000000
3560  17.074  -59.435  28.833 0.0000000000
3838  10.756  -57.964  37.658 0.0000000000
3886  13.878  -57.655  31.109 0.0000000000
3893  12.351  -56.253  31.585 0.0000000000
4197  10.205  -57.034  36.896 0.0000000000
4215  10.851  -54.550  33.959 0.0000000000
4231  11.764  -55.513  31.816 0.0000000000
4243  12.807  -56.659  31.152 0.0000000000
4244  11.741  -55.982  31.375 0.0000000000
4265  11.783  -56.106  31.331 0.0000000000
4266  11.611  -56.092  31.190 0.0000000000
4637  11.232  -54.177  33.303 0.0000000000
4659  11.671  -54.894  32.390 0.0000000000
5412  16.413  -53.444  34.578 0.0000000000
5746  13.862  -52.764  40.370 0.0000000000
5793  16.939  -52.498  34.861 0.0000000000
6494  16.678  -51.227  34.986 0.0000000000
6500  16.147  -50.555  33.597 0.0000000000
6845  14.971  -49.841  42.579 0.0000000000
7169  14.776  -48.987  42.873 0.0000000000
7181  14.687  -49.332  42.531 0.0000000000
7182  14.704  -49.310  42.436 0.0000000000
7485  14.680  -47.980  41.202 0.0000000000
7809  15.523  -47.312  42.784 0.0000000000
7825  16.934  -45.987  40.405 0.0000000000
9006  11.965  -43.153  43.155 0.0000000000
9993  8.440  -42.564  42.566 0.0000000000
10004  12.578  -40.931  41.863 0.0000000000
11132  11.694  -38.761  41.376 0.0000000000
11733  9.868  -37.745  41.049 0.0000000000
11734  8.787  -37.870  41.090 0.0000000000
12933  9.580  -35.491  40.383 0.0000000000
12963  16.756  -34.210  36.577 0.0000000000
13552  11.571  -34.091  38.704 0.0000000000
14120  16.825  -33.908  37.156 0.0000000000
70225  9.436  -60.229  35.136 0.0000000000
70231  14.011  -55.190  37.979 0.0000000000
70239  15.855  -53.940  35.004 0.0000000000
70244  16.594  -52.265  35.518 0.0000000000
70331  14.855  -49.388  42.877 0.0000000000
71107  11.671  -56.009  31.324 0.0000000000
71118  22.008  -68.862  31.687 0.0000000000
71129  11.446  -54.337  33.055 0.0000000000
71367  20.053  -72.181  37.921 0.0000000000
71569  12.335  -53.812  38.592 0.0000000000
72139  13.125  -49.739  42.625 0.0000000000
72299  20.307  -66.349  27.235 0.0000000000
73405  13.217  -59.207  26.661 0.0000000000
74291  12.833  -54.916  33.354 0.0000000000
75461  15.893  -52.240  35.929 0.0000000000
78833  15.656  -53.645  36.294 0.0000000000
79646  14.170  -57.878  29.791 0.0000000000
80809  12.768  -56.043  32.232 0.0000000000
80853  11.798  -54.970  32.911 0.0000000000
81121  16.415  -45.694  40.037 0.0000000000
81269  13.428  -53.105  40.075 0.0000000000
81323  11.991  -55.928  34.423 0.0000000000
81325  11.876  -55.954  31.517 0.0000000000
81904  16.509  -35.119  38.126 0.0000000000
85028  13.985  -49.248  40.933 0.0000000000
