#Insight Transform File V1.0
#Transform 0
Transform: AffineTransform_float_3_3
Parameters: 0.999998 0.00069277 -0.00183833 -0.000691231 1 0.000963273 0.00183867 -0.000961728 0.999998 0.0705792 -0.0304029 -0.0412594
FixedParameters: 0 0 0

#Transform 1
Transform: AffineTransform_float_3_3
Parameters: 0.999998 0.00069277 -0.00183833 -0.000691231 1 0.000963273 0.00183867 -0.000961728 0.999998 0.0705714 -0.0274767 -0.0359132
FixedParameters: 0 0 0

#Transform 2
Transform: AffineTransform_float_3_3
Parameters: 0.999998 0.000564176 -0.00183864 -0.000562824 0.999999 0.000640036 0.00183936 -0.000638963 0.999998 0.0789199 -0.0272681 -0.0365795
FixedParameters: 0 0 0

#Transform 3
Transform: AffineTransform_float_3_3
Parameters: 0.999998 0.000412851 -0.00183859 -0.000411149 1 0.00100676 0.00183941 -0.00100624 0.999998 0.0884813 -0.0419597 -0.00719405
FixedParameters: 0 0 0

#Transform 4
Transform: AffineTransform_float_3_3
Parameters: 0.999999 0.000349005 -0.00143476 -0.000347993 0.999999 0.0007015 0.00143524 -0.000700499 0.999998 0.0756911 -0.0293626 -0.0271533
FixedParameters: 0 0 0

#Transform 5
Transform: AffineTransform_float_3_3
Parameters: 0.999999 0.000436103 -0.00144867 -0.000434896 0.999999 0.00076263 0.00144833 -0.000761369 0.999998 0.085339 -0.0319555 -0.000927448
FixedParameters: 0 0 0

#Transform 6
Transform: AffineTransform_float_3_3
Parameters: 1 0.000169866 -0.00119788 -0.000169134 0.999999 0.000723203 0.00119812 -0.000722797 0.999999 0.075666 -0.0256155 0.00818138
FixedParameters: 0 0 0

#Transform 7
Transform: AffineTransform_float_3_3
Parameters: 1 0.000329685 -0.000956765 -0.000329315 0.999999 0.000716315 0.000957237 -0.000715685 1 0.0610629 -0.0298336 0.00760799
FixedParameters: 0 0 0

#Transform 8
Transform: AffineTransform_float_3_3
Parameters: 1 0.000355567 -0.000987797 -0.000354433 1 0.00057435 0.000988204 -0.000573649 1 0.0582603 -0.0241172 -0.0100301
FixedParameters: 0 0 0

#Transform 9
Transform: AffineTransform_float_3_3
Parameters: 0.999999 -0.00166035 -0.000832298 0.00166065 0.999999 0.00078062 0.000830703 -0.000782381 1 0.146991 -0.0278404 0.0545547
FixedParameters: 0 0 0

#Transform 10
Transform: AffineTransform_float_3_3
Parameters: 1 0.00035211 -0.000472918 -0.00035189 1 0.000233166 0.000473082 -0.000232833 1 0.0642814 -0.0103997 0.0258188
FixedParameters: 0 0 0

#Transform 11
Transform: AffineTransform_float_3_3
Parameters: 1 0.000317166 -0.000436879 -0.000317834 1 0.000380139 0.000437121 -0.000379861 1 0.0433123 -0.0243207 -0.000369332
FixedParameters: 0 0 0

#Transform 12
Transform: AffineTransform_float_3_3
Parameters: 1 0.000399018 -0.000569987 -0.000398982 1 3.12274e-05 0.000570012 -3.17726e-05 1 0.067921 -0.00234595 0.00403819
FixedParameters: 0 0 0

#Transform 13
Transform: AffineTransform_float_3_3
Parameters: 1 0.000467076 -0.00110455 -0.000465924 1 0.000974516 0.00110545 -0.000973485 0.999999 0.0684334 -0.0784897 0.0212686
FixedParameters: 0 0 0

#Transform 14
Transform: AffineTransform_float_3_3
Parameters: 1 0.000324098 -0.000569944 -0.000323902 1 0.000172185 0.000570055 -0.000171815 1 0.0489351 -0.0194049 0.0438621
FixedParameters: 0 0 0

#Transform 15
Transform: AffineTransform_float_3_3
Parameters: 0.999999 0.000620506 -0.000459316 -0.000619493 0.999999 0.00110229 0.000460683 -0.00110172 1 -0.0142461 -0.0817092 -0.0522664
FixedParameters: 0 0 0

#Transform 16
Transform: AffineTransform_float_3_3
Parameters: 0.999999 0.000468127 -0.00119917 -0.000465873 0.999999 0.00177356 0.00119983 -0.00177244 0.999997 0.0479431 -0.0733329 -0.0607132
FixedParameters: 0 0 0

#Transform 17
Transform: AffineTransform_float_3_3
Parameters: 1 0.000466515 -0.000953749 -0.000466485 0.999999 0.000540445 0.000954253 -0.000539555 1 0.0380027 -0.0170484 -0.0545376
FixedParameters: 0 0 0

#Transform 18
Transform: AffineTransform_float_3_3
Parameters: 1 0.000466111 -0.000241786 -0.000465889 1 0.000460113 0.000241214 -0.000459887 1 0.00892847 -0.0198675 0.0124208
FixedParameters: 0 0 0

#Transform 19
Transform: AffineTransform_float_3_3
Parameters: 1 0.000180267 -0.000519907 -0.000179733 1 0.000513093 0.000520092 -0.000513906 0.999999 0.0388158 -0.0213933 -0.0273133
FixedParameters: 0 0 0

#Transform 20
Transform: AffineTransform_float_3_3
Parameters: 1 0.000321061 -0.000225913 -0.000321939 1 0.000271073 0.000226087 -0.000270927 1 0.00565297 -0.0119394 -0.0218187
FixedParameters: 0 0 0

#Transform 21
Transform: AffineTransform_float_3_3
Parameters: 1 4.41497e-05 -0.000519987 -4.38502e-05 1 0.000288023 0.000520012 -0.000287977 1 0.0227068 -0.0119374 -0.00707316
FixedParameters: 0 0 0

#Transform 22
Transform: AffineTransform_float_3_3
Parameters: 0.999999 0.000694371 0.000316384 -0.00069463 0.999998 0.00199178 -0.000315617 -0.00199222 0.999998 -0.0151333 -0.0826994 -0.0347482
FixedParameters: 0 0 0

#Transform 23
Transform: AffineTransform_float_3_3
Parameters: 1 -0.00024897 -6.4115e-05 0.000249029 1 0.000461984 6.38849e-05 -0.000462016 1 -0.0233921 -0.00793111 0.00378382
FixedParameters: 0 0 0

#Transform 24
Transform: AffineTransform_float_3_3
Parameters: 1 -0.000648785 0.00086916 0.000649214 1 -0.000246436 -0.000868839 0.000247564 0.999999 -0.0502153 0.0116594 -0.0231065
FixedParameters: 0 0 0

#Transform 25
Transform: AffineTransform_float_3_3
Parameters: 1 -0.000741631 0.000800342 0.000742369 0.999999 -0.000460406 -0.000799658 0.000461593 0.999999 -0.042386 0.0206523 -0.0114326
FixedParameters: 0 0 0

#Transform 26
Transform: AffineTransform_float_3_3
Parameters: 0.999999 -0.000649444 0.00048741 0.000649556 1 0.000909318 -0.000488591 -0.000909684 1 -0.0141728 -0.0353946 0.0522699
FixedParameters: 0 0 0

#Transform 27
Transform: AffineTransform_float_3_3
Parameters: 0.999999 -0.000652017 0.00113127 0.000648985 0.999996 0.00266474 -0.00113273 -0.00266426 0.999996 -0.0636936 -0.0676098 0.177505
FixedParameters: 0 0 0

#Transform 28
Transform: AffineTransform_float_3_3
Parameters: 1 -0.000108122 0.000194933 0.000107878 1 0.000624021 -0.000195067 -0.000623979 1 -0.0321299 -0.0192358 0.0788401
FixedParameters: 0 0 0

#Transform 29
Transform: AffineTransform_float_3_3
Parameters: 1 -0.000160195 0.000610949 0.000159805 1 0.000319098 -0.000611051 -0.000318902 1 -0.0487151 -0.00821591 0.0759968
FixedParameters: 0 0 0

#Transform 30
Transform: AffineTransform_float_3_3
Parameters: 0.999999 -0.00064912 0.000287729 0.00064988 0.999999 0.000418187 -0.000287272 -0.000417813 1 -0.0155038 -0.0109821 0.0774274
FixedParameters: 0 0 0

#Transform 31
Transform: AffineTransform_float_3_3
Parameters: 0.999999 -0.000432343 0.000821819 0.000431656 1 0.000418355 -0.00082218 -0.000417644 0.999999 -0.0385166 -0.0115831 0.0955599
FixedParameters: 0 0 0

#Transform 32
Transform: AffineTransform_float_3_3
Parameters: 1 -0.000515282 0.000821823 0.000514718 1 0.000343423 -0.000822177 -0.000342576 0.999999 -0.0379008 -0.00832493 0.137931
FixedParameters: 0 0 0

#Transform 33
Transform: AffineTransform_float_3_3
Parameters: 0.999999 -0.000648917 0.000713075 0.000649083 1 -0.000116537 -0.000712924 0.000116463 0.999999 -0.0328236 -0.00738462 0.107671
FixedParameters: 0 0 0

#Transform 34
Transform: AffineTransform_float_3_3
Parameters: 0.999999 -0.000422224 0.000604843 0.000421776 1 0.000370255 -0.000604156 -0.000369745 0.999999 -0.029711 -0.00965336 0.115701
FixedParameters: 0 0 0

#Transform 35
Transform: AffineTransform_float_3_3
Parameters: 1 -0.000649006 0.000743995 0.000648994 1 8.48285e-06 -0.000744005 -7.51714e-06 0.999999 -0.034024 -0.0031473 0.113162
FixedParameters: 0 0 0

#Transform 36
Transform: AffineTransform_float_3_3
Parameters: 0.999999 -0.000648688 0.000637316 0.000649311 0.999999 -0.000487586 -0.000637683 0.000488414 0.999999 -0.0297799 0.00961123 0.11039
FixedParameters: 0 0 0

#Transform 37
Transform: AffineTransform_float_3_3
Parameters: 1 -0.000648636 0.000637371 0.000649365 0.999999 -0.000571586 -0.000637629 0.000572413 0.999999 -0.0199108 0.00886291 0.109916
FixedParameters: 0 0 0

#Transform 38
Transform: AffineTransform_float_3_3
Parameters: 0.999999 -0.000648691 0.000637314 0.000649309 0.999999 -0.000484586 -0.000637685 0.000484414 0.999999 -0.0297993 0.025666 0.110479
FixedParameters: 0 0 0

#Transform 39
Transform: AffineTransform_float_3_3
Parameters: 1 -0.00092958 0.000637612 0.000929421 1 -0.000658408 -0.000637387 0.000659593 0.999999 -0.0114662 0.00965853 0.113487
FixedParameters: 0 0 0

#Transform 40
Transform: AffineTransform_float_3_3
Parameters: 0.999999 -0.000992212 0.000887882 0.000992789 0.999999 -0.00088812 -0.000887119 0.000888881 0.999999 -0.00597127 0.0154762 0.127554
FixedParameters: 0 0 0

#Transform 41
Transform: AffineTransform_float_3_3
Parameters: 0.999999 -0.000648306 0.000637705 0.000649693 0.999999 -0.00108759 -0.000637293 0.00108841 0.999999 -0.00827762 0.0284415 0.126948
FixedParameters: 0 0 0

#Transform 42
Transform: AffineTransform_float_3_3
Parameters: 0.999999 -0.00108506 0.0006386 0.00108594 0.999999 -0.00147331 -0.0006374 0.00147469 0.999998 0.000679711 0.0283131 0.0976603
FixedParameters: 0 0 0

#Transform 43
Transform: AffineTransform_float_3_3
Parameters: 0.999998 -0.000713276 0.00142037 0.000715725 0.999998 -0.00191799 -0.00141963 0.00191902 0.999997 -0.00155328 0.0510629 0.089982
FixedParameters: 0 0 0

#Transform 44
Transform: AffineTransform_float_3_3
Parameters: 0.999999 -0.000725994 0.00072301 0.000727004 0.999999 -0.00139047 -0.000721989 0.00139152 0.999999 0.0238629 0.0337087 0.1321
FixedParameters: 0 0 0

#Transform 45
Transform: AffineTransform_float_3_3
Parameters: 1 -0.00075983 0.000685301 0.000761171 0.999998 -0.00170948 -0.0006837 0.00171052 0.999999 0.0134985 0.0586972 0.102369
FixedParameters: 0 0 0

#Transform 46
Transform: AffineTransform_float_3_3
Parameters: 0.999999 -0.000934411 0.000375468 0.000934588 0.999999 -0.00157065 -0.000373532 0.00157135 0.999998 0.0291365 0.0343751 0.0874653
FixedParameters: 0 0 0

#Transform 47
Transform: AffineTransform_float_3_3
Parameters: 0.999999 -0.000621982 0.000585084 0.000623017 0.999999 -0.00174064 -0.000583916 0.00174136 0.999999 0.0165951 0.0457265 0.085998
FixedParameters: 0 0 0

#Transform 48
Transform: AffineTransform_float_3_3
Parameters: 1 -0.000474198 0.00048778 0.000475802 0.999998 -0.00164477 -0.000487218 0.00164523 0.999998 0.0196335 0.0517147 0.0982852
FixedParameters: 0 0 0

#Transform 49
Transform: AffineTransform_float_3_3
Parameters: 0.999999 -0.000507969 0.000797657 0.00050903 0.999999 -0.00129259 -0.000796342 0.0012934 0.999999 0.0100212 0.0279564 0.0946223
FixedParameters: 0 0 0

#Transform 50
Transform: AffineTransform_float_3_3
Parameters: 0.999999 -0.000508223 0.00053374 0.000509777 0.999999 -0.00145573 -0.000533258 0.00145627 0.999999 0.0276004 0.0342599 0.0877335
FixedParameters: 0 0 0

#Transform 51
Transform: AffineTransform_float_3_3
Parameters: 0.999999 -0.000508116 0.000506888 0.000509885 0.999999 -0.00174674 -0.00050611 0.00174626 0.999999 0.0290267 0.0555922 0.0987916
FixedParameters: 0 0 0

#Transform 52
Transform: AffineTransform_float_3_3
Parameters: 1 -0.0005082 0.000431943 0.0005098 0.999998 -0.00185478 -0.000431055 0.00185522 0.999998 0.0393663 0.0595394 0.102051
FixedParameters: 0 0 0

#Transform 53
Transform: AffineTransform_float_3_3
Parameters: 1 -0.000508758 0.000122015 0.000509242 0.999998 -0.00199394 -0.000120985 0.00199406 0.999998 0.053644 0.0562376 0.101831
FixedParameters: 0 0 0

#Transform 54
Transform: AffineTransform_float_3_3
Parameters: 0.999999 -0.0005079 0.000615909 0.0005091 0.999999 -0.00178769 -0.000615091 0.00178731 0.999998 0.0358368 0.05586 0.122691
FixedParameters: 0 0 0

#Transform 55
Transform: AffineTransform_float_3_3
Parameters: 0.999999 -0.000507912 0.000605913 0.000509086 0.999999 -0.00179569 -0.000604087 0.00179631 0.999998 0.0290234 0.0482013 0.118988
FixedParameters: 0 0 0

#Transform 56
Transform: AffineTransform_float_3_3
Parameters: 0.999999 -0.00050809 0.000507913 0.000508911 0.999999 -0.00179474 -0.000507088 0.00179426 0.999999 0.037087 0.0479618 0.0985218
FixedParameters: 0 0 0

#Transform 57
Transform: AffineTransform_float_3_3
Parameters: 1 -0.000508699 0.000158965 0.000509301 0.999998 -0.00189592 -0.000158035 0.00189608 0.999998 0.0507417 0.0533104 0.13041
FixedParameters: 0 0 0

#Transform 58
Transform: AffineTransform_float_3_3
Parameters: 1 -0.000508638 0.000352523 0.000509363 1 -0.00102782 -0.000352477 0.00102818 1 0.0384429 0.00943852 0.148965
FixedParameters: 0 0 0

#Transform 59
Transform: AffineTransform_float_3_3
Parameters: 0.999999 0.00107466 0.00112441 -0.00107333 0.999999 -0.00148021 -0.00112659 0.00147879 0.999999 -0.0155304 0.0456117 0.167675
FixedParameters: 0 0 0

#Transform 60
Transform: AffineTransform_float_3_3
Parameters: 1 0.000452925 0.00052921 -0.000452074 0.999999 -0.00174624 -0.000530791 0.00174676 0.999999 0.0123612 0.0559973 0.141271
FixedParameters: 0 0 0

#Transform 61
Transform: AffineTransform_float_3_3
Parameters: 0.999999 -8.92187e-05 0.00077809 8.9781e-05 0.999999 -0.00100393 -0.00077791 0.00100407 0.999999 0.0279246 0.0180987 0.171352
FixedParameters: 0 0 0

#Transform 62
Transform: AffineTransform_float_3_3
Parameters: 0.999999 -8.91462e-05 0.000911084 8.98544e-05 0.999999 -0.000936918 -0.000911916 0.000937081 0.999999 0.0241525 0.0113423 0.171414
FixedParameters: 0 0 0

#Transform 63
Transform: AffineTransform_float_3_3
Parameters: 0.999999 -8.89518e-05 0.000737127 9.00479e-05 0.999999 -0.00142193 -0.000736872 0.00142207 0.999998 0.0247858 0.048756 0.135939
FixedParameters: 0 0 0

#Transform 64
Transform: AffineTransform_float_3_3
Parameters: 0.999999 -0.000262763 0.000911357 0.000264237 0.999999 -0.00135676 -0.000911642 0.00135724 0.999998 0.019101 0.0465612 0.142557
FixedParameters: 0 0 0

#Transform 65
Transform: AffineTransform_float_3_3
Parameters: 0.999999 -0.000508339 0.000607554 0.000509662 1 -0.00108869 -0.000607446 0.00108831 0.999999 0.0281687 0.0258963 0.171278
FixedParameters: 0 0 0

#Transform 66
Transform: AffineTransform_float_3_3
Parameters: 0.999999 -0.000507979 0.000911569 0.000509021 0.999999 -0.00111954 -0.00091143 0.00112046 0.999999 0.0331206 0.0509395 0.170364
FixedParameters: 0 0 0

#Transform 67
Transform: AffineTransform_float_3_3
Parameters: 0.999999 -0.000507811 0.000911662 0.000509188 0.999999 -0.00130354 -0.000911336 0.00130446 0.999998 0.022782 0.058478 0.148734
FixedParameters: 0 0 0

#Transform 68
Transform: AffineTransform_float_3_3
Parameters: 1 -0.000507812 0.000911663 0.000509189 0.999999 -0.00130354 -0.000911337 0.00130446 0.999998 0.0298331 0.0383217 0.169291
FixedParameters: 0 0 0

#Transform 69
Transform: AffineTransform_float_3_3
Parameters: 0.999999 -0.000507783 0.000911678 0.000509217 0.999999 -0.00133454 -0.00091132 0.00133546 0.999998 0.0364831 0.0436301 0.169072
FixedParameters: 0 0 0

#Transform 70
Transform: AffineTransform_float_3_3
Parameters: 0.999999 -0.00050786 0.000911635 0.000509139 0.999999 -0.00124954 -0.000911363 0.00125046 0.999999 0.0324292 0.0562578 0.155374
FixedParameters: 0 0 0

#Transform 71
Transform: AffineTransform_float_3_3
Parameters: 0.999999 -0.000404017 0.000707562 0.000404983 0.999999 -0.00138971 -0.000707438 0.00138929 0.999999 0.0277137 0.0617084 0.15429
FixedParameters: 0 0 0

#Transform 72
Transform: AffineTransform_float_3_3
Parameters: 1 -0.000508804 0.000141707 0.000509195 0.999999 -0.00138993 -0.000140293 0.00138907 0.999999 0.0698458 0.041896 0.170624
FixedParameters: 0 0 0

#Transform 73
Transform: AffineTransform_float_3_3
Parameters: 1 -0.000508126 0.000484917 0.000509874 0.999998 -0.00180275 -0.000484081 0.00180325 0.999999 0.0660192 0.0788785 0.142574
FixedParameters: 0 0 0

#Transform 74
Transform: AffineTransform_float_3_3
Parameters: 1 -0.000507353 0.000911919 0.000509647 0.999998 -0.00180654 -0.000911081 0.00180746 0.999998 0.0523145 0.0745817 0.15602
FixedParameters: 0 0 0

#Transform 75
Transform: AffineTransform_float_3_3
Parameters: 1 -0.000596895 0.000911725 0.000598107 0.999999 -0.00121346 -0.000911275 0.00121354 0.999999 0.0468039 0.054976 0.173703
FixedParameters: 0 0 0

#Transform 76
Transform: AffineTransform_float_3_3
Parameters: 0.999999 -0.000508234 0.000491793 0.000509766 0.999998 -0.00155875 -0.000491206 0.00155825 0.999998 0.0755995 0.0406591 0.159788
FixedParameters: 0 0 0

#Transform 77
Transform: AffineTransform_float_3_3
Parameters: 0.999999 -0.000507768 0.000648965 0.000509231 0.999998 -0.00189867 -0.000648034 0.00189933 0.999998 0.065412 0.0621998 0.14948
FixedParameters: 0 0 0

#Transform 78
Transform: AffineTransform_float_3_3
Parameters: 1 -0.000508208 0.000490822 0.000509791 0.999998 -0.00161575 -0.000489177 0.00161525 0.999998 0.0641583 0.0452939 0.153387
FixedParameters: 0 0 0

#Transform 79
Transform: AffineTransform_float_3_3
Parameters: 0.999999 -0.000507757 0.000769821 0.000509243 0.999998 -0.00161561 -0.000769178 0.00161539 0.999999 0.052699 0.0502359 0.1367
FixedParameters: 0 0 0

#Transform 80
Transform: AffineTransform_float_3_3
Parameters: 1 -0.000508073 0.000487967 0.000509927 0.999998 -0.00190175 -0.000487031 0.00190225 0.999998 0.0719683 0.0755897 0.1356
FixedParameters: 0 0 0

#Transform 81
Transform: AffineTransform_float_3_3
Parameters: 0.999999 -0.000508047 0.000568852 0.000509953 0.999999 -0.00167571 -0.000568146 0.00167629 0.999999 0.0687356 0.0456814 0.19335
FixedParameters: 0 0 0

#Transform 82
Transform: AffineTransform_float_3_3
Parameters: 1 -0.000507528 0.000911821 0.000509472 0.999998 -0.00161454 -0.000911179 0.00161546 0.999999 0.0815288 0.0302631 0.250061
FixedParameters: 0 0 0

#Transform 83
Transform: AffineTransform_float_3_3
Parameters: 0.999999 -0.00113421 0.00133338 0.00113679 0.999997 -0.00209249 -0.00133162 0.00209451 0.999997 0.0744606 0.0487312 0.259111
FixedParameters: 0 0 0

#Transform 84
Transform: AffineTransform_float_3_3
Parameters: 1 -0.000910205 0.000794064 0.000911796 0.999997 -0.00226428 -0.000791938 0.00226472 0.999997 0.0950181 0.0612866 0.227959
FixedParameters: 0 0 0

#Transform 85
Transform: AffineTransform_float_3_3
Parameters: 0.999995 -0.0026615 0.00183482 0.0026605 0.999996 0.000819886 -0.00183718 -0.000815115 0.999998 -0.149405 0.0352223 -0.568022
FixedParameters: 0 0 0

#Transform 86
Transform: AffineTransform_float_3_3
Parameters: 0.999992 0.0008197 -0.00390283 -0.000882305 0.999867 -0.0162457 0.00388918 0.0162483 0.999861 -0.112329 0.380108 -2.90873
FixedParameters: 0 0 0

#Transform 87
Transform: AffineTransform_float_3_3
Parameters: 0.999997 0.000666162 -0.00215207 -0.000706836 0.999818 -0.0190315 0.00213893 0.0190325 0.999816 0.00652332 0.573764 -2.3577
FixedParameters: 0 0 0

#Transform 88
Transform: AffineTransform_float_3_3
Parameters: 0.999992 -0.000284199 -0.00403598 0.000283804 1 -4.91458e-05 0.00403601 4.88534e-05 0.999992 -0.0634733 -0.183687 -1.62519
FixedParameters: 0 0 0

#Transform 89
Transform: AffineTransform_float_3_3
Parameters: 0.999993 0.000273825 -0.00390737 -0.000278175 0.999999 -0.00132392 0.00390663 0.00132508 0.999991 0.0245552 0.112853 -0.284097
FixedParameters: 0 0 0

#Transform 90
Transform: AffineTransform_float_3_3
Parameters: 0.999993 -0.000446595 -0.00369203 0.000455406 0.999998 0.00227633 0.00369097 -0.00227766 0.99999 0.118963 -0.0494398 -0.0379376
FixedParameters: 0 0 0

#Transform 91
Transform: AffineTransform_float_3_3
Parameters: 0.999994 -0.000725377 -0.00332079 0.000728626 0.999999 0.00109059 0.00332021 -0.00109241 0.999994 0.098749 0.0203455 0.0133885
FixedParameters: 0 0 0

#Transform 92
Transform: AffineTransform_float_3_3
Parameters: 0.999996 -0.000715979 -0.00293525 0.000717021 0.999999 0.000346897 0.00293475 -0.000349103 0.999995 0.0830138 0.0593987 0.0117465
FixedParameters: 0 0 0

#Transform 93
Transform: AffineTransform_float_3_3
Parameters: 0.999995 -0.000571814 -0.00303422 0.000573184 1 0.000389263 0.00303378 -0.000391737 0.999996 0.10758 0.0388623 0.0286801
FixedParameters: 0 0 0

#Transform 94
Transform: AffineTransform_float_3_3
Parameters: 0.999995 -0.000571947 -0.00309819 0.00057305 1 0.000338226 0.00309781 -0.000340773 0.999995 0.112703 0.04093 0.0285348
FixedParameters: 0 0 0

#Transform 95
Transform: AffineTransform_float_3_3
Parameters: 0.999995 -0.000570625 -0.00333141 0.000573375 0.999999 0.000712094 0.00333059 -0.000713904 0.999994 0.126663 0.0258027 0.0675283
FixedParameters: 0 0 0

#Transform 96
Transform: AffineTransform_float_3_3
Parameters: 0.999995 0.000334688 -0.00291858 -0.000330312 0.999999 0.00126397 0.00291942 -0.00126303 0.999995 0.0937783 0.00112221 0.125756
FixedParameters: 0 0 0

#Transform 97
Transform: AffineTransform_float_3_3
Parameters: 0.999995 -2.01111e-05 -0.00317102 2.28896e-05 0.999999 0.000910931 0.00317198 -0.000911068 0.999994 0.114175 0.0163518 0.095379
FixedParameters: 0 0 0

#Transform 98
Transform: AffineTransform_float_3_3
Parameters: 0.999995 -0.000449064 -0.00295745 0.000451937 1 0.000992668 0.00295655 -0.000993333 0.999995 0.134926 0.0139955 0.124365
FixedParameters: 0 0 0

#Transform 99
Transform: AffineTransform_float_3_3
Parameters: 0.999998 -0.000453745 -0.00226165 0.000452255 0.999999 -0.000772025 0.00226235 0.000770975 0.999997 0.106207 0.0502151 0.215831
FixedParameters: 0 0 0

#Transform 100
Transform: AffineTransform_float_3_3
Parameters: 0.999994 -0.000932804 -0.00327108 0.000947199 0.99999 0.00434193 0.00326692 -0.00434407 0.999985 0.182068 -0.203497 0.527299
FixedParameters: 0 0 0

#Transform 101
Transform: AffineTransform_float_3_3
Parameters: 0.999995 0.000943509 -0.00308751 -0.000932492 0.999992 0.0037269 0.0030905 -0.0037241 0.999989 0.063767 -0.133853 0.413549
FixedParameters: 0 0 0

#Transform 102
Transform: AffineTransform_float_3_3
Parameters: 0.999992 0.00150856 -0.00386145 -0.00150145 0.999998 0.00169981 0.00386456 -0.00169419 0.999991 0.0483431 -0.0575799 0.333336
FixedParameters: 0 0 0

#Transform 103
Transform: AffineTransform_float_3_3
Parameters: 0.999985 0.00180647 -0.00520407 -0.00179853 0.999997 0.00163138 0.00520693 -0.00162162 0.999985 0.0915425 -0.0565821 0.361829
FixedParameters: 0 0 0

#Transform 104
Transform: AffineTransform_float_3_3
Parameters: 0.999984 0.00168928 -0.00536115 -0.00167772 0.999996 0.00229403 0.00536486 -0.00228497 0.999983 0.113982 -0.057453 0.32974
FixedParameters: 0 0 0

#Transform 105
Transform: AffineTransform_float_3_3
Parameters: 0.999988 0.00140923 -0.00456115 -0.00139977 0.999997 0.00202641 0.00456384 -0.00201959 0.999987 0.0970902 -0.0457931 0.336811
FixedParameters: 0 0 0

#Transform 106
Transform: AffineTransform_float_3_3
Parameters: 0.999987 0.00126118 -0.00504697 -0.00125282 0.999998 0.00162334 0.00504904 -0.00161665 0.999986 0.132113 -0.0289335 0.383683
FixedParameters: 0 0 0

#Transform 107
Transform: AffineTransform_float_3_3
Parameters: 0.99999 0.00136897 -0.00411201 -0.00136303 0.999998 0.00145462 0.00411398 -0.00144838 0.99999 0.0930466 -0.0223076 0.350938
FixedParameters: 0 0 0

#Transform 108
Transform: AffineTransform_float_3_3
Parameters: 0.999992 0.000400315 -0.0041132 -0.000391688 0.999998 0.00202163 0.0041138 -0.00202037 0.999989 0.161071 -0.0593618 0.38398
FixedParameters: 0 0 0

#Transform 109
Transform: AffineTransform_float_3_3
Parameters: 0.999986 0.00159422 -0.00504578 -0.00158379 0.999996 0.00202802 0.00504822 -0.00201998 0.999985 0.112914 -0.046223 0.38595
FixedParameters: 0 0 0

#Transform 110
Transform: AffineTransform_float_3_3
Parameters: 0.999989 0.0012051 -0.00455682 -0.0011929 0.999996 0.00265646 0.00456018 -0.00265153 0.999986 0.132891 -0.0937131 0.353294
FixedParameters: 0 0 0

#Transform 111
Transform: AffineTransform_float_3_3
Parameters: 0.999991 0.00117238 -0.00404231 -0.00116963 0.999999 0.000589733 0.00404269 -0.000585266 0.999991 0.105726 -0.000672765 0.301074
FixedParameters: 0 0 0

#Transform 112
Transform: AffineTransform_float_3_3
Parameters: 0.999989 0.000995438 -0.00447902 -0.000991559 0.999999 0.000993452 0.00447998 -0.000988551 0.99999 0.133231 -0.00277237 0.366493
FixedParameters: 0 0 0

#Transform 113
Transform: AffineTransform_float_3_3
Parameters: 0.99999 0.00102034 -0.00438199 -0.00101666 0.999999 0.000993465 0.00438301 -0.000988538 0.99999 0.120581 -0.00283146 0.341542
FixedParameters: 0 0 0

#Transform 114
Transform: AffineTransform_float_3_3
Parameters: 0.99999 0.000872367 -0.00433453 -0.000864636 0.999998 0.00170076 0.00433548 -0.00169724 0.999989 0.106345 -0.0313116 0.363998
FixedParameters: 0 0 0

#Transform 115
Transform: AffineTransform_float_3_3
Parameters: 0.999989 0.000844173 -0.00447828 -0.000834821 0.999997 0.00205076 0.00448072 -0.00204624 0.999988 0.132092 -0.0390736 0.359922
FixedParameters: 0 0 0

#Transform 116
Transform: AffineTransform_float_3_3
Parameters: 0.999991 0.00106659 -0.0041093 -0.00106041 0.999998 0.00160537 0.00411071 -0.00160163 0.999991 0.118769 -0.0106233 0.378155
FixedParameters: 0 0 0

#Transform 117
Transform: AffineTransform_float_3_3
Parameters: 0.999992 0.00117724 -0.00365267 -0.00116976 0.999998 0.00198329 0.00365432 -0.00197871 0.999992 0.106495 -0.0435942 0.379308
FixedParameters: 0 0 0

#Transform 118
Transform: AffineTransform_float_3_3
Parameters: 0.999993 0.00117702 -0.0035877 -0.00116998 0.999998 0.00195821 0.00359029 -0.00195379 0.999991 0.0974638 -0.0263935 0.401089
FixedParameters: 0 0 0

#Transform 119
Transform: AffineTransform_float_3_3
Parameters: 0.999993 0.00102524 -0.00361267 -0.00101676 0.999997 0.00228169 0.00361533 -0.00227731 0.999991 0.109884 -0.0368494 0.427884
FixedParameters: 0 0 0

#Transform 120
Transform: AffineTransform_float_3_3
Parameters: 0.999991 0.000785147 -0.00411577 -0.000768856 0.999991 0.0041652 0.00411924 -0.0041628 0.999983 0.171208 -0.126319 0.738439
FixedParameters: 0 0 0

#Transform 121
Transform: AffineTransform_float_3_3
Parameters: 0.999992 0.00161086 -0.00384073 -0.00159114 0.999986 0.00516816 0.00384927 -0.00516185 0.99998 0.126868 -0.153147 0.725035
FixedParameters: 0 0 0

#Transform 122
Transform: AffineTransform_float_3_3
Parameters: 0.99999 0.00143769 -0.00422568 -0.00141331 0.999982 0.00584003 0.00423332 -0.00583397 0.999974 0.135768 -0.161084 0.690482
FixedParameters: 0 0 0

#Transform 123
Transform: AffineTransform_float_3_3
Parameters: 0.99999 0.00132659 -0.00426357 -0.00130941 0.99999 0.00412662 0.00426844 -0.00412038 0.999983 0.130041 -0.10955 0.599771
FixedParameters: 0 0 0

#Transform 124
Transform: AffineTransform_float_3_3
Parameters: 0.99999 0.00159289 -0.00419788 -0.00157311 0.999988 0.00449865 0.00420511 -0.00449235 0.999981 0.140075 -0.126815 0.603271
FixedParameters: 0 0 0

#Transform 125
Transform: AffineTransform_float_3_3
Parameters: 0.999992 0.00140141 -0.00393084 -0.00138459 0.999989 0.00442748 0.00393717 -0.00442152 0.999983 0.135849 -0.122347 0.605295
FixedParameters: 0 0 0

#Transform 126
Transform: AffineTransform_float_3_3
Parameters: 0.999992 0.000933727 -0.00376088 -0.00091727 0.999989 0.00444748 0.00376511 -0.00444352 0.999983 0.134509 -0.121023 0.601365
FixedParameters: 0 0 0

#Transform 127
Transform: AffineTransform_float_3_3
Parameters: 0.999991 0.00160689 -0.00393095 -0.00159211 0.999992 0.0037873 0.00393705 -0.00378071 0.999985 0.134684 -0.112126 0.567476
FixedParameters: 0 0 0

#Transform 128
Transform: AffineTransform_float_3_3
Parameters: 0.999993 0.00129663 -0.00367087 -0.00128237 0.999991 0.00398574 0.00367614 -0.00398127 0.999986 0.132496 -0.120908 0.561247
FixedParameters: 0 0 0

#Transform 129
Transform: AffineTransform_float_3_3
Parameters: 0.999993 0.0014127 -0.00353314 -0.0014023 0.999995 0.00274698 0.00353686 -0.00274202 0.99999 0.125196 -0.0693292 0.523921
FixedParameters: 0 0 0

#Transform 130
Transform: AffineTransform_float_3_3
Parameters: 0.999993 0.000944619 -0.00341608 -0.000933383 0.999994 0.00310821 0.00341892 -0.00310579 0.99999 0.131548 -0.0844546 0.534191
FixedParameters: 0 0 0

#Transform 131
Transform: AffineTransform_float_3_3
Parameters: 0.999991 0.00122143 -0.00388712 -0.00120857 0.999994 0.00319873 0.00389088 -0.00319428 0.999988 0.14104 -0.0824216 0.548273
FixedParameters: 0 0 0

#Transform 132
Transform: AffineTransform_float_3_3
Parameters: 0.999994 0.000957974 -0.00351776 -0.000946031 0.999994 0.00340335 0.00352024 -0.00340065 0.999988 0.121877 -0.0800805 0.526462
FixedParameters: 0 0 0

#Transform 133
Transform: AffineTransform_float_3_3
Parameters: 0.999994 0.000884672 -0.00351784 -0.000872332 0.999993 0.00360209 0.00352017 -0.00359891 0.999988 0.129647 -0.0821312 0.524989
FixedParameters: 0 0 0

#Transform 134
Transform: AffineTransform_float_3_3
Parameters: 0.999992 0.000884327 -0.00374441 -0.000869673 0.999991 0.00409329 0.00374759 -0.00408972 0.999984 0.147475 -0.108832 0.561392
FixedParameters: 0 0 0

#Transform 135
Transform: AffineTransform_float_3_3
Parameters: 0.999995 0.00119416 -0.00291627 -0.00118584 0.999995 0.00314047 0.00291974 -0.00313753 0.999991 0.11687 -0.0890554 0.498099
FixedParameters: 0 0 0

#Transform 136
Transform: AffineTransform_float_3_3
Parameters: 0.999993 0.00123304 -0.00349377 -0.00122096 0.999994 0.00344729 0.00349823 -0.00344271 0.999988 0.146875 -0.101847 0.501461
FixedParameters: 0 0 0

#Transform 137
Transform: AffineTransform_float_3_3
Parameters: 0.999994 0.00083792 -0.0033045 -0.000828083 0.999995 0.00300175 0.0033065 -0.00299925 0.99999 0.135663 -0.0627531 0.505817
FixedParameters: 0 0 0

#Transform 138
Transform: AffineTransform_float_3_3
Parameters: 0.999992 0.0010645 -0.00381181 -0.0010535 0.999995 0.00301804 0.0038142 -0.00301396 0.999988 0.155288 -0.0753474 0.519611
FixedParameters: 0 0 0

#Transform 139
Transform: AffineTransform_float_3_3
Parameters: 0.999994 0.00098831 -0.00327721 -0.000978691 0.999996 0.00284122 0.00327979 -0.00283778 0.99999 0.111671 -0.0893371 0.54114
FixedParameters: 0 0 0

#Transform 140
Transform: AffineTransform_float_3_3
Parameters: 0.999994 0.000990571 -0.00327653 -0.000978431 0.999994 0.00353123 0.00327948 -0.00352777 0.999989 0.121858 -0.0781333 0.569891
FixedParameters: 0 0 0

#Transform 141
Transform: AffineTransform_float_3_3
Parameters: 0.999994 0.00134469 -0.00320153 -0.00133431 0.999993 0.00333829 0.00320547 -0.00333371 0.99999 0.121845 -0.0857309 0.542207
FixedParameters: 0 0 0

#Transform 142
Transform: AffineTransform_float_3_3
Parameters: 0.999992 0.00234604 -0.00318864 -0.00233597 0.999993 0.00314647 0.00319536 -0.00313953 0.99999 0.0844721 -0.0918021 0.559318
FixedParameters: 0 0 0

#Transform 143
Transform: AffineTransform_float_3_3
Parameters: 0.999988 -0.00320616 0.00353139 0.00318984 0.999985 0.00457332 -0.00354561 -0.00456169 0.999984 0.258285 -0.177631 0.634442
FixedParameters: 0 0 0

#Transform 144
Transform: AffineTransform_float_3_3
Parameters: 0.999995 -0.00292141 -0.00106094 0.00292559 0.99999 0.00339791 0.00105106 -0.00340109 0.999993 0.334778 -0.165576 0.587633
FixedParameters: 0 0 0

#Transform 145
Transform: AffineTransform_float_3_3
Parameters: 1 -0.000206086 -0.00119399 0.000205914 1 -7.22459e-05 0.00119402 7.1754e-05 1 0.165541 0.00908004 0.349345
FixedParameters: 0 0 0

#Transform 146
Transform: AffineTransform_float_3_3
Parameters: 0.999999 0.00102343 -0.00116362 -0.00102357 1 0.000370192 0.00116338 -0.00036881 1 0.0664407 0.0106638 0.318524
FixedParameters: 0 0 0

#Transform 147
Transform: AffineTransform_float_3_3
Parameters: 0.999997 0.000834584 -0.00195803 -0.000837416 0.999999 -0.00123336 0.00195697 0.00123464 0.999998 0.0192169 0.0872812 0.108971
FixedParameters: 0 0 0

#Transform 148
Transform: AffineTransform_float_3_3
Parameters: 0.999996 0.00127622 -0.00223716 -0.00127977 0.999998 -0.00168714 0.00223484 0.00168986 0.999996 0.00994212 0.117503 0.247804
FixedParameters: 0 0 0

#Transform 149
Transform: AffineTransform_float_3_3
Parameters: 0.999995 0.00147294 -0.00283511 -0.00147706 0.999998 -0.00143182 0.00283389 0.00143518 0.999995 0.0251753 0.116338 0.209693
FixedParameters: 0 0 0

#Transform 150
Transform: AffineTransform_float_3_3
Parameters: 0.999996 0.00106298 -0.00283489 -0.00106802 0.999998 -0.00177098 0.00283311 0.00177402 0.999995 0.0283144 0.131157 0.186152
FixedParameters: 0 0 0

#Transform 151
Transform: AffineTransform_float_3_3
Parameters: 0.999996 0.00147414 -0.00244473 -0.00147687 0.999998 -0.00117039 0.00244327 0.00117361 0.999997 0.0621443 0.112388 0.18887
FixedParameters: 0 0 0

#Transform 152
Transform: AffineTransform_float_3_3
Parameters: 0.999988 0.00208744 -0.00458317 -0.00209056 0.999997 -0.000553426 0.00458184 0.000562571 0.99999 0.0674372 0.10043 0.174945
FixedParameters: 0 0 0

#Transform 153
Transform: AffineTransform_float_3_3
Parameters: 0.999985 0.00207342 -0.00511127 -0.00207858 0.999997 -0.00108639 0.00510873 0.00109761 0.999987 0.0858703 0.119036 0.176215
FixedParameters: 0 0 0

#Transform 154
Transform: AffineTransform_float_3_3
Parameters: 0.999985 0.00193822 -0.00498708 -0.00194178 0.999998 -0.000553324 0.00498592 0.000562672 0.999988 0.104318 0.088052 0.198706
FixedParameters: 0 0 0

#Transform 155
Transform: AffineTransform_float_3_3
Parameters: 0.999913 0.00557114 -0.0119643 -0.00562086 0.999975 -0.00413811 0.0119407 0.00420489 0.99992 0.332936 0.234734 0.154554
FixedParameters: 0 0 0

#Transform 156
Transform: AffineTransform_float_3_3
Parameters: 0.999996 0.00145679 -0.00234875 -0.00145821 0.999999 -0.000513577 0.00234725 0.000517421 0.999997 0.0452831 0.064689 0.150687
FixedParameters: 0 0 0

#Transform 157
Transform: AffineTransform_float_3_3
Parameters: 0.999993 0.00163816 -0.00334388 -0.00164184 0.999998 -0.00114552 0.00334212 0.00115148 0.999994 0.0748566 0.100704 0.157094
FixedParameters: 0 0 0

#Transform 158
Transform: AffineTransform_float_3_3
Parameters: 0.999994 0.00180124 -0.00320156 -0.00180376 0.999998 -0.000860231 0.00320045 0.000865771 0.999995 0.0575577 0.0828028 0.161416
FixedParameters: 0 0 0

#Transform 159
Transform: AffineTransform_float_3_3
Parameters: 0.999992 0.00198799 -0.00344332 -0.00199202 0.999998 -0.00116315 0.00344068 0.00116985 0.999994 0.0663165 0.108719 0.166549
FixedParameters: 0 0 0

#Transform 160
Transform: AffineTransform_float_3_3
Parameters: 0.999992 0.00198816 -0.00328033 -0.00199184 0.999998 -0.00116748 0.00327767 0.00117353 0.999994 0.0596142 0.110998 0.166527
FixedParameters: 0 0 0

#Transform 161
Transform: AffineTransform_float_3_3
Parameters: 0.99999 0.00198749 -0.00398226 -0.00199151 0.999998 -0.00112908 0.00397975 0.00113692 0.999992 0.0776013 0.0967584 0.151106
FixedParameters: 0 0 0

#Transform 162
Transform: AffineTransform_float_3_3
Parameters: 0.999991 0.00198591 -0.00371526 -0.00199209 0.999996 -0.00163661 0.00371174 0.00164338 0.999992 0.0584105 0.12325 0.165591
FixedParameters: 0 0 0

#Transform 163
Transform: AffineTransform_float_3_3
Parameters: 0.999995 0.00198839 -0.00273963 -0.00199161 0.999997 -0.00131655 0.00273738 0.00132145 0.999996 0.0354436 0.107282 0.186014
FixedParameters: 0 0 0

#Transform 164
Transform: AffineTransform_float_3_3
Parameters: 0.999996 0.00151252 -0.00248373 -0.00151648 0.999997 -0.00180224 0.00248027 0.00180576 0.999996 0.0497284 0.128241 0.161754
FixedParameters: 0 0 0

#Transform 165
Transform: AffineTransform_float_3_3
Parameters: 0.999994 0.00144216 -0.00290841 -0.00144684 0.999997 -0.0016638 0.00290659 0.0016682 0.999995 0.0637527 0.122792 0.16364
FixedParameters: 0 0 0

#Transform 166
Transform: AffineTransform_float_3_3
Parameters: 0.999995 0.00106956 -0.00290764 -0.00107344 0.999999 -0.00152689 0.00290636 0.00152912 0.999994 0.0593935 0.130451 0.181885
FixedParameters: 0 0 0

#Transform 167
Transform: AffineTransform_float_3_3
Parameters: 0.999996 0.00127294 -0.00253754 -0.00127607 0.999998 -0.00120677 0.00253646 0.00120923 0.999996 0.0496761 0.104518 0.14526
FixedParameters: 0 0 0

#Transform 168
Transform: AffineTransform_float_3_3
Parameters: 0.999994 0.00151375 -0.00290769 -0.00151725 0.999998 -0.00111659 0.0029063 0.00112041 0.999995 0.0633787 0.11279 0.147864
FixedParameters: 0 0 0

#Transform 169
Transform: AffineTransform_float_3_3
Parameters: 0.999995 0.00151315 -0.00255628 -0.00151685 0.999997 -0.00150513 0.00255372 0.00150887 0.999995 0.0489309 0.116184 0.170763
FixedParameters: 0 0 0

#Transform 170
Transform: AffineTransform_float_3_3
Parameters: 0.999995 0.00129584 -0.00286189 -0.00130016 0.999998 -0.00145229 0.00286011 0.00145571 0.999995 0.0779134 0.13218 0.141578
FixedParameters: 0 0 0

#Transform 171
Transform: AffineTransform_float_3_3
Parameters: 0.999995 0.00141795 -0.00278607 -0.00142205 0.999998 -0.00145205 0.00278394 0.00145595 0.999995 0.0668916 0.123047 0.166092
FixedParameters: 0 0 0

#Transform 172
Transform: AffineTransform_float_3_3
Parameters: 0.999994 0.00151215 -0.00287156 -0.00151685 0.999998 -0.00168865 0.00286844 0.00169335 0.999995 0.0504718 0.142846 0.170461
FixedParameters: 0 0 0

#Transform 173
Transform: AffineTransform_float_3_3
Parameters: 0.999994 0.00151271 -0.0029522 -0.00151729 0.999998 -0.00145153 0.0029498 0.00145547 0.999994 0.0495583 0.133182 0.16327
FixedParameters: 0 0 0

#Transform 174
Transform: AffineTransform_float_3_3
Parameters: 0.999988 0.00244683 -0.00410009 -0.00245117 0.999996 -0.00125696 0.00409691 0.00126704 0.999991 0.0938986 0.100939 0.16033
FixedParameters: 0 0 0

#Transform 175
Transform: AffineTransform_float_3_3
Parameters: 0.999993 0.00199295 -0.00338298 -0.00199805 0.999997 -0.00149025 0.00338002 0.00149675 0.999993 0.0422775 0.133683 0.114352
FixedParameters: 0 0 0

#Transform 176
Transform: AffineTransform_float_3_3
Parameters: 0.999992 0.00189091 -0.00358768 -0.00189609 0.999997 -0.00141521 0.00358531 0.00142179 0.999992 0.0586667 0.130962 0.0923192
FixedParameters: 0 0 0

#Transform 177
Transform: AffineTransform_float_3_3
Parameters: 0.999992 0.00188057 -0.00358838 -0.00188743 0.999996 -0.00178924 0.00358462 0.00179576 0.999992 0.0629332 0.146133 0.12974
FixedParameters: 0 0 0

#Transform 178
Transform: AffineTransform_float_3_3
Parameters: 0.999994 0.00229928 -0.00257323 -0.00230372 0.999995 -0.00183408 0.00256877 0.00183992 0.999995 0.014593 0.155256 0.139191
FixedParameters: 0 0 0

#Transform 179
Transform: AffineTransform_float_3_3
Parameters: 0.999993 0.00199513 -0.00296628 -0.00199987 0.999996 -0.00164008 0.00296372 0.00164592 0.999995 0.035099 0.135336 0.100083
FixedParameters: 0 0 0
