#!ascii label  , from subject sub-v1s16x0051177_ses-1 vox2ras=TkReg
2118
48206  -9.044  -12.394  78.938 0.3333329856
130405  -9.948  -11.853  78.885 0.3333329856
49273  -10.038  -11.918  78.107 0.3333329856
134860  -9.057  -11.407  78.196 0.4444440007
49282  -10.518  -12.202  77.452 0.4444440007
49281  -9.728  -11.830  77.330 0.5555559993
129813  -10.236  -12.091  76.777 0.4444440007
49290  -11.632  -11.976  76.145 0.5555559993
49298  -11.343  -11.775  75.290 0.6666669846
49312  -11.573  -11.311  73.836 0.7777780294
49271  -7.205  -11.347  77.398 0.3333329856
49272  -7.618  -11.446  77.882 0.4444440007
50330  -8.401  -11.325  78.232 0.4444440007
50331  -9.159  -11.631  78.455 0.3333329856
132590  -8.668  -11.186  78.126 0.4444440007
50340  -9.263  -11.495  77.849 0.4444440007
50346  -9.046  -11.223  77.315 0.6666669846
49289  -9.514  -11.596  76.460 0.6666669846
115521  -10.515  -11.958  75.954 0.7777780294
49296  -9.697  -11.421  75.477 0.6666669846
49297  -10.445  -11.610  75.003 0.6666669846
49306  -11.088  -11.548  74.489 0.7777780294
49305  -10.456  -11.315  74.407 0.7777780294
50371  -12.072  -11.009  72.975 0.5555559993
50344  -6.560  -10.552  77.377 0.2222220004
50338  -7.634  -10.797  77.938 0.4444440007
115179  -8.635  -10.919  77.879 0.5555559993
114907  -9.174  -10.942  75.922 0.6666669846
50361  -9.866  -11.006  74.655 0.6666669846
49311  -10.749  -11.198  73.889 0.7777780294
50370  -10.987  -11.038  73.114 0.6666669846
50362  -10.272  -10.924  74.132 0.7777780294
50369  -10.245  -10.581  73.530 0.7777780294
50376  -11.226  -10.688  72.294 0.5555559993
50384  -12.133  -10.496  71.281 0.5555559993
51414  -13.459  -10.089  71.079 0.5555559993
51427  -14.118  -9.608  70.710 0.3333329856
50383  -11.352  -10.349  71.458 0.7777780294
51413  -12.605  -10.262  70.774 0.5555559993
51426  -13.163  -9.868  70.221 0.5555559993
51436  -13.790  -9.426  69.735 0.3333329856
50390  -11.739  -10.112  70.737 0.7777780294
51435  -12.824  -9.316  69.454 0.6666669846
114945  -14.318  -8.714  68.622 0.4444440007
52492  -13.543  -8.925  68.964 0.7777780294
50354  -6.423  -10.483  75.825 0.1111110002
50349  -6.407  -10.579  76.595 0.2222220004
50337  -6.705  -10.029  77.917 0.2222220004
50345  -8.117  -9.850  77.583 0.5555559993
120686  -6.842  -11.047  75.406 0.1111110002
128422  -8.559  -10.458  77.334 0.6666669846
50350  -8.848  -10.682  76.639 0.6666669846
50355  -9.331  -10.535  75.277 0.6666669846
51393  -9.560  -10.055  74.616 0.7777780294
50368  -9.948  -10.473  74.166 0.7777780294
50375  -10.472  -10.389  72.628 0.7777780294
50382  -10.676  -10.146  71.839 0.7777780294
51424  -11.333  -9.446  70.286 0.7777780294
51425  -12.214  -9.768  70.082 0.7777780294
52491  -12.488  -8.578  69.227 0.7777780294
52535  -15.367  -8.470  67.618 0.5555559993
133670  -12.943  -8.861  69.034 0.7777780294
52533  -14.152  -8.032  67.580 0.6666669846
52553  -15.516  -8.196  66.789 0.5555559993
52512  -13.058  -8.431  68.715 0.7777780294
52534  -14.706  -8.092  67.146 0.6666669846
51385  -6.075  -9.774  75.475 0.1111110002
50348  -5.939  -9.889  76.280 0.2222220004
50336  -6.120  -9.828  77.629 0.2222220004
51370  -6.130  -9.399  78.010 0.2222220004
114444  -7.373  -9.756  77.983 0.3333329856
51373  -7.663  -9.553  77.830 0.6666669846
51380  -8.451  -9.666  76.744 0.7777780294
50366  -6.716  -10.093  73.993 0.1111110002
51386  -8.724  -9.223  76.016 0.7777780294
51381  -8.862  -10.098  75.940 0.6666669846
51398  -9.788  -9.781  73.925 0.7777780294
51399  -9.968  -9.668  73.109 0.7777780294
51404  -10.131  -9.563  72.216 0.7777780294
51423  -10.749  -9.296  70.763 0.7777780294
52472  -11.355  -8.633  70.025 0.7777780294
52490  -11.872  -8.431  69.602 0.8888890147
53659  -13.720  -7.595  67.781 0.7777780294
124914  -15.857  -7.684  66.146 0.6666669846
53679  -14.921  -7.388  66.483 0.6666669846
53701  -15.514  -6.847  65.869 0.6666669846
53702  -16.336  -7.195  65.605 0.5555559993
52412  -6.064  -8.773  78.016 0.3333329856
51391  -5.739  -9.089  75.131 0.2222220004
51371  -6.661  -9.199  78.073 0.3333329856
51372  -7.274  -8.936  78.107 0.4444440007
134043  -8.058  -9.029  77.089 0.6666669846
51392  -6.258  -9.570  74.594 0.1111110002
51387  -9.173  -9.338  75.309 0.7777780294
52429  -9.279  -8.269  74.973 0.7777780294
53558  -9.467  -7.414  74.775 0.4444440007
53559  -9.876  -7.241  74.333 0.4444440007
52433  -9.489  -9.062  74.470 0.8888890147
120571  -9.981  -8.254  73.429 0.7777780294
53566  -10.130  -7.477  73.696 0.6666669846
52439  -9.908  -8.843  72.786 0.8888890147
52447  -10.141  -8.725  71.894 0.8888890147
53585  -10.457  -7.856  71.600 0.7777780294
53598  -10.941  -7.942  70.694 0.7777780294
52471  -10.849  -8.865  70.472 0.8888890147
53620  -12.113  -7.768  69.433 0.8888890147
53638  -13.216  -7.743  68.362 0.7777780294
54921  -13.801  -6.750  67.503 0.7777780294
54939  -14.313  -6.583  66.838 0.7777780294
54955  -16.079  -6.251  65.455 0.6666669846
54808  -10.235  -6.648  74.134 0.2222220004
55982  -10.617  -6.049  73.746 0.2222220004
53575  -10.263  -7.859  72.704 0.7777780294
54813  -10.519  -6.837  73.238 0.5555559993
54826  -11.112  -6.443  71.891 0.2222220004
54856  -11.418  -6.917  70.539 0.6666669846
54857  -12.070  -6.395  70.083 0.6666669846
54901  -12.882  -7.134  68.636 0.8888890147
54902  -13.317  -6.945  68.134 0.7777780294
54968  -17.427  -6.395  64.825 0.6666669846
54969  -18.134  -6.503  64.606 0.6666669846
56098  -16.852  -5.770  65.020 0.7777780294
56111  -17.678  -5.748  64.633 0.7777780294
54970  -18.998  -6.561  64.270 0.6666669846
56001  -12.303  -5.294  71.315 0.1111110002
56012  -12.434  -5.594  70.451 0.4444440007
54882  -13.057  -6.267  68.813 0.8888890147
56064  -14.003  -5.867  67.329 0.8888890147
56080  -15.001  -5.559  66.125 0.8888890147
57136  -15.897  -4.863  65.630 0.8888890147
56112  -18.433  -5.760  64.350 0.6666669846
57146  -18.068  -5.025  64.526 0.7777780294
54989  -19.751  -6.244  63.818 0.6666669846
116450  -20.958  -6.613  63.220 0.6666669846
54991  -21.746  -6.860  62.816 0.6666669846
55992  -12.254  -5.039  72.097 0.1111110002
57082  -13.323  -4.351  70.362 0.4444440007
132381  -13.951  -4.706  68.698 0.5555559993
56026  -13.162  -5.482  69.335 0.5555559993
58130  -14.546  -4.194  68.141 0.6666669846
57102  -13.532  -5.401  68.726 0.7777780294
117908  -14.371  -5.027  67.231 0.6666669846
57113  -14.889  -4.327  66.987 0.6666669846
57127  -15.346  -4.705  66.173 0.7777780294
57137  -16.564  -4.720  65.284 0.7777780294
131159  -18.678  -5.049  64.261 0.7777780294
56130  -20.444  -5.976  63.386 0.6666669846
56131  -21.150  -5.754  62.875 0.6666669846
55007  -22.436  -6.453  62.277 0.7777780294
55017  -23.322  -6.438  62.149 0.6666669846
55008  -24.080  -6.551  62.554 0.6666669846
58111  -12.972  -3.840  72.129 0.1111110002
58112  -13.405  -3.491  71.559 0.1111110002
57075  -13.119  -4.101  71.131 0.1111110002
58117  -13.654  -3.624  70.791 0.1111110002
57090  -13.565  -4.694  69.462 0.4444440007
58121  -13.901  -3.819  69.988 0.4444440007
57091  -14.200  -4.060  69.160 0.4444440007
58126  -14.667  -3.538  68.958 0.4444440007
58131  -15.316  -3.527  67.585 0.6666669846
57114  -15.622  -3.791  66.628 0.6666669846
57128  -16.011  -4.147  65.833 0.7777780294
58153  -17.821  -4.389  64.761 0.7777780294
56129  -19.890  -5.173  63.657 0.7777780294
130618  -20.239  -4.580  63.547 0.8888890147
56143  -21.901  -5.864  62.309 0.7777780294
57157  -20.549  -4.121  63.420 0.8888890147
57158  -21.043  -4.570  62.938 0.8888890147
57167  -22.062  -5.017  61.940 0.8888890147
56144  -22.666  -5.765  61.843 0.7777780294
56145  -24.189  -5.953  62.025 0.7777780294
55022  -39.058  -6.279  61.660 0.2222220004
57173  -22.761  -4.951  61.403 0.7777780294
56155  -23.561  -5.493  61.438 0.7777780294
55037  -38.944  -6.230  60.779 0.3333329856
57174  -23.372  -4.619  60.958 0.7777780294
55036  -38.342  -6.704  60.394 0.3333329856
55035  -37.670  -7.088  60.058 0.3333329856
55047  -38.178  -6.649  59.514 0.3333329856
53826  -36.893  -7.267  59.046 0.5555559993
55055  -37.159  -6.995  58.431 0.4444440007
58107  -13.249  -3.096  72.248 0.1111110002
58113  -13.873  -3.052  71.128 0.1111110002
58122  -14.436  -3.317  69.637 0.3333329856
59064  -14.668  -2.620  69.935 0.1111110002
58123  -14.924  -2.864  69.240 0.3333329856
58127  -15.108  -3.202  68.481 0.4444440007
58132  -16.023  -2.991  67.180 0.5555559993
58135  -16.483  -3.292  66.312 0.7777780294
58140  -16.687  -3.855  65.601 0.7777780294
58142  -17.993  -3.668  65.076 0.7777780294
57148  -19.954  -4.057  63.852 0.8888890147
56162  -40.150  -5.229  61.452 0.1111110002
58173  -21.615  -4.077  62.420 0.8888890147
56161  -39.664  -5.757  62.004 0.1111110002
123426  -22.301  -4.192  61.688 0.8888890147
124777  -22.831  -4.244  61.181 0.8888890147
56156  -24.534  -5.303  61.439 0.7777780294
56176  -39.522  -5.713  61.121 0.2222220004
56173  -24.120  -4.837  60.812 0.7777780294
119551  -39.362  -5.714  60.364 0.3333329856
56177  -39.965  -5.108  60.440 0.3333329856
57175  -25.060  -4.756  60.872 0.7777780294
56187  -38.866  -6.108  59.818 0.3333329856
133295  -38.538  -6.205  59.052 0.3333329856
55056  -37.949  -6.548  58.580 0.3333329856
56195  -39.027  -5.671  58.999 0.3333329856
55067  -37.430  -6.585  57.702 0.4444440007
129367  -38.048  -6.198  57.840 0.4444440007
124018  -36.240  -6.719  56.776 0.5555559993
55065  -34.249  -7.089  56.961 0.8888890147
53847  -35.043  -7.107  56.957 0.8888890147
132024  -14.485  -2.481  70.441 0.1111110002
59065  -15.224  -2.175  69.559 0.1111110002
118160  -15.490  -2.417  68.815 0.4444440007
59068  -15.708  -2.660  67.989 0.4444440007
134596  -16.694  -2.636  66.994 0.3333329856
59078  -17.248  -2.620  66.547 0.3333329856
58136  -17.379  -3.250  65.744 0.7777780294
59079  -17.869  -2.585  66.205 0.4444440007
116832  -19.348  -3.697  64.398 0.7777780294
58166  -21.081  -3.558  63.191 0.8888890147
58180  -22.612  -3.499  61.348 0.8888890147
58181  -23.160  -3.761  60.797 0.8888890147
57191  -23.809  -4.044  60.528 0.8888890147
124866  -23.634  -3.136  60.330 0.8888890147
57192  -24.561  -4.163  60.384 0.8888890147
57176  -26.031  -4.675  61.076 0.8888890147
57195  -27.020  -4.588  60.138 0.6666669846
56175  -28.230  -5.451  60.319 0.7777780294
56188  -39.466  -5.394  59.662 0.2222220004
57194  -26.285  -4.362  60.282 0.8888890147
56185  -28.389  -5.396  59.340 0.6666669846
56196  -39.468  -5.074  58.955 0.2222220004
56186  -29.029  -5.921  58.830 0.8888890147
55052  -29.699  -6.407  58.395 0.8888890147
117044  -38.533  -5.922  58.368 0.3333329856
56201  -29.048  -4.845  57.787 0.8888890147
56194  -29.336  -5.664  57.991 0.8888890147
56203  -30.529  -5.526  57.240 0.7777780294
56204  -31.373  -5.713  57.055 0.8888890147
56205  -32.214  -5.746  56.897 0.8888890147
55064  -32.697  -6.410  56.956 0.8888890147
120603  -33.340  -6.946  57.044 0.8888890147
55079  -34.770  -6.551  56.576 0.8888890147
55081  -36.937  -6.462  56.812 0.5555559993
57237  -32.634  -4.992  56.939 0.8888890147
55077  -33.316  -6.254  56.751 0.8888890147
55078  -33.962  -6.417  56.661 0.8888890147
59090  -18.268  -2.901  65.601 0.6666669846
58143  -18.777  -3.270  64.938 0.5555559993
58155  -19.563  -2.846  64.795 0.4444440007
59108  -20.580  -3.185  63.892 0.7777780294
59117  -21.625  -2.993  62.817 0.7777780294
58174  -22.117  -3.301  62.066 0.7777780294
59130  -22.964  -2.845  60.895 0.7777780294
57196  -40.463  -4.300  60.143 0.1111110002
127653  -24.189  -3.551  60.177 0.8888890147
58193  -24.849  -3.558  59.888 0.8888890147
57193  -25.438  -4.215  60.284 0.8888890147
56174  -27.530  -4.994  60.755 0.6666669846
56184  -27.717  -4.956  59.798 0.7777780294
57211  -39.965  -4.601  59.430 0.2222220004
57212  -40.448  -3.950  59.484 0.2222220004
57207  -25.782  -3.607  59.580 0.8888890147
57208  -26.641  -4.032  59.517 0.8888890147
57210  -27.981  -4.751  58.906 0.8888890147
56193  -28.663  -5.180  58.435 0.8888890147
58221  -32.002  -3.484  58.038 0.6666669846
58222  -32.943  -3.564  58.350 0.3333329856
58239  -33.526  -3.813  57.732 0.3333329856
58240  -34.535  -3.511  57.690 0.4444440007
57220  -39.690  -4.509  58.520 0.2222220004
56202  -29.752  -5.255  57.487 0.7777780294
58237  -31.632  -4.144  57.319 0.7777780294
57231  -33.888  -4.129  57.010 0.6666669846
57239  -34.288  -4.880  56.473 0.6666669846
57240  -35.118  -5.189  56.109 0.8888890147
56230  -35.874  -5.294  55.750 0.8888890147
56206  -37.711  -6.056  57.090 0.5555559993
56207  -38.398  -5.627  57.554 0.4444440007
56208  -39.085  -5.187  58.180 0.2222220004
57227  -29.529  -4.415  57.463 0.8888890147
57229  -31.863  -4.988  57.002 0.7777780294
57230  -33.082  -4.337  57.239 0.7777780294
56217  -33.726  -5.645  56.611 0.8888890147
56218  -34.511  -5.772  56.407 0.8888890147
119947  -35.330  -5.933  56.205 0.8888890147
56220  -37.223  -5.800  56.211 0.8888890147
57232  -38.796  -4.939  57.204 0.4444440007
56221  -38.063  -5.385  56.654 0.5555559993
59102  -20.308  -2.597  64.574 0.5555559993
60092  -21.529  -1.893  64.065 0.4444440007
59109  -21.245  -2.656  63.588 0.5555559993
59110  -21.857  -2.138  63.334 0.5555559993
59118  -22.164  -2.427  62.519 0.6666669846
59133  -33.210  -2.309  61.857 0.1111110002
59129  -22.524  -2.620  61.675 0.7777780294
60119  -23.034  -1.706  61.341 0.7777780294
59147  -32.867  -2.241  60.929 0.1111110002
60147  -31.321  -2.010  59.871 0.4444440007
111577  -32.116  -2.289  60.263 0.2222220004
111925  -32.908  -2.523  60.188 0.1111110002
58194  -40.833  -3.636  59.913 0.1111110002
57197  -41.006  -3.939  60.653 0.1111110002
58192  -24.352  -2.965  59.855 0.8888890147
58204  -25.132  -2.884  59.491 0.8888890147
59162  -25.899  -2.789  59.093 0.8888890147
58206  -27.050  -3.844  58.894 0.8888890147
57218  -27.671  -4.031  58.578 0.8888890147
117464  -31.780  -2.513  59.298 0.4444440007
59163  -32.646  -2.727  59.566 0.4444440007
130015  -35.481  -2.150  57.759 0.2222220004
57221  -40.227  -3.929  58.809 0.2222220004
57219  -28.367  -4.387  58.173 0.8888890147
59181  -32.352  -3.041  58.798 0.4444440007
121965  -35.348  -2.684  57.174 0.5555559993
58241  -35.167  -3.167  57.130 0.5555559993
58225  -39.964  -3.907  57.999 0.2222220004
57226  -28.824  -4.006  57.688 0.8888890147
121520  -29.411  -3.613  57.473 0.7777780294
57228  -30.223  -4.702  57.206 0.7777780294
58236  -30.641  -4.104  57.256 0.7777780294
59193  -31.054  -3.419  57.645 0.7777780294
58250  -35.098  -3.826  55.992 0.6666669846
56231  -36.708  -5.245  55.665 0.8888890147
57233  -39.421  -4.455  57.687 0.2222220004
57251  -36.353  -4.505  55.352 0.7777780294
56232  -37.634  -5.045  55.809 0.5555559993
59091  -20.750  -1.992  64.939 0.4444440007
116691  -22.240  -1.334  63.949 0.4444440007
60108  -22.538  -1.897  62.183 0.5555559993
60121  -31.760  -1.620  61.492 0.1111110002
60135  -31.553  -1.806  60.705 0.2222220004
59131  -32.110  -1.999  61.041 0.2222220004
128289  -30.706  -1.628  59.559 0.3333329856
58210  -41.233  -2.739  59.289 0.1111110002
60132  -23.749  -1.630  60.537 0.7777780294
60133  -24.422  -1.602  60.044 0.8888890147
58209  -40.767  -3.323  59.143 0.2222220004
129366  -41.146  -3.119  59.721 0.1111110002
59161  -25.499  -2.133  59.320 0.8888890147
59176  -26.601  -2.624  58.649 0.8888890147
59179  -30.827  -2.135  58.842 0.4444440007
59180  -31.421  -2.861  58.396 0.4444440007
58219  -27.270  -3.245  58.374 0.8888890147
58220  -28.105  -3.591  57.983 0.8888890147
59192  -30.494  -2.673  57.895 0.6666669846
58242  -39.660  -3.893  57.326 0.2222220004
58226  -40.475  -3.293  58.262 0.2222220004
58235  -30.149  -3.406  57.460 0.7777780294
115083  -35.557  -3.559  55.465 0.6666669846
57242  -39.165  -4.254  56.857 0.5555559993
58243  -40.121  -3.274  57.365 0.2222220004
131003  -35.406  -2.972  55.720 0.7777780294
58258  -36.081  -3.681  54.983 0.7777780294
57252  -37.211  -4.469  55.287 0.8888890147
57253  -38.144  -4.293  55.454 0.7777780294
57241  -38.476  -4.671  56.290 0.5555559993
58251  -38.930  -3.918  55.995 0.5555559993
57263  -36.820  -3.881  54.850 0.8888890147
58259  -37.727  -3.829  54.808 0.8888890147
60094  -22.843  -0.937  63.418 0.3333329856
60093  -22.397  -1.637  63.019 0.5555559993
60109  -22.861  -1.164  62.489 0.4444440007
61108  -30.544  -0.669  61.533 0.2222220004
60120  -31.100  -1.252  61.115 0.1111110002
60110  -32.049  -1.582  62.397 0.1111110002
61104  -23.434  -0.710  61.968 0.3333329856
61116  -23.713  -0.909  61.075 0.2222220004
61121  -30.410  -0.862  60.647 0.2222220004
61117  -24.222  -0.984  60.502 0.5555559993
127559  -29.561  -0.871  59.209 0.3333329856
61138  -30.265  -1.062  59.771 0.3333329856
60134  -30.911  -1.469  60.305 0.3333329856
60144  -25.173  -1.497  59.651 0.6666669846
60146  -30.120  -1.438  58.971 0.5555559993
59160  -24.731  -2.240  59.703 0.7777780294
59175  -26.118  -2.125  58.920 0.8888890147
60170  -29.140  -1.945  57.924 0.7777780294
61182  -34.318  -1.079  56.740 0.4444440007
59177  -27.317  -2.347  58.281 0.7777780294
59178  -27.945  -2.110  57.980 0.7777780294
59190  -28.582  -2.392  57.779 0.7777780294
59191  -29.469  -2.690  57.618 0.7777780294
133665  -34.557  -1.713  56.365 0.4444440007
60171  -35.031  -1.826  57.141 0.4444440007
58233  -27.936  -2.820  57.891 0.7777780294
58234  -28.665  -3.189  57.616 0.8888890147
60189  -34.448  -1.882  55.631 0.5555559993
60178  -35.086  -2.461  56.304 0.5555559993
59203  -39.566  -3.564  56.651 0.3333329856
59195  -40.643  -2.671  57.700 0.2222220004
60200  -34.458  -1.924  54.649 0.6666669846
59210  -35.057  -2.468  55.325 0.7777780294
59211  -35.586  -2.992  54.919 0.7777780294
58272  -38.696  -3.455  55.012 0.7777780294
60213  -34.389  -1.525  53.833 0.7777780294
59231  -35.023  -2.072  54.056 0.7777780294
59221  -35.580  -2.644  54.206 0.7777780294
58269  -35.971  -3.111  54.417 0.8888890147
58271  -37.250  -3.461  54.406 0.8888890147
58260  -39.450  -3.136  55.806 0.5555559993
59222  -36.213  -2.835  53.937 0.8888890147
59223  -37.075  -2.981  53.913 0.8888890147
114605  -38.047  -3.116  54.142 0.8888890147
59212  -39.336  -2.706  55.099 0.6666669846
61093  -23.458  -0.574  62.978 0.2222220004
61094  -24.078  -0.179  62.509 0.2222220004
62127  -25.432  0.433  62.354 0.2222220004
62126  -24.703  0.178  61.983 0.2222220004
61106  -24.710  -0.094  61.183 0.2222220004
111523  -29.817  -0.367  61.045 0.1111110002
61105  -24.134  -0.335  61.605 0.2222220004
61118  -25.340  -0.222  60.545 0.3333329856
61119  -26.144  -0.173  60.080 0.4444440007
62166  -27.426  0.029  59.972 0.2222220004
61136  -28.043  -0.290  59.428 0.2222220004
62153  -28.788  -0.072  60.041 0.2222220004
61134  -26.391  -0.651  59.427 0.4444440007
61135  -27.136  -0.438  59.313 0.2222220004
119725  -29.604  -0.477  60.075 0.1111110002
61132  -24.848  -0.904  60.087 0.6666669846
61133  -25.606  -0.775  59.733 0.4444440007
61153  -28.412  -0.855  58.656 0.3333329856
62214  -34.088  -0.188  57.135 0.2222220004
124363  -34.380  0.668  57.670 0.2222220004
60145  -26.031  -1.382  59.164 0.5555559993
60157  -26.724  -1.780  58.652 0.6666669846
60158  -27.590  -1.439  58.396 0.6666669846
133165  -29.042  -0.805  58.836 0.5555559993
61181  -33.687  -0.520  56.334 0.2222220004
60159  -28.478  -1.619  58.099 0.6666669846
61198  -33.410  -0.681  55.527 0.3333329856
60188  -33.962  -1.249  55.965 0.5555559993
61215  -33.254  -0.750  54.635 0.6666669846
60199  -33.814  -1.346  55.084 0.5555559993
134318  -40.395  -2.251  56.559 0.2222220004
60212  -33.781  -1.284  54.155 0.7777780294
59225  -39.486  -1.993  54.764 0.6666669846
59214  -40.005  -2.846  56.515 0.3333329856
60230  -34.474  -1.112  53.321 0.7777780294
60214  -35.039  -1.490  53.560 0.7777780294
59232  -35.727  -2.088  53.671 0.8888890147
59234  -37.671  -2.295  53.596 0.8888890147
59224  -38.863  -2.607  54.441 0.7777780294
59213  -40.008  -2.142  55.696 0.6666669846
61242  -34.255  -0.722  52.732 0.7777780294
125790  -35.569  -1.298  53.353 0.8888890147
60215  -36.248  -1.375  53.289 0.8888890147
63183  -34.014  1.524  57.414 0.2222220004
63191  -33.454  1.594  56.592 0.2222220004
62213  -33.715  0.732  57.002 0.2222220004
117913  -33.291  0.719  56.292 0.4444440007
62227  -33.174  -0.019  55.957 0.4444440007
62226  -32.910  0.593  55.575 0.5555559993
62245  -32.533  0.637  53.850 0.7777780294
62236  -32.629  0.570  54.762 0.5555559993
61214  -32.768  -0.142  54.254 0.6666669846
61228  -33.243  -0.685  53.742 0.6666669846
62252  -32.649  0.691  52.922 0.7777780294
121729  -33.312  -0.470  53.036 0.6666669846
60229  -33.835  -0.955  53.286 0.6666669846
61241  -33.644  -0.409  52.574 0.7777780294
59235  -38.408  -2.273  53.867 0.8888890147
60201  -38.956  -1.694  54.092 0.8888890147
131216  -33.087  0.328  52.006 0.7777780294
60231  -35.071  -0.850  53.050 0.7777780294
60232  -35.866  -0.694  53.044 1.0000000000
60216  -37.207  -1.378  53.271 0.8888890147
61216  -38.899  -0.616  53.956 0.8888890147
62260  -33.235  0.674  51.578 1.0000000000
61250  -33.465  0.093  51.994 0.8888890147
61251  -34.121  -0.215  52.054 0.8888890147
131211  -35.597  -0.394  52.667 1.0000000000
61229  -36.638  -0.519  53.030 1.0000000000
61231  -38.286  0.026  53.487 0.8888890147
62237  -38.941  0.462  53.847 1.0000000000
62261  -33.900  0.323  51.432 1.0000000000
62262  -34.857  0.126  51.490 1.0000000000
61243  -35.756  -0.018  52.140 1.0000000000
61245  -37.074  0.205  52.754 1.0000000000
62246  -37.848  0.436  52.961 1.0000000000
62247  -38.603  0.699  53.217 0.8888890147
111660  -36.746  0.379  52.135 1.0000000000
62253  -37.528  0.682  52.420 1.0000000000
62263  -35.973  0.293  51.418 1.0000000000
128962  -36.728  0.603  51.460 1.0000000000
62264  -37.328  0.825  51.803 1.0000000000
64133  -33.822  2.348  57.119 0.3333329856
64138  -33.832  3.046  56.844 0.3333329856
63201  -33.077  1.970  55.834 0.5555559993
63200  -32.777  1.340  55.278 0.6666669846
63205  -32.516  1.447  54.423 0.8888890147
63213  -32.443  1.628  53.412 0.8888890147
62259  -32.824  0.693  52.131 0.7777780294
62238  -39.519  0.903  54.227 0.8888890147
62274  -33.704  0.839  51.056 1.0000000000
62248  -39.255  1.038  53.538 0.8888890147
62275  -34.340  0.662  50.831 1.0000000000
63228  -38.009  0.983  52.027 1.0000000000
63229  -38.749  1.099  52.251 1.0000000000
63214  -39.018  1.069  52.905 0.8888890147
63215  -39.642  1.316  53.217 0.7777780294
63260  -34.653  1.062  50.151 1.0000000000
62276  -35.249  0.509  50.659 1.0000000000
63245  -37.107  0.765  51.026 1.0000000000
63246  -37.819  0.986  51.334 1.0000000000
128136  -39.158  1.214  51.875 1.0000000000
63230  -39.414  1.243  52.542 0.8888890147
63264  -38.291  0.977  50.801 1.0000000000
63247  -38.520  1.119  51.567 1.0000000000
64145  -32.826  2.183  55.012 0.7777780294
64174  -32.590  2.493  53.397 0.7777780294
63227  -32.596  1.444  52.470 0.8888890147
64193  -32.682  2.009  52.064 1.0000000000
63243  -32.844  1.376  51.753 1.0000000000
63244  -33.312  1.417  51.151 1.0000000000
63259  -33.896  1.317  50.573 1.0000000000
63261  -35.564  0.823  49.852 1.0000000000
62277  -36.236  0.540  50.701 1.0000000000
63248  -39.667  1.272  52.201 1.0000000000
63274  -34.840  1.544  49.490 1.0000000000
133496  -35.992  0.835  49.414 1.0000000000
63262  -36.608  0.676  49.959 1.0000000000
63263  -37.571  0.809  50.477 1.0000000000
63265  -38.950  1.032  51.165 1.0000000000
63266  -39.599  1.072  51.584 0.8888890147
63249  -40.247  1.182  52.045 0.6666669846
63275  -35.525  1.269  49.113 1.0000000000
62289  -37.228  0.730  49.395 1.0000000000
62290  -37.965  0.719  49.897 1.0000000000
62278  -38.739  0.610  50.167 1.0000000000
62279  -39.545  0.607  50.717 1.0000000000
62265  -40.345  0.657  51.172 1.0000000000
128559  -39.536  0.143  49.764 1.0000000000
65199  -33.643  3.493  55.331 0.3333329856
64159  -33.093  3.075  54.658 0.5555559993
65216  -32.849  3.046  53.762 0.7777780294
131448  -33.319  3.494  54.048 0.4444440007
64187  -32.579  2.256  52.715 0.7777780294
65226  -32.794  2.987  52.965 0.6666669846
65227  -33.276  3.517  53.349 0.5555559993
65234  -32.876  2.764  52.073 0.8888890147
64194  -32.978  2.114  51.478 1.0000000000
120280  -33.172  2.784  51.321 0.8888890147
64201  -33.478  2.272  50.735 1.0000000000
64207  -33.822  2.916  50.029 0.8888890147
64202  -34.132  1.950  50.023 1.0000000000
64208  -34.389  2.514  49.397 1.0000000000
64214  -34.679  2.913  48.851 0.7777780294
63232  -41.057  1.339  52.613 0.5555559993
64209  -35.023  2.119  48.906 1.0000000000
63283  -35.707  1.760  48.501 1.0000000000
63285  -37.064  1.047  48.328 1.0000000000
62303  -37.780  0.681  48.858 1.0000000000
125911  -38.311  0.457  49.278 1.0000000000
62266  -41.105  0.752  51.683 0.6666669846
63250  -41.750  0.849  52.085 0.4444440007
63294  -36.712  1.725  47.823 0.8888890147
62315  -37.916  0.889  47.978 1.0000000000
62291  -39.030  0.140  49.041 1.0000000000
62280  -41.296  0.287  50.734 0.7777780294
111794  -41.966  0.517  51.305 0.5555559993
62268  -43.393  0.614  51.526 0.4444440007
62256  -43.763  0.792  52.139 0.3333329856
62304  -38.492  0.434  48.397 1.0000000000
112612  -40.000  -0.031  48.897 1.0000000000
111990  -42.221  0.275  50.423 0.7777780294
62281  -42.793  0.470  51.022 0.6666669846
62269  -44.119  0.586  51.037 0.4444440007
63235  -44.522  0.747  51.789 0.3333329856
112979  -41.017  -0.131  48.829 0.8888890147
62294  -42.505  0.136  49.508 0.7777780294
112218  -43.060  0.340  50.212 0.7777780294
129165  -43.462  0.483  50.805 0.5555559993
66245  -33.824  3.939  53.826 0.3333329856
65242  -33.401  3.383  51.649 0.5555559993
66254  -33.862  3.971  52.994 0.5555559993
117681  -33.534  3.201  50.820 0.7777780294
65249  -34.031  3.744  50.315 0.6666669846
65255  -34.335  3.500  49.374 0.6666669846
65267  -34.880  3.558  48.671 0.7777780294
64215  -35.281  2.758  48.319 0.8888890147
64229  -35.757  3.046  47.809 0.8888890147
125304  -36.307  2.969  47.443 0.7777780294
64230  -36.799  2.356  47.412 0.8888890147
123870  -37.437  1.590  47.507 1.0000000000
130929  -36.869  2.951  47.113 0.8888890147
62316  -38.685  0.696  47.619 1.0000000000
62305  -39.412  0.195  48.001 1.0000000000
62270  -44.950  0.657  51.031 0.3333329856
64247  -37.499  2.510  46.950 1.0000000000
62337  -38.842  1.190  46.958 1.0000000000
119807  -39.331  0.637  47.284 1.0000000000
121344  -40.497  -0.004  47.953 1.0000000000
112978  -41.964  -0.086  48.735 0.8888890147
62295  -43.397  0.256  49.272 0.6666669846
62282  -43.857  0.438  50.187 0.6666669846
62317  -40.076  0.384  47.262 1.0000000000
62306  -41.529  -0.071  47.833 1.0000000000
62307  -42.402  -0.007  48.013 1.0000000000
62308  -43.176  0.200  48.259 0.7777780294
66246  -34.500  4.373  53.534 0.2222220004
66255  -34.516  4.391  52.623 0.4444440007
66262  -33.891  3.952  52.106 0.5555559993
66263  -34.507  4.386  51.710 0.4444440007
66256  -35.190  4.761  52.252 0.4444440007
66270  -33.940  3.877  51.219 0.5555559993
66271  -34.500  4.380  50.793 0.5555559993
66280  -34.552  4.347  49.856 0.5555559993
66295  -34.770  4.262  49.014 0.5555559993
66281  -35.100  4.886  49.472 0.5555559993
125625  -35.166  4.120  48.516 0.5555559993
65268  -35.423  3.601  48.158 0.6666669846
65284  -36.005  3.671  47.707 0.6666669846
66313  -36.470  4.462  47.761 0.5555559993
65285  -36.672  3.620  47.307 0.6666669846
65286  -37.344  3.429  46.929 0.5555559993
65301  -37.939  3.161  46.690 0.8888890147
130476  -38.698  1.858  46.666 1.0000000000
64250  -39.859  2.403  46.372 1.0000000000
62338  -39.712  0.968  46.804 1.0000000000
131519  -41.658  0.184  47.090 1.0000000000
62320  -42.925  0.316  47.345 1.0000000000
62309  -43.990  0.393  48.524 1.0000000000
122215  -43.652  0.401  47.770 1.0000000000
66264  -35.124  4.817  51.316 0.4444440007
67279  -36.573  5.650  52.418 0.2222220004
67287  -35.711  5.304  50.932 0.3333329856
67278  -35.833  5.172  51.871 0.3333329856
66272  -35.051  4.909  50.375 0.5555559993
67297  -35.697  5.372  50.006 0.3333329856
68234  -36.990  5.961  51.825 0.3333329856
66296  -35.344  4.697  48.740 0.5555559993
68279  -37.017  6.072  50.372 0.3333329856
66297  -36.021  4.984  48.419 0.5555559993
68280  -37.442  6.234  49.796 0.3333329856
67326  -36.795  5.248  48.224 0.5555559993
67308  -37.263  5.900  48.862 0.3333329856
67344  -37.161  4.879  47.692 0.5555559993
124622  -37.838  4.860  47.404 0.5555559993
65302  -38.642  3.284  46.572 0.7777780294
64249  -39.036  2.474  46.477 1.0000000000
63317  -40.220  1.541  46.446 1.0000000000
116238  -42.238  0.491  46.660 1.0000000000
63318  -41.178  1.404  46.194 1.0000000000
63319  -41.959  0.988  46.059 1.0000000000
63342  -43.220  1.139  45.858 1.0000000000
63320  -44.022  0.996  46.282 1.0000000000
130512  -39.879  7.752  53.880 0.1111110002
122100  -40.429  8.189  53.715 0.1111110002
70045  -40.836  8.377  54.424 0.1111110002
120036  -37.278  6.204  52.428 0.2222220004
69135  -38.633  7.332  52.040 0.1111110002
69124  -39.261  7.626  52.650 0.1111110002
69110  -39.915  7.896  53.159 0.1111110002
70064  -40.626  8.448  52.813 0.1111110002
123183  -37.503  6.404  51.642 0.3333329856
68245  -38.114  6.940  51.383 0.2222220004
69136  -39.442  7.747  51.659 0.1111110002
68261  -37.669  6.481  50.702 0.3333329856
68262  -38.440  6.963  50.461 0.2222220004
68246  -38.885  7.392  51.057 0.1111110002
68301  -38.072  6.332  49.276 0.2222220004
68281  -38.819  6.748  49.548 0.2222220004
67327  -38.133  5.963  48.509 0.2222220004
67328  -38.936  5.911  48.329 0.2222220004
67345  -38.398  5.449  47.826 0.3333329856
67346  -39.281  5.375  47.732 0.3333329856
66339  -39.064  4.096  46.723 0.4444440007
66340  -40.009  4.074  46.759 0.7777780294
65304  -40.419  3.244  46.350 1.0000000000
125931  -41.043  2.899  46.070 0.8888890147
64251  -40.675  2.283  46.183 1.0000000000
64271  -41.470  2.287  45.876 1.0000000000
63341  -42.546  1.429  45.720 1.0000000000
64272  -42.415  2.403  45.406 1.0000000000
64273  -43.192  1.801  45.365 0.8888890147
64274  -43.978  2.211  45.122 0.8888890147
134546  -45.176  1.918  45.740 1.0000000000
118205  -44.873  2.307  45.270 0.8888890147
64275  -45.610  2.335  45.503 0.8888890147
64276  -46.363  2.475  45.846 0.7777780294
70089  -40.931  8.524  51.806 0.2222220004
69150  -39.780  7.705  50.685 0.2222220004
69151  -40.804  7.770  50.406 0.2222220004
68263  -39.279  7.260  50.127 0.2222220004
68264  -40.301  7.359  49.849 0.2222220004
68282  -39.829  6.911  49.317 0.2222220004
67347  -40.202  5.261  47.779 0.3333329856
66317  -40.520  4.728  47.285 0.5555559993
65305  -41.073  3.543  46.270 0.7777780294
65322  -41.590  3.267  45.769 0.8888890147
134588  -43.217  2.476  44.990 0.8888890147
64296  -44.534  2.859  44.748 0.8888890147
65324  -46.007  2.798  45.284 0.8888890147
64277  -47.101  3.047  46.054 0.8888890147
65344  -45.960  3.402  44.892 0.8888890147
65325  -46.604  3.229  45.417 0.8888890147
65326  -47.416  3.819  45.586 0.8888890147
68283  -40.875  6.731  49.243 0.2222220004
68304  -40.380  6.302  48.757 0.2222220004
67309  -41.372  5.990  48.768 0.3333329856
67310  -42.382  5.619  48.810 0.3333329856
67348  -41.047  5.110  47.835 0.3333329856
66318  -41.765  4.999  47.701 0.4444440007
67332  -42.275  5.282  48.231 0.3333329856
66341  -40.872  4.191  46.761 0.4444440007
114529  -41.442  4.628  47.052 0.4444440007
66342  -41.465  4.168  46.357 0.4444440007
65323  -42.283  3.514  45.221 0.7777780294
64294  -42.953  3.166  44.815 0.8888890147
65342  -43.426  3.778  44.412 0.8888890147
119235  -45.121  3.522  44.548 0.8888890147
67381  -47.891  5.101  45.048 0.8888890147
66371  -44.772  4.350  44.063 0.8888890147
66372  -45.845  4.283  44.422 0.8888890147
65346  -47.375  4.591  45.010 0.8888890147
67391  -46.090  5.119  44.103 0.8888890147
67349  -42.420  5.182  47.750 0.3333329856
66319  -41.910  4.799  47.021 0.3333329856
66343  -41.848  4.761  46.007 0.6666669846
66356  -41.843  4.012  45.707 0.6666669846
66357  -42.188  4.391  45.231 0.7777780294
66369  -42.511  4.942  44.765 0.7777780294
65341  -42.737  4.068  44.692 0.7777780294
66370  -43.201  4.754  44.216 0.8888890147
67382  -48.510  5.263  45.355 0.8888890147
67399  -44.830  5.201  43.717 0.8888890147
114184  -46.677  5.449  44.223 0.8888890147
67400  -46.240  5.818  43.784 0.8888890147
68364  -46.485  6.535  43.491 0.8888890147
69259  -46.376  7.757  42.464 0.8888890147
124439  -46.026  8.368  41.969 0.8888890147
70186  -46.812  8.274  41.906 0.8888890147
70197  -47.242  8.745  41.350 0.8888890147
70207  -48.529  9.085  40.765 0.8888890147
70209  -50.281  8.951  40.772 0.8888890147
67380  -42.253  5.516  45.825 0.5555559993
122507  -42.205  5.058  45.344 0.7777780294
67388  -42.389  5.696  45.038 0.6666669846
67389  -42.794  5.669  44.431 0.7777780294
67397  -43.427  5.660  43.895 0.8888890147
66378  -44.022  4.953  43.779 0.8888890147
67398  -44.218  5.766  43.583 0.8888890147
122846  -45.535  5.522  43.723 0.8888890147
68363  -45.512  6.336  43.330 0.8888890147
68362  -44.520  6.459  43.275 0.8888890147
112801  -44.933  7.147  42.868 0.8888890147
69247  -45.911  7.139  42.913 0.8888890147
69258  -45.374  7.977  42.414 0.8888890147
70196  -46.335  8.972  41.502 0.8888890147
70206  -47.659  9.256  40.906 0.8888890147
71227  -48.921  9.711  40.387 0.8888890147
71241  -50.637  9.583  40.251 0.8888890147
70210  -51.303  9.101  40.881 0.8888890147
71229  -52.197  9.621  40.595 0.7777780294
70202  -52.237  9.139  41.377 0.7777780294
128686  -53.212  9.135  42.179 0.6666669846
68344  -42.479  6.346  45.511 0.5555559993
68352  -42.590  6.549  44.673 0.5555559993
129206  -42.971  6.304  44.084 0.6666669846
68361  -43.570  6.554  43.572 0.6666669846
69245  -43.317  7.532  43.526 0.8888890147
117193  -44.069  7.232  43.096 0.8888890147
69246  -44.436  7.924  42.741 0.8888890147
70184  -44.681  8.696  42.423 0.8888890147
70185  -45.472  8.856  41.956 0.7777780294
133724  -46.972  9.338  41.153 0.8888890147
71225  -47.238  9.996  40.948 0.8888890147
72261  -47.800  10.647  40.730 0.8888890147
71226  -48.061  9.878  40.573 0.8888890147
72262  -48.536  10.538  40.358 0.8888890147
122822  -49.291  10.392  40.027 0.8888890147
71228  -49.782  9.581  40.287 0.8888890147
122359  -52.905  9.229  41.706 0.6666669846
69234  -42.640  7.373  44.589 0.5555559993
69235  -42.805  7.882  44.151 0.5555559993
68353  -42.824  7.059  44.027 0.5555559993
71200  -43.420  9.219  43.949 0.5555559993
70175  -43.320  8.463  43.568 0.5555559993
71201  -44.020  9.690  43.515 0.4444440007
70176  -43.946  8.594  42.890 0.7777780294
71209  -44.247  9.300  42.776 0.6666669846
71210  -44.990  9.464  42.252 0.6666669846
72245  -45.445  10.277  42.246 0.6666669846
72253  -46.639  10.935  41.686 0.7777780294
133900  -47.779  11.620  42.126 0.5555559993
133598  -46.727  10.352  41.336 0.8888890147
72254  -47.180  10.783  41.167 0.7777780294
73237  -47.677  11.202  41.078 0.5555559993
73238  -48.355  11.306  40.675 0.5555559993
119047  -49.058  11.798  40.456 0.5555559993
73239  -49.029  11.153  40.080 0.5555559993
72277  -49.717  11.064  39.737 0.8888890147
72263  -50.096  10.226  39.819 0.8888890147
71242  -51.448  9.795  40.113 0.8888890147
112254  -52.952  9.547  41.066 0.7777780294
71219  -53.629  9.474  41.641 0.6666669846
69199  -44.277  8.020  47.434 0.3333329856
69225  -42.846  7.821  45.867 0.5555559993
70150  -43.352  8.435  46.056 0.4444440007
69224  -42.557  7.210  45.279 0.5555559993
70158  -42.652  7.970  44.926 0.5555559993
70168  -42.991  8.605  44.443 0.5555559993
72226  -44.558  10.312  43.991 0.4444440007
125704  -45.126  10.654  43.687 0.4444440007
72236  -44.711  10.160  42.952 0.4444440007
72246  -46.107  11.009  42.420 0.3333329856
73218  -46.772  11.406  43.155 0.1111110002
73209  -47.555  11.587  43.875 0.1111110002
73228  -46.821  11.324  42.295 0.2222220004
73219  -47.529  11.595  42.738 0.2222220004
73220  -48.291  11.749  42.511 0.4444440007
73211  -49.219  11.879  42.983 0.4444440007
73229  -48.098  11.616  41.586 0.5555559993
74171  -49.657  12.004  41.983 0.5555559993
74184  -49.379  12.182  40.971 0.5555559993
74193  -49.635  12.261  40.321 0.5555559993
73250  -49.534  11.746  39.876 0.5555559993
72279  -51.430  10.544  39.520 0.8888890147
72278  -50.510  10.864  39.507 0.8888890147
72264  -53.054  9.996  40.225 0.7777780294
71243  -52.178  10.149  39.868 0.7777780294
71230  -53.684  9.816  40.852 0.6666669846
71220  -54.299  9.860  41.283 0.6666669846
120272  -46.008  9.174  48.990 0.1111110002
71159  -45.322  9.608  47.641 0.1111110002
69215  -43.527  7.912  46.680 0.4444440007
71158  -44.728  8.982  47.257 0.3333329856
71173  -44.952  9.982  46.834 0.1111110002
70151  -43.977  8.669  46.595 0.2222220004
71172  -44.284  9.516  46.331 0.1111110002
71171  -43.634  9.072  45.771 0.4444440007
71182  -43.998  9.792  45.414 0.2222220004
72207  -44.715  10.251  45.933 0.2222220004
70159  -43.053  8.555  45.314 0.4444440007
71189  -43.403  9.236  44.870 0.4444440007
72216  -44.609  10.329  44.972 0.4444440007
72217  -45.338  10.726  45.423 0.2222220004
72227  -45.249  10.714  44.511 0.3333329856
71190  -43.907  9.829  44.440 0.4444440007
72228  -45.990  11.071  44.895 0.2222220004
73208  -46.673  11.320  44.257 0.2222220004
73199  -47.559  11.574  44.893 0.2222220004
74141  -48.902  12.200  45.017 0.1111110002
74128  -50.023  13.078  44.945 0.1111110002
123301  -45.759  11.023  43.981 0.3333329856
73200  -48.331  11.797  44.498 0.1111110002
73201  -49.104  12.006  44.081 0.1111110002
74143  -50.431  12.659  44.159 0.1111110002
74157  -50.718  12.341  43.353 0.1111110002
74185  -50.153  12.518  41.112 0.5555559993
73253  -51.914  11.144  39.059 0.8888890147
73252  -51.007  11.426  39.153 0.7777780294
74206  -50.888  12.277  39.077 0.5555559993
74204  -49.896  12.226  39.794 0.6666669846
131266  -52.078  10.592  39.457 0.8888890147
72280  -52.722  10.647  39.419 0.7777780294
125144  -53.641  10.530  39.750 0.7777780294
71231  -54.215  10.102  40.712 0.6666669846
72255  -54.771  10.279  40.912 0.6666669846
71221  -54.932  10.101  41.642 0.5555559993
72176  -46.313  10.432  49.193 0.1111110002
71149  -45.655  9.377  48.399 0.1111110002
72187  -46.088  10.857  48.315 0.1111110002
71160  -45.740  10.190  47.966 0.1111110002
72196  -45.517  10.462  47.175 0.1111110002
72208  -45.394  10.667  46.325 0.1111110002
72209  -45.970  11.103  46.620 0.1111110002
72218  -46.014  11.131  45.783 0.1111110002
73190  -46.648  11.521  46.110 0.1111110002
73182  -47.204  12.007  46.448 0.1111110002
73191  -47.465  11.747  45.702 0.1111110002
73183  -48.036  12.188  46.085 0.1111110002
74126  -48.679  12.429  45.760 0.1111110002
73198  -46.756  11.401  45.288 0.2222220004
73192  -48.230  11.918  45.386 0.1111110002
74127  -49.306  12.773  45.376 0.1111110002
75059  -50.369  13.665  45.307 0.1111110002
75072  -50.835  13.248  44.547 0.1111110002
75100  -51.761  13.159  42.103 0.1111110002
75086  -51.769  13.077  42.818 0.1111110002
74158  -51.324  12.632  43.069 0.1111110002
75129  -50.734  12.862  39.657 0.4444440007
74186  -51.156  12.768  41.709 0.3333329856
74172  -50.766  12.283  42.431 0.3333329856
74205  -50.343  12.356  39.558 0.5555559993
73265  -52.101  11.800  38.444 0.8888890147
72266  -54.426  10.462  40.190 0.6666669846
125382  -46.337  11.498  48.276 0.1111110002
72197  -45.934  11.008  47.448 0.1111110002
74069  -46.662  12.104  48.251 0.1111110002
118456  -46.330  11.598  47.729 0.1111110002
74090  -47.405  12.714  47.723 0.1111110002
74112  -47.689  12.544  46.826 0.1111110002
74113  -48.421  12.790  46.417 0.1111110002
75022  -48.765  13.592  46.878 0.1111110002
74114  -48.984  13.099  46.048 0.1111110002
75045  -49.909  14.123  46.165 0.1111110002
75058  -49.630  13.397  45.700 0.1111110002
76057  -50.615  14.204  45.598 0.1111110002
116549  -51.680  13.176  43.487 0.1111110002
75073  -51.498  13.435  44.189 0.1111110002
73254  -52.630  11.246  38.772 0.8888890147
72281  -54.247  10.815  39.396 0.7777780294
72286  -53.480  11.036  38.904 0.7777780294
75023  -49.343  14.196  46.996 0.1111110002
129938  -54.128  11.061  38.827 0.7777780294
48205  -8.449  -12.265  78.528 0.2222220004
49264  -8.721  -11.882  78.622 0.4444440007
50332  -9.721  -11.744  78.622 0.3333329856
48209  -7.576  -12.006  77.550 0.2222220004
49263  -8.126  -11.670  78.329 0.4444440007
120483  -7.079  -10.804  77.738 0.2222220004
50339  -8.115  -10.484  77.915 0.5555559993
50377  -12.076  -10.700  72.006 0.6666669846
50385  -12.959  -10.513  71.672 0.5555559993
51412  -11.017  -9.819  70.944 0.7777780294
52493  -14.370  -9.000  69.304 0.4444440007
51434  -11.930  -9.121  69.642 0.7777780294
52513  -13.749  -8.326  68.220 0.6666669846
133821  -14.749  -8.816  68.958 0.4444440007
52514  -14.528  -8.421  67.879 0.6666669846
50343  -5.924  -9.922  77.074 0.2222220004
50359  -6.607  -10.414  74.919 0.1111110002
51411  -10.474  -9.488  71.385 0.7777780294
51384  -5.622  -9.269  75.896 0.2222220004
51376  -5.652  -9.216  77.636 0.2222220004
116379  -7.649  -8.931  77.648 0.7777780294
50360  -7.050  -10.751  74.197 0.1111110002
52438  -9.697  -8.937  73.633 0.8888890147
52458  -10.485  -8.718  71.068 0.8888890147
53637  -12.645  -7.791  68.868 0.8888890147
53660  -14.252  -7.442  67.189 0.7777780294
54940  -14.854  -6.375  66.205 0.7777780294
54954  -15.346  -6.114  65.775 0.7777780294
52413  -6.662  -8.441  78.110 0.3333329856
53565  -9.668  -8.060  74.217 0.7777780294
54840  -10.901  -7.049  71.329 0.7777780294
53619  -11.554  -7.782  69.995 0.8888890147
54881  -12.420  -6.893  69.286 0.8888890147
54814  -11.090  -6.066  72.816 0.1111110002
54825  -10.660  -6.979  72.229 0.5555559993
124060  -11.738  -5.787  71.916 0.2222220004
133983  -11.355  -6.430  71.281 0.5555559993
56000  -11.830  -6.037  70.892 0.4444440007
54880  -11.855  -7.113  69.835 0.8888890147
56025  -12.687  -5.952  69.659 0.5555559993
56045  -13.553  -6.067  68.044 0.8888890147
56079  -14.460  -5.704  66.652 0.8888890147
56097  -16.181  -5.426  65.389 0.7777780294
56096  -15.594  -5.478  65.685 0.8888890147
57138  -17.334  -4.957  64.804 0.7777780294
56113  -19.153  -5.591  64.031 0.6666669846
56046  -13.976  -5.215  68.021 0.7777780294
57126  -14.751  -5.030  66.597 0.8888890147
57074  -12.710  -4.497  71.674 0.1111110002
56013  -12.959  -5.124  69.994 0.4444440007
57081  -12.797  -4.820  70.819 0.3333329856
58141  -17.271  -4.099  65.141 0.7777780294
58154  -18.547  -4.222  64.526 0.7777780294
57147  -19.254  -4.630  64.077 0.8888890147
119771  -20.554  -5.024  63.280 0.6666669846
121313  -13.059  -3.987  71.641 0.1111110002
59057  -13.745  -2.740  71.672 0.1111110002
58118  -14.197  -3.040  70.447 0.1111110002
57166  -21.517  -5.068  62.485 0.7777780294
113087  -24.934  -5.529  62.146 0.6666669846
55046  -37.493  -7.010  59.224 0.4444440007
53825  -36.431  -7.325  58.513 0.4444440007
59058  -14.274  -2.313  71.034 0.1111110002
55066  -36.572  -6.987  57.589 0.5555559993
53838  -35.772  -7.112  57.150 0.6666669846
120267  -16.468  -2.289  67.634 0.3333329856
58156  -19.981  -3.258  64.315 0.6666669846
57178  -40.596  -4.603  60.991 0.2222220004
57177  -26.798  -4.717  61.053 0.6666669846
55061  -30.044  -6.074  57.648 0.8888890147
125181  -31.016  -4.874  57.022 0.7777780294
55080  -35.571  -6.628  56.576 0.8888890147
56216  -32.983  -5.660  56.783 0.8888890147
112405  -19.094  -2.515  65.490 0.4444440007
59080  -18.587  -2.200  66.298 0.3333329856
59145  -23.425  -2.345  60.568 0.8888890147
57209  -27.324  -4.390  59.300 0.8888890147
58238  -32.580  -3.942  57.631 0.5555559993
128103  -34.644  -3.245  58.579 0.1111110002
58223  -33.913  -3.509  58.488 0.2222220004
58224  -35.165  -2.962  58.251 0.4444440007
58249  -34.597  -3.973  56.606 0.4444440007
130490  -32.358  -4.438  57.227 0.8888890147
57238  -33.420  -4.933  56.788 0.8888890147
130985  -34.958  -4.509  56.129 0.6666669846
56219  -36.245  -6.078  56.131 0.8888890147
59103  -20.932  -2.317  64.262 0.5555559993
59132  -32.435  -2.001  61.698 0.1111110002
112434  -33.770  -2.484  61.187 0.1111110002
59146  -24.015  -2.338  60.112 0.8888890147
58205  -26.491  -3.384  58.942 0.8888890147
59194  -35.417  -2.564  57.961 0.2222220004
59202  -35.294  -3.155  56.311 0.5555559993
125583  -29.967  -4.034  57.282 0.7777780294
57250  -35.616  -4.434  55.629 0.7777780294
58270  -36.528  -3.322  54.408 0.8888890147
61109  -31.311  -1.009  61.948 0.1111110002
130117  -24.656  -0.509  60.633 0.4444440007
61154  -29.256  -1.279  58.457 0.6666669846
60160  -29.911  -1.954  58.165 0.6666669846
61166  -34.730  -0.927  57.397 0.3333329856
59204  -40.383  -2.628  57.062 0.2222220004
59220  -35.150  -2.416  54.613 0.6666669846
62139  -25.410  0.269  61.470 0.3333329856
133761  -29.228  -0.098  60.665 0.2222220004
62151  -26.844  0.159  60.473 0.3333329856
62165  -26.766  -0.166  59.804 0.3333329856
62150  -26.151  0.219  60.943 0.4444440007
62167  -28.122  0.083  60.207 0.2222220004
61137  -28.918  -0.498  59.338 0.4444440007
61152  -27.566  -0.761  58.830 0.4444440007
61151  -26.858  -1.010  58.845 0.5555559993
132224  -33.548  0.135  56.568 0.3333329856
59233  -36.687  -2.246  53.536 0.8888890147
63184  -34.282  2.219  57.761 0.2222220004
134736  -33.086  1.258  55.931 0.6666669846
61197  -32.871  -0.131  55.148 0.5555559993
61227  -32.848  -0.066  53.352 0.7777780294
61240  -33.037  0.034  52.497 0.7777780294
60217  -38.222  -1.284  53.506 0.8888890147
60202  -39.476  -1.075  54.522 0.8888890147
61230  -37.507  -0.316  53.189 0.8888890147
61252  -34.909  -0.379  52.340 1.0000000000
61244  -36.273  -0.100  52.661 1.0000000000
61217  -39.397  -0.015  54.464 0.8888890147
62228  -39.888  0.517  54.950 0.7777780294
62254  -38.291  0.842  52.632 0.8888890147
64137  -33.519  2.524  56.354 0.4444440007
64158  -32.597  2.363  54.131 0.7777780294
63231  -40.125  1.433  52.797 0.7777780294
125423  -33.319  2.776  55.562 0.3333329856
63276  -36.306  0.948  48.904 1.0000000000
62292  -40.472  0.061  49.998 1.0000000000
65235  -33.294  3.471  52.515 0.6666669846
63284  -36.340  1.509  48.241 1.0000000000
64216  -36.082  2.279  47.868 1.0000000000
62267  -42.528  0.689  51.833 0.5555559993
134353  -43.958  0.648  51.619 0.3333329856
63295  -38.205  1.206  47.392 1.0000000000
62293  -41.592  0.039  49.702 0.7777780294
62283  -44.646  0.567  50.292 0.5555559993
63315  -38.138  1.758  46.954 1.0000000000
62318  -40.967  0.189  47.171 1.0000000000
112977  -42.693  0.081  48.746 0.8888890147
62296  -44.344  0.464  49.435 0.7777780294
62319  -42.138  0.110  47.359 1.0000000000
66247  -35.215  4.755  53.207 0.3333329856
66312  -35.688  4.304  48.166 0.5555559993
66314  -37.235  4.245  47.249 0.5555559993
66338  -38.077  4.039  46.837 0.7777780294
64248  -38.299  2.481  46.659 1.0000000000
63316  -39.359  1.680  46.562 1.0000000000
62339  -40.595  0.772  46.676 1.0000000000
62340  -41.429  0.604  46.595 1.0000000000
62321  -43.798  0.592  47.064 1.0000000000
62342  -43.124  0.692  46.496 1.0000000000
67270  -35.920  5.081  52.844 0.2222220004
67288  -36.409  5.643  51.463 0.3333329856
67298  -36.376  5.729  50.595 0.3333329856
68260  -37.027  6.034  51.114 0.3333329856
67307  -35.779  5.278  49.144 0.5555559993
130855  -36.550  5.791  49.639 0.3333329856
127836  -36.445  5.499  48.825 0.4444440007
125557  -37.584  5.450  48.048 0.2222220004
65303  -39.499  3.277  46.477 0.8888890147
62341  -42.594  0.891  46.082 1.0000000000
63340  -41.925  1.651  45.821 1.0000000000
63296  -44.655  0.827  47.000 1.0000000000
118982  -43.889  1.521  45.676 0.8888890147
134330  -44.373  1.407  45.973 1.0000000000
63321  -45.003  1.398  46.288 1.0000000000
63297  -45.526  1.208  47.236 1.0000000000
68235  -37.899  6.791  52.328 0.2222220004
69123  -38.458  7.147  53.107 0.1111110002
69125  -40.042  8.103  52.222 0.2222220004
69137  -40.337  8.125  51.241 0.2222220004
120070  -38.090  6.595  49.979 0.2222220004
68302  -38.665  6.330  48.897 0.2222220004
68303  -39.419  6.413  48.822 0.2222220004
67329  -39.856  5.829  48.290 0.3333329856
66315  -38.694  4.815  47.194 0.3333329856
66316  -39.623  4.766  47.188 0.3333329856
63343  -44.559  1.775  45.661 0.8888890147
64297  -45.365  2.824  44.985 0.8888890147
68265  -41.358  7.121  49.789 0.2222220004
64295  -43.679  2.972  44.650 0.8888890147
65343  -44.225  3.584  44.355 0.8888890147
65345  -46.683  3.992  44.942 0.8888890147
65306  -47.699  3.485  46.275 0.7777780294
67330  -40.788  5.613  48.325 0.3333329856
67331  -41.652  5.370  48.325 0.4444440007
122567  -41.172  4.759  47.356 0.4444440007
120892  -43.897  4.244  44.066 0.8888890147
67390  -45.439  4.875  43.975 0.8888890147
66373  -46.689  4.806  44.541 0.8888890147
67401  -46.971  6.051  44.041 0.8888890147
67392  -47.354  5.433  44.575 0.8888890147
69260  -47.269  7.750  42.557 0.8888890147
70208  -49.400  8.977  40.729 0.8888890147
113119  -44.944  5.848  43.508 0.8888890147
130720  -43.773  7.951  43.093 0.8888890147
71217  -45.778  9.570  41.747 0.8888890147
71218  -46.524  9.742  41.370 0.8888890147
124074  -50.818  10.143  39.761 0.8888890147
125700  -43.677  9.090  43.250 0.5555559993
72252  -46.138  10.329  41.692 0.7777780294
72237  -45.478  10.802  43.063 0.4444440007
120959  -47.324  11.358  41.741 0.3333329856
73230  -48.817  11.886  41.245 0.5555559993
72238  -46.117  11.184  43.364 0.2222220004
73210  -48.363  11.772  43.483 0.2222220004
73221  -48.795  11.862  42.059 0.5555559993
118001  -50.142  12.023  42.907 0.3333329856
74194  -50.167  12.649  40.114 0.5555559993
73251  -50.221  11.755  39.498 0.6666669846
72265  -53.818  10.180  40.340 0.7777780294
111968  -45.990  9.918  48.733 0.1111110002
74142  -49.638  12.468  44.565 0.1111110002
74156  -49.924  12.188  43.704 0.2222220004
74144  -51.143  12.871  43.793 0.1111110002
73264  -51.429  11.872  38.761 0.8888890147
73136  -46.415  11.340  48.835 0.1111110002
74173  -51.403  12.710  42.487 0.2222220004
74195  -50.831  12.999  40.615 0.4444440007
73181  -46.445  11.626  46.910 0.1111110002
74070  -47.267  12.714  48.685 0.1111110002
73166  -46.888  12.196  47.290 0.1111110002
119562  -49.310  13.675  46.345 0.1111110002
76045  -50.604  14.851  46.252 0.1111110002
76058  -51.137  14.521  45.502 0.1111110002
72282  -55.029  10.762  39.713 0.6666669846
51379  -5.535  -9.294  76.697 0.1111110002
53535  -6.069  -7.889  77.911 0.2222220004
52418  -5.595  -8.308  77.556 0.1111110002
52419  -7.244  -8.132  77.688 0.4444440007
122063  -5.480  -8.679  75.562 0.1111110002
52432  -5.889  -8.802  74.256 0.1111110002
51397  -6.395  -9.358  73.648 0.1111110002
130407  -5.647  -7.574  77.346 0.1111110002
53542  -7.070  -7.234  77.382 0.3333329856
52417  -5.309  -7.711  76.908 0.1111110002
125632  -8.332  -8.018  76.157 0.6666669846
52426  -5.211  -7.870  76.317 0.1111110002
52420  -7.871  -8.175  76.850 0.5555559993
52437  -5.915  -8.601  73.281 0.1111110002
52446  -5.807  -8.408  72.299 0.1111110002
53540  -5.839  -7.017  77.361 0.2222220004
53541  -6.445  -7.154  77.494 0.2222220004
53536  -6.695  -7.800  77.803 0.2222220004
53543  -7.650  -7.260  76.947 0.2222220004
53549  -4.922  -7.237  75.827 0.1111110002
53546  -8.260  -7.215  76.302 0.4444440007
53550  -5.096  -7.537  75.220 0.1111110002
52428  -8.776  -8.377  75.671 0.6666669846
53557  -5.149  -7.381  74.505 0.1111110002
54783  -5.375  -6.939  76.890 0.1111110002
53545  -4.990  -7.021  76.426 0.1111110002
54792  -8.565  -6.341  76.234 0.2222220004
53552  -9.021  -7.520  75.290 0.4444440007
53803  -31.462  -7.883  59.442 0.5555559993
53804  -32.342  -8.078  59.291 0.6666669846
53805  -33.248  -8.134  59.121 0.6666669846
53823  -33.499  -7.900  58.257 0.7777780294
53824  -34.356  -7.845  58.190 0.7777780294
53821  -31.801  -7.644  58.581 0.7777780294
53822  -32.647  -7.816  58.409 0.7777780294
53836  -33.807  -7.514  57.525 0.7777780294
55045  -30.169  -7.057  59.016 0.7777780294
53820  -30.958  -7.405  58.769 0.7777780294
55053  -30.469  -6.783  58.134 0.7777780294
55054  -31.339  -7.054  57.944 0.7777780294
53834  -32.179  -7.298  57.800 0.7777780294
124948  -32.599  -6.948  57.332 0.7777780294
55062  -30.891  -6.332  57.443 0.6666669846
55063  -31.878  -6.538  57.280 0.7777780294
62201  -34.836  -0.237  57.860 0.1111110002
60190  -39.872  -1.382  55.128 0.6666669846
61199  -39.899  -0.501  55.060 0.7777780294
61167  -35.392  -1.284  57.996 0.2222220004
62186  -35.024  0.577  58.330 0.1111110002
63172  -34.699  1.541  58.179 0.1111110002
64126  -35.348  1.934  58.830 0.1111110002
63154  -35.775  1.306  59.244 0.1111110002
63173  -35.296  1.196  58.694 0.1111110002
62229  -40.432  1.041  55.402 0.4444440007
61200  -40.388  0.016  55.566 0.5555559993
113915  -35.401  2.735  58.999 0.1111110002
64125  -34.781  2.588  58.371 0.2222220004
64114  -35.941  2.174  59.590 0.1111110002
127550  -36.521  1.965  60.215 0.1111110002
62310  -44.901  0.648  48.623 0.7777780294
63286  -45.615  1.018  48.221 0.6666669846
66191  -34.494  4.047  57.756 0.2222220004
65181  -33.764  3.372  56.114 0.2222220004
64134  -34.229  3.087  57.616 0.2222220004
132130  -35.072  3.079  58.676 0.2222220004
62323  -45.032  0.787  47.716 0.8888890147
63287  -46.312  1.551  47.942 0.6666669846
64231  -46.842  2.201  47.295 0.6666669846
64232  -47.565  2.694  47.869 0.5555559993
63322  -45.762  1.609  46.615 0.8888890147
64252  -45.738  1.908  46.047 0.7777780294
64253  -46.314  2.021  46.536 0.6666669846
65287  -47.492  2.981  46.907 0.6666669846
64254  -46.852  2.512  46.505 0.5555559993
66175  -35.070  4.958  58.673 0.1111110002
129949  -34.528  4.530  57.216 0.1111110002
66174  -34.876  4.251  58.491 0.1111110002
132183  -33.893  3.794  55.692 0.2222220004
114122  -34.120  4.121  56.029 0.2222220004
65182  -34.158  3.840  56.887 0.2222220004
65217  -33.722  3.773  54.597 0.3333329856
62322  -44.354  0.579  47.751 0.8888890147
64233  -48.125  3.306  47.569 0.6666669846
65327  -48.194  4.039  46.131 0.6666669846
66359  -48.750  4.698  45.970 0.7777780294
66209  -34.479  4.648  56.474 0.1111110002
67236  -34.842  5.176  56.957 0.1111110002
65200  -34.149  4.168  55.235 0.1111110002
66238  -34.371  4.324  54.370 0.1111110002
66344  -49.371  4.856  46.421 0.7777780294
66358  -48.043  4.555  45.500 0.7777780294
68346  -49.519  6.544  45.381 0.5555559993
67383  -49.319  5.540  45.782 0.3333329856
67393  -48.120  5.784  44.825 0.7777780294
68345  -48.873  6.086  45.073 0.7777780294
68305  -44.158  6.223  49.149 0.2222220004
68306  -44.862  6.680  49.546 0.2222220004
69182  -44.575  6.875  48.754 0.2222220004
69183  -45.169  7.309  49.089 0.1111110002
67333  -43.462  5.759  48.657 0.2222220004
67367  -42.330  5.316  46.976 0.2222220004
67368  -42.954  5.437  47.912 0.2222220004
68319  -43.375  6.047  47.833 0.2222220004
69198  -43.658  7.094  47.426 0.3333329856
68336  -42.571  6.048  46.433 0.4444440007
134111  -43.116  7.284  46.631 0.3333329856
69214  -42.683  6.917  46.117 0.4444440007
68354  -47.692  6.276  44.315 0.7777780294
68356  -49.080  6.897  44.834 0.7777780294
68287  -44.454  6.463  49.882 0.1111110002
68288  -45.266  6.725  50.369 0.1111110002
69166  -45.553  7.033  49.891 0.1111110002
119426  -42.839  5.450  48.420 0.2222220004
127723  -44.264  7.262  48.064 0.3333329856
128907  -45.328  8.053  48.742 0.2222220004
69200  -44.815  7.803  48.286 0.3333329856
133028  -44.777  8.386  47.786 0.3333329856
69236  -48.748  7.205  44.203 0.7777780294
120986  -54.400  9.630  42.032 0.5555559993
117948  -54.490  9.467  42.840 0.3333329856
68286  -43.667  6.283  49.749 0.2222220004
67311  -43.193  5.734  49.066 0.2222220004
128537  -45.046  6.671  50.620 0.1111110002
70130  -45.206  8.696  48.138 0.1111110002
70177  -50.868  7.964  43.226 0.6666669846
68365  -47.286  6.735  43.747 0.7777780294
70192  -52.505  8.726  42.221 0.5555559993
70201  -51.560  8.555  41.762 0.5555559993
71211  -53.219  8.815  42.824 0.5555559993
71212  -53.813  9.276  42.459 0.5555559993
68284  -41.890  6.364  49.302 0.2222220004
68268  -44.430  6.635  50.470 0.1111110002
69249  -47.681  7.326  43.273 0.7777780294
69251  -49.293  7.651  43.591 0.7777780294
69263  -50.030  7.944  42.897 0.6666669846
69261  -48.154  7.834  42.608 0.7777780294
69262  -49.127  7.976  42.586 0.7777780294
70191  -51.698  8.245  42.667 0.6666669846
70188  -48.585  8.210  41.862 0.7777780294
70189  -49.983  8.140  41.971 0.7777780294
70200  -50.644  8.502  41.452 0.7777780294
73255  -54.717  11.041  38.897 0.6666669846
73267  -54.100  11.380  38.093 0.6666669846
73268  -55.105  11.203  38.158 0.5555559993
73291  -56.707  11.726  36.634 0.5555559993
73293  -58.514  11.776  36.921 0.4444440007
74236  -59.001  12.239  36.277 0.4444440007
74237  -59.900  12.199  36.511 0.4444440007
70187  -47.697  8.221  41.898 0.7777780294
70198  -48.122  8.641  41.281 0.7777780294
124284  -48.976  8.564  41.220 0.7777780294
70199  -49.794  8.503  41.280 0.7777780294
73266  -52.984  11.698  38.106 0.7777780294
73279  -54.253  11.794  37.319 0.7777780294
73289  -54.836  11.879  36.810 0.7777780294
73290  -55.776  11.774  36.650 0.7777780294
120255  -56.255  12.313  36.107 0.7777780294
73292  -57.583  11.755  36.696 0.5555559993
74235  -58.089  12.241  36.171 0.5555559993
74214  -51.632  12.506  38.579 0.4444440007
74215  -52.287  12.496  38.032 0.5555559993
133202  -52.908  12.449  37.685 0.6666669846
74223  -53.233  13.000  37.322 0.6666669846
73278  -53.564  12.044  37.490 0.6666669846
74232  -55.266  12.545  36.208 0.7777780294
74234  -57.172  12.249  36.107 0.7777780294
74247  -57.639  12.754  35.541 0.6666669846
74248  -58.584  12.719  35.561 0.4444440007
75183  -59.081  13.145  34.811 0.4444440007
75182  -58.053  13.195  34.917 0.4444440007
75153  -51.922  13.487  38.422 0.4444440007
74222  -52.555  13.247  37.768 0.5555559993
75161  -53.599  13.868  36.932 0.5555559993
132064  -54.653  12.523  36.531 0.6666669846
74233  -55.855  13.077  35.665 0.7777780294
74246  -56.731  12.830  35.555 0.7777780294
75180  -56.323  13.540  35.175 0.7777780294
75181  -57.161  13.301  35.018 0.7777780294
133874  -59.034  13.467  34.054 0.4444440007
75130  -51.319  13.446  40.035 0.3333329856
75145  -51.825  13.943  39.436 0.3333329856
75144  -51.275  13.128  39.048 0.4444440007
76146  -52.371  14.383  38.877 0.4444440007
75192  -57.454  13.705  34.391 0.5555559993
75201  -57.739  14.016  33.715 0.5555559993
75202  -58.565  13.809  33.561 0.4444440007
75191  -56.634  13.964  34.621 0.7777780294
76176  -56.881  14.308  33.950 0.6666669846
76183  -57.207  14.602  33.251 0.6666669846
76184  -58.018  14.302  33.040 0.5555559993
76195  -57.529  14.908  32.546 0.5555559993
77100  -57.906  15.261  31.871 0.5555559993
77113  -58.415  15.797  31.197 0.4444440007
78912  -59.077  17.351  30.029 0.2222220004
116382  -59.375  17.923  29.568 0.3333329856
76175  -56.086  14.788  34.402 0.7777780294
76182  -56.472  15.056  33.627 0.5555559993
77091  -56.834  15.344  32.914 0.3333329856
77099  -57.291  15.705  32.268 0.4444440007
77112  -57.747  16.056  31.712 0.3333329856
78003  -57.929  16.905  31.257 0.3333329856
78905  -57.744  17.982  31.031 0.3333329856
79771  -58.296  18.490  30.540 0.2222220004
79788  -58.757  19.177  30.068 0.2222220004
80556  -59.276  19.582  29.596 0.1111110002
78015  -58.748  16.676  30.586 0.3333329856
78911  -58.441  17.597  30.567 0.2222220004
79789  -59.406  18.757  29.438 0.1111110002
80572  -59.725  19.583  29.089 0.1111110002
81340  -60.059  20.488  28.829 0.1111110002
79790  -59.947  18.078  28.960 0.3333329856
79806  -59.957  18.924  28.839 0.1111110002
80573  -60.288  19.608  28.537 0.1111110002
81341  -60.621  20.566  28.221 0.1111110002
81356  -61.193  20.570  27.530 0.1111110002
81357  -61.695  20.378  26.725 0.1111110002
131451  -61.902  20.961  26.014 0.1111110002
77090  -56.284  15.854  33.409 0.6666669846
77098  -56.666  16.155  32.714 0.3333329856
77991  -57.125  16.647  32.091 0.3333329856
78900  -57.229  17.626  31.766 0.3333329856
79756  -57.344  18.523  31.615 0.2222220004
122742  -58.233  19.235  30.650 0.2222220004
80541  -58.478  19.975  30.590 0.1111110002
82084  -59.555  21.905  30.572 0.1111110002
81320  -59.513  21.199  29.925 0.1111110002
81327  -59.560  20.384  29.445 0.1111110002
82090  -60.475  22.626  29.730 0.1111110002
82835  -61.313  24.262  28.984 0.1111110002
82096  -60.966  22.779  28.810 0.1111110002
82109  -61.076  21.733  27.806 0.1111110002
82840  -61.278  24.442  28.071 0.1111110002
83484  -60.941  24.964  27.977 0.1111110002
82121  -61.837  21.832  25.520 0.1111110002
118893  -61.338  23.516  27.234 0.1111110002
82852  -61.049  24.637  27.176 0.1111110002
82853  -61.409  23.070  26.146 0.1111110002
80536  -57.968  19.714  31.149 0.1111110002
81319  -58.883  20.899  30.562 0.1111110002
131201  -61.220  24.270  26.493 0.1111110002
111768  -53.859  9.128  43.259 0.4444440007
70179  -52.525  8.356  43.184 0.4444440007
70178  -51.678  8.059  43.656 0.6666669846
52423  -8.369  -8.737  76.416 0.6666669846
53837  -34.630  -7.462  57.498 0.7777780294
134853  -35.281  -7.361  57.511 0.7777780294
69248  -46.840  7.195  43.102 0.7777780294
130559  -5.382  -8.649  76.191 0.1111110002
56157  -25.655  -4.999  61.894 0.5555559993
65288  -48.206  3.613  46.804 0.5555559993
52422  -5.361  -8.558  76.915 0.1111110002
52427  -5.242  -8.042  75.678 0.1111110002
119669  -5.415  -8.237  74.894 0.1111110002
51403  -6.415  -9.306  72.592 0.1111110002
53551  -8.621  -7.565  75.782 0.4444440007
52436  -5.449  -8.026  73.910 0.1111110002
112224  -33.008  -8.281  60.031 0.6666669846
53835  -32.975  -7.459  57.656 0.7777780294
53802  -30.675  -7.583  59.650 0.6666669846
63277  -45.658  0.932  49.104 0.5555559993
65168  -34.731  3.454  58.335 0.2222220004
63298  -46.167  1.680  47.102 0.6666669846
64217  -47.035  2.127  48.286 0.5555559993
67217  -34.806  4.963  57.889 0.1111110002
68338  -49.968  6.234  46.041 0.4444440007
68355  -48.408  6.569  44.566 0.7777780294
67312  -43.756  6.078  49.258 0.2222220004
68320  -43.943  6.490  48.339 0.2222220004
132968  -42.848  5.813  47.301 0.2222220004
68337  -43.015  6.538  46.979 0.3333329856
69226  -49.718  7.225  45.111 0.4444440007
69250  -48.487  7.528  43.409 0.7777780294
68366  -48.029  6.965  43.979 0.7777780294
68285  -42.825  6.082  49.461 0.2222220004
117568  -51.470  8.042  44.609 0.5555559993
69237  -49.456  7.380  44.456 0.7777780294
68266  -42.311  6.750  49.885 0.1111110002
69252  -50.081  7.656  43.874 0.7777780294
70190  -50.821  8.177  42.272 0.7777780294
133489  -49.319  8.258  41.753 0.7777780294
117814  -54.734  11.518  37.511 0.6666669846
73281  -56.337  11.371  37.281 0.6666669846
73294  -59.315  11.966  36.912 0.3333329856
74249  -59.587  12.617  35.665 0.4444440007
74224  -54.059  12.565  36.896 0.5555559993
75169  -55.168  13.439  35.871 0.6666669846
128279  -52.401  14.044  38.036 0.5555559993
75168  -54.493  13.381  36.358 0.5555559993
75193  -58.322  13.529  34.228 0.5555559993
76128  -52.677  14.495  40.045 0.2222220004
75131  -52.093  13.924  40.625 0.2222220004
75154  -52.957  14.714  38.275 0.4444440007
79772  -58.872  18.195  30.010 0.2222220004
80555  -59.028  20.185  30.009 0.1111110002
82110  -61.513  21.705  26.795 0.1111110002
82095  -60.111  21.432  29.232 0.1111110002
82830  -61.141  24.203  29.757 0.1111110002
120953  -60.593  21.555  28.536 0.1111110002
131538  -61.191  22.792  28.124 0.1111110002
81311  -58.308  20.693  31.286 0.1111110002
115925  -60.493  23.409  30.651 0.1111110002
71203  -54.514  9.420  43.703 0.3333329856
70170  -52.429  8.303  44.252 0.3333329856
49283  -11.949  -12.287  76.947 0.1111110002
133890  -10.756  -12.236  78.129 0.2222220004
115226  -11.047  -12.258  76.785 0.3333329856
47105  -9.382  -13.163  79.015 0.1111110002
48207  -9.869  -12.511  79.176 0.2222220004
49265  -9.560  -11.992  79.033 0.2222220004
49291  -12.562  -11.843  76.353 0.1111110002
118885  -13.634  -10.898  75.284 0.1111110002
49299  -12.305  -11.689  75.516 0.3333329856
50363  -12.924  -11.317  74.903 0.3333329856
50364  -13.573  -10.754  74.279 0.1111110002
51394  -14.131  -10.019  74.216 0.1111110002
49307  -12.009  -11.547  74.656 0.6666669846
48210  -7.910  -12.300  78.113 0.3333329856
51400  -13.953  -10.216  73.506 0.1111110002
115231  -12.621  -11.197  73.979 0.3333329856
50378  -12.819  -10.703  72.497 0.3333329856
116507  -14.357  -9.633  72.983 0.1111110002
51405  -13.684  -10.322  72.545 0.2222220004
51406  -14.308  -9.739  72.162 0.2222220004
51415  -14.096  -9.804  71.461 0.3333329856
52517  -17.099  -8.082  68.101 0.1111110002
53682  -18.435  -7.981  66.306 0.1111110002
53639  -17.734  -7.886  67.873 0.1111110002
53661  -17.878  -8.043  67.057 0.1111110002
52537  -17.092  -8.241  67.260 0.1111110002
53705  -19.003  -7.806  65.578 0.2222220004
118400  -19.925  -7.929  65.903 0.1111110002
52536  -16.279  -8.404  67.416 0.2222220004
52555  -17.113  -8.171  66.556 0.2222220004
53681  -17.544  -8.024  66.042 0.2222220004
53706  -20.628  -7.817  65.168 0.1111110002
52554  -16.406  -8.210  66.637 0.3333329856
53680  -16.713  -7.868  66.012 0.4444440007
53721  -19.664  -7.572  64.844 0.2222220004
53704  -18.075  -7.644  65.474 0.2222220004
53703  -17.191  -7.462  65.493 0.3333329856
53720  -18.673  -7.255  64.819 0.2222220004
54956  -16.901  -6.730  65.161 0.5555559993
127802  -17.710  -7.037  65.005 0.3333329856
132281  -19.270  -7.165  64.504 0.2222220004
54971  -19.753  -7.058  64.193 0.2222220004
53722  -20.492  -7.487  64.258 0.2222220004
54990  -20.401  -6.863  63.690 0.3333329856
53738  -21.120  -7.350  63.560 0.3333329856
129762  -6.837  -6.624  77.261 0.1111110002
54787  -8.102  -6.411  76.673 0.1111110002
53739  -21.936  -7.586  63.521 0.2222220004
53740  -22.844  -7.508  63.451 0.2222220004
54972  -23.847  -7.313  63.831 0.2222220004
132060  -22.267  -7.374  63.032 0.2222220004
56132  -25.863  -5.366  64.206 0.1111110002
54993  -23.562  -7.045  62.901 0.2222220004
54994  -24.406  -6.718  63.296 0.2222220004
54995  -25.183  -5.991  63.709 0.2222220004
54992  -22.680  -7.033  62.682 0.2222220004
56116  -27.431  -4.813  64.798 0.1111110002
56101  -27.405  -4.594  65.588 0.1111110002
56115  -26.584  -4.947  64.528 0.1111110002
56133  -26.490  -5.022  63.770 0.1111110002
112625  -25.803  -5.359  63.418 0.1111110002
56146  -24.789  -5.982  62.799 0.2222220004
132113  -25.325  -5.691  63.173 0.2222220004
56147  -25.497  -5.406  62.725 0.2222220004
56085  -29.206  -5.278  66.588 0.1111110002
56102  -28.103  -4.751  65.515 0.1111110002
56103  -28.902  -5.440  65.577 0.1111110002
112709  -27.080  -4.900  64.118 0.1111110002
113454  -27.722  -5.084  64.052 0.1111110002
53727  -31.556  -7.557  64.678 0.1111110002
53728  -32.411  -7.728  64.417 0.1111110002
55021  -38.432  -6.756  61.292 0.2222220004
112724  -31.720  -7.739  64.017 0.1111110002
53774  -37.172  -7.462  61.446 0.2222220004
55020  -37.779  -7.144  60.927 0.2222220004
53744  -32.221  -7.888  63.444 0.1111110002
112849  -33.097  -7.837  63.783 0.1111110002
53745  -33.757  -7.934  63.149 0.2222220004
53760  -34.098  -8.113  62.292 0.2222220004
128509  -34.935  -7.926  62.029 0.2222220004
114696  -35.712  -7.812  61.632 0.3333329856
53773  -36.421  -7.667  61.119 0.2222220004
53792  -37.075  -7.422  60.583 0.3333329856
112038  -32.953  -7.970  63.086 0.1111110002
132580  -35.097  -8.044  61.265 0.2222220004
53771  -34.365  -8.179  61.414 0.2222220004
54959  -29.580  -6.247  65.178 0.1111110002
114505  -28.289  -5.197  64.736 0.1111110002
54960  -30.420  -6.683  65.529 0.1111110002
53726  -30.769  -7.200  64.752 0.1111110002
56118  -28.984  -5.853  64.657 0.1111110002
54977  -30.136  -6.729  64.768 0.1111110002
56117  -28.512  -5.531  64.002 0.1111110002
56148  -26.390  -4.973  62.865 0.3333329856
53743  -31.418  -7.783  63.486 0.1111110002
56149  -27.247  -4.923  62.590 0.3333329856
53758  -32.438  -8.063  62.600 0.2222220004
53772  -35.640  -7.885  60.743 0.3333329856
56158  -26.591  -4.803  61.939 0.4444440007
53759  -33.243  -8.129  62.442 0.2222220004
54976  -29.592  -6.454  64.386 0.1111110002
54975  -29.127  -6.049  64.014 0.1111110002
112087  -31.032  -7.579  64.042 0.1111110002
119598  -21.258  -1.802  64.639 0.2222220004
53741  -29.539  -6.580  63.671 0.1111110002
54997  -30.217  -7.116  64.029 0.1111110002
53757  -31.524  -7.929  62.689 0.1111110002
56135  -28.058  -5.292  63.185 0.2222220004
129831  -29.954  -7.054  63.284 0.1111110002
53742  -30.655  -7.575  63.202 0.1111110002
112036  -32.670  -8.221  61.843 0.2222220004
53791  -36.328  -7.631  60.210 0.3333329856
53755  -30.007  -7.199  62.545 0.2222220004
53756  -30.681  -7.731  62.206 0.2222220004
112035  -33.499  -8.253  61.626 0.2222220004
112032  -34.723  -8.140  60.474 0.4444440007
53808  -36.316  -7.530  59.335 0.4444440007
53809  -36.980  -7.353  59.740 0.2222220004
53768  -30.028  -7.335  61.540 0.2222220004
53769  -30.732  -7.822  61.421 0.4444440007
112037  -31.995  -8.125  62.052 0.2222220004
112225  -32.007  -8.216  61.312 0.3333329856
112034  -32.819  -8.317  60.973 0.4444440007
112033  -33.736  -8.286  60.731 0.4444440007
112030  -34.658  -8.105  59.586 0.4444440007
53790  -35.484  -7.860  59.723 0.4444440007
53770  -31.349  -8.029  61.775 0.3333329856
114145  -31.987  -8.208  60.291 0.4444440007
112031  -33.928  -8.252  59.818 0.5555559993
53806  -34.114  -8.128  58.963 0.5555559993
53807  -34.935  -7.971  58.887 0.5555559993
53839  -35.835  -7.369  57.940 0.4444440007
113217  -35.138  -7.642  58.136 0.5555559993
54996  -28.936  -5.973  63.382 0.2222220004
55010  -29.434  -6.587  62.922 0.2222220004
56159  -27.368  -4.966  61.680 0.4444440007
53788  -30.486  -7.651  60.622 0.4444440007
130254  -31.140  -7.971  60.171 0.4444440007
55009  -28.800  -5.941  62.568 0.2222220004
56150  -28.060  -5.354  62.178 0.2222220004
55018  -28.772  -5.969  61.670 0.3333329856
56160  -28.124  -5.422  61.256 0.4444440007
55034  -29.346  -6.636  61.177 0.4444440007
53787  -29.813  -7.148  60.716 0.4444440007
55043  -28.851  -6.017  59.821 0.5555559993
115171  -29.360  -6.618  60.303 0.4444440007
55044  -29.482  -6.579  59.363 0.5555559993
60172  -40.753  -2.100  57.162 0.1111110002
60179  -40.712  -1.486  56.486 0.1111110002
61184  -41.362  -0.017  56.688 0.1111110002
60180  -41.184  -0.809  56.820 0.1111110002
61183  -40.833  -0.481  56.212 0.1111110002
60191  -40.366  -1.033  55.640 0.3333329856
63185  -42.014  1.444  57.122 0.1111110002
62203  -42.429  0.796  57.840 0.1111110002
62202  -41.888  0.382  57.237 0.1111110002
62216  -41.454  1.016  56.571 0.1111110002
62215  -40.862  0.558  56.091 0.2222220004
62239  -40.126  1.319  54.603 0.5555559993
63206  -39.840  1.376  53.902 0.5555559993
63175  -43.191  2.156  58.368 0.1111110002
63174  -42.585  1.936  57.699 0.1111110002
63202  -40.712  1.856  55.075 0.4444440007
127504  -41.262  2.204  55.666 0.3333329856
63254  -47.259  1.419  51.583 0.2222220004
63270  -47.757  1.876  51.027 0.2222220004
116885  -48.540  2.222  51.244 0.2222220004
63252  -45.701  0.832  51.053 0.3333329856
63253  -46.509  1.161  51.142 0.2222220004
64204  -48.976  2.942  50.719 0.2222220004
62284  -45.396  0.734  50.370 0.3333329856
63268  -46.754  1.424  50.289 0.2222220004
63279  -46.990  1.778  49.581 0.3333329856
62297  -45.136  0.678  49.618 0.3333329856
64197  -50.135  3.000  51.868 0.2222220004
65244  -50.506  3.896  51.355 0.1111110002
64203  -48.177  2.453  50.279 0.2222220004
65251  -49.430  3.600  50.214 0.1111110002
63278  -46.308  1.258  49.545 0.3333329856
64210  -47.594  2.273  49.527 0.2222220004
65250  -48.754  3.243  49.844 0.2222220004
65252  -50.067  4.049  50.450 0.1111110002
124920  -46.116  1.279  48.743 0.3333329856
118511  -47.179  2.091  49.003 0.3333329856
64211  -48.136  2.887  49.317 0.2222220004
65256  -48.707  3.457  48.956 0.3333329856
115821  -47.614  2.531  48.745 0.3333329856
64218  -48.117  3.127  48.443 0.3333329856
129525  -49.770  4.095  49.784 0.1111110002
67299  -50.796  5.170  50.180 0.1111110002
66282  -49.771  4.331  49.078 0.1111110002
117028  -49.772  4.487  48.166 0.1111110002
66298  -50.289  4.942  48.731 0.1111110002
65269  -48.696  3.610  48.082 0.4444440007
115071  -49.201  4.094  47.665 0.1111110002
67300  -51.288  5.714  50.264 0.1111110002
66283  -50.295  4.690  49.752 0.1111110002
68307  -51.221  6.175  48.758 0.1111110002
67334  -50.706  5.690  48.202 0.1111110002
66320  -48.913  4.210  46.762 0.4444440007
66321  -49.734  4.735  47.210 0.1111110002
66322  -50.198  5.031  47.887 0.1111110002
115257  -51.086  6.480  48.125 0.1111110002
67350  -50.319  5.504  47.285 0.2222220004
67369  -49.895  5.427  46.548 0.2222220004
68321  -50.741  6.447  47.309 0.2222220004
68339  -50.466  6.841  46.380 0.1111110002
67370  -50.341  6.033  46.689 0.2222220004
69216  -50.573  7.580  46.023 0.2222220004
69217  -51.070  8.104  46.304 0.2222220004
68347  -50.069  7.069  45.710 0.3333329856
70160  -51.367  8.407  45.844 0.2222220004
69227  -50.284  7.607  45.425 0.3333329856
69228  -50.812  8.015  45.694 0.2222220004
113554  -52.065  8.854  45.884 0.2222220004
131363  -51.194  8.155  45.321 0.2222220004
69238  -50.112  7.623  44.751 0.3333329856
69239  -50.717  7.889  45.061 0.3333329856
72256  -55.547  10.545  41.144 0.4444440007
72267  -55.136  10.557  40.443 0.4444440007
72268  -55.864  10.791  40.160 0.4444440007
111519  -55.692  10.949  39.048 0.4444440007
118587  -56.413  10.974  39.534 0.4444440007
112615  -56.623  11.049  38.794 0.4444440007
73269  -56.021  11.124  38.076 0.4444440007
73270  -56.894  11.168  37.966 0.4444440007
117279  -57.707  11.272  37.876 0.4444440007
73282  -57.190  11.389  37.257 0.4444440007
73280  -55.451  11.417  37.359 0.5555559993
76130  -53.655  15.258  39.043 0.3333329856
76152  -53.304  14.570  37.524 0.3333329856
75179  -55.512  14.078  35.440 0.5555559993
76158  -54.160  14.595  36.616 0.2222220004
76159  -54.757  14.365  36.011 0.4444440007
76168  -55.578  14.944  35.131 0.3333329856
77077  -55.623  15.646  34.856 0.4444440007
133355  -56.000  14.245  34.931 0.5555559993
77085  -55.948  15.624  34.132 0.4444440007
52494  -15.237  -8.719  69.488 0.2222220004
52515  -15.196  -8.644  68.531 0.2222220004
52473  -14.716  -9.049  70.227 0.2222220004
52475  -16.069  -8.170  69.967 0.1111110002
52516  -16.229  -8.389  68.308 0.2222220004
52495  -16.119  -8.346  69.163 0.1111110002
49255  -10.363  -12.036  79.296 0.2222220004
49274  -10.566  -11.955  78.876 0.1111110002
122086  -10.624  -11.995  79.393 0.1111110002
50372  -13.178  -10.763  73.288 0.2222220004
114516  -13.742  -10.143  71.779 0.2222220004
133938  -14.707  -9.160  70.909 0.2222220004
129488  -19.995  -2.152  65.339 0.3333329856
63288  -46.664  1.678  48.853 0.3333329856
69253  -50.818  7.795  44.198 0.4444440007
133778  -48.656  3.749  47.347 0.4444440007
130602  -45.744  0.883  49.812 0.3333329856
75160  -52.909  13.963  37.528 0.4444440007
113419  -11.340  -12.386  77.578 0.1111110002
47104  -8.662  -13.099  78.558 0.1111110002
48201  -10.475  -12.420  79.853 0.2222220004
132588  -8.272  -12.718  78.297 0.2222220004
49300  -13.138  -11.433  75.781 0.2222220004
56134  -27.151  -4.919  63.447 0.2222220004
54961  -31.044  -6.821  66.045 0.1111110002
113052  -35.704  -7.645  58.763 0.4444440007
53789  -31.258  -8.058  60.928 0.3333329856
55019  -29.405  -6.603  62.068 0.2222220004
55033  -28.765  -6.031  60.765 0.4444440007
53801  -29.968  -7.178  59.941 0.4444440007
63192  -40.980  1.611  55.878 0.2222220004
63193  -41.599  2.146  56.388 0.2222220004
63207  -40.415  1.715  54.276 0.4444440007
131214  -47.141  1.536  50.856 0.2222220004
63255  -48.107  1.591  51.931 0.2222220004
64195  -48.811  1.971  51.948 0.2222220004
63269  -47.410  1.892  50.252 0.2222220004
63267  -46.098  0.996  50.370 0.3333329856
65243  -49.719  3.379  51.045 0.1111110002
65257  -49.292  3.780  49.410 0.1111110002
65270  -49.257  3.949  48.556 0.1111110002
67313  -50.900  5.523  49.351 0.1111110002
73240  -56.492  10.968  41.032 0.4444440007
112240  -56.657  11.033  40.161 0.4444440007
73256  -57.185  11.177  39.555 0.4444440007
76147  -53.650  15.196  38.002 0.2222220004
76153  -53.724  14.826  37.219 0.3333329856
77067  -54.630  15.354  36.506 0.3333329856
77068  -55.078  16.018  36.370 0.2222220004
76167  -55.069  15.140  35.774 0.3333329856
77076  -55.318  15.832  35.580 0.3333329856
47110  -7.721  -12.880  77.391 0.1111110002
49280  -6.984  -11.362  76.802 0.1111110002
48214  -7.429  -12.346  76.338 0.1111110002
52459  -14.677  -9.245  71.569 0.1111110002
55012  -38.488  -6.771  62.185 0.1111110002
55013  -39.135  -6.250  62.544 0.1111110002
58207  -33.295  -3.209  59.058 0.2222220004
59164  -33.492  -2.816  59.726 0.1111110002
58208  -34.189  -3.180  59.170 0.1111110002
64160  -40.845  2.043  54.584 0.3333329856
63216  -40.239  1.583  53.594 0.4444440007
64146  -41.275  2.384  55.139 0.3333329856
64188  -40.777  1.714  53.439 0.2222220004
64161  -41.143  2.199  54.479 0.3333329856
64162  -41.761  2.504  54.626 0.3333329856
64175  -40.756  1.945  54.030 0.3333329856
125394  -41.881  2.165  53.983 0.2222220004
63217  -41.537  1.790  53.399 0.3333329856
64177  -42.695  2.292  54.249 0.2222220004
63218  -42.465  1.731  53.503 0.2222220004
128587  -43.252  1.731  53.664 0.2222220004
63233  -42.194  1.199  52.701 0.2222220004
63234  -43.287  1.203  52.942 0.2222220004
64178  -43.717  2.067  54.141 0.2222220004
74238  -60.751  12.218  37.039 0.2222220004
74250  -60.720  12.557  35.983 0.3333329856
113114  -57.468  11.197  38.661 0.3333329856
75194  -59.777  13.278  34.216 0.2222220004
113184  -61.673  13.230  33.259 0.2222220004
75204  -60.284  13.320  33.595 0.2222220004
114603  -60.027  13.461  33.011 0.2222220004
75219  -60.765  13.274  32.879 0.2222220004
75203  -59.427  13.570  33.431 0.2222220004
75218  -59.512  13.733  32.642 0.2222220004
75220  -61.610  13.237  32.345 0.2222220004
124605  -60.136  13.459  32.443 0.2222220004
75235  -60.685  13.301  31.842 0.2222220004
75236  -61.620  13.201  31.410 0.2222220004
75234  -59.717  13.775  31.820 0.2222220004
126864  -60.224  13.649  31.191 0.3333329856
75252  -60.908  13.306  30.883 0.2222220004
75253  -61.750  13.192  30.541 0.3333329856
75267  -61.148  13.580  30.097 0.3333329856
76196  -58.250  14.566  32.324 0.3333329856
76197  -58.970  14.220  32.157 0.3333329856
76209  -59.121  14.396  31.510 0.4444440007
76225  -59.595  14.280  31.012 0.3333329856
76241  -60.746  14.308  29.675 0.4444440007
76208  -58.524  14.819  31.610 0.4444440007
77114  -58.924  14.947  30.924 0.3333329856
77129  -59.539  14.957  30.305 0.4444440007
77130  -60.181  14.955  29.656 0.4444440007
76242  -61.400  14.063  29.343 0.3333329856
76256  -60.898  14.960  28.996 0.3333329856
76257  -61.684  14.587  28.621 0.3333329856
77159  -61.058  15.904  28.616 0.4444440007
77128  -59.099  15.835  30.465 0.4444440007
77147  -60.426  15.824  29.207 0.4444440007
78028  -60.009  16.551  29.350 0.4444440007
78029  -60.653  16.566  28.790 0.4444440007
78016  -59.378  16.593  29.962 0.3333329856
78922  -60.294  17.235  28.919 0.3333329856
62255  -43.033  0.829  52.247 0.2222220004
75184  -60.180  12.973  35.023 0.2222220004
75217  -58.798  14.042  32.883 0.3333329856
74225  -59.947  12.001  37.346 0.2222220004
73284  -59.198  11.721  37.554 0.2222220004
114999  -45.917  0.926  51.799 0.2222220004
129898  -57.892  11.485  37.286 0.3333329856
64176  -41.228  2.130  54.016 0.2222220004
63219  -44.028  1.497  53.470 0.2222220004
76226  -60.289  14.087  30.381 0.3333329856
77146  -59.729  15.803  29.805 0.4444440007
113020  -61.425  15.288  28.417 0.3333329856
78043  -61.318  16.713  28.085 0.4444440007
130417  -60.811  17.174  28.432 0.3333329856
49256  -10.945  -12.097  79.965 0.1111110002
54793  -9.076  -5.876  76.001 0.1111110002
134307  -34.273  -7.811  63.518 0.1111110002
53761  -35.633  -7.754  62.537 0.1111110002
114144  -34.719  -7.890  62.997 0.1111110002
114134  -26.285  0.459  61.930 0.1111110002
62140  -26.943  0.361  61.313 0.2222220004
62088  -26.796  0.827  64.892 0.1111110002
62105  -27.484  0.601  64.268 0.1111110002
62118  -27.157  0.572  63.459 0.1111110002
62104  -26.576  0.677  64.099 0.1111110002
62129  -27.615  0.489  62.742 0.1111110002
62128  -26.777  0.534  62.713 0.1111110002
134727  -27.468  0.367  61.577 0.1111110002
62141  -28.006  0.409  61.952 0.1111110002
62152  -27.742  0.271  60.955 0.1111110002
62130  -28.366  0.430  62.692 0.1111110002
62142  -28.533  0.265  61.452 0.1111110002
127073  -28.618  0.130  60.786 0.1111110002
61155  -35.468  -0.315  58.544 0.1111110002
64140  -42.237  2.948  56.253 0.1111110002
64139  -41.673  2.591  55.961 0.1111110002
63194  -42.101  2.693  56.633 0.1111110002
65183  -42.918  3.317  56.467 0.1111110002
64147  -41.939  2.820  55.487 0.1111110002
65201  -42.642  3.060  55.780 0.1111110002
65202  -43.333  3.350  55.934 0.1111110002
65184  -43.605  3.699  56.616 0.1111110002
129844  -43.092  3.039  55.427 0.1111110002
65203  -44.173  3.444  55.960 0.1111110002
65218  -43.811  3.021  55.358 0.1111110002
122623  -42.497  2.892  55.046 0.1111110002
65204  -45.282  3.262  56.043 0.1111110002
65186  -46.373  3.519  56.671 0.1111110002
69201  -50.922  7.430  46.773 0.1111110002
70152  -51.580  8.593  46.490 0.1111110002
132638  -45.852  3.391  56.355 0.1111110002
64149  -47.007  2.816  55.430 0.1111110002
65219  -44.788  2.875  55.289 0.1111110002
64148  -45.943  2.685  55.193 0.1111110002
64164  -44.267  2.410  54.718 0.1111110002
72219  -54.907  10.002  45.840 0.1111110002
71185  -55.090  9.809  45.029 0.1111110002
71175  -53.246  9.618  46.412 0.1111110002
129966  -53.751  9.443  45.697 0.1111110002
72220  -55.550  10.364  45.456 0.1111110002
116133  -55.638  10.277  44.592 0.1111110002
72221  -56.123  10.850  45.011 0.1111110002
70161  -53.012  9.129  45.553 0.1111110002
71184  -54.409  9.573  45.390 0.1111110002
73202  -56.637  11.376  44.522 0.1111110002
73203  -57.081  11.936  43.962 0.1111110002
74145  -57.660  12.525  44.313 0.1111110002
72230  -56.138  10.822  44.120 0.1111110002
74160  -58.093  12.905  43.522 0.1111110002
74159  -57.565  12.355  43.352 0.1111110002
71192  -54.498  9.447  44.572 0.1111110002
71193  -55.118  9.783  44.163 0.1111110002
73212  -56.642  11.326  43.625 0.1111110002
75088  -58.592  13.351  42.939 0.1111110002
121437  -52.537  8.665  45.059 0.1111110002
70169  -51.848  8.390  45.159 0.1111110002
70171  -53.198  8.768  44.591 0.1111110002
74175  -58.034  12.695  42.595 0.1111110002
75102  -58.674  13.230  42.080 0.1111110002
71202  -53.861  9.108  44.123 0.2222220004
72229  -55.640  10.267  43.712 0.1111110002
72240  -56.131  10.794  43.255 0.1111110002
73213  -57.108  11.788  43.116 0.1111110002
74189  -58.836  13.094  41.271 0.1111110002
74187  -57.645  12.141  41.988 0.1111110002
74188  -58.248  12.618  41.661 0.1111110002
116927  -59.384  13.549  40.874 0.1111110002
75118  -60.043  14.060  40.562 0.1111110002
70180  -53.237  8.637  43.689 0.2222220004
71204  -55.083  9.827  43.280 0.1111110002
73222  -56.649  11.239  42.787 0.1111110002
74197  -59.041  12.905  40.524 0.1111110002
75132  -59.661  13.274  40.140 0.1111110002
75146  -60.373  13.590  39.739 0.1111110002
73233  -57.812  12.026  41.132 0.1111110002
74196  -58.456  12.489  40.849 0.1111110002
75147  -61.063  13.887  39.325 0.1111110002
77944  -62.786  15.877  38.557 0.1111110002
77945  -62.949  17.122  38.471 0.1111110002
72239  -55.598  10.302  42.853 0.2222220004
72248  -56.110  10.753  42.434 0.2222220004
73232  -57.184  11.549  41.508 0.1111110002
77027  -62.281  15.921  39.235 0.1111110002
72247  -55.555  10.365  42.033 0.2222220004
72257  -56.072  10.737  41.721 0.2222220004
128034  -58.706  12.364  40.207 0.1111110002
74209  -59.988  12.787  39.397 0.1111110002
76148  -61.643  14.161  39.001 0.1111110002
77926  -62.658  16.999  39.181 0.1111110002
77049  -63.243  15.331  37.997 0.1111110002
120028  -59.264  12.544  39.817 0.1111110002
74217  -60.756  13.082  39.016 0.1111110002
75156  -62.295  13.867  38.572 0.1111110002
73241  -57.316  11.379  40.515 0.2222220004
73242  -58.088  11.882  40.225 0.1111110002
74207  -58.728  11.948  39.600 0.1111110002
115791  -61.214  12.642  38.364 0.1111110002
75162  -62.795  13.226  37.588 0.1111110002
75171  -63.238  13.716  36.562 0.1111110002
75187  -63.238  13.955  35.772 0.1111110002
73258  -58.745  11.603  38.963 0.1111110002
74208  -59.468  12.012  39.011 0.1111110002
125373  -60.345  12.360  38.645 0.1111110002
74227  -61.496  12.438  37.631 0.1111110002
128990  -62.275  12.711  37.315 0.1111110002
74216  -59.814  11.901  38.157 0.1111110002
74226  -60.651  12.149  37.900 0.1111110002
74239  -61.577  12.482  36.753 0.1111110002
74240  -62.263  12.760  36.595 0.1111110002
75186  -62.641  13.187  36.015 0.1111110002
134768  -62.823  13.484  35.271 0.1111110002
111726  -62.120  13.068  35.161 0.1111110002
127976  -57.656  11.450  39.907 0.2222220004
73257  -58.037  11.469  39.343 0.2222220004
73271  -58.261  11.368  38.473 0.1111110002
73272  -59.026  11.600  38.322 0.1111110002
74251  -61.748  12.780  35.923 0.1111110002
75196  -61.675  13.154  34.234 0.1111110002
75185  -61.189  12.918  35.099 0.1111110002
75195  -60.687  13.120  34.306 0.1111110002
131901  -61.013  13.177  33.651 0.1111110002
75254  -62.594  13.053  30.157 0.1111110002
73283  -58.454  11.452  37.725 0.2222220004
75116  -52.225  13.760  41.643 0.1111110002
75115  -51.581  13.362  41.158 0.1111110002
75268  -61.925  13.326  29.732 0.2222220004
76112  -52.723  14.348  41.137 0.1111110002
76113  -53.294  14.925  40.636 0.1111110002
76129  -53.584  15.176  39.935 0.1111110002
77024  -54.228  15.685  39.784 0.1111110002
77924  -55.294  16.654  39.697 0.1111110002
77915  -55.650  17.055  40.244 0.1111110002
133453  -53.199  14.885  40.053 0.1111110002
77025  -54.845  16.199  39.261 0.1111110002
130980  -53.085  14.884  39.411 0.1111110002
77925  -55.802  17.064  39.469 0.1111110002
77942  -55.452  16.658  38.844 0.1111110002
78894  -56.217  17.629  33.603 0.2222220004
132007  -56.628  16.735  32.645 0.2222220004
78899  -56.614  17.428  32.619 0.2222220004
78921  -59.664  17.276  29.463 0.2222220004
78943  -61.910  17.316  27.329 0.1111110002
78931  -60.652  17.833  28.425 0.1111110002
78932  -61.261  17.586  27.948 0.1111110002
124671  -57.500  19.339  31.656 0.1111110002
132979  -57.147  19.015  32.118 0.1111110002
79757  -57.780  18.868  31.033 0.1111110002
79808  -61.088  18.236  27.944 0.1111110002
79825  -61.755  18.220  27.262 0.1111110002
78953  -62.635  17.828  26.186 0.1111110002
76131  -60.768  14.369  40.020 0.1111110002
127016  -59.639  14.056  41.229 0.1111110002
77026  -61.735  15.517  39.660 0.1111110002
76132  -61.377  14.688  39.503 0.1111110002
113373  -63.474  14.473  36.280 0.1111110002
77069  -63.476  15.637  36.341 0.1111110002
76169  -63.567  14.883  35.523 0.1111110002
71213  -55.020  9.926  42.437 0.2222220004
77986  -56.262  16.742  33.271 0.2222220004
47101  -10.979  -12.665  80.379 0.1111110002
77047  -54.297  15.714  38.685 0.1111110002
64163  -43.339  2.656  54.836 0.1111110002
73231  -56.621  11.148  41.972 0.2222220004
64179  -44.638  1.812  54.021 0.1111110002
53747  -35.550  -7.634  63.429 0.1111110002
130913  -26.057  0.556  62.701 0.1111110002
111987  -27.190  0.432  62.050 0.1111110002
114253  -28.156  0.490  63.495 0.1111110002
62106  -28.498  0.522  64.434 0.1111110002
60162  -36.007  -1.262  58.854 0.1111110002
61139  -35.964  -0.275  59.282 0.1111110002
65205  -46.246  3.164  55.936 0.1111110002
64165  -45.240  2.193  54.603 0.1111110002
71191  -53.820  9.201  44.986 0.1111110002
74174  -57.491  12.155  42.672 0.1111110002
73223  -57.119  11.693  42.338 0.1111110002
75155  -61.547  13.376  38.731 0.1111110002
76149  -62.967  14.564  38.242 0.1111110002
76133  -62.107  14.951  38.940 0.1111110002
76154  -63.340  14.714  37.723 0.1111110002
130364  -62.756  13.649  38.090 0.1111110002
74218  -62.176  12.984  38.134 0.1111110002
127849  -63.186  13.592  37.183 0.1111110002
75170  -62.835  13.066  36.907 0.1111110002
77009  -54.848  16.274  40.175 0.1111110002
79744  -56.876  18.354  32.286 0.2222220004
78054  -62.069  16.512  27.339 0.1111110002
70091  -43.034  8.154  51.442 0.1111110002
70090  -41.984  8.511  51.556 0.1111110002
70067  -43.701  8.274  51.940 0.1111110002
69138  -41.359  8.200  50.954 0.1111110002
69152  -41.842  7.502  50.355 0.1111110002
69139  -42.409  7.862  50.899 0.1111110002
69154  -43.382  7.347  50.975 0.1111110002
69153  -42.796  7.058  50.438 0.1111110002
71097  -43.523  9.001  52.531 0.1111110002
71098  -44.140  9.041  52.751 0.1111110002
70068  -44.731  8.660  52.638 0.1111110002
70066  -42.647  8.867  52.206 0.1111110002
70065  -41.486  8.860  52.451 0.1111110002
71079  -42.768  9.383  53.074 0.1111110002
70046  -41.196  8.846  53.541 0.1111110002
70047  -41.973  9.251  52.971 0.1111110002
125740  -35.908  5.055  53.797 0.1111110002
67256  -37.194  5.990  54.666 0.1111110002
67272  -37.084  6.001  53.842 0.1111110002
67271  -36.493  5.556  53.393 0.1111110002
68203  -38.149  6.501  55.486 0.1111110002
68214  -37.756  6.293  54.893 0.1111110002
67280  -36.999  6.010  53.074 0.1111110002
127245  -38.251  6.767  53.932 0.1111110002
68226  -37.668  6.479  53.290 0.1111110002
119220  -63.278  13.008  29.745 0.1111110002
75269  -62.745  13.207  29.370 0.2222220004
75270  -63.560  13.146  29.018 0.2222220004
75285  -62.156  13.768  28.946 0.2222220004
77970  -55.529  16.429  35.349 0.1111110002
115739  -55.744  16.971  34.864 0.1111110002
79743  -56.520  18.373  33.130 0.1111110002
112581  -55.677  16.236  34.663 0.1111110002
75286  -63.009  13.510  28.537 0.2222220004
76258  -62.475  14.323  28.148 0.2222220004
80526  -56.889  19.104  32.762 0.1111110002
77978  -55.896  16.417  34.061 0.1111110002
78886  -56.053  17.694  34.515 0.1111110002
121572  -55.940  17.099  34.068 0.1111110002
67264  -36.514  5.550  54.307 0.1111110002
68225  -37.711  6.344  54.237 0.1111110002
118041  -64.061  13.041  29.645 0.1111110002
75271  -64.567  13.121  28.601 0.1111110002
54798  -8.876  -6.753  75.680 0.1111110002
54807  -9.737  -6.710  74.718 0.1111110002
54799  -9.511  -6.116  75.277 0.1111110002
53708  -22.229  -7.765  65.257 0.1111110002
53723  -21.444  -7.742  64.440 0.1111110002
53709  -23.060  -7.700  65.066 0.1111110002
53724  -22.427  -7.725  64.305 0.1111110002
53725  -23.240  -7.625  64.310 0.1111110002
59069  -16.169  -1.948  68.393 0.2222220004
59071  -17.223  -2.139  67.258 0.2222220004
59072  -17.882  -2.147  66.808 0.2222220004
59073  -18.409  -1.721  66.941 0.1111110002
59081  -19.463  -1.931  66.093 0.2222220004
127650  -20.124  -1.681  65.987 0.2222220004
60078  -22.873  -0.758  64.140 0.1111110002
61070  -24.034  0.011  64.224 0.1111110002
61082  -24.096  -0.091  63.404 0.1111110002
61081  -23.462  -0.472  63.818 0.1111110002
62115  -24.748  0.267  62.873 0.1111110002
59183  -35.581  -2.465  58.695 0.1111110002
63251  -45.271  0.790  51.614 0.1111110002
64189  -49.297  2.006  52.407 0.1111110002
64196  -49.351  2.522  51.634 0.1111110002
74333  -64.910  12.406  25.861 0.1111110002
73403  -64.325  11.708  26.307 0.1111110002
73404  -65.318  11.736  26.487 0.1111110002
73402  -63.323  11.860  26.313 0.1111110002
74342  -63.822  13.033  24.959 0.1111110002
74341  -62.969  13.148  25.145 0.1111110002
75331  -64.340  13.791  24.630 0.1111110002
74344  -65.351  13.152  25.671 0.1111110002
75317  -65.675  13.620  26.070 0.1111110002
77061  -54.286  15.529  37.466 0.1111110002
75287  -63.887  13.446  28.087 0.1111110002
76267  -62.928  14.924  27.143 0.1111110002
75303  -63.356  14.104  27.651 0.1111110002
75304  -64.413  14.099  27.061 0.1111110002
75305  -65.421  13.842  26.695 0.1111110002
76279  -65.065  14.352  25.665 0.1111110002
131586  -65.167  14.233  26.259 0.1111110002
75316  -65.635  14.008  26.098 0.1111110002
75332  -65.160  13.730  25.262 0.1111110002
76280  -65.358  14.073  25.681 0.1111110002
75340  -63.666  14.329  24.304 0.1111110002
118781  -55.521  16.613  37.967 0.1111110002
77062  -54.992  16.102  37.290 0.1111110002
77170  -62.426  15.745  27.214 0.1111110002
76277  -63.854  15.151  26.163 0.1111110002
76268  -64.462  14.685  26.127 0.1111110002
113928  -64.475  14.868  25.270 0.1111110002
76292  -64.754  14.361  24.985 0.1111110002
75341  -64.190  14.582  24.480 0.1111110002
77160  -61.660  15.874  27.932 0.1111110002
77171  -63.362  15.763  26.306 0.1111110002
76278  -64.326  15.130  25.544 0.1111110002
76291  -64.285  15.115  24.606 0.1111110002
78055  -62.831  16.419  26.498 0.1111110002
120004  -44.302  1.060  52.681 0.1111110002
60027  -17.040  -1.493  67.975 0.2222220004
62102  -24.827  0.397  63.829 0.1111110002
74343  -64.678  13.043  25.122 0.1111110002
74332  -64.014  12.358  25.591 0.1111110002
75330  -63.599  13.589  24.622 0.1111110002
77048  -54.956  16.138  38.284 0.1111110002
76266  -62.032  15.113  27.906 0.1111110002
113714  -63.740  14.579  26.832 0.1111110002
60028  -17.854  -1.580  67.392 0.1111110002
60044  -19.076  -1.539  66.743 0.1111110002
71176  -54.164  9.781  46.160 0.1111110002
74091  -48.101  13.149  47.205 0.1111110002
75157  -63.171  13.970  37.690 0.1111110002
126078  -24.250  -0.514  60.966 0.5555559993
132783  -10.847  -9.988  71.376 0.7777780294
