#!ascii label  , from subject sub-v1s16x0051177_ses-1 vox2ras=TkReg
783
56208  -39.085  -5.187  58.180 0.0000000000
57191  -23.809  -4.044  60.528 0.0000000000
53820  -30.958  -7.405  58.769 0.0000000000
73239  -49.029  11.153  40.080 0.0000000000
74232  -55.266  12.545  36.208 0.0000000000
59078  -17.248  -2.620  66.547 0.0000000000
72236  -44.711  10.160  42.952 0.0000000000
59213  -40.008  -2.142  55.696 0.0000000000
113217  -35.138  -7.642  58.136 0.0000000000
59108  -20.580  -3.185  63.892 0.0000000000
54970  -18.998  -6.561  64.270 0.0000000000
57250  -35.616  -4.434  55.629 0.0000000000
59221  -35.580  -2.644  54.206 0.0000000000
57209  -27.324  -4.390  59.300 0.0000000000
57237  -32.634  -4.992  56.939 0.0000000000
118982  -43.889  1.521  45.676 0.0000000000
67391  -46.090  5.119  44.103 0.0000000000
69251  -49.293  7.651  43.591 0.0000000000
52472  -11.355  -8.633  70.025 0.0000000000
52433  -9.489  -9.062  74.470 0.0000000000
61243  -35.756  -0.018  52.140 0.0000000000
62289  -37.228  0.730  49.395 0.0000000000
62317  -40.076  0.384  47.262 0.0000000000
54939  -14.313  -6.583  66.838 0.0000000000
56155  -23.561  -5.493  61.438 0.0000000000
56157  -25.655  -4.999  61.894 0.0000000000
55067  -37.430  -6.585  57.702 0.0000000000
60119  -23.034  -1.706  61.341 0.0000000000
58174  -22.117  -3.301  62.066 0.0000000000
56143  -21.901  -5.864  62.309 0.0000000000
58241  -35.167  -3.167  57.130 0.0000000000
57239  -34.288  -4.880  56.473 0.0000000000
65341  -42.737  4.068  44.692 0.0000000000
64297  -45.365  2.824  44.985 0.0000000000
67398  -44.218  5.766  43.583 0.0000000000
70186  -46.812  8.274  41.906 0.0000000000
70207  -48.529  9.085  40.765 0.0000000000
70191  -51.698  8.245  42.667 0.0000000000
71241  -50.637  9.583  40.251 0.0000000000
72264  -53.054  9.996  40.225 0.0000000000
61214  -32.768  -0.142  54.254 0.0000000000
125790  -35.569  -1.298  53.353 0.0000000000
62252  -32.649  0.691  52.922 0.0000000000
64214  -34.679  2.913  48.851 0.0000000000
125304  -36.307  2.969  47.443 0.0000000000
62304  -38.492  0.434  48.397 0.0000000000
64248  -38.299  2.481  46.659 0.0000000000
65304  -40.419  3.244  46.350 0.0000000000
56186  -29.029  -5.921  58.830 0.0000000000
56046  -13.976  -5.215  68.021 0.0000000000
57127  -15.346  -4.705  66.173 0.0000000000
49289  -9.514  -11.596  76.460 0.0000000000
115179  -8.635  -10.919  77.879 0.0000000000
71200  -43.420  9.219  43.949 0.0000000000
61199  -39.899  -0.501  55.060 0.0000000000
53823  -33.499  -7.900  58.257 0.0000000000
58143  -18.777  -3.270  64.938 0.0000000000
57138  -17.334  -4.957  64.804 0.0000000000
56129  -19.890  -5.173  63.657 0.0000000000
74246  -56.731  12.830  35.555 0.0000000000
56220  -37.223  -5.800  56.211 0.0000000000
57253  -38.144  -4.293  55.454 0.0000000000
58258  -36.081  -3.681  54.983 0.0000000000
60133  -24.422  -1.602  60.044 0.0000000000
57207  -25.782  -3.607  59.580 0.0000000000
59175  -26.118  -2.125  58.920 0.0000000000
58220  -28.105  -3.591  57.983 0.0000000000
56202  -29.752  -5.255  57.487 0.0000000000
59193  -31.054  -3.419  57.645 0.0000000000
55063  -31.878  -6.538  57.280 0.0000000000
120603  -33.340  -6.946  57.044 0.0000000000
55080  -35.571  -6.628  56.576 0.0000000000
62322  -44.354  0.579  47.751 0.0000000000
112801  -44.933  7.147  42.868 0.0000000000
68365  -47.286  6.735  43.747 0.0000000000
72281  -54.247  10.815  39.396 0.0000000000
52447  -10.141  -8.725  71.894 0.0000000000
49311  -10.749  -11.198  73.889 0.0000000000
114605  -38.047  -3.116  54.142 0.0000000000
60217  -38.222  -1.284  53.506 0.0000000000
62246  -37.848  0.436  52.961 0.0000000000
64201  -33.478  2.272  50.735 0.0000000000
62277  -36.236  0.540  50.701 0.0000000000
63229  -38.749  1.099  52.251 0.0000000000
63266  -39.599  1.072  51.584 0.0000000000
62280  -41.296  0.287  50.734 0.0000000000
112977  -42.693  0.081  48.746 0.0000000000
116238  -42.238  0.491  46.660 0.0000000000
65322  -41.590  3.267  45.769 0.0000000000
56159  -27.368  -4.966  61.680 0.0000000000
56025  -12.687  -5.952  69.659 0.0000000000
53638  -13.216  -7.743  68.362 0.0000000000
54955  -16.079  -6.251  65.455 0.0000000000
49272  -7.618  -11.446  77.882 0.0000000000
57174  -23.372  -4.619  60.958 0.0000000000
56156  -24.534  -5.303  61.439 0.0000000000
56173  -24.120  -4.837  60.812 0.0000000000
129367  -38.048  -6.198  57.840 0.0000000000
59130  -22.964  -2.845  60.895 0.0000000000
59129  -22.524  -2.620  61.675 0.0000000000
124777  -22.831  -4.244  61.181 0.0000000000
57173  -22.761  -4.951  61.403 0.0000000000
67388  -42.389  5.696  45.038 0.0000000000
66370  -43.201  4.754  44.216 0.0000000000
129206  -42.971  6.304  44.084 0.0000000000
72261  -47.800  10.647  40.730 0.0000000000
71226  -48.061  9.878  40.573 0.0000000000
71227  -48.921  9.711  40.387 0.0000000000
70209  -50.281  8.951  40.772 0.0000000000
72263  -50.096  10.226  39.819 0.0000000000
72278  -50.510  10.864  39.507 0.0000000000
61227  -32.848  -0.066  53.352 0.0000000000
66312  -35.688  4.304  48.166 0.0000000000
64247  -37.499  2.510  46.950 0.0000000000
124622  -37.838  4.860  47.404 0.0000000000
66339  -39.064  4.096  46.723 0.0000000000
55045  -30.169  -7.057  59.016 0.0000000000
53801  -29.968  -7.178  59.941 0.0000000000
53802  -30.675  -7.583  59.650 0.0000000000
57113  -14.889  -4.327  66.987 0.0000000000
58135  -16.483  -3.292  66.312 0.0000000000
73280  -55.451  11.417  37.359 0.0000000000
50346  -9.046  -11.223  77.315 0.0000000000
59204  -40.383  -2.628  57.062 0.0000000000
60190  -39.872  -1.382  55.128 0.0000000000
53824  -34.356  -7.845  58.190 0.0000000000
53790  -35.484  -7.860  59.723 0.0000000000
59109  -21.245  -2.656  63.588 0.0000000000
59102  -20.308  -2.597  64.574 0.0000000000
129488  -19.995  -2.152  65.339 0.0000000000
58156  -19.981  -3.258  64.315 0.0000000000
116832  -19.348  -3.697  64.398 0.0000000000
57148  -19.954  -4.057  63.852 0.0000000000
55007  -22.436  -6.453  62.277 0.0000000000
54991  -21.746  -6.860  62.816 0.0000000000
56230  -35.874  -5.294  55.750 0.0000000000
57251  -36.353  -4.505  55.352 0.0000000000
115083  -35.557  -3.559  55.465 0.0000000000
61132  -24.848  -0.904  60.087 0.0000000000
59161  -25.499  -2.133  59.320 0.0000000000
60145  -26.031  -1.382  59.164 0.0000000000
59178  -27.945  -2.110  57.980 0.0000000000
58234  -28.665  -3.189  57.616 0.0000000000
57226  -28.824  -4.006  57.688 0.0000000000
121520  -29.411  -3.613  57.473 0.0000000000
58222  -32.943  -3.564  58.350 0.0000000000
58237  -31.632  -4.144  57.319 0.0000000000
125181  -31.016  -4.874  57.022 0.0000000000
56205  -32.214  -5.746  56.897 0.0000000000
55064  -32.697  -6.410  56.956 0.0000000000
56216  -32.983  -5.660  56.783 0.0000000000
57240  -35.118  -5.189  56.109 0.0000000000
56218  -34.511  -5.772  56.407 0.0000000000
119947  -35.330  -5.933  56.205 0.0000000000
56219  -36.245  -6.078  56.131 0.0000000000
63320  -44.022  0.996  46.282 0.0000000000
63297  -45.526  1.208  47.236 0.0000000000
63321  -45.003  1.398  46.288 0.0000000000
66372  -45.845  4.283  44.422 0.0000000000
65325  -46.604  3.229  45.417 0.0000000000
71201  -44.020  9.690  43.515 0.0000000000
130720  -43.773  7.951  43.093 0.0000000000
70184  -44.681  8.696  42.423 0.0000000000
69261  -48.154  7.834  42.608 0.0000000000
69260  -47.269  7.750  42.557 0.0000000000
69250  -48.487  7.528  43.409 0.0000000000
68356  -49.080  6.897  44.834 0.0000000000
125144  -53.641  10.530  39.750 0.0000000000
72286  -53.480  11.036  38.904 0.0000000000
73267  -54.100  11.380  38.093 0.0000000000
54856  -11.418  -6.917  70.539 0.0000000000
53585  -10.457  -7.856  71.600 0.0000000000
52458  -10.485  -8.718  71.068 0.0000000000
50370  -10.987  -11.038  73.114 0.0000000000
49298  -11.343  -11.775  75.290 0.0000000000
58270  -36.528  -3.322  54.408 0.0000000000
58271  -37.250  -3.461  54.406 0.0000000000
59223  -37.075  -2.981  53.913 0.0000000000
131211  -35.597  -0.394  52.667 0.0000000000
60216  -37.207  -1.378  53.271 0.0000000000
61229  -36.638  -0.519  53.030 0.0000000000
61231  -38.286  0.026  53.487 0.0000000000
61245  -37.074  0.205  52.754 0.0000000000
117681  -33.534  3.201  50.820 0.0000000000
63283  -35.707  1.760  48.501 0.0000000000
63274  -34.840  1.544  49.490 0.0000000000
63262  -36.608  0.676  49.959 0.0000000000
63246  -37.819  0.986  51.334 0.0000000000
63264  -38.291  0.977  50.801 0.0000000000
128136  -39.158  1.214  51.875 0.0000000000
62290  -37.965  0.719  49.897 0.0000000000
62305  -39.412  0.195  48.001 0.0000000000
112612  -40.000  -0.031  48.897 0.0000000000
112979  -41.017  -0.131  48.829 0.0000000000
62294  -42.505  0.136  49.508 0.0000000000
62306  -41.529  -0.071  47.833 0.0000000000
62319  -42.138  0.110  47.359 0.0000000000
62340  -41.429  0.604  46.595 0.0000000000
66341  -40.872  4.191  46.761 0.0000000000
125931  -41.043  2.899  46.070 0.0000000000
66342  -41.465  4.168  46.357 0.0000000000
57208  -26.641  -4.032  59.517 0.0000000000
57194  -26.285  -4.362  60.282 0.0000000000
56174  -27.530  -4.994  60.755 0.0000000000
56064  -14.003  -5.867  67.329 0.0000000000
56045  -13.553  -6.067  68.044 0.0000000000
54921  -13.801  -6.750  67.503 0.0000000000
56111  -17.678  -5.748  64.633 0.0000000000
56098  -16.852  -5.770  65.020 0.0000000000
54968  -17.427  -6.395  64.825 0.0000000000
55017  -23.322  -6.438  62.149 0.0000000000
56145  -24.189  -5.953  62.025 0.0000000000
56147  -25.497  -5.406  62.725 0.0000000000
56148  -26.390  -4.973  62.865 0.0000000000
53825  -36.431  -7.325  58.513 0.0000000000
53808  -36.316  -7.530  59.335 0.0000000000
60093  -22.397  -1.637  63.019 0.0000000000
59118  -22.164  -2.427  62.519 0.0000000000
58166  -21.081  -3.558  63.191 0.0000000000
57158  -21.043  -4.570  62.938 0.0000000000
58173  -21.615  -4.077  62.420 0.0000000000
56144  -22.666  -5.765  61.843 0.0000000000
58250  -35.098  -3.826  55.992 0.0000000000
59202  -35.294  -3.155  56.311 0.0000000000
58239  -33.526  -3.813  57.732 0.0000000000
57238  -33.420  -4.933  56.788 0.0000000000
58249  -34.597  -3.973  56.606 0.0000000000
134588  -43.217  2.476  44.990 0.0000000000
118205  -44.873  2.307  45.270 0.0000000000
65342  -43.426  3.778  44.412 0.0000000000
66371  -44.772  4.350  44.063 0.0000000000
67399  -44.830  5.201  43.717 0.0000000000
70185  -45.472  8.856  41.956 0.0000000000
133724  -46.972  9.338  41.153 0.0000000000
70198  -48.122  8.641  41.281 0.0000000000
133489  -49.319  8.258  41.753 0.0000000000
69263  -50.030  7.944  42.897 0.0000000000
70199  -49.794  8.503  41.280 0.0000000000
70210  -51.303  9.101  40.881 0.0000000000
71229  -52.197  9.621  40.595 0.0000000000
71243  -52.178  10.149  39.868 0.0000000000
131266  -52.078  10.592  39.457 0.0000000000
51434  -11.930  -9.121  69.642 0.0000000000
51424  -11.333  -9.446  70.286 0.0000000000
51413  -12.605  -10.262  70.774 0.0000000000
60212  -33.781  -1.284  54.155 0.0000000000
59232  -35.727  -2.088  53.671 0.0000000000
60229  -33.835  -0.955  53.286 0.0000000000
61241  -33.644  -0.409  52.574 0.0000000000
61250  -33.465  0.093  51.994 0.0000000000
65255  -34.335  3.500  49.374 0.0000000000
66295  -34.770  4.262  49.014 0.0000000000
64215  -35.281  2.758  48.319 0.0000000000
63284  -36.340  1.509  48.241 0.0000000000
62303  -37.780  0.681  48.858 0.0000000000
123870  -37.437  1.590  47.507 0.0000000000
63315  -38.138  1.758  46.954 0.0000000000
130476  -38.698  1.858  46.666 0.0000000000
63317  -40.220  1.541  46.446 0.0000000000
64249  -39.036  2.474  46.477 0.0000000000
56185  -28.389  -5.396  59.340 0.0000000000
56175  -28.230  -5.451  60.319 0.0000000000
115171  -29.360  -6.618  60.303 0.0000000000
117908  -14.371  -5.027  67.231 0.0000000000
56080  -15.001  -5.559  66.125 0.0000000000
50355  -9.331  -10.535  75.277 0.0000000000
51387  -9.173  -9.338  75.309 0.0000000000
51381  -8.862  -10.098  75.940 0.0000000000
51380  -8.451  -9.666  76.744 0.0000000000
51373  -7.663  -9.553  77.830 0.0000000000
62228  -39.888  0.517  54.950 0.0000000000
53821  -31.801  -7.644  58.581 0.0000000000
53803  -31.462  -7.883  59.442 0.0000000000
59080  -18.587  -2.200  66.298 0.0000000000
59090  -18.268  -2.901  65.601 0.0000000000
58140  -16.687  -3.855  65.601 0.0000000000
58142  -17.993  -3.668  65.076 0.0000000000
131159  -18.678  -5.049  64.261 0.0000000000
56113  -19.153  -5.591  64.031 0.0000000000
119771  -20.554  -5.024  63.280 0.0000000000
56130  -20.444  -5.976  63.386 0.0000000000
54990  -20.401  -6.863  63.690 0.0000000000
120255  -56.255  12.313  36.107 0.0000000000
56221  -38.063  -5.385  56.654 0.0000000000
57241  -38.476  -4.671  56.290 0.0000000000
56232  -37.634  -5.045  55.809 0.0000000000
57263  -36.820  -3.881  54.850 0.0000000000
58269  -35.971  -3.111  54.417 0.0000000000
131003  -35.406  -2.972  55.720 0.0000000000
59210  -35.057  -2.468  55.325 0.0000000000
60200  -34.458  -1.924  54.649 0.0000000000
61198  -33.410  -0.681  55.527 0.0000000000
124866  -23.634  -3.136  60.330 0.0000000000
127653  -24.189  -3.551  60.177 0.0000000000
58204  -25.132  -2.884  59.491 0.0000000000
59162  -25.899  -2.789  59.093 0.0000000000
58206  -27.050  -3.844  58.894 0.0000000000
60157  -26.724  -1.780  58.652 0.0000000000
58219  -27.270  -3.245  58.374 0.0000000000
57218  -27.671  -4.031  58.578 0.0000000000
56193  -28.663  -5.180  58.435 0.0000000000
56194  -29.336  -5.664  57.991 0.0000000000
55053  -30.469  -6.783  58.134 0.0000000000
58235  -30.149  -3.406  57.460 0.0000000000
58236  -30.641  -4.104  57.256 0.0000000000
56203  -30.529  -5.526  57.240 0.0000000000
55054  -31.339  -7.054  57.944 0.0000000000
53834  -32.179  -7.298  57.800 0.0000000000
53836  -33.807  -7.514  57.525 0.0000000000
53837  -34.630  -7.462  57.498 0.0000000000
56217  -33.726  -5.645  56.611 0.0000000000
55079  -34.770  -6.551  56.576 0.0000000000
53838  -35.772  -7.112  57.150 0.0000000000
124018  -36.240  -6.719  56.776 0.0000000000
56206  -37.711  -6.056  57.090 0.0000000000
60132  -23.749  -1.630  60.537 0.0000000000
64275  -45.610  2.335  45.503 0.0000000000
69245  -43.317  7.532  43.526 0.0000000000
68362  -44.520  6.459  43.275 0.0000000000
68363  -45.512  6.336  43.330 0.0000000000
69259  -46.376  7.757  42.464 0.0000000000
68364  -46.485  6.535  43.491 0.0000000000
67401  -46.971  6.051  44.041 0.0000000000
67393  -48.120  5.784  44.825 0.0000000000
111519  -55.692  10.949  39.048 0.0000000000
117814  -54.734  11.518  37.511 0.0000000000
73289  -54.836  11.879  36.810 0.0000000000
53575  -10.263  -7.859  72.704 0.0000000000
52438  -9.697  -8.937  73.633 0.0000000000
50382  -10.676  -10.146  71.839 0.0000000000
50375  -10.472  -10.389  72.628 0.0000000000
50368  -9.948  -10.473  74.166 0.0000000000
49297  -10.445  -11.610  75.003 0.0000000000
58251  -38.930  -3.918  55.995 0.0000000000
58272  -38.696  -3.455  55.012 0.0000000000
59212  -39.336  -2.706  55.099 0.0000000000
59233  -36.687  -2.246  53.536 0.0000000000
59235  -38.408  -2.273  53.867 0.0000000000
59225  -39.486  -1.993  54.764 0.0000000000
60202  -39.476  -1.075  54.522 0.0000000000
61217  -39.397  -0.015  54.464 0.0000000000
62238  -39.519  0.903  54.227 0.0000000000
63243  -32.844  1.376  51.753 0.0000000000
62274  -33.704  0.839  51.056 0.0000000000
64202  -34.132  1.950  50.023 0.0000000000
63260  -34.653  1.062  50.151 0.0000000000
62263  -35.973  0.293  51.418 0.0000000000
62253  -37.528  0.682  52.420 0.0000000000
62254  -38.291  0.842  52.632 0.0000000000
128559  -39.536  0.143  49.764 0.0000000000
62265  -40.345  0.657  51.172 0.0000000000
62309  -43.990  0.393  48.524 0.0000000000
62320  -42.925  0.316  47.345 0.0000000000
62341  -42.594  0.891  46.082 0.0000000000
63318  -41.178  1.404  46.194 0.0000000000
63340  -41.925  1.651  45.821 0.0000000000
64272  -42.415  2.403  45.406 0.0000000000
65323  -42.283  3.514  45.221 0.0000000000
122507  -42.205  5.058  45.344 0.0000000000
57193  -25.438  -4.215  60.284 0.0000000000
56158  -26.591  -4.803  61.939 0.0000000000
56160  -28.124  -5.422  61.256 0.0000000000
54880  -11.855  -7.113  69.835 0.0000000000
56026  -13.162  -5.482  69.335 0.0000000000
54881  -12.420  -6.893  69.286 0.0000000000
53620  -12.113  -7.768  69.433 0.0000000000
133670  -12.943  -8.861  69.034 0.0000000000
57137  -16.564  -4.720  65.284 0.0000000000
56096  -15.594  -5.478  65.685 0.0000000000
54954  -15.346  -6.114  65.775 0.0000000000
50331  -9.159  -11.631  78.455 0.0000000000
50330  -8.401  -11.325  78.232 0.0000000000
114444  -7.373  -9.756  77.983 0.0000000000
57233  -39.421  -4.455  57.687 0.0000000000
56207  -38.398  -5.627  57.554 0.0000000000
58181  -23.160  -3.761  60.797 0.0000000000
68344  -42.479  6.346  45.511 0.0000000000
68352  -42.590  6.549  44.673 0.0000000000
73238  -48.355  11.306  40.675 0.0000000000
72262  -48.536  10.538  40.358 0.0000000000
122822  -49.291  10.392  40.027 0.0000000000
72277  -49.717  11.064  39.737 0.0000000000
66314  -37.235  4.245  47.249 0.0000000000
134596  -16.694  -2.636  66.994 0.0000000000
73290  -55.776  11.774  36.650 0.0000000000
73281  -56.337  11.371  37.281 0.0000000000
134318  -40.395  -2.251  56.559 0.0000000000
60179  -40.712  -1.486  56.486 0.0000000000
53807  -34.935  -7.971  58.887 0.0000000000
113052  -35.704  -7.645  58.763 0.0000000000
59103  -20.932  -2.317  64.262 0.0000000000
57157  -20.549  -4.121  63.420 0.0000000000
61133  -25.606  -0.775  59.733 0.0000000000
60170  -29.140  -1.945  57.924 0.0000000000
59190  -28.582  -2.392  57.779 0.0000000000
59191  -29.469  -2.690  57.618 0.0000000000
58238  -32.580  -3.942  57.631 0.0000000000
130490  -32.358  -4.438  57.227 0.0000000000
57229  -31.863  -4.988  57.002 0.0000000000
134330  -44.373  1.407  45.973 0.0000000000
65345  -46.683  3.992  44.942 0.0000000000
66373  -46.689  4.806  44.541 0.0000000000
71209  -44.247  9.300  42.776 0.0000000000
71210  -44.990  9.464  42.252 0.0000000000
69262  -49.127  7.976  42.586 0.0000000000
69236  -48.748  7.205  44.203 0.0000000000
73266  -52.984  11.698  38.106 0.0000000000
53598  -10.941  -7.942  70.694 0.0000000000
52471  -10.849  -8.865  70.472 0.0000000000
59222  -36.213  -2.835  53.937 0.0000000000
61252  -34.909  -0.379  52.340 0.0000000000
61244  -36.273  -0.100  52.661 0.0000000000
63276  -36.306  0.948  48.904 0.0000000000
133496  -35.992  0.835  49.414 0.0000000000
63263  -37.571  0.809  50.477 0.0000000000
121344  -40.497  -0.004  47.953 0.0000000000
62318  -40.967  0.189  47.171 0.0000000000
57195  -27.020  -4.588  60.138 0.0000000000
56184  -27.717  -4.956  59.798 0.0000000000
53659  -13.720  -7.595  67.781 0.0000000000
53660  -14.252  -7.442  67.189 0.0000000000
56112  -18.433  -5.760  64.350 0.0000000000
54969  -18.134  -6.503  64.606 0.0000000000
53565  -9.668  -8.060  74.217 0.0000000000
52429  -9.279  -8.269  74.973 0.0000000000
58243  -40.121  -3.274  57.365 0.0000000000
55008  -24.080  -6.551  62.554 0.0000000000
113087  -24.934  -5.529  62.146 0.0000000000
55055  -37.159  -6.995  58.431 0.0000000000
60109  -22.861  -1.164  62.489 0.0000000000
60108  -22.538  -1.897  62.183 0.0000000000
59117  -21.625  -2.993  62.817 0.0000000000
57231  -33.888  -4.129  57.010 0.0000000000
130985  -34.958  -4.509  56.129 0.0000000000
64294  -42.953  3.166  44.815 0.0000000000
64295  -43.679  2.972  44.650 0.0000000000
67397  -43.427  5.660  43.895 0.0000000000
120892  -43.897  4.244  44.066 0.0000000000
66378  -44.022  4.953  43.779 0.0000000000
71218  -46.524  9.742  41.370 0.0000000000
133598  -46.727  10.352  41.336 0.0000000000
70206  -47.659  9.256  40.906 0.0000000000
70188  -48.585  8.210  41.862 0.0000000000
124284  -48.976  8.564  41.220 0.0000000000
70189  -49.983  8.140  41.971 0.0000000000
71242  -51.448  9.795  40.113 0.0000000000
72279  -51.430  10.544  39.520 0.0000000000
61215  -33.254  -0.750  54.635 0.0000000000
61228  -33.243  -0.685  53.742 0.0000000000
121729  -33.312  -0.470  53.036 0.0000000000
61240  -33.037  0.034  52.497 0.0000000000
131216  -33.087  0.328  52.006 0.0000000000
65284  -36.005  3.671  47.707 0.0000000000
65268  -35.423  3.601  48.158 0.0000000000
64229  -35.757  3.046  47.809 0.0000000000
64216  -36.082  2.279  47.868 0.0000000000
63294  -36.712  1.725  47.823 0.0000000000
64230  -36.799  2.356  47.412 0.0000000000
65301  -37.939  3.161  46.690 0.0000000000
62337  -38.842  1.190  46.958 0.0000000000
63316  -39.359  1.680  46.562 0.0000000000
55043  -28.851  -6.017  59.821 0.0000000000
55044  -29.482  -6.579  59.363 0.0000000000
53788  -30.486  -7.651  60.622 0.0000000000
53787  -29.813  -7.148  60.716 0.0000000000
57126  -14.751  -5.030  66.597 0.0000000000
49296  -9.697  -11.421  75.477 0.0000000000
114907  -9.174  -10.942  75.922 0.0000000000
128422  -8.559  -10.458  77.334 0.0000000000
50345  -8.117  -9.850  77.583 0.0000000000
61183  -40.833  -0.481  56.212 0.0000000000
61200  -40.388  0.016  55.566 0.0000000000
53822  -32.647  -7.816  58.409 0.0000000000
53804  -32.342  -8.078  59.291 0.0000000000
53805  -33.248  -8.134  59.121 0.0000000000
58155  -19.563  -2.846  64.795 0.0000000000
112405  -19.094  -2.515  65.490 0.0000000000
57147  -19.254  -4.630  64.077 0.0000000000
58154  -18.547  -4.222  64.526 0.0000000000
56131  -21.150  -5.754  62.875 0.0000000000
116450  -20.958  -6.613  63.220 0.0000000000
54989  -19.751  -6.244  63.818 0.0000000000
57252  -37.211  -4.469  55.287 0.0000000000
59211  -35.586  -2.992  54.919 0.0000000000
60178  -35.086  -2.461  56.304 0.0000000000
60188  -33.962  -1.249  55.965 0.0000000000
60189  -34.448  -1.882  55.631 0.0000000000
60199  -33.814  -1.346  55.084 0.0000000000
59146  -24.015  -2.338  60.112 0.0000000000
58192  -24.352  -2.965  59.855 0.0000000000
59160  -24.731  -2.240  59.703 0.0000000000
58205  -26.491  -3.384  58.942 0.0000000000
59176  -26.601  -2.624  58.649 0.0000000000
58233  -27.936  -2.820  57.891 0.0000000000
59177  -27.317  -2.347  58.281 0.0000000000
57219  -28.367  -4.387  58.173 0.0000000000
57227  -29.529  -4.415  57.463 0.0000000000
56201  -29.048  -4.845  57.787 0.0000000000
55061  -30.044  -6.074  57.648 0.0000000000
58221  -32.002  -3.484  58.038 0.0000000000
59180  -31.421  -2.861  58.396 0.0000000000
59192  -30.494  -2.673  57.895 0.0000000000
56204  -31.373  -5.713  57.055 0.0000000000
55062  -30.891  -6.332  57.443 0.0000000000
124948  -32.599  -6.948  57.332 0.0000000000
55065  -34.249  -7.089  56.961 0.0000000000
53847  -35.043  -7.107  56.957 0.0000000000
55081  -36.937  -6.462  56.812 0.0000000000
59145  -23.425  -2.345  60.568 0.0000000000
62310  -44.901  0.648  48.623 0.0000000000
63286  -45.615  1.018  48.221 0.0000000000
64296  -44.534  2.859  44.748 0.0000000000
70168  -42.991  8.605  44.443 0.0000000000
69235  -42.805  7.882  44.151 0.0000000000
70175  -43.320  8.463  43.568 0.0000000000
69246  -44.436  7.924  42.741 0.0000000000
117193  -44.069  7.232  43.096 0.0000000000
70196  -46.335  8.972  41.502 0.0000000000
124439  -46.026  8.368  41.969 0.0000000000
69248  -46.840  7.195  43.102 0.0000000000
68354  -47.692  6.276  44.315 0.0000000000
67392  -47.354  5.433  44.575 0.0000000000
68345  -48.873  6.086  45.073 0.0000000000
70190  -50.821  8.177  42.272 0.0000000000
72265  -53.818  10.180  40.340 0.0000000000
72282  -55.029  10.762  39.713 0.0000000000
73255  -54.717  11.041  38.897 0.0000000000
73278  -53.564  12.044  37.490 0.0000000000
73279  -54.253  11.794  37.319 0.0000000000
120571  -9.981  -8.254  73.429 0.0000000000
52439  -9.908  -8.843  72.786 0.0000000000
50383  -11.352  -10.349  71.458 0.0000000000
51412  -11.017  -9.819  70.944 0.0000000000
50369  -10.245  -10.581  73.530 0.0000000000
50362  -10.272  -10.924  74.132 0.0000000000
50361  -9.866  -11.006  74.655 0.0000000000
49305  -10.456  -11.315  74.407 0.0000000000
49290  -11.632  -11.976  76.145 0.0000000000
59224  -38.863  -2.607  54.441 0.0000000000
60214  -35.039  -1.490  53.560 0.0000000000
60201  -38.956  -1.694  54.092 0.0000000000
61216  -38.899  -0.616  53.956 0.0000000000
62237  -38.941  0.462  53.847 0.0000000000
62247  -38.603  0.699  53.217 0.0000000000
120280  -33.172  2.784  51.321 0.0000000000
64194  -32.978  2.114  51.478 0.0000000000
63244  -33.312  1.417  51.151 0.0000000000
64207  -33.822  2.916  50.029 0.0000000000
64208  -34.389  2.514  49.397 0.0000000000
63261  -35.564  0.823  49.852 0.0000000000
62276  -35.249  0.509  50.659 0.0000000000
128962  -36.728  0.603  51.460 0.0000000000
63228  -38.009  0.983  52.027 0.0000000000
63214  -39.018  1.069  52.905 0.0000000000
125911  -38.311  0.457  49.278 0.0000000000
62291  -39.030  0.140  49.041 0.0000000000
62292  -40.472  0.061  49.998 0.0000000000
112218  -43.060  0.340  50.212 0.0000000000
62295  -43.397  0.256  49.272 0.0000000000
62296  -44.344  0.464  49.435 0.0000000000
62308  -43.176  0.200  48.259 0.0000000000
62342  -43.124  0.692  46.496 0.0000000000
64250  -39.859  2.403  46.372 0.0000000000
64251  -40.675  2.283  46.183 0.0000000000
64271  -41.470  2.287  45.876 0.0000000000
66343  -41.848  4.761  46.007 0.0000000000
58193  -24.849  -3.558  59.888 0.0000000000
57192  -24.561  -4.163  60.384 0.0000000000
57177  -26.798  -4.717  61.053 0.0000000000
57176  -26.031  -4.675  61.076 0.0000000000
55033  -28.765  -6.031  60.765 0.0000000000
55018  -28.772  -5.969  61.670 0.0000000000
114145  -31.987  -8.208  60.291 0.0000000000
54857  -12.070  -6.395  70.083 0.0000000000
132381  -13.951  -4.706  68.698 0.0000000000
57102  -13.532  -5.401  68.726 0.0000000000
54902  -13.317  -6.945  68.134 0.0000000000
54882  -13.057  -6.267  68.813 0.0000000000
54901  -12.882  -7.134  68.636 0.0000000000
53637  -12.645  -7.791  68.868 0.0000000000
52491  -12.488  -8.578  69.227 0.0000000000
52512  -13.058  -8.431  68.715 0.0000000000
58141  -17.271  -4.099  65.141 0.0000000000
56097  -16.181  -5.426  65.389 0.0000000000
49263  -8.126  -11.670  78.329 0.0000000000
50338  -7.634  -10.797  77.938 0.0000000000
57175  -25.060  -4.756  60.872 0.0000000000
58180  -22.612  -3.499  61.348 0.0000000000
123426  -22.301  -4.192  61.688 0.0000000000
59194  -35.417  -2.564  57.961 0.0000000000
66369  -42.511  4.942  44.765 0.0000000000
67389  -42.794  5.669  44.431 0.0000000000
71225  -47.238  9.996  40.948 0.0000000000
70208  -49.400  8.977  40.729 0.0000000000
71228  -49.782  9.581  40.287 0.0000000000
124074  -50.818  10.143  39.761 0.0000000000
62245  -32.533  0.637  53.850 0.0000000000
63213  -32.443  1.628  53.412 0.0000000000
65285  -36.672  3.620  47.307 0.0000000000
130929  -36.869  2.951  47.113 0.0000000000
65286  -37.344  3.429  46.929 0.0000000000
66338  -38.077  4.039  46.837 0.0000000000
65302  -38.642  3.284  46.572 0.0000000000
55052  -29.699  -6.407  58.395 0.0000000000
130254  -31.140  -7.971  60.171 0.0000000000
57114  -15.622  -3.791  66.628 0.0000000000
57128  -16.011  -4.147  65.833 0.0000000000
73269  -56.021  11.124  38.076 0.0000000000
49281  -9.728  -11.830  77.330 0.0000000000
50340  -9.263  -11.495  77.849 0.0000000000
134860  -9.057  -11.407  78.196 0.0000000000
60191  -40.366  -1.033  55.640 0.0000000000
53806  -34.114  -8.128  58.963 0.0000000000
112030  -34.658  -8.105  59.586 0.0000000000
59110  -21.857  -2.138  63.334 0.0000000000
60092  -21.529  -1.893  64.065 0.0000000000
59091  -20.750  -1.992  64.939 0.0000000000
130618  -20.239  -4.580  63.547 0.0000000000
56231  -36.708  -5.245  55.665 0.0000000000
60144  -25.173  -1.497  59.651 0.0000000000
60158  -27.590  -1.439  58.396 0.0000000000
60159  -28.478  -1.619  58.099 0.0000000000
55077  -33.316  -6.254  56.751 0.0000000000
62321  -43.798  0.592  47.064 0.0000000000
62323  -45.032  0.787  47.716 0.0000000000
63296  -44.655  0.827  47.000 0.0000000000
63322  -45.762  1.609  46.615 0.0000000000
119235  -45.121  3.522  44.548 0.0000000000
65324  -46.007  2.798  45.284 0.0000000000
65344  -45.960  3.402  44.892 0.0000000000
125700  -43.677  9.090  43.250 0.0000000000
70176  -43.946  8.594  42.890 0.0000000000
70187  -47.697  8.221  41.898 0.0000000000
69249  -47.681  7.326  43.273 0.0000000000
68366  -48.029  6.965  43.979 0.0000000000
68355  -48.408  6.569  44.566 0.0000000000
72280  -52.722  10.647  39.419 0.0000000000
129938  -54.128  11.061  38.827 0.0000000000
54840  -10.901  -7.049  71.329 0.0000000000
49306  -11.088  -11.548  74.489 0.0000000000
58259  -37.727  -3.829  54.808 0.0000000000
60231  -35.071  -0.850  53.050 0.0000000000
60232  -35.866  -0.694  53.044 0.0000000000
61230  -37.507  -0.316  53.189 0.0000000000
64209  -35.023  2.119  48.906 0.0000000000
63275  -35.525  1.269  49.113 0.0000000000
63245  -37.107  0.765  51.026 0.0000000000
63247  -38.520  1.119  51.567 0.0000000000
63265  -38.950  1.032  51.165 0.0000000000
62316  -38.685  0.696  47.619 0.0000000000
62293  -41.592  0.039  49.702 0.0000000000
112978  -41.964  -0.086  48.735 0.0000000000
62307  -42.402  -0.007  48.013 0.0000000000
131519  -41.658  0.184  47.090 0.0000000000
65305  -41.073  3.543  46.270 0.0000000000
66356  -41.843  4.012  45.707 0.0000000000
57146  -18.068  -5.025  64.526 0.0000000000
59214  -40.005  -2.846  56.515 0.0000000000
54993  -23.562  -7.045  62.901 0.0000000000
56146  -24.789  -5.982  62.799 0.0000000000
53839  -35.835  -7.369  57.940 0.0000000000
57166  -21.517  -5.068  62.485 0.0000000000
57167  -22.062  -5.017  61.940 0.0000000000
57230  -33.082  -4.337  57.239 0.0000000000
64274  -43.978  2.211  45.122 0.0000000000
65343  -44.225  3.584  44.355 0.0000000000
67390  -45.439  4.875  43.975 0.0000000000
71217  -45.778  9.570  41.747 0.0000000000
70197  -47.242  8.745  41.350 0.0000000000
70200  -50.644  8.502  41.452 0.0000000000
70201  -51.560  8.555  41.762 0.0000000000
73253  -51.914  11.144  39.059 0.0000000000
52490  -11.872  -8.431  69.602 0.0000000000
50390  -11.739  -10.112  70.737 0.0000000000
59231  -35.023  -2.072  54.056 0.0000000000
60213  -34.389  -1.525  53.833 0.0000000000
60230  -34.474  -1.112  53.321 0.0000000000
61242  -34.255  -0.722  52.732 0.0000000000
61251  -34.121  -0.215  52.054 0.0000000000
65267  -34.880  3.558  48.671 0.0000000000
125625  -35.166  4.120  48.516 0.0000000000
63285  -37.064  1.047  48.328 0.0000000000
62315  -37.916  0.889  47.978 0.0000000000
63295  -38.205  1.206  47.392 0.0000000000
119807  -39.331  0.637  47.284 0.0000000000
62338  -39.712  0.968  46.804 0.0000000000
65303  -39.499  3.277  46.477 0.0000000000
66340  -40.009  4.074  46.759 0.0000000000
66317  -40.520  4.728  47.285 0.0000000000
57210  -27.981  -4.751  58.906 0.0000000000
58130  -14.546  -4.194  68.141 0.0000000000
58131  -15.316  -3.527  67.585 0.0000000000
56079  -14.460  -5.704  66.652 0.0000000000
132281  -19.270  -7.165  64.504 0.0000000000
51393  -9.560  -10.055  74.616 0.0000000000
51386  -8.724  -9.223  76.016 0.0000000000
50350  -8.848  -10.682  76.639 0.0000000000
134043  -8.058  -9.029  77.089 0.0000000000
116379  -7.649  -8.931  77.648 0.0000000000
71189  -43.403  9.236  44.870 0.0000000000
71190  -43.907  9.829  44.440 0.0000000000
72226  -44.558  10.312  43.991 0.0000000000
125704  -45.126  10.654  43.687 0.0000000000
62229  -40.432  1.041  55.402 0.0000000000
59079  -17.869  -2.585  66.205 0.0000000000
58136  -17.379  -3.250  65.744 0.0000000000
58153  -17.821  -4.389  64.761 0.0000000000
57232  -38.796  -4.939  57.204 0.0000000000
59220  -35.150  -2.416  54.613 0.0000000000
61134  -26.391  -0.651  59.427 0.0000000000
125583  -29.967  -4.034  57.282 0.0000000000
57228  -30.223  -4.702  57.206 0.0000000000
53835  -32.975  -7.459  57.656 0.0000000000
55078  -33.962  -6.417  56.661 0.0000000000
134853  -35.281  -7.361  57.511 0.0000000000
55066  -36.572  -6.987  57.589 0.0000000000
61104  -23.434  -0.710  61.968 0.0000000000
61116  -23.713  -0.909  61.075 0.0000000000
63343  -44.559  1.775  45.661 0.0000000000
134546  -45.176  1.918  45.740 0.0000000000
64252  -45.738  1.908  46.047 0.0000000000
64276  -46.363  2.475  45.846 0.0000000000
69234  -42.640  7.373  44.589 0.0000000000
68353  -42.824  7.059  44.027 0.0000000000
68361  -43.570  6.554  43.572 0.0000000000
113119  -44.944  5.848  43.508 0.0000000000
122846  -45.535  5.522  43.723 0.0000000000
69258  -45.374  7.977  42.414 0.0000000000
69247  -45.911  7.139  42.913 0.0000000000
67400  -46.240  5.818  43.784 0.0000000000
114184  -46.677  5.449  44.223 0.0000000000
67381  -47.891  5.101  45.048 0.0000000000
73268  -55.105  11.203  38.158 0.0000000000
132064  -54.653  12.523  36.531 0.0000000000
53566  -10.130  -7.477  73.696 0.0000000000
51423  -10.749  -9.296  70.763 0.0000000000
51411  -10.474  -9.488  71.385 0.0000000000
51404  -10.131  -9.563  72.216 0.0000000000
50376  -11.226  -10.688  72.294 0.0000000000
51399  -9.968  -9.668  73.109 0.0000000000
51398  -9.788  -9.781  73.925 0.0000000000
115521  -10.515  -11.958  75.954 0.0000000000
57242  -39.165  -4.254  56.857 0.0000000000
59234  -37.671  -2.295  53.596 0.0000000000
60215  -36.248  -1.375  53.289 0.0000000000
63227  -32.596  1.444  52.470 0.0000000000
65234  -32.876  2.764  52.073 0.0000000000
64193  -32.682  2.009  52.064 0.0000000000
62259  -32.824  0.693  52.131 0.0000000000
62260  -33.235  0.674  51.578 0.0000000000
62261  -33.900  0.323  51.432 0.0000000000
62262  -34.857  0.126  51.490 0.0000000000
63259  -33.896  1.317  50.573 0.0000000000
62275  -34.340  0.662  50.831 0.0000000000
111660  -36.746  0.379  52.135 0.0000000000
62264  -37.328  0.825  51.803 0.0000000000
62248  -39.255  1.038  53.538 0.0000000000
63206  -39.840  1.376  53.902 0.0000000000
63230  -39.414  1.243  52.542 0.0000000000
62278  -38.739  0.610  50.167 0.0000000000
62279  -39.545  0.607  50.717 0.0000000000
122215  -43.652  0.401  47.770 0.0000000000
63342  -43.220  1.139  45.858 0.0000000000
62339  -40.595  0.772  46.676 0.0000000000
63319  -41.959  0.988  46.059 0.0000000000
63341  -42.546  1.429  45.720 0.0000000000
64273  -43.192  1.801  45.365 0.0000000000
66357  -42.188  4.391  45.231 0.0000000000
56150  -28.060  -5.354  62.178 0.0000000000
53619  -11.554  -7.782  69.995 0.0000000000
57136  -15.897  -4.863  65.630 0.0000000000
54940  -14.854  -6.375  66.205 0.0000000000
54956  -16.901  -6.730  65.161 0.0000000000
53701  -15.514  -6.847  65.869 0.0000000000
53679  -14.921  -7.388  66.483 0.0000000000
132590  -8.668  -11.186  78.126 0.0000000000
49264  -8.721  -11.882  78.622 0.0000000000
50339  -8.115  -10.484  77.915 0.0000000000
49271  -7.205  -11.347  77.398 0.0000000000
50344  -6.560  -10.552  77.377 0.0000000000
120483  -7.079  -10.804  77.738 0.0000000000
50337  -6.705  -10.029  77.917 0.0000000000
132783  -10.847  -9.988  71.376 0.0000000000
