#!ascii label  , from subject sub-v1s16x0051177_ses-1 vox2ras=TkReg
888
134649  -43.617  -52.904  10.474 0.5000000000
13401  -42.449  -53.705  8.778 0.8000000119
14048  -40.815  -52.648  7.472 0.8000000119
13400  -41.708  -53.370  8.417 0.8000000119
13389  -41.977  -52.993  9.170 0.8000000119
13378  -44.985  -53.272  10.303 0.5000000000
13390  -42.840  -53.308  9.598 0.5000000000
14040  -42.420  -52.489  9.785 0.6000000238
14672  -40.453  -52.050  6.054 0.6999999881
14665  -40.757  -51.974  7.064 0.6999999881
14039  -41.844  -52.149  9.120 0.8000000119
14658  -42.376  -51.642  9.796 0.6999999881
14026  -45.339  -52.657  10.816 0.6000000238
14025  -44.275  -52.710  10.790 0.5000000000
14024  -43.455  -52.310  10.749 0.6000000238
14063  -40.020  -52.337  3.713 0.6999999881
14023  -42.824  -51.974  10.429 0.6000000238
15232  -42.799  -51.149  10.431 0.6000000238
14676  -40.353  -52.128  4.485 0.6999999881
14059  -40.041  -52.984  5.779 0.6999999881
117311  -41.393  -51.387  7.340 0.6999999881
15233  -43.075  -50.381  10.236 0.6000000238
14660  -41.663  -51.513  8.344 0.8000000119
15244  -42.639  -50.601  8.811 0.8000000119
15241  -43.076  -50.194  9.357 0.6999999881
119559  -45.351  -51.549  11.603 0.4000000060
14007  -43.952  -52.006  11.190 0.6000000238
122148  -40.396  -51.106  3.510 0.6999999881
15850  -43.478  -49.844  10.906 0.6000000238
14681  -40.850  -50.785  3.590 0.6999999881
126067  -40.962  -51.357  5.087 0.6999999881
123361  -41.134  -51.347  6.306 0.6999999881
130349  -42.014  -50.813  7.583 0.6000000238
15245  -43.261  -50.126  8.374 0.6999999881
16580  -45.144  -49.058  7.909 0.5000000000
15263  -41.839  -50.799  6.571 0.6000000238
133458  -43.195  -50.357  7.074 0.6000000238
15870  -43.713  -50.196  7.296 0.6000000238
15871  -44.664  -49.931  7.142 0.6000000238
118909  -44.360  -50.221  6.332 0.6000000238
15873  -46.398  -49.626  6.328 0.5000000000
15223  -45.128  -50.822  12.076 0.4000000060
14634  -44.305  -51.277  11.585 0.5000000000
15885  -40.267  -50.218  3.494 0.6999999881
15222  -43.707  -50.557  11.421 0.6000000238
16549  -43.902  -49.225  11.282 0.6000000238
133003  -41.330  -50.941  4.508 0.6999999881
16562  -43.869  -48.903  9.915 0.6000000238
15269  -41.702  -50.781  5.240 0.6999999881
16563  -44.423  -48.625  9.251 0.5000000000
16572  -45.829  -48.600  8.163 0.6000000238
15264  -42.588  -50.482  5.693 0.6999999881
15255  -43.522  -50.337  6.218 0.6000000238
16582  -46.873  -49.298  6.786 0.5000000000
17324  -47.359  -48.601  7.481 0.5000000000
15879  -45.190  -50.098  5.700 0.5000000000
15261  -38.372  -50.536  5.925 0.6000000238
114022  -39.620  -49.768  6.342 0.6000000238
14622  -45.857  -50.528  12.332 0.5000000000
15212  -45.241  -49.914  12.546 0.5000000000
15876  -39.641  -49.664  5.148 0.6999999881
15273  -39.483  -50.546  3.814 0.6999999881
15211  -44.412  -50.302  11.984 0.5000000000
15843  -44.194  -49.020  11.802 0.5000000000
132793  -44.670  -47.832  11.752 0.4000000060
15890  -40.816  -49.904  3.301 0.6999999881
17289  -44.637  -47.767  10.970 0.5000000000
15887  -41.862  -49.450  3.447 0.6999999881
15888  -42.655  -49.653  3.800 0.6999999881
17300  -44.824  -47.810  9.979 0.5000000000
15271  -43.261  -49.870  4.331 0.6999999881
15265  -43.499  -50.194  4.964 0.6000000238
17313  -46.090  -47.867  8.741 0.5000000000
15878  -44.367  -50.208  5.332 0.6000000238
17314  -46.935  -47.760  8.478 0.5000000000
16600  -45.523  -49.690  4.950 0.5000000000
118901  -46.386  -49.425  5.158 0.5000000000
16590  -46.927  -49.440  5.682 0.5000000000
17325  -48.222  -48.596  7.143 0.5000000000
16583  -47.668  -49.213  6.300 0.5000000000
17317  -49.486  -47.855  7.409 0.3000000119
17274  -45.909  -47.393  12.671 0.3000000119
15260  -37.476  -50.922  6.611 0.6000000238
15253  -38.936  -50.232  6.839 0.6000000238
16542  -45.435  -47.922  12.928 0.4000000060
17273  -45.145  -47.644  12.295 0.4000000060
16595  -40.815  -48.623  4.982 0.6000000238
17290  -45.353  -47.382  10.676 0.5000000000
16604  -40.907  -48.780  3.886 0.6999999881
16605  -41.662  -48.709  3.685 0.6999999881
17302  -46.587  -47.314  9.477 0.5000000000
15889  -43.227  -49.258  4.009 0.5000000000
17303  -47.530  -47.218  9.235 0.5000000000
15883  -44.035  -49.826  4.507 0.5000000000
17316  -48.796  -47.655  8.025 0.4000000060
18020  -49.626  -47.099  8.205 0.4000000060
16585  -49.221  -49.003  5.908 0.5000000000
17327  -49.886  -48.494  6.426 0.4000000060
15867  -38.562  -49.990  7.909 0.6000000238
15868  -39.428  -49.746  7.467 0.6000000238
15869  -40.155  -49.296  6.890 0.6000000238
16588  -40.815  -48.731  6.272 0.6000000238
131762  -47.694  -46.268  10.805 0.3000000119
17291  -46.269  -47.081  10.467 0.4000000060
16596  -41.500  -48.284  4.501 0.6000000238
18010  -47.356  -46.749  10.230 0.3000000119
16606  -42.427  -48.862  3.759 0.6999999881
18011  -48.654  -46.441  9.643 0.3000000119
114585  -48.070  -46.743  9.763 0.3000000119
17343  -42.905  -47.839  4.741 0.6000000238
130168  -49.665  -45.746  9.276 0.3000000119
18019  -49.092  -46.804  8.970 0.3000000119
17336  -44.306  -47.427  5.382 0.5000000000
17344  -43.970  -48.087  4.816 0.5000000000
17345  -44.937  -48.508  4.790 0.5000000000
114856  -50.447  -46.608  8.081 0.3000000119
18012  -49.715  -46.345  8.867 0.3000000119
123463  -45.860  -48.872  4.830 0.5000000000
133805  -47.413  -49.071  5.253 0.5000000000
18032  -51.113  -47.287  7.077 0.3000000119
17337  -45.981  -47.921  5.092 0.5000000000
17338  -50.557  -48.625  5.775 0.4000000060
17328  -50.851  -48.114  6.393 0.3000000119
15866  -37.594  -50.043  8.114 0.5000000000
15859  -39.073  -49.391  8.420 0.6000000238
16577  -39.908  -49.213  8.004 0.5000000000
16589  -41.449  -48.190  5.633 0.6000000238
17322  -41.900  -47.617  6.983 0.5000000000
128594  -49.915  -45.204  9.280 0.3000000119
17342  -42.053  -47.753  5.049 0.6000000238
18797  -50.764  -44.989  8.644 0.3000000119
18013  -50.265  -45.791  8.802 0.3000000119
17335  -43.411  -47.353  5.501 0.6000000238
18049  -45.214  -47.655  5.241 0.5000000000
18051  -48.126  -47.854  5.065 0.5000000000
16603  -49.797  -48.607  5.213 0.4000000060
127420  -49.738  -48.267  4.906 0.4000000060
16568  -38.779  -48.685  9.025 0.5000000000
16570  -40.290  -48.600  8.533 0.5000000000
16571  -41.125  -48.245  8.107 0.5000000000
16578  -40.681  -48.780  7.459 0.5000000000
121853  -41.631  -47.780  7.661 0.5000000000
20400  -48.933  -42.849  9.601 0.3000000119
112671  -49.486  -43.736  9.372 0.3000000119
18040  -43.035  -47.022  6.413 0.6000000238
18041  -43.813  -46.829  6.158 0.6000000238
18042  -44.674  -46.851  6.038 0.5000000000
18044  -46.522  -47.548  5.328 0.5000000000
17340  -52.077  -47.957  5.353 0.4000000060
115501  -51.305  -47.203  4.844 0.4000000060
17298  -40.101  -47.288  9.521 0.5000000000
17299  -40.984  -47.171  9.274 0.5000000000
17312  -41.466  -47.482  8.492 0.5000000000
21191  -48.191  -42.181  9.951 0.4000000060
22046  -48.511  -41.233  10.060 0.4000000060
18027  -42.071  -47.322  7.627 0.5000000000
17323  -42.374  -47.313  6.694 0.5000000000
21207  -49.779  -42.038  9.374 0.4000000060
20401  -50.297  -43.389  8.840 0.3000000119
18028  -42.698  -46.868  7.376 0.4000000060
20410  -51.054  -43.480  8.445 0.3000000119
18043  -45.648  -46.967  5.893 0.4000000060
18053  -50.025  -47.428  4.849 0.4000000060
18008  -40.464  -46.567  9.768 0.5000000000
18009  -41.456  -46.475  9.448 0.5000000000
22928  -47.455  -40.594  10.653 0.4000000060
18017  -42.144  -46.802  8.481 0.5000000000
18795  -42.941  -45.576  8.867 0.4000000060
129634  -49.257  -40.872  9.851 0.4000000060
22060  -49.926  -41.046  9.545 0.4000000060
18805  -42.980  -46.137  8.107 0.4000000060
18029  -43.402  -46.468  7.049 0.4000000060
21217  -51.115  -42.705  8.510 0.4000000060
18030  -44.205  -46.248  6.784 0.4000000060
18821  -45.899  -46.116  6.547 0.4000000060
18822  -46.759  -46.041  6.412 0.4000000060
18045  -47.245  -46.928  5.582 0.4000000060
18823  -47.671  -45.978  6.205 0.4000000060
18829  -50.378  -46.318  5.183 0.4000000060
18831  -52.575  -46.069  4.724 0.4000000060
18830  -51.499  -46.093  4.984 0.4000000060
18782  -39.841  -45.903  10.043 0.5000000000
18783  -40.759  -45.817  10.126 0.4000000060
113478  -47.268  -38.887  11.430 0.4000000060
117448  -48.392  -39.714  10.610 0.4000000060
18784  -41.682  -45.628  9.890 0.5000000000
18785  -42.489  -45.268  9.555 0.4000000060
18806  -43.790  -45.806  7.649 0.4000000060
22945  -50.610  -40.427  9.133 0.4000000060
18807  -44.613  -45.585  7.387 0.4000000060
18809  -46.269  -45.398  7.077 0.4000000060
18826  -53.386  -45.745  5.307 0.3000000119
18828  -49.264  -46.527  5.368 0.4000000060
112717  -41.088  -45.150  10.392 0.4000000060
19588  -41.833  -44.857  10.227 0.5000000000
19589  -42.623  -44.492  9.908 0.4000000060
23831  -48.911  -38.633  10.597 0.4000000060
19599  -43.329  -44.933  9.138 0.4000000060
113869  -43.461  -45.507  8.425 0.4000000060
19601  -44.629  -44.170  8.599 0.4000000060
18796  -44.155  -45.059  8.325 0.4000000060
19611  -45.052  -44.857  7.926 0.4000000060
19612  -45.847  -44.736  7.669 0.4000000060
18810  -47.221  -45.169  7.008 0.4000000060
19624  -48.113  -45.213  6.663 0.4000000060
19633  -52.703  -44.891  4.940 0.4000000060
18825  -49.693  -45.492  5.874 0.4000000060
19631  -50.825  -45.299  5.490 0.4000000060
19570  -41.955  -44.157  10.362 0.4000000060
20398  -42.557  -43.566  10.206 0.4000000060
19590  -43.360  -44.024  9.614 0.4000000060
20409  -44.853  -43.398  8.715 0.4000000060
19602  -45.478  -43.828  8.245 0.4000000060
111475  -46.328  -43.904  7.822 0.4000000060
19634  -53.026  -44.636  5.035 0.4000000060
19613  -47.133  -44.091  7.502 0.4000000060
19614  -48.033  -44.327  7.152 0.4000000060
19625  -49.036  -44.662  6.595 0.4000000060
19626  -50.178  -44.515  6.090 0.4000000060
21204  -42.708  -42.620  10.173 0.4000000060
21205  -43.500  -42.414  9.691 0.4000000060
120193  -44.695  -42.781  8.890 0.4000000060
119470  -45.294  -42.803  8.512 0.4000000060
120496  -46.140  -42.791  8.055 0.4000000060
20417  -46.876  -43.202  7.718 0.4000000060
20418  -47.738  -43.135  7.322 0.4000000060
20436  -52.154  -44.017  4.966 0.3000000119
20431  -49.671  -43.688  6.370 0.4000000060
19627  -51.255  -44.310  5.400 0.4000000060
22059  -42.721  -41.578  9.936 0.4000000060
22071  -43.636  -41.503  9.353 0.4000000060
22070  -43.084  -40.743  9.317 0.4000000060
21214  -44.239  -42.245  9.168 0.4000000060
21215  -44.857  -42.056  8.628 0.4000000060
21224  -46.979  -42.203  7.509 0.4000000060
21225  -47.809  -42.048  6.825 0.4000000060
21247  -52.563  -43.171  5.139 0.4000000060
20437  -52.628  -43.918  5.030 0.3000000119
20419  -48.728  -43.545  6.917 0.4000000060
130745  -50.515  -43.731  5.779 0.5000000000
20432  -51.346  -43.155  5.005 0.4000000060
21237  -49.189  -42.809  6.254 0.5000000000
22956  -43.396  -40.260  8.630 0.4000000060
22968  -43.721  -39.958  7.817 0.4000000060
22957  -44.124  -40.598  8.286 0.4000000060
22969  -44.464  -40.283  7.436 0.4000000060
22072  -44.931  -41.121  8.003 0.4000000060
21226  -48.405  -42.662  6.756 0.4000000060
21238  -50.180  -42.968  5.621 0.5000000000
22967  -42.906  -39.702  8.185 0.4000000060
22980  -44.035  -39.881  6.054 0.4000000060
21236  -48.528  -42.075  6.014 0.4000000060
21243  -49.483  -42.257  5.196 0.5000000000
23887  -42.727  -39.038  6.773 0.4000000060
23888  -43.463  -39.524  6.152 0.4000000060
23899  -43.491  -39.550  5.123 0.4000000060
22103  -48.672  -41.704  4.853 0.5000000000
25647  -42.640  -37.763  3.425 0.4000000060
24750  -42.508  -38.526  5.408 0.4000000060
24759  -42.685  -38.542  4.522 0.4000000060
23898  -42.939  -39.057  5.744 0.4000000060
23910  -43.122  -39.211  3.883 0.4000000060
23913  -43.204  -39.202  3.075 0.5000000000
25644  -42.335  -37.722  4.352 0.4000000060
18050  -47.361  -48.251  5.076 0.5000000000
18052  -49.020  -47.617  5.021 0.5000000000
16594  -51.400  -48.338  5.143 0.4000000060
13391  -44.617  -53.774  9.697 0.5000000000
13409  -41.426  -53.712  7.664 0.8000000119
13408  -40.840  -53.327  7.278 0.8000000119
13379  -46.034  -53.065  10.263 0.5000000000
14058  -39.800  -53.147  4.452 0.6999999881
13380  -47.313  -52.489  10.054 0.5000000000
14062  -39.482  -53.068  3.817 0.6999999881
14635  -46.128  -51.111  11.918 0.4000000060
14027  -46.355  -52.303  10.749 0.4000000060
15276  -39.966  -51.004  3.460 0.6999999881
15267  -38.385  -50.740  4.889 0.6999999881
14623  -46.886  -50.581  12.259 0.4000000060
15213  -46.302  -50.033  12.715 0.4000000060
14671  -36.998  -51.467  6.116 0.6000000238
15825  -45.977  -48.157  13.300 0.4000000060
15251  -37.109  -50.590  7.547 0.6000000238
15865  -36.719  -50.044  8.035 0.5000000000
15858  -38.064  -49.279  8.626 0.5000000000
17297  -39.131  -47.138  9.591 0.5000000000
19587  -40.163  -45.015  10.413 0.4000000060
20397  -39.975  -43.964  10.368 0.4000000060
19569  -41.046  -44.294  10.546 0.4000000060
20382  -40.690  -43.246  10.456 0.4000000060
22058  -41.668  -41.353  10.088 0.4000000060
22943  -42.147  -40.648  9.591 0.4000000060
22955  -42.576  -40.018  8.994 0.4000000060
23862  -42.049  -39.521  8.471 0.4000000060
23886  -41.906  -38.640  7.289 0.4000000060
134103  -42.276  -37.147  3.930 0.4000000060
12693  -42.136  -54.047  7.985 0.8000000119
14049  -41.168  -52.197  7.970 0.8000000119
14008  -44.761  -52.079  11.249 0.5000000000
14054  -40.460  -52.735  6.775 0.6999999881
128431  -43.219  -50.669  10.859 0.6000000238
15854  -43.849  -49.137  9.268 0.6999999881
16558  -44.242  -48.414  10.381 0.6000000238
15861  -44.208  -49.295  8.392 0.6000000238
121049  -43.876  -49.811  8.003 0.6000000238
15882  -40.283  -49.165  4.448 0.6999999881
16564  -45.285  -48.164  8.961 0.5000000000
15877  -40.219  -49.199  5.683 0.6000000238
15835  -45.307  -48.766  12.881 0.5000000000
16541  -44.654  -48.376  12.314 0.5000000000
17286  -45.964  -47.051  11.342 0.3000000119
16591  -47.838  -49.251  5.502 0.5000000000
16579  -41.426  -48.192  6.916 0.6000000238
17347  -48.982  -48.587  5.150 0.5000000000
125885  -46.391  -46.707  5.999 0.4000000060
17341  -52.704  -47.313  5.076 0.4000000060
18824  -48.635  -45.782  6.063 0.4000000060
20384  -42.057  -42.881  10.400 0.4000000060
7142  -39.809  -63.387  1.495 0.4000000060
120234  -40.617  -63.185  1.481 0.4000000060
7789  -41.989  -62.420  1.798 0.4000000060
8402  -43.283  -61.470  1.900 0.4000000060
8393  -40.991  -62.307  2.906 0.4000000060
8395  -42.603  -61.727  2.709 0.4000000060
8396  -43.315  -61.294  3.025 0.4000000060
8389  -44.070  -60.883  3.591 0.4000000060
9604  -46.030  -59.670  3.261 0.5000000000
8386  -41.408  -61.979  3.481 0.4000000060
8387  -42.626  -61.368  3.964 0.4000000060
9036  -44.049  -60.762  4.752 0.5000000000
9037  -44.845  -60.567  4.410 0.5000000000
10173  -46.067  -58.433  4.597 0.6000000238
8372  -41.545  -61.549  4.567 0.4000000060
9030  -43.910  -60.671  5.753 0.4000000060
9601  -45.926  -59.439  4.603 0.5000000000
14009  -46.384  -51.688  11.343 0.3000000119
14636  -47.342  -51.090  11.693 0.4000000060
15836  -47.080  -49.408  13.222 0.3000000119
9602  -46.422  -58.679  3.757 0.5000000000
12687  -47.276  -53.740  8.834 0.5000000000
114076  -41.739  -60.729  6.864 0.4000000060
9031  -44.729  -60.439  5.486 0.5000000000
9032  -45.362  -60.140  5.078 0.5000000000
128099  -41.395  -60.982  6.262 0.4000000060
9029  -42.994  -60.802  5.885 0.4000000060
134246  -46.319  -58.139  4.129 0.6000000238
11418  -46.318  -56.006  3.383 0.6000000238
112490  -45.506  -55.024  3.950 0.6999999881
13393  -46.658  -53.380  9.531 0.5000000000
12070  -46.248  -55.398  3.686 0.6999999881
12045  -46.959  -54.874  5.623 0.6999999881
12698  -46.792  -54.319  8.274 0.6999999881
12058  -46.435  -54.914  4.482 0.6999999881
124986  -46.103  -54.783  6.107 0.6999999881
9022  -45.156  -59.967  5.977 0.5000000000
9598  -45.529  -59.544  5.498 0.6000000238
10784  -45.616  -58.063  4.924 0.6000000238
10793  -45.386  -57.215  3.926 0.6000000238
128743  -43.448  -60.293  7.500 0.4000000060
9000  -44.188  -60.166  7.025 0.5000000000
10774  -45.264  -58.336  5.834 0.6000000238
10794  -46.086  -57.733  4.154 0.6000000238
11416  -45.407  -55.990  3.533 0.6000000238
15826  -46.280  -48.708  13.315 0.3000000119
116911  -45.862  -54.767  5.121 0.6999999881
12686  -46.161  -54.143  9.050 0.6000000238
13392  -45.595  -53.688  9.681 0.5000000000
10765  -43.875  -57.888  7.410 0.6000000238
10161  -43.990  -58.745  7.762 0.6000000238
10772  -44.104  -57.697  6.337 0.6999999881
10773  -44.790  -57.964  6.145 0.6000000238
124519  -44.317  -57.196  4.016 0.6000000238
12069  -44.689  -55.520  3.769 0.6000000238
9593  -44.716  -59.577  6.719 0.6000000238
12057  -44.977  -54.754  4.637 0.6000000238
12044  -45.356  -54.654  5.884 0.6999999881
12709  -45.284  -54.611  7.646 0.6999999881
12035  -45.752  -54.711  6.828 0.6999999881
12685  -45.173  -54.253  9.129 0.6000000238
12697  -45.709  -54.479  8.410 0.6999999881
10771  -43.165  -57.544  6.446 0.6000000238
10781  -43.155  -57.536  5.042 0.6999999881
10792  -43.292  -57.283  3.935 0.6999999881
10782  -44.236  -57.541  5.026 0.6999999881
12068  -43.900  -56.070  3.632 0.6000000238
123085  -43.723  -53.685  9.643 0.5000000000
12720  -44.042  -54.579  6.613 0.6999999881
12708  -44.391  -54.563  7.587 0.6999999881
12696  -44.761  -54.483  8.429 0.6000000238
12053  -41.579  -55.735  4.193 0.6999999881
12718  -42.301  -54.567  6.414 0.6999999881
12066  -42.281  -56.851  3.182 0.6999999881
12054  -42.445  -55.583  4.222 0.6000000238
12041  -42.816  -54.788  5.365 0.5000000000
12067  -43.115  -56.581  3.379 0.6999999881
12055  -43.339  -55.340  4.249 0.6000000238
12042  -43.678  -54.690  5.444 0.6999999881
13402  -43.313  -54.023  9.008 0.5000000000
12056  -44.167  -55.009  4.362 0.6000000238
12707  -43.513  -54.509  7.482 0.6999999881
12725  -41.142  -54.902  5.240 0.6999999881
12704  -41.095  -54.057  6.894 0.6999999881
12716  -40.747  -54.352  6.012 0.6999999881
12694  -42.958  -54.275  8.217 0.6000000238
13394  -47.936  -52.986  9.275 0.5000000000
12706  -42.647  -54.426  7.349 0.6000000238
7781  -41.313  -62.539  2.020 0.4000000060
9038  -45.477  -60.212  3.951 0.4000000060
8359  -41.974  -61.013  5.900 0.4000000060
8374  -43.194  -60.868  4.921 0.4000000060
9021  -44.460  -60.312  6.341 0.4000000060
9020  -43.692  -60.526  6.622 0.4000000060
12036  -46.689  -54.757  6.666 0.6999999881
12710  -46.262  -54.621  7.578 0.6999999881
11415  -44.474  -56.525  3.660 0.6000000238
10162  -44.505  -58.940  7.185 0.6999999881
11414  -43.551  -56.892  3.534 0.6000000238
12726  -41.934  -54.872  5.338 0.6000000238
10791  -42.131  -57.607  3.990 0.5000000000
10155  -43.499  -58.910  8.421 0.4000000060
10760  -43.503  -58.238  8.241 0.5000000000
10790  -41.171  -57.949  3.871 0.6000000238
9576  -42.441  -59.895  8.903 0.4000000060
10759  -42.960  -57.769  8.622 0.5000000000
10764  -43.148  -57.573  7.673 0.5000000000
114004  -42.270  -57.467  6.691 0.5000000000
10780  -41.413  -58.028  4.601 0.5000000000
10789  -40.272  -57.939  3.903 0.5000000000
113152  -42.166  -57.741  5.340 0.5000000000
11412  -41.783  -57.367  3.447 0.6000000238
12065  -41.393  -56.911  3.458 0.5000000000
11411  -40.908  -57.556  3.647 0.5000000000
12730  -40.089  -55.559  4.148 0.6999999881
117527  -40.064  -57.513  3.650 0.6000000238
130942  -39.915  -54.702  4.462 0.6000000238
10149  -42.481  -58.710  9.584 0.5000000000
10758  -42.296  -57.239  8.862 0.5000000000
10763  -41.614  -57.290  7.028 0.5000000000
10779  -40.600  -58.132  4.627 0.5000000000
10770  -41.234  -57.776  5.785 0.5000000000
12724  -40.502  -54.817  4.936 0.6000000238
10788  -39.281  -57.568  3.811 0.6000000238
12063  -39.480  -55.967  3.703 0.5000000000
12723  -39.488  -53.955  4.141 0.6000000238
125666  -42.213  -57.429  9.585 0.5000000000
11391  -41.491  -56.781  8.067 0.5000000000
115875  -39.834  -56.937  6.784 0.5000000000
10769  -40.145  -57.772  5.705 0.5000000000
10778  -39.469  -57.888  4.598 0.5000000000
13421  -40.004  -54.052  5.367 0.6000000238
12076  -38.860  -56.223  3.508 0.5000000000
13425  -39.095  -54.003  3.624 0.6000000238
124380  -41.917  -57.360  10.129 0.5000000000
11386  -41.673  -56.735  9.385 0.5000000000
115766  -40.435  -56.507  7.756 0.5000000000
11395  -38.893  -56.408  6.870 0.5000000000
12040  -37.893  -56.152  6.408 0.6000000238
11401  -38.383  -56.807  5.818 0.4000000060
129316  -37.073  -55.814  5.996 0.4000000060
11400  -37.614  -56.636  5.221 0.5000000000
11404  -37.861  -57.119  4.345 0.5000000000
115719  -39.148  -57.364  5.750 0.4000000060
12039  -36.584  -55.304  5.812 0.4000000060
12727  -36.714  -54.793  4.941 0.5000000000
113197  -37.448  -56.528  4.422 0.5000000000
14055  -36.117  -53.355  5.629 0.4000000060
12074  -37.758  -56.169  3.890 0.6000000238
12075  -38.348  -55.646  3.574 0.6000000238
14061  -39.147  -52.820  3.772 0.6000000238
14682  -39.513  -51.800  3.591 0.6000000238
12051  -36.903  -56.023  5.156 0.5000000000
13419  -36.404  -54.099  5.311 0.5000000000
14057  -37.486  -52.704  4.803 0.5000000000
12728  -37.290  -54.627  4.329 0.5000000000
14053  -35.905  -52.535  6.066 0.4000000060
14673  -36.620  -52.013  5.832 0.5000000000
14678  -38.042  -52.090  4.507 0.6000000238
128235  -37.909  -54.363  3.879 0.6000000238
14679  -38.760  -51.967  3.933 0.6000000238
14674  -37.417  -51.855  5.232 0.5000000000
15250  -36.226  -50.638  7.526 0.3000000119
15259  -36.605  -51.237  7.071 0.4000000060
14670  -36.162  -51.785  6.477 0.4000000060
123420  -38.770  -50.763  4.181 0.6000000238
18006  -38.927  -46.119  9.679 0.3000000119
17296  -38.231  -46.804  9.310 0.3000000119
17309  -38.504  -47.802  9.322 0.4000000060
15857  -37.064  -49.373  8.435 0.4000000060
20396  -39.147  -43.784  9.746 0.3000000119
21202  -40.572  -42.303  10.187 0.3000000119
21201  -39.696  -42.893  9.894 0.3000000119
22942  -41.124  -40.689  9.510 0.3000000119
22954  -41.610  -39.984  9.078 0.3000000119
23861  -41.247  -39.556  8.518 0.3000000119
24728  -40.947  -38.592  7.540 0.3000000119
24749  -41.845  -37.991  5.979 0.3000000119
122394  -39.252  -45.250  9.975 0.3000000119
112410  -42.358  -57.277  7.878 0.5000000000
10777  -38.202  -57.408  4.137 0.5000000000
13424  -38.501  -53.732  3.804 0.6000000238
124193  -47.877  -54.732  6.223 0.6000000238
12711  -47.641  -54.473  7.238 0.6000000238
14626  -50.956  -50.886  12.452 0.3000000119
14638  -50.580  -50.817  11.677 0.3000000119
14648  -49.231  -51.256  10.850 0.3000000119
14637  -48.890  -50.869  11.614 0.3000000119
14649  -50.714  -51.138  10.815 0.3000000119
14028  -48.398  -51.834  10.253 0.3000000119
14010  -47.589  -51.624  10.858 0.3000000119
12699  -48.183  -53.891  8.050 0.5000000000
14615  -50.559  -50.695  13.419 0.3000000119
14625  -50.258  -50.467  12.495 0.3000000119
14624  -48.495  -50.425  12.423 0.3000000119
112765  -49.737  -51.590  10.121 0.3000000119
14042  -48.841  -52.227  9.644 0.3000000119
13403  -48.529  -53.287  8.622 0.4000000060
8981  -42.884  -60.146  8.281 0.4000000060
14607  -50.090  -50.321  14.185 0.3000000119
15206  -50.221  -49.992  13.873 0.3000000119
15205  -50.123  -49.795  13.667 0.3000000119
116871  -49.936  -50.073  13.055 0.3000000119
9044  -45.506  -60.577  1.578 0.5000000000
9045  -46.448  -59.926  1.502 0.5000000000
7794  -41.984  -62.791  1.499 0.4000000060
122264  -42.640  -62.526  1.581 0.4000000060
8403  -44.046  -61.106  1.480 0.4000000060
8408  -44.946  -61.783  1.302 0.5000000000
10802  -47.871  -57.038  1.442 0.5000000000
10179  -47.126  -58.783  1.863 0.5000000000
9608  -45.946  -59.893  2.008 0.5000000000
134472  -43.736  -61.223  1.591 0.4000000060
12078  -49.063  -54.882  3.100 0.6000000238
11420  -47.790  -55.184  2.846 0.6000000238
11423  -47.374  -56.581  2.302 0.5000000000
10801  -47.392  -57.670  2.030 0.5000000000
9040  -44.772  -60.589  3.077 0.3000000119
9041  -45.431  -60.285  2.591 0.4000000060
9605  -46.492  -59.163  2.346 0.5000000000
12046  -48.751  -54.868  5.254 0.6000000238
12077  -47.057  -55.351  3.392 0.6000000238
11419  -47.077  -55.874  3.009 0.6000000238
10176  -46.880  -58.208  2.747 0.4000000060
134283  -46.990  -57.360  2.805 0.5000000000
12037  -49.127  -54.361  6.284 0.6000000238
14043  -50.653  -51.934  9.438 0.3000000119
13404  -50.119  -53.152  7.913 0.4000000060
114477  -47.446  -55.000  4.857 0.6000000238
10799  -46.764  -56.681  3.163 0.4000000060
14030  -51.888  -51.795  10.386 0.3000000119
14639  -51.288  -51.155  11.454 0.3000000119
13395  -49.637  -52.630  8.923 0.3000000119
12712  -49.486  -53.852  7.051 0.5000000000
12071  -48.001  -55.036  3.610 0.6000000238
13396  -51.521  -52.603  8.646 0.3000000119
12060  -49.827  -54.732  4.438 0.5000000000
12061  -51.009  -54.492  4.743 0.5000000000
12047  -50.540  -54.249  5.301 0.5000000000
12048  -51.704  -54.072  5.396 0.4000000060
12721  -51.245  -53.743  5.837 0.5000000000
121870  -51.376  -54.871  3.753 0.5000000000
12079  -50.622  -54.787  3.392 0.5000000000
11403  -51.438  -54.692  5.240 0.4000000060
12038  -52.251  -54.184  5.773 0.4000000060
12713  -52.152  -53.598  6.447 0.4000000060
11424  -48.225  -55.992  1.673 0.5000000000
12081  -50.210  -54.920  2.548 0.5000000000
119943  -51.181  -53.367  6.809 0.4000000060
5842  -42.211  -64.821  8.458 0.3000000119
5323  -42.013  -65.895  8.372 0.3000000119
5843  -42.964  -64.552  8.196 0.3000000119
7083  -44.154  -63.692  7.267 0.3000000119
7102  -44.662  -63.259  6.670 0.4000000060
7082  -43.250  -63.697  7.425 0.3000000119
7101  -43.644  -63.383  6.520 0.3000000119
7103  -45.507  -63.034  6.717 0.4000000060
7743  -45.093  -62.696  6.070 0.4000000060
7120  -44.282  -63.081  5.900 0.3000000119
7119  -43.310  -63.373  5.393 0.3000000119
7756  -47.261  -62.496  5.273 0.4000000060
130222  -47.301  -62.362  3.994 0.4000000060
7754  -45.550  -62.482  5.075 0.4000000060
7753  -44.677  -62.851  4.983 0.4000000060
114654  -43.269  -63.510  4.419 0.4000000060
7128  -44.407  -63.263  3.739 0.4000000060
124927  -50.368  -60.908  4.800 0.3000000119
112775  -48.178  -62.509  4.599 0.4000000060
8399  -48.790  -61.540  3.523 0.4000000060
7786  -48.076  -62.090  3.693 0.4000000060
7771  -46.529  -62.482  3.161 0.4000000060
130836  -45.937  -62.597  2.359 0.4000000060
7782  -44.837  -63.082  2.866 0.4000000060
9600  -50.124  -59.833  4.670 0.3000000119
118770  -50.209  -60.815  4.037 0.4000000060
121834  -48.677  -61.145  2.766 0.4000000060
8400  -49.829  -60.537  3.181 0.4000000060
127482  -47.739  -61.493  2.168 0.4000000060
9050  -48.507  -60.064  1.804 0.4000000060
7793  -47.111  -61.982  2.124 0.4000000060
8410  -46.991  -61.421  1.682 0.4000000060
7783  -45.219  -62.734  2.233 0.4000000060
7138  -44.187  -63.495  2.597 0.4000000060
134015  -50.513  -58.847  3.478 0.4000000060
9606  -50.519  -59.159  3.230 0.4000000060
9612  -48.722  -59.128  1.536 0.4000000060
9049  -47.395  -60.478  1.487 0.4000000060
7790  -44.850  -62.606  1.740 0.4000000060
7791  -45.669  -62.454  1.739 0.4000000060
7137  -43.403  -63.772  2.488 0.4000000060
9607  -50.671  -58.333  2.531 0.4000000060
9613  -49.660  -58.760  1.665 0.4000000060
10185  -49.106  -58.258  1.340 0.4000000060
9610  -47.017  -60.004  1.321 0.4000000060
7797  -44.521  -62.229  1.392 0.4000000060
9047  -45.552  -61.284  1.404 0.4000000060
10182  -50.765  -57.672  1.954 0.4000000060
10806  -49.552  -57.352  1.253 0.4000000060
11407  -51.288  -54.861  4.370 0.4000000060
10187  -50.500  -57.223  1.567 0.4000000060
11426  -51.020  -55.518  2.147 0.4000000060
118767  -52.131  -54.519  6.555 0.3000000119
12028  -52.203  -54.351  7.473 0.3000000119
10183  -47.339  -59.211  1.533 0.4000000060
11421  -51.327  -55.066  3.035 0.4000000060
13411  -52.426  -53.663  7.060 0.3000000119
10803  -48.883  -56.578  1.222 0.4000000060
132156  -46.348  -62.448  5.549 0.4000000060
7755  -46.406  -62.393  4.457 0.4000000060
7770  -45.629  -62.625  3.467 0.4000000060
9039  -50.298  -60.405  4.492 0.4000000060
128172  -49.656  -61.353  3.967 0.4000000060
114817  -50.020  -60.241  5.134 0.3000000119
8398  -47.896  -61.720  2.844 0.4000000060
10172  -49.654  -58.908  4.618 0.3000000119
9603  -50.438  -59.508  3.953 0.4000000060
9046  -49.539  -59.993  2.465 0.4000000060
10177  -50.839  -58.028  3.115 0.4000000060
10186  -50.083  -57.995  1.476 0.4000000060
8409  -46.124  -61.616  1.468 0.4000000060
10805  -48.446  -57.628  1.266 0.4000000060
10797  -51.518  -55.758  3.376 0.4000000060
7121  -48.818  -63.299  5.805 0.3000000119
6453  -46.785  -64.161  6.991 0.3000000119
6438  -45.351  -64.430  7.223 0.3000000119
134742  -47.030  -62.940  6.572 0.3000000119
7105  -47.708  -63.024  6.137 0.3000000119
6452  -45.873  -63.721  7.021 0.3000000119
7745  -46.752  -62.689  6.261 0.3000000119
123086  -49.056  -62.801  5.133 0.3000000119
7757  -48.204  -62.877  5.367 0.3000000119
8391  -50.109  -61.391  4.579 0.3000000119
10174  -49.867  -57.815  4.501 0.3000000119
10796  -50.767  -57.171  3.671 0.3000000119
10786  -50.952  -56.167  4.302 0.3000000119
8375  -50.570  -61.330  5.276 0.3000000119
10800  -51.424  -56.726  2.861 0.3000000119
4829  -41.635  -66.801  7.894 0.3000000119
6435  -42.931  -63.944  7.932 0.3000000119
7104  -46.474  -63.033  6.757 0.3000000119
7744  -45.925  -62.586  6.218 0.4000000060
7758  -49.949  -62.116  5.163 0.3000000119
7769  -45.006  -62.759  4.038 0.4000000060
7784  -46.481  -62.370  2.165 0.4000000060
7785  -47.253  -62.224  2.895 0.4000000060
7788  -41.307  -62.968  1.462 0.4000000060
7792  -46.317  -62.108  1.662 0.4000000060
7795  -43.213  -62.006  1.611 0.4000000060
7798  -45.134  -62.271  1.467 0.4000000060
8373  -42.430  -61.078  5.052 0.4000000060
8388  -43.426  -61.009  4.064 0.5000000000
8390  -49.077  -61.934  4.388 0.4000000060
8394  -41.840  -62.113  2.548 0.4000000060
8397  -43.874  -60.935  2.058 0.4000000060
8401  -42.591  -62.021  1.993 0.4000000060
8404  -48.049  -60.947  1.898 0.4000000060
8405  -48.931  -60.581  2.408 0.4000000060
8406  -43.699  -61.496  1.519 0.4000000060
8999  -42.461  -60.525  7.663 0.4000000060
9019  -42.744  -60.681  6.779 0.4000000060
9042  -50.406  -60.070  3.686 0.4000000060
9043  -44.730  -61.174  1.440 0.5000000000
9048  -46.426  -60.785  1.445 0.4000000060
9051  -49.315  -59.450  1.938 0.4000000060
9577  -43.076  -59.447  8.705 0.4000000060
9584  -43.570  -59.595  8.100 0.4000000060
9585  -44.134  -59.603  7.444 0.6999999881
9609  -50.112  -59.178  2.402 0.4000000060
9611  -47.762  -59.591  1.465 0.4000000060
10154  -43.061  -58.610  8.962 0.5000000000
10166  -44.912  -58.644  6.595 0.6000000238
10167  -45.323  -59.156  6.106 0.6000000238
10170  -45.694  -58.758  5.384 0.6000000238
10175  -50.428  -58.451  3.792 0.4000000060
10178  -51.116  -57.460  2.514 0.4000000060
10180  -47.684  -58.132  1.517 0.5000000000
10181  -50.306  -58.398  1.943 0.4000000060
10184  -48.122  -58.638  1.431 0.4000000060
10754  -42.253  -58.070  9.983 0.5000000000
10755  -42.651  -57.957  9.368 0.5000000000
10762  -40.781  -57.242  6.832 0.5000000000
10766  -44.451  -58.239  7.023 0.6999999881
10783  -45.062  -57.738  5.111 0.6000000238
10787  -38.491  -57.374  3.894 0.5000000000
10795  -46.523  -57.655  3.548 0.5000000000
10798  -46.111  -56.792  3.596 0.6000000238
10804  -51.259  -56.620  2.104 0.4000000060
11396  -39.637  -56.287  7.612 0.5000000000
11405  -38.395  -57.419  4.779 0.5000000000
11408  -37.985  -57.025  3.866 0.5000000000
11409  -38.655  -57.023  3.626 0.5000000000
11410  -39.437  -56.918  3.576 0.6000000238
11413  -42.660  -57.082  3.392 0.6999999881
11417  -38.286  -56.486  3.631 0.5000000000
11422  -51.530  -55.810  2.718 0.4000000060
11425  -49.583  -55.552  1.678 0.4000000060
11427  -50.249  -56.386  1.494 0.4000000060
12029  -52.604  -53.855  6.492 0.4000000060
12034  -44.899  -54.602  6.744 0.6999999881
12043  -44.521  -54.613  5.633 0.6000000238
12049  -52.229  -53.891  5.865 0.4000000060
12050  -36.655  -55.353  5.204 0.5000000000
12052  -40.792  -55.773  4.196 0.5000000000
12059  -48.316  -55.015  4.450 0.6000000238
12062  -37.124  -55.601  4.497 0.5000000000
12064  -40.311  -56.741  3.647 0.6000000238
12072  -49.406  -54.880  3.929 0.5000000000
12073  -50.956  -54.699  4.042 0.5000000000
12080  -48.688  -55.192  2.249 0.5000000000
12684  -44.229  -54.236  9.106 0.5000000000
12695  -43.849  -54.411  8.355 0.6000000238
12701  -52.495  -53.755  7.591 0.3000000119
12705  -41.833  -54.284  7.160 0.8000000119
12717  -41.479  -54.473  6.281 0.6999999881
12719  -43.175  -54.588  6.501 0.6000000238
12722  -36.210  -54.724  5.650 0.4000000060
12729  -39.408  -54.880  3.838 0.5000000000
12731  -37.748  -55.184  3.831 0.6000000238
12732  -38.472  -54.663  3.613 0.6000000238
12733  -38.973  -55.185  3.550 0.6000000238
13377  -44.082  -53.319  10.224 0.5000000000
13416  -40.457  -53.631  6.464 0.6999999881
13420  -36.893  -53.413  5.085 0.5000000000
13422  -36.958  -54.125  4.805 0.5000000000
13423  -37.603  -53.656  4.364 0.6000000238
14029  -51.179  -51.504  10.129 0.3000000119
14041  -43.024  -52.735  10.268 0.6000000238
14044  -51.811  -52.037  9.703 0.3000000119
14056  -36.746  -52.623  5.446 0.5000000000
14060  -38.291  -52.809  4.160 0.6000000238
14633  -43.391  -51.440  11.027 0.6000000238
14650  -51.474  -51.360  10.759 0.3000000119
14661  -42.197  -51.274  9.042 0.8000000119
14675  -38.282  -51.317  4.451 0.6000000238
14677  -40.927  -51.191  4.056 0.6999999881
14680  -40.425  -51.545  3.686 0.6999999881
14683  -40.088  -51.690  3.521 0.6999999881
15214  -48.739  -49.735  13.254 0.3000000119
15215  -50.432  -50.397  13.268 0.3000000119
15240  -42.603  -50.846  9.677 0.6999999881
15252  -38.015  -50.452  7.235 0.6000000238
15254  -42.624  -50.513  6.862 0.6000000238
15262  -39.150  -50.143  5.846 0.6000000238
15266  -37.771  -51.071  5.472 0.6000000238
15268  -39.025  -50.256  4.794 0.6999999881
15270  -42.527  -50.239  4.386 0.6999999881
15272  -39.097  -51.188  3.733 0.6999999881
15274  -41.297  -50.059  3.312 0.6999999881
15275  -42.050  -50.019  3.556 0.6999999881
15277  -40.623  -50.477  3.441 0.6999999881
15834  -44.541  -49.356  12.265 0.5000000000
15842  -43.948  -49.712  11.650 0.6000000238
15853  -43.478  -49.565  9.918 0.6000000238
15860  -43.578  -49.634  8.884 0.6999999881
15872  -45.689  -49.755  6.573 0.5000000000
15880  -46.113  -49.801  5.574 0.5000000000
15881  -39.860  -49.857  4.125 0.6999999881
15884  -44.851  -50.004  4.876 0.5000000000
15886  -40.549  -49.495  3.598 0.6999999881
15891  -41.161  -49.372  3.339 0.6999999881
16550  -44.246  -48.508  11.352 0.5000000000
16557  -43.803  -49.057  10.661 0.6000000238
16569  -39.513  -48.826  8.723 0.5000000000
16573  -46.539  -48.592  7.844 0.5000000000
16581  -46.122  -49.243  7.248 0.5000000000
16584  -48.536  -49.182  6.026 0.5000000000
16592  -49.814  -48.785  5.561 0.4000000060
16593  -50.633  -48.597  5.299 0.4000000060
16597  -42.207  -48.203  4.237 0.6000000238
16598  -43.660  -48.749  4.323 0.5000000000
16599  -44.581  -49.297  4.529 0.5000000000
16601  -47.067  -49.229  5.309 0.5000000000
16602  -48.871  -49.000  5.476 0.4000000060
17301  -45.671  -47.518  9.708 0.5000000000
17304  -48.369  -47.134  9.063 0.3000000119
17310  -39.578  -48.109  9.260 0.5000000000
17311  -40.662  -47.900  8.998 0.5000000000
17315  -47.847  -47.773  8.257 0.5000000000
17326  -49.028  -48.576  6.779 0.5000000000
17329  -51.886  -47.897  6.135 0.4000000060
17333  -41.968  -47.668  6.110 0.6000000238
17334  -42.595  -47.394  5.713 0.6000000238
17339  -51.318  -48.388  5.622 0.4000000060
17346  -46.701  -48.845  5.019 0.5000000000
17348  -51.909  -47.908  4.911 0.4000000060
18002  -48.221  -46.124  10.379 0.3000000119
18007  -39.669  -46.604  9.764 0.4000000060
18018  -42.340  -46.019  9.098 0.5000000000
18031  -50.201  -47.533  7.325 0.3000000119
18046  -48.260  -46.719  5.497 0.4000000060
18048  -53.288  -46.664  5.125 0.3000000119
18054  -52.401  -47.063  4.817 0.4000000060
18055  -53.040  -46.680  4.827 0.4000000060
18808  -45.429  -45.486  7.187 0.4000000060
18820  -45.046  -46.168  6.605 0.4000000060
18827  -53.229  -45.092  5.143 0.3000000119
18832  -53.181  -45.747  4.889 0.4000000060
19586  -39.431  -44.523  10.115 0.3000000119
19592  -50.057  -44.389  9.069 0.3000000119
19600  -43.966  -44.355  9.023 0.4000000060
19603  -51.522  -44.122  8.058 0.3000000119
19632  -51.919  -45.107  5.034 0.4000000060
20383  -41.625  -43.475  10.464 0.4000000060
20399  -43.274  -43.215  9.825 0.4000000060
20408  -44.124  -43.355  9.262 0.4000000060
20438  -52.946  -43.924  5.117 0.4000000060
21188  -41.367  -42.655  10.421 0.4000000060
21203  -41.979  -42.143  10.370 0.4000000060
21206  -49.065  -41.713  9.705 0.4000000060
21208  -50.435  -42.360  8.962 0.4000000060
22045  -47.593  -41.512  10.333 0.4000000060
22057  -40.750  -41.469  9.892 0.3000000119
22061  -50.557  -41.391  9.113 0.4000000060
22929  -48.921  -40.311  10.128 0.4000000060
22989  -43.872  -39.832  5.454 0.4000000060
23841  -47.401  -39.717  11.026 0.4000000060
23873  -41.516  -39.064  7.998 0.3000000119
23874  -42.405  -39.192  7.706 0.4000000060
23875  -43.206  -39.510  7.261 0.4000000060
23906  -43.056  -39.129  4.772 0.4000000060
24739  -42.263  -38.513  6.352 0.4000000060
24758  -42.126  -37.927  5.165 0.4000000060
112188  -47.103  -55.004  3.984 0.6000000238
112199  -49.206  -46.086  9.468 0.3000000119
113398  -41.272  -41.962  10.286 0.4000000060
113923  -41.517  -62.722  1.625 0.4000000060
116533  -48.160  -40.692  10.361 0.4000000060
116657  -50.677  -44.080  8.595 0.3000000119
117359  -40.913  -62.884  1.683 0.4000000060
118282  -37.985  -48.397  9.066 0.4000000060
118293  -45.174  -47.433  11.551 0.4000000060
118775  -44.534  -63.130  2.074 0.4000000060
119642  -41.560  -50.530  3.909 0.6999999881
119969  -49.679  -49.216  13.860 0.3000000119
120078  -44.659  -60.728  1.797 0.5000000000
120170  -50.745  -48.245  4.890 0.4000000060
120625  -44.296  -41.374  8.765 0.4000000060
120882  -45.927  -49.376  12.960 0.5000000000
121283  -43.891  -63.255  4.836 0.4000000060
121337  -38.706  -57.606  4.189 0.5000000000
121433  -51.992  -46.626  4.785 0.4000000060
121878  -45.619  -62.020  1.382 0.4000000060
122197  -50.252  -59.857  3.042 0.4000000060
122402  -41.820  -58.050  10.456 0.5000000000
122639  -43.936  -39.812  6.879 0.4000000060
123117  -42.866  -63.427  5.930 0.3000000119
125458  -41.142  -53.016  7.978 0.8000000119
126034  -42.882  -48.470  4.129 0.6999999881
127649  -43.746  -40.855  8.911 0.4000000060
128225  -42.780  -50.443  7.804 0.6000000238
128356  -43.429  -53.224  10.086 0.5000000000
128558  -49.736  -42.885  9.202 0.4000000060
128576  -49.659  -50.016  14.706 0.3000000119
129685  -41.508  -52.667  8.583 0.8000000119
129982  -46.552  -44.698  7.473 0.4000000060
130002  -39.693  -63.882  1.168 0.4000000060
130318  -42.702  -59.255  9.204 0.5000000000
131157  -45.628  -52.094  11.181 0.4000000060
131239  -47.739  -55.676  2.356 0.6000000238
132129  -45.936  -60.664  1.506 0.4000000060
132146  -39.750  -52.324  3.688 0.6999999881
132238  -41.485  -52.160  8.558 0.8000000119
132265  -41.969  -61.754  3.416 0.4000000060
132668  -46.639  -55.673  3.401 0.6999999881
133023  -41.545  -47.013  8.967 0.5000000000
133541  -48.124  -48.892  5.282 0.5000000000
133663  -42.206  -50.866  8.347 0.8000000119
133731  -48.924  -54.644  5.817 0.6000000238
134404  -49.530  -61.082  3.485 0.4000000060
134842  -43.759  -63.267  5.705 0.4000000060
