#Insight Transform File V1.0
#Transform 0
Transform: AffineTransform_float_3_3
Parameters: 0.999998 0.00108412 0.00135596 -0.00109388 0.999972 0.00730453 -0.00134805 -0.00730547 0.999973 -0.0607631 -0.124368 0.142207
FixedParameters: 0 0 0

#Transform 1
Transform: AffineTransform_float_3_3
Parameters: 0.999998 0.00108412 0.00135596 -0.00109388 0.999972 0.00730453 -0.00134805 -0.00730547 0.999973 -0.0607631 -0.124368 0.142207
FixedParameters: 0 0 0

#Transform 2
Transform: AffineTransform_float_3_3
Parameters: 0.999998 0.000936587 0.00136083 -0.000945414 0.999981 0.00619472 -0.00135517 -0.00619628 0.99998 -0.0442132 -0.121514 0.132845
FixedParameters: 0 0 0

#Transform 3
Transform: AffineTransform_float_3_3
Parameters: 0.999999 0.000856995 0.00130828 -0.000865002 0.999981 0.00612988 -0.00130272 -0.00613113 0.999981 -0.0318931 -0.108681 0.132368
FixedParameters: 0 0 0

#Transform 4
Transform: AffineTransform_float_3_3
Parameters: 0.999999 0.000938261 0.00106597 -0.000945739 0.999979 0.006339 -0.00106003 -0.00634 0.99998 -0.0293321 -0.120983 0.132685
FixedParameters: 0 0 0

#Transform 5
Transform: AffineTransform_float_3_3
Parameters: 0.999999 0.000934675 0.00156322 -0.000945324 0.999977 0.00661753 -0.00155678 -0.00661846 0.999977 -0.0297401 -0.125706 0.0943632
FixedParameters: 0 0 0

#Transform 6
Transform: AffineTransform_float_3_3
Parameters: 0.999999 0.000937797 0.00121758 -0.000945199 0.999982 0.00592885 -0.00121142 -0.00593014 0.999981 -0.0263479 -0.111591 0.100429
FixedParameters: 0 0 0

#Transform 7
Transform: AffineTransform_float_3_3
Parameters: 0.999998 0.000833241 0.00144849 -0.000840762 0.999986 0.00536479 -0.00144451 -0.00536521 0.999984 -0.0450182 -0.0876599 0.0819884
FixedParameters: 0 0 0

#Transform 8
Transform: AffineTransform_float_3_3
Parameters: 0.999998 0.000870218 0.00134706 -0.000878786 0.999983 0.00578682 -0.00134294 -0.00578818 0.999983 -0.0252449 -0.0910464 0.083853
FixedParameters: 0 0 0

#Transform 9
Transform: AffineTransform_float_3_3
Parameters: 0.999999 0.00113456 0.000878758 -0.00113944 0.999986 0.005065 -0.000873239 -0.00506599 0.999987 -0.0160424 -0.0911527 0.0274173
FixedParameters: 0 0 0

#Transform 10
Transform: AffineTransform_float_3_3
Parameters: 0.999999 0.000940961 0.000937074 -0.000945039 0.99999 0.00431912 -0.000932927 -0.00431988 0.99999 -0.0346394 -0.0900833 0.0550229
FixedParameters: 0 0 0

#Transform 11
Transform: AffineTransform_float_3_3
Parameters: 0.999999 0.000774537 0.00113107 -0.000779463 0.999992 0.00395112 -0.00112793 -0.00395188 0.999991 -0.0449276 -0.0559415 0.0625746
FixedParameters: 0 0 0

#Transform 12
Transform: AffineTransform_float_3_3
Parameters: 0.999999 0.000941483 0.000999326 -0.000945517 0.999994 0.00352506 -0.000995673 -0.00352594 0.999994 -0.0297416 -0.0437093 0.024569
FixedParameters: 0 0 0

#Transform 13
Transform: AffineTransform_float_3_3
Parameters: 0.999999 0.000941923 0.000832493 -0.000945074 0.999992 0.00370221 -0.000828506 -0.00370378 0.999993 -0.0358375 -0.0482192 0.060425
FixedParameters: 0 0 0

#Transform 14
Transform: AffineTransform_float_3_3
Parameters: 1 0.000745688 0.000940635 -0.000749309 0.999993 0.0035253 -0.000937365 -0.0035257 0.999994 -0.0310886 -0.0567588 0.0183625
FixedParameters: 0 0 0

#Transform 15
Transform: AffineTransform_float_3_3
Parameters: 0.999999 0.000685799 0.000677236 -0.000687201 0.999995 0.00325554 -0.000674766 -0.00325546 0.999994 -0.0272644 -0.0498897 0.0182406
FixedParameters: 0 0 0

#Transform 16
Transform: AffineTransform_float_3_3
Parameters: 0.999999 0.000647016 0.000732756 -0.000648984 0.999996 0.00270953 -0.000731243 -0.00271047 0.999996 -0.0266295 -0.0566035 0.0550548
FixedParameters: 0 0 0

#Transform 17
Transform: AffineTransform_float_3_3
Parameters: 0.999999 0.000942674 0.000859558 -0.000945327 0.999996 0.00270919 -0.000857441 -0.00271081 0.999996 -0.0325555 -0.0314156 0.110156
FixedParameters: 0 0 0

#Transform 18
Transform: AffineTransform_float_3_3
Parameters: 0.999998 -0.000321163 0.00154994 0.000316836 0.999995 0.0033305 -0.00155106 -0.00332951 0.999994 -0.0885413 -0.209697 0.552272
FixedParameters: 0 0 0

#Transform 19
Transform: AffineTransform_float_3_3
Parameters: 0.999999 0.00144208 0.000335987 -0.00144392 0.999995 0.00276352 -0.000332011 -0.00276348 0.999996 -0.0303562 -0.113742 0.365454
FixedParameters: 0 0 0

#Transform 20
Transform: AffineTransform_float_3_3
Parameters: 1 0.000504026 0.00045097 -0.000503973 1 -5.92273e-05 -0.00045103 5.87727e-05 1 -0.0397396 0.00131767 0.0162917
FixedParameters: 0 0 0

#Transform 21
Transform: AffineTransform_float_3_3
Parameters: 0.999999 0.000959996 4.74495e-06 -0.000960003 0.999999 0.000775996 -4.25503e-06 -0.000776004 0.999999 -0.01776 0.0274172 0.0665776
FixedParameters: 0 0 0

#Transform 22
Transform: AffineTransform_float_3_3
Parameters: 0.999999 0.000960107 -0.00015132 -0.000959893 1 0.000708146 0.00015168 -0.000708855 0.999999 -0.014646 0.005323 0.0456261
FixedParameters: 0 0 0

#Transform 23
Transform: AffineTransform_float_3_3
Parameters: 1 0.000960018 -2.4328e-05 -0.000959984 1 0.000700024 2.4672e-05 -0.000699977 1 -0.0221202 0.00547862 0.0165081
FixedParameters: 0 0 0

#Transform 24
Transform: AffineTransform_float_3_3
Parameters: 0.999999 0.000853 -4.29974e-05 -0.000852999 0.999999 3.03668e-06 4.30025e-05 -2.96332e-06 1 -0.021198 0.0145218 -0.0171964
FixedParameters: 0 0 0

#Transform 25
Transform: AffineTransform_float_3_3
Parameters: 0.999999 0.000799992 4.91152e-05 -0.000800007 0.999999 0.000143961 -4.88848e-05 -0.000144039 1 -0.0228462 0.0142396 -0.000450731
FixedParameters: 0 0 0

#Transform 26
Transform: AffineTransform_float_3_3
Parameters: 0.999999 0.00096001 2.96764e-05 -0.00095999 1 -0.000337029 -2.93235e-05 0.000336972 1 -0.0123025 0.0276405 -0.0358363
FixedParameters: 0 0 0

#Transform 27
Transform: AffineTransform_float_3_3
Parameters: 1 0.00062202 -0.000168925 -0.000622979 1 0.000120105 0.000169075 -0.000119895 1 -0.00240085 0.0167836 -0.0411774
FixedParameters: 0 0 0

#Transform 28
Transform: AffineTransform_float_3_3
Parameters: 1 0.000519022 -9.4877e-05 -0.000518977 1 0.000237049 9.5123e-05 -0.000236951 1 0.00190218 0.0139969 -0.0604427
FixedParameters: 0 0 0

#Transform 29
Transform: AffineTransform_float_3_3
Parameters: 0.999999 0.000959984 -0.000190078 -0.000960014 0.999999 -8.08175e-05 0.000189922 8.11823e-05 1 -0.00411423 0.0222656 -0.0652412
FixedParameters: 0 0 0

#Transform 30
Transform: AffineTransform_float_3_3
Parameters: 0.999999 0.000960059 -0.000239761 -0.000959939 0.999999 0.00024923 0.000239239 -0.00024877 1 -0.00198494 0.0430108 -0.0782316
FixedParameters: 0 0 0

#Transform 31
Transform: AffineTransform_float_3_3
Parameters: 0.999999 0.000741011 -7.5891e-05 -0.000740988 0.999999 0.000147056 7.61089e-05 -0.000146944 1 -0.00797047 0.0460862 -0.0744917
FixedParameters: 0 0 0

#Transform 32
Transform: AffineTransform_float_3_3
Parameters: 0.999999 0.000960015 -0.000179914 -0.000959983 0.999999 8.91727e-05 0.000180085 -8.88271e-05 1 -0.00705928 0.0401411 -0.0566093
FixedParameters: 0 0 0

#Transform 33
Transform: AffineTransform_float_3_3
Parameters: 0.999999 0.000959996 3.60912e-05 -0.000960003 0.999999 9.49654e-05 -3.59088e-05 -9.50345e-05 1 -0.0151242 0.0437189 -0.048444
FixedParameters: 0 0 0

#Transform 34
Transform: AffineTransform_float_3_3
Parameters: 0.999999 0.000780995 -0.000132027 -0.000781004 0.999999 -3.48969e-05 0.000131973 3.51031e-05 1 -0.0124927 0.0469192 -0.0418901
FixedParameters: 0 0 0

#Transform 35
Transform: AffineTransform_float_3_3
Parameters: 0.999999 0.000764956 -7.84291e-05 -0.000764043 0.999999 -0.00056094 7.75713e-05 0.000561059 1 -0.00816104 0.0603516 -0.044417
FixedParameters: 0 0 0

#Transform 36
Transform: AffineTransform_float_3_3
Parameters: 1 0.00048792 -0.000178218 -0.000488079 1 -0.000446913 0.000177782 0.000447087 1 -0.0165844 0.0659915 -0.0594537
FixedParameters: 0 0 0

#Transform 37
Transform: AffineTransform_float_3_3
Parameters: 1 0.000532962 -0.000196102 -0.000533037 1 -0.000190895 0.000195898 0.000191104 1 -0.00646897 0.049735 -0.0428732
FixedParameters: 0 0 0

#Transform 38
Transform: AffineTransform_float_3_3
Parameters: 0.999999 0.000756858 -0.000345309 -0.00075714 0.999999 -0.000408738 0.00034469 0.000409261 1 -0.00440469 0.0454234 -0.0475405
FixedParameters: 0 0 0

#Transform 39
Transform: AffineTransform_float_3_3
Parameters: 1 0.000959729 -0.000638409 -0.000960273 1 -0.000425387 0.000638591 0.000426613 0.999999 0.00124616 0.0331915 -0.0315006
FixedParameters: 0 0 0

#Transform 40
Transform: AffineTransform_float_3_3
Parameters: 1 0.000959926 -0.000283253 -0.000960076 1 -0.000263728 0.000282747 0.000263272 1 -0.00695382 0.0481674 -0.0273733
FixedParameters: 0 0 0

#Transform 41
Transform: AffineTransform_float_3_3
Parameters: 1 0.000474903 -0.000245187 -0.000475097 1 -0.000393883 0.000245813 0.000394117 1 -0.0114336 0.0495133 -0.0285873
FixedParameters: 0 0 0

#Transform 42
Transform: AffineTransform_float_3_3
Parameters: 0.999999 0.000959849 -0.000335432 -0.000960151 1 -0.000449678 0.000335569 0.000449322 1 -0.00290125 0.052122 -0.0230311
FixedParameters: 0 0 0

#Transform 43
Transform: AffineTransform_float_3_3
Parameters: 1 0.000542799 -0.000313348 -0.000543201 0.999999 -0.00064183 0.000312651 0.000642169 0.999999 -0.0101728 0.0417961 -0.0137247
FixedParameters: 0 0 0

#Transform 44
Transform: AffineTransform_float_3_3
Parameters: 1 0.000539776 -0.000242499 -0.000540223 1 -0.000923869 0.000241501 0.00092413 0.999999 -0.0280562 0.0609554 -0.0149042
FixedParameters: 0 0 0

#Transform 45
Transform: AffineTransform_float_3_3
Parameters: 1 0.000551698 -0.000374445 -0.000552301 0.999999 -0.000806793 0.000373554 0.000807206 0.999999 -0.00580066 0.0585946 -0.0267261
FixedParameters: 0 0 0

#Transform 46
Transform: AffineTransform_float_3_3
Parameters: 1 0.000649931 -0.000225199 -0.000650069 0.999999 -0.000306854 0.0002258 0.000307147 1 -0.00699269 0.0574142 -0.0255077
FixedParameters: 0 0 0

#Transform 47
Transform: AffineTransform_float_3_3
Parameters: 1 0.000506945 -0.000177156 -0.000507054 1 -0.00030691 0.000176844 0.00030709 1 -0.0157133 0.0476652 -0.0308129
FixedParameters: 0 0 0

#Transform 48
Transform: AffineTransform_float_3_3
Parameters: 1 0.000523635 -0.00042445 -0.000524364 0.999999 -0.000859777 0.000423549 0.000860221 0.999999 -0.0138426 0.0407824 0.0090857
FixedParameters: 0 0 0

#Transform 49
Transform: AffineTransform_float_3_3
Parameters: 1 0.000423655 -0.000289506 -0.000424344 0.999999 -0.00119288 0.000288494 0.00119312 0.999999 -0.00923739 0.0474903 -0.0279532
FixedParameters: 0 0 0

#Transform 50
Transform: AffineTransform_float_3_3
Parameters: 1 0.000540815 -0.000215465 -0.000541184 0.999999 -0.000859883 0.000214535 0.000860115 0.999999 -0.0207024 0.0484145 -0.00963932
FixedParameters: 0 0 0

#Transform 51
Transform: AffineTransform_float_3_3
Parameters: 1 0.000536784 -0.000266434 -0.000536215 0.999999 -0.000808857 0.000265566 0.000809142 0.999999 -0.0276122 0.0398087 -0.0263187
FixedParameters: 0 0 0

#Transform 52
Transform: AffineTransform_float_3_3
Parameters: 1 0.000347366 -0.000495445 -0.000347633 0.999999 -0.00127983 0.000494555 0.00128017 0.999999 -0.0218073 0.0352634 -0.0148201
FixedParameters: 0 0 0

#Transform 53
Transform: AffineTransform_float_3_3
Parameters: 1 0.000315528 -0.000405368 -0.000315471 1 -0.00116387 0.000404633 0.00116413 0.999999 -0.023535 0.0465935 -0.0211634
FixedParameters: 0 0 0

#Transform 54
Transform: AffineTransform_float_3_3
Parameters: 1 0.000384326 -0.000487531 -0.000384673 0.999999 -0.00138181 0.000486469 0.00138219 0.999999 -0.0157255 0.0515609 -0.0558447
FixedParameters: 0 0 0

#Transform 55
Transform: AffineTransform_float_3_3
Parameters: 1 0.000313562 -0.000317434 -0.000314439 0.999999 -0.0013819 0.000317566 0.0013821 0.999999 -0.0143355 0.0512935 -0.05522
FixedParameters: 0 0 0

#Transform 56
Transform: AffineTransform_float_3_3
Parameters: 1 -5.92168e-05 -0.000138908 5.87831e-05 0.999999 -0.00156001 0.000139092 0.00155999 0.999999 -0.0272768 0.0539302 -0.0538071
FixedParameters: 0 0 0

#Transform 57
Transform: AffineTransform_float_3_3
Parameters: 1 -6.00748e-05 -5.39167e-05 5.9925e-05 0.999999 -0.001387 5.40832e-05 0.001387 0.999999 -0.0222675 0.0777803 -0.0381325
FixedParameters: 0 0 0

#Transform 58
Transform: AffineTransform_float_3_3
Parameters: 1 7.18883e-05 -0.000105077 -7.21117e-05 1 -0.00106399 0.000104923 0.00106401 1 -0.0232169 0.0904262 0.00754118
FixedParameters: 0 0 0

#Transform 59
Transform: AffineTransform_float_3_3
Parameters: 1 -0.000146307 -0.000260828 0.000145692 1 -0.00117804 0.000261172 0.00117796 1 -0.024133 0.0787311 -0.00979912
FixedParameters: 0 0 0

#Transform 60
Transform: AffineTransform_float_3_3
Parameters: 1 0.000394989 -8.54193e-06 -0.000395012 0.999999 -0.001372 8.45805e-06 0.001372 0.999999 -0.0323785 0.0767922 -0.00998345
FixedParameters: 0 0 0

#Transform 61
Transform: AffineTransform_float_3_3
Parameters: 1 2.97903e-05 -0.000178035 -3.02097e-05 1 -0.001178 0.000177965 0.00117801 1 -0.0268443 0.092701 -0.00520114
FixedParameters: 0 0 0

#Transform 62
Transform: AffineTransform_float_3_3
Parameters: 1 8.03904e-05 -0.000441111 -8.06094e-05 0.999999 -0.00138196 0.000440889 0.00138204 0.999999 -0.00960698 0.0808162 -0.0164368
FixedParameters: 0 0 0

#Transform 63
Transform: AffineTransform_float_3_3
Parameters: 0.999999 0.000349197 -0.000681412 -0.000350802 0.999999 -0.00117776 0.000680587 0.00117824 0.999999 -0.00502646 0.0729628 -0.020347
FixedParameters: 0 0 0

#Transform 64
Transform: AffineTransform_float_3_3
Parameters: 0.999999 0.000517265 -0.000540704 -0.000517735 0.999999 -0.00135972 0.000540296 0.00136028 0.999999 -0.00457889 0.0452768 -0.0283583
FixedParameters: 0 0 0

#Transform 65
Transform: AffineTransform_float_3_3
Parameters: 0.999999 0.000578054 -0.000578946 -0.000578946 0.999999 -0.00163567 0.000578054 0.00163534 0.999999 -0.00277675 0.0533883 -0.0388683
FixedParameters: 0 0 0

#Transform 66
Transform: AffineTransform_float_3_3
Parameters: 1 0.000422186 -0.000392876 -0.000423814 0.999998 -0.00207283 0.000392122 0.00207316 0.999998 -0.0175621 0.0543959 -0.00795974
FixedParameters: 0 0 0

#Transform 67
Transform: AffineTransform_float_3_3
Parameters: 1 0.000233717 -0.000161411 -0.000234283 0.999999 -0.00175696 0.000160589 0.00175704 0.999999 -0.0115644 0.0701835 -0.00466284
FixedParameters: 0 0 0

#Transform 68
Transform: AffineTransform_float_3_3
Parameters: 1 8.82743e-05 -0.000499129 -8.87254e-05 0.999999 -0.00145396 0.000498871 0.00145404 0.999999 -0.0102226 0.070887 -0.0341449
FixedParameters: 0 0 0

#Transform 69
Transform: AffineTransform_float_3_3
Parameters: 1 0.000155454 -0.000350242 -0.000156545 0.999999 -0.00155794 0.000349756 0.00155805 0.999998 -0.00538692 0.0733241 -0.0341167
FixedParameters: 0 0 0

#Transform 70
Transform: AffineTransform_float_3_3
Parameters: 1 0.000189276 -0.000578237 -0.000189723 0.999999 -0.00125189 0.000577763 0.00125211 0.999999 -0.00907565 0.0668975 -0.0600161
FixedParameters: 0 0 0

#Transform 71
Transform: AffineTransform_float_3_3
Parameters: 1 2.04311e-05 -0.000352033 -2.15688e-05 0.999998 -0.00161599 0.000351965 0.00161601 0.999998 -0.0231778 0.046949 -0.0570886
FixedParameters: 0 0 0

#Transform 72
Transform: AffineTransform_float_3_3
Parameters: 1 0.000161406 -0.000324296 -0.000162594 0.999999 -0.00183295 0.000323703 0.00183305 0.999999 -0.0244784 0.0486609 -0.0354534
FixedParameters: 0 0 0

#Transform 73
Transform: AffineTransform_float_3_3
Parameters: 1 1.64117e-05 -0.000295033 -1.75882e-05 0.999998 -0.00199399 0.000294965 0.001994 0.999998 -0.0179814 0.0820772 -0.0107534
FixedParameters: 0 0 0

#Transform 74
Transform: AffineTransform_float_3_3
Parameters: 1 -0.000122051 -0.00051075 0.000120948 0.999998 -0.00205806 0.00051125 0.00205794 0.999998 -0.0190035 0.0830876 -0.00774369
FixedParameters: 0 0 0

#Transform 75
Transform: AffineTransform_float_3_3
Parameters: 1 8.43811e-05 -0.000367143 -8.46186e-05 0.999998 -0.00168597 0.000366858 0.00168603 0.999998 -0.0182916 0.0758749 -0.0326343
FixedParameters: 0 0 0

#Transform 76
Transform: AffineTransform_float_3_3
Parameters: 1 0.000135125 -0.000449264 -0.000135874 0.999998 -0.00194794 0.000448736 0.00194806 0.999998 -0.00430426 0.0736786 -0.00873113
FixedParameters: 0 0 0

#Transform 77
Transform: AffineTransform_float_3_3
Parameters: 0.999999 -1.11483e-05 -0.000763984 9.85169e-06 0.999999 -0.00150301 0.000764015 0.00150299 0.999998 -0.00211827 0.0771041 -0.0132942
FixedParameters: 0 0 0

#Transform 78
Transform: AffineTransform_float_3_3
Parameters: 1 8.2911e-05 -0.00056816 -8.40906e-05 0.999998 -0.00191695 0.00056884 0.00191705 0.999998 -0.00227853 0.0807638 -0.0443438
FixedParameters: 0 0 0

#Transform 79
Transform: AffineTransform_float_3_3
Parameters: 1 7.78894e-05 -0.000530164 -7.91101e-05 0.999998 -0.00209496 0.000529835 0.00209504 0.999997 -0.0111232 0.0845522 -0.0451303
FixedParameters: 0 0 0

#Transform 80
Transform: AffineTransform_float_3_3
Parameters: 1 0.000124436 -0.000269261 -0.000124563 0.999998 -0.00209397 0.00026874 0.00209403 0.999998 -0.0254778 0.0847193 -0.0442878
FixedParameters: 0 0 0

#Transform 81
Transform: AffineTransform_float_3_3
Parameters: 1 5.37814e-05 -0.000130091 -5.32184e-05 0.999998 -0.00168099 0.000129911 0.00168101 0.999998 -0.017303 0.0742084 -0.0417501
FixedParameters: 0 0 0

#Transform 82
Transform: AffineTransform_float_3_3
Parameters: 1 0.000197218 -0.000426363 -0.000198782 0.999999 -0.00183592 0.000425636 0.00183609 0.999998 0.000133842 0.0746166 -0.0617822
FixedParameters: 0 0 0

#Transform 83
Transform: AffineTransform_float_3_3
Parameters: 1 0.000172468 -0.00034027 -0.000173533 0.999999 -0.00156494 0.000340729 0.00156506 0.999998 -0.00711476 0.0924299 -0.0809731
FixedParameters: 0 0 0

#Transform 84
Transform: AffineTransform_float_3_3
Parameters: 0.999997 0.00243918 -0.000230848 -0.00243782 0.999984 0.00498357 0.000243152 -0.00498342 0.999987 -0.00502348 -0.120203 0.147968
FixedParameters: 0 0 0

#Transform 85
Transform: AffineTransform_float_3_3
Parameters: 0.999999 0.00123808 -9.49501e-05 -0.00123792 0.999999 0.000848118 9.60497e-05 -0.000847881 0.999999 0.00286533 0.0268693 -0.0658241
FixedParameters: 0 0 0

#Transform 86
Transform: AffineTransform_float_3_3
Parameters: 1 0.000434976 -5.3197e-05 -0.000435024 1 -0.000452977 5.28029e-05 0.000453023 1 -0.0275387 0.0214988 -0.016861
FixedParameters: 0 0 0

#Transform 87
Transform: AffineTransform_float_3_3
Parameters: 0.999999 0.000732104 -0.000102261 -0.000732896 0.999999 0.00101008 0.00010374 -0.00100993 1 -0.0115558 -0.0302818 0.0266608
FixedParameters: 0 0 0

#Transform 88
Transform: AffineTransform_float_3_3
Parameters: 1 0.000664858 6.15539e-05 -0.000665141 0.999997 0.00233696 -5.94457e-05 -0.00233704 0.999998 -0.0173351 -0.136523 0.101806
FixedParameters: 0 0 0

#Transform 89
Transform: AffineTransform_float_3_3
Parameters: 1 0.000248185 -9.55207e-05 -0.000247814 0.999998 0.00193202 9.6479e-05 -0.00193198 0.999998 -0.0296377 -0.0918995 0.0716572
FixedParameters: 0 0 0

#Transform 90
Transform: AffineTransform_float_3_3
Parameters: 1 0.000361041 -5.87483e-05 -0.000360959 0.999999 0.000697021 5.92516e-05 -0.000696978 1 -0.0126303 -0.0257323 -0.0259698
FixedParameters: 0 0 0

#Transform 91
Transform: AffineTransform_float_3_3
Parameters: 1 -0.000991117 0.000467755 0.000990885 1 0.000247464 -0.000468246 -0.000247536 1 -0.0175775 -0.00240745 -0.000233776
FixedParameters: 0 0 0

#Transform 92
Transform: AffineTransform_float_3_3
Parameters: 1 -0.000471424 0.000467573 0.000470576 1 0.000906221 -0.000468427 -0.00090578 1 -0.0147653 -0.0512831 0.103152
FixedParameters: 0 0 0

#Transform 93
Transform: AffineTransform_float_3_3
Parameters: 1 -0.000471082 0.000467917 0.000470917 1 0.00017622 -0.000468083 -0.000175779 1 -0.0205399 -6.14928e-05 0.0146654
FixedParameters: 0 0 0

#Transform 94
Transform: AffineTransform_float_3_3
Parameters: 1 0.000215011 -8.3972e-05 -0.000214989 1 0.000130018 8.40279e-05 -0.000129982 1 0.00844729 0.00316375 0.00438005
FixedParameters: 0 0 0

#Transform 95
Transform: AffineTransform_float_3_3
Parameters: 1 2.80027e-05 5.19986e-05 -2.79973e-05 1 -5.10015e-05 -5.20014e-05 5.09985e-05 1 -0.00744332 0.00644041 0.00392279
FixedParameters: 0 0 0

#Transform 96
Transform: AffineTransform_float_3_3
Parameters: 1 -6.98986e-06 -7.80009e-05 6.01014e-06 1 0.00013 7.79992e-05 -0.000130001 1 -0.0285959 0.0024174 0.00440021
FixedParameters: 0 0 0

#Transform 97
Transform: AffineTransform_float_3_3
Parameters: 1 0.000113984 -0.000391005 -0.000114016 1 -4.09554e-05 0.000390995 4.10446e-05 1 0.0268736 0.0901674 -0.222215
FixedParameters: 0 0 0

#Transform 98
Transform: AffineTransform_float_3_3
Parameters: 1 0.000525837 -0.00104459 -0.000527164 0.999999 -0.00111345 0.00104441 0.00111455 0.999999 0.0188886 0.0989177 -0.170621
FixedParameters: 0 0 0

#Transform 99
Transform: AffineTransform_float_3_3
Parameters: 0.999999 0.000296228 -0.0007643 -0.000296772 1 -0.00101077 0.000763701 0.00101023 0.999999 0.0303818 0.107074 -0.110438
FixedParameters: 0 0 0

#Transform 100
Transform: AffineTransform_float_3_3
Parameters: 1 0.000202598 -0.00106027 -0.000203401 0.999999 -0.00132178 0.00105973 0.00132222 0.999998 0.0208002 0.0774246 -0.106723
FixedParameters: 0 0 0

#Transform 101
Transform: AffineTransform_float_3_3
Parameters: 1 0.000258097 -0.000957244 -0.000258903 0.999999 -0.000942752 0.000957757 0.000943247 0.999999 0.0266302 0.0826992 -0.101643
FixedParameters: 0 0 0

#Transform 102
Transform: AffineTransform_float_3_3
Parameters: 0.999999 0.000403649 -0.00134041 -0.00040535 1 -0.00100746 0.00133959 0.00100854 0.999999 0.0230605 0.0540986 -0.0861639
FixedParameters: 0 0 0

#Transform 103
Transform: AffineTransform_float_3_3
Parameters: 1 8.87388e-05 -0.0011321 -9.02609e-05 0.999999 -0.0011139 0.0011319 0.0011141 0.999998 0.0229604 0.0714825 -0.105917
FixedParameters: 0 0 0

#Transform 104
Transform: AffineTransform_float_3_3
Parameters: 0.999999 0.000121137 -0.000775135 -0.000121863 1 -0.00111391 0.000774865 0.00111409 0.999999 0.0149882 0.0577802 -0.0857925
FixedParameters: 0 0 0

#Transform 105
Transform: AffineTransform_float_3_3
Parameters: 1 5.69585e-05 -0.000682174 -5.90409e-05 0.999995 -0.00299296 0.000681826 0.00299304 0.999996 0.00754857 0.105879 -0.137616
FixedParameters: 0 0 0

#Transform 106
Transform: AffineTransform_float_3_3
Parameters: 1 -0.000164268 -0.000458548 0.000163734 0.999996 -0.00276208 0.000458454 0.00276293 0.999996 0.011096 0.120198 -0.116447
FixedParameters: 0 0 0

#Transform 107
Transform: AffineTransform_float_3_3
Parameters: 0.999999 0.000761091 -0.000406828 -0.000760908 0.999999 0.00022531 0.000407172 -0.00022569 1 -0.00278485 0.100244 -0.101332
FixedParameters: 0 0 0

#Transform 108
Transform: AffineTransform_float_3_3
Parameters: 0.999999 0.000763145 -0.000967312 -0.000760856 0.999998 0.00221574 0.000968688 -0.00221526 0.999997 0.0346054 -0.0239064 -0.166325
FixedParameters: 0 0 0

#Transform 109
Transform: AffineTransform_float_3_3
Parameters: 0.999999 1.4396e-05 -0.00125902 -1.5604e-05 0.999999 -0.00127398 0.00125898 0.00127402 0.999999 0.0386097 0.104886 -0.135185
FixedParameters: 0 0 0

#Transform 110
Transform: AffineTransform_float_3_3
Parameters: 0.999998 -0.000217852 -0.00160875 0.000216148 1 -0.00115135 0.00160925 0.00115065 0.999998 0.0510476 0.0626269 -0.111664
FixedParameters: 0 0 0

#Transform 111
Transform: AffineTransform_float_3_3
Parameters: 0.999998 -0.000377469 -0.00160342 0.000374529 0.999998 -0.0015406 0.00160458 0.0015394 0.999997 0.0533203 0.0842463 -0.130055
FixedParameters: 0 0 0

#Transform 112
Transform: AffineTransform_float_3_3
Parameters: 0.999999 -0.000277383 -0.00120091 0.000276617 1 -0.000319332 0.00120109 0.000318667 0.999999 0.032495 0.00990634 -0.0148621
FixedParameters: 0 0 0

#Transform 113
Transform: AffineTransform_float_3_3
Parameters: 0.999999 -0.000266986 -0.00135461 0.000265014 0.999999 -0.00146536 0.00135539 0.00146564 0.999998 0.049657 0.109595 -0.191617
FixedParameters: 0 0 0

#Transform 114
Transform: AffineTransform_float_3_3
Parameters: 0.999999 -0.000325707 -0.0014026 0.000324293 0.999999 -0.00121746 0.0014024 0.00121655 0.999999 0.04398 0.121052 -0.191898
FixedParameters: 0 0 0

#Transform 115
Transform: AffineTransform_float_3_3
Parameters: 0.999999 -0.000392392 -0.00139633 0.000389608 0.999999 -0.00171255 0.00139767 0.00171245 0.999997 0.0408689 0.10513 -0.166655
FixedParameters: 0 0 0

#Transform 116
Transform: AffineTransform_float_3_3
Parameters: 0.999999 -0.000356015 -0.00134147 0.000353986 0.999999 -0.00150148 0.00134153 0.00150152 0.999998 0.0389559 0.113089 -0.193857
FixedParameters: 0 0 0

#Transform 117
Transform: AffineTransform_float_3_3
Parameters: 0.999999 -9.38493e-05 -0.00125286 9.21504e-05 0.999999 -0.00147612 0.00125314 0.00147588 0.999998 0.0385414 0.103731 -0.182465
FixedParameters: 0 0 0

#Transform 118
Transform: AffineTransform_float_3_3
Parameters: 1 -0.00020526 -0.00119979 0.000203742 1 -0.00104925 0.00119921 0.00104975 0.999998 0.0285245 0.100623 -0.172732
FixedParameters: 0 0 0

#Transform 119
Transform: AffineTransform_float_3_3
Parameters: 0.999999 -9.40545e-05 -0.00126585 9.19451e-05 0.999998 -0.00162312 0.00126615 0.00162288 0.999998 0.035852 0.130468 -0.175749
FixedParameters: 0 0 0

#Transform 120
Transform: AffineTransform_float_3_3
Parameters: 0.999999 -9.42337e-05 -0.000812744 9.17655e-05 0.999996 -0.00274808 0.000813255 0.00274792 0.999996 0.010855 0.186245 -0.199074
FixedParameters: 0 0 0

#Transform 121
Transform: AffineTransform_float_3_3
Parameters: 1 -9.48563e-05 -0.00107975 9.21431e-05 0.999997 -0.0026451 0.00108025 0.0026449 0.999996 0.0158062 0.1333 -0.159612
FixedParameters: 0 0 0

#Transform 122
Transform: AffineTransform_float_3_3
Parameters: 0.999999 -0.000364037 -0.00117907 0.000360963 0.999996 -0.00257543 0.00117993 0.00257457 0.999996 0.0234153 0.136347 -0.15199
FixedParameters: 0 0 0

#Transform 123
Transform: AffineTransform_float_3_3
Parameters: 1 -0.000664305 -0.00102151 0.000662697 0.999997 -0.00225468 0.0010225 0.00225432 0.999997 0.0174849 0.117615 -0.117024
FixedParameters: 0 0 0

#Transform 124
Transform: AffineTransform_float_3_3
Parameters: 1 -0.00046367 -0.000773002 0.000461331 0.999997 -0.00215836 0.000773998 0.00215864 0.999998 0.0186458 0.12072 -0.148673
FixedParameters: 0 0 0

#Transform 125
Transform: AffineTransform_float_3_3
Parameters: 1 -0.00042727 -0.00104307 0.000424732 0.999998 -0.00217445 0.00104393 0.00217456 0.999997 0.0216887 0.124684 -0.144317
FixedParameters: 0 0 0

#Transform 126
Transform: AffineTransform_float_3_3
Parameters: 0.999999 -0.000403433 -0.000843316 0.000401567 0.999998 -0.00169834 0.000843683 0.00169866 0.999998 0.0232495 0.134229 -0.115549
FixedParameters: 0 0 0

#Transform 127
Transform: AffineTransform_float_3_3
Parameters: 0.999999 -9.33126e-05 -0.000869859 9.16879e-05 0.999999 -0.00150808 0.000870139 0.00150892 0.999998 0.0257513 0.134878 -0.115642
FixedParameters: 0 0 0

#Transform 128
Transform: AffineTransform_float_3_3
Parameters: 1 -9.42633e-05 -0.00117382 9.17363e-05 0.999998 -0.00192811 0.00117418 0.00192789 0.999998 0.0294977 0.115781 -0.132597
FixedParameters: 0 0 0

#Transform 129
Transform: AffineTransform_float_3_3
Parameters: 1 -9.43031e-05 -0.00121082 9.16977e-05 0.999998 -0.00190111 0.00121118 0.00190189 0.999998 0.0282951 0.101268 -0.133692
FixedParameters: 0 0 0

#Transform 130
Transform: AffineTransform_float_3_3
Parameters: 0.999999 -9.48625e-05 -0.0013508 9.21369e-05 0.999998 -0.00211913 0.0013512 0.00211887 0.999997 0.0286519 0.106363 -0.160754
FixedParameters: 0 0 0

#Transform 131
Transform: AffineTransform_float_3_3
Parameters: 0.999999 -0.000170217 -0.00133072 0.000168785 0.999998 -0.00166522 0.00133028 0.00166577 0.999997 0.0383498 0.125474 -0.147288
FixedParameters: 0 0 0

#Transform 132
Transform: AffineTransform_float_3_3
Parameters: 0.999996 0.00257519 0.00094594 -0.00257681 0.999995 0.00191657 -0.000941061 -0.00191843 0.999997 -0.021568 0.026641 -0.105363
FixedParameters: 0 0 0

#Transform 133
Transform: AffineTransform_float_3_3
Parameters: 0.999999 -6.57411e-05 -0.00145092 6.42587e-05 1 -0.0012001 0.00145108 0.00119991 0.999998 0.0427349 0.0985282 -0.187881
FixedParameters: 0 0 0

#Transform 134
Transform: AffineTransform_float_3_3
Parameters: 0.999999 -0.000120697 -0.00134285 0.000119304 0.999999 -0.00126316 0.00134315 0.00126384 0.999999 0.038678 0.0952944 -0.1454
FixedParameters: 0 0 0

#Transform 135
Transform: AffineTransform_float_3_3
Parameters: 0.999999 -0.000181243 -0.00126268 0.00017876 0.999999 -0.00177523 0.00126232 0.00177577 0.999997 0.0393071 0.112104 -0.147735
FixedParameters: 0 0 0

#Transform 136
Transform: AffineTransform_float_3_3
Parameters: 0.999999 -1.19209e-05 -0.00133398 1.0079e-05 0.999999 -0.00144001 0.00133402 0.00143999 0.999998 0.0400003 0.107854 -0.120689
FixedParameters: 0 0 0

#Transform 137
Transform: AffineTransform_float_3_3
Parameters: 1 1.09804e-05 -0.00120801 -1.20195e-05 0.999999 -0.000843986 0.00120799 0.000844014 0.999999 0.0372332 0.0982192 -0.123257
FixedParameters: 0 0 0

#Transform 138
Transform: AffineTransform_float_3_3
Parameters: 1 -7.47487e-05 -0.00069192 7.42519e-05 1 -0.00108105 0.000692081 0.00108195 0.999999 0.0265392 0.107185 -0.143547
FixedParameters: 0 0 0

#Transform 139
Transform: AffineTransform_float_3_3
Parameters: 0.999999 1.08248e-05 -0.00127202 -1.31751e-05 0.999998 -0.00170998 0.00127198 0.00171001 0.999997 0.0323659 0.0979607 -0.128167
FixedParameters: 0 0 0

#Transform 140
Transform: AffineTransform_float_3_3
Parameters: 1 -0.000309936 -0.00113147 0.000308066 0.999999 -0.00171035 0.00113153 0.00171065 0.999998 0.0239024 0.116008 -0.125824
FixedParameters: 0 0 0

#Transform 141
Transform: AffineTransform_float_3_3
Parameters: 0.999999 -0.000508122 -0.00133319 0.000505878 0.999998 -0.00159168 0.00133381 0.00159132 0.999998 0.0307656 0.106933 -0.122579
FixedParameters: 0 0 0

#Transform 142
Transform: AffineTransform_float_3_3
Parameters: 0.999998 -0.000215959 -0.00172963 0.000213041 0.999999 -0.00171037 0.00173037 0.00171063 0.999997 0.0476953 0.117862 -0.105841
FixedParameters: 0 0 0

#Transform 143
Transform: AffineTransform_float_3_3
Parameters: 0.999999 -0.000206645 -0.00121772 0.000205355 0.999999 -0.00135025 0.00121828 0.00135075 0.999999 0.0291168 0.111541 -0.112098
FixedParameters: 0 0 0

#Transform 144
Transform: AffineTransform_float_3_3
Parameters: 1 -8.18067e-05 -0.00105586 8.01941e-05 0.999998 -0.00171008 0.00105614 0.00171091 0.999998 0.0233869 0.113681 -0.103753
FixedParameters: 0 0 0

#Transform 145
Transform: AffineTransform_float_3_3
Parameters: 1 -0.000354712 -0.00115248 0.000353288 0.999999 -0.00148441 0.00115353 0.00148459 0.999998 0.031758 0.117605 -0.102804
FixedParameters: 0 0 0

#Transform 146
Transform: AffineTransform_float_3_3
Parameters: 0.999999 -0.000195761 -0.00129173 0.000194239 0.999999 -0.00136325 0.00129227 0.00136275 0.999998 0.0212143 0.109995 -0.121436
FixedParameters: 0 0 0

#Transform 147
Transform: AffineTransform_float_3_3
Parameters: 0.999999 -0.000366554 -0.0013383 0.000364446 0.999998 -0.00190849 0.0013387 0.00190751 0.999998 0.0369642 0.118182 -0.151543
FixedParameters: 0 0 0

#Transform 148
Transform: AffineTransform_float_3_3
Parameters: 0.999999 -0.000158212 -0.00129273 0.000156789 0.999998 -0.0017102 0.00129327 0.0017108 0.999997 0.0324487 0.110301 -0.113173
FixedParameters: 0 0 0

#Transform 149
Transform: AffineTransform_float_3_3
Parameters: 1 -9.96848e-05 -0.00117486 9.83149e-05 0.999999 -0.00143412 0.00117514 0.00143388 0.999999 0.0300303 0.10538 -0.0965225
FixedParameters: 0 0 0

#Transform 150
Transform: AffineTransform_float_3_3
Parameters: 1 -0.000374578 -0.000962388 0.000373424 0.999998 -0.00163836 0.000962614 0.00163864 0.999998 0.0249881 0.138774 -0.151944
FixedParameters: 0 0 0

#Transform 151
Transform: AffineTransform_float_3_3
Parameters: 0.999999 -0.000519388 -0.00131227 0.00051461 0.999995 -0.00334168 0.00131473 0.00334132 0.999993 0.02894 0.126981 -0.210498
FixedParameters: 0 0 0

#Transform 152
Transform: AffineTransform_float_3_3
Parameters: 1 0.000546051 -0.000111748 -0.000545948 0.999999 0.000462061 0.000112252 -0.000461939 1 0.0677369 0.0814692 -0.394014
FixedParameters: 0 0 0

#Transform 153
Transform: AffineTransform_float_3_3
Parameters: 0.999999 0.000345789 -0.00131732 -0.000346211 0.999999 -0.000919544 0.00131668 0.000919455 0.999998 0.0473388 0.110222 -0.241007
FixedParameters: 0 0 0

#Transform 154
Transform: AffineTransform_float_3_3
Parameters: 0.999999 0.000310087 -0.00128046 -0.000311913 0.999999 -0.0014936 0.00128054 0.0014944 0.999998 0.0425154 0.103942 -0.230137
FixedParameters: 0 0 0

#Transform 155
Transform: AffineTransform_float_3_3
Parameters: 1 0.000105383 -0.00119314 -0.000107616 0.999999 -0.00135487 0.00119286 0.00135513 0.999999 0.0373575 0.113689 -0.240434
FixedParameters: 0 0 0

#Transform 156
Transform: AffineTransform_float_3_3
Parameters: 0.999999 8.50362e-05 -0.000943087 -8.59637e-05 1 -0.00102192 0.000942912 0.00102208 0.999999 0.0414391 0.128951 -0.281906
FixedParameters: 0 0 0

#Transform 157
Transform: AffineTransform_float_3_3
Parameters: 0.999999 0.000531005 -0.00129441 -0.000531994 0.999999 -0.000768312 0.00129359 0.000768687 0.999999 0.043606 0.142453 -0.235423
FixedParameters: 0 0 0

#Transform 158
Transform: AffineTransform_float_3_3
Parameters: 0.999999 0.00053078 -0.00131649 -0.000532222 1 -0.0009273 0.00131651 0.0009277 0.999998 0.0442284 0.125289 -0.219881
FixedParameters: 0 0 0

#Transform 159
Transform: AffineTransform_float_3_3
Parameters: 0.999999 0.000529804 -0.00138284 -0.000532195 0.999998 -0.00158726 0.00138216 0.00158873 0.999998 0.0403802 0.137761 -0.284512
FixedParameters: 0 0 0

#Transform 160
Transform: AffineTransform_float_3_3
Parameters: 0.999999 0.000123714 -0.00150919 -0.000125286 0.999999 -0.00151481 0.00150881 0.00151519 0.999997 0.0271411 0.144405 -0.271946
FixedParameters: 0 0 0

#Transform 161
Transform: AffineTransform_float_3_3
Parameters: 0.999999 8.39116e-05 -0.00105317 -8.60878e-05 0.999998 -0.00198291 0.00105283 0.00198309 0.999998 0.0238746 0.122282 -0.214537
FixedParameters: 0 0 0

#Transform 162
Transform: AffineTransform_float_3_3
Parameters: 1 0.000104133 -0.00118117 -0.000105867 0.999998 -0.00158088 0.00118083 0.00158112 0.999998 0.0204028 0.139466 -0.18981
FixedParameters: 0 0 0

#Transform 163
Transform: AffineTransform_float_3_3
Parameters: 0.999999 0.000528986 -0.0014541 -0.000532014 0.999997 -0.00207323 0.0014529 0.00207377 0.999997 0.0280706 0.147633 -0.189244
FixedParameters: 0 0 0

#Transform 164
Transform: AffineTransform_float_3_3
Parameters: 0.999999 0.000113675 -0.00124122 -0.000115326 0.999998 -0.00187286 0.00124179 0.00187314 0.999998 0.0216492 0.141399 -0.190689
FixedParameters: 0 0 0

#Transform 165
Transform: AffineTransform_float_3_3
Parameters: 0.999999 8.42483e-05 -0.00133211 -8.57515e-05 0.999999 -0.00131489 0.00133189 0.00131511 0.999998 0.0297161 0.132683 -0.171853
FixedParameters: 0 0 0

#Transform 166
Transform: AffineTransform_float_3_3
Parameters: 0.999999 4.73388e-05 -0.00144709 -5.06609e-05 0.999999 -0.00183893 0.00144691 0.00183907 0.999998 0.034764 0.112273 -0.19303
FixedParameters: 0 0 0

#Transform 167
Transform: AffineTransform_float_3_3
Parameters: 1 -3.62597e-05 -0.00120193 3.37402e-05 0.999998 -0.00188004 0.00120207 0.00187996 0.999998 0.0270965 0.115333 -0.191088
FixedParameters: 0 0 0

#Transform 168
Transform: AffineTransform_float_3_3
Parameters: 1 9.84449e-06 -0.00104101 -1.11555e-05 1 -0.00110999 0.00104099 0.00111001 0.999999 0.0357166 0.135435 -0.272432
FixedParameters: 0 0 0

#Transform 169
Transform: AffineTransform_float_3_3
Parameters: 1 -0.000367569 -0.000996056 0.000365431 0.999996 -0.00257836 0.000996946 0.00257763 0.999996 0.0388829 0.16611 -0.321822
FixedParameters: 0 0 0

#Transform 170
Transform: AffineTransform_float_3_3
Parameters: 0.999999 9.62e-05 -0.000976178 -9.77995e-05 0.999999 -0.00184391 0.000975821 0.00184409 0.999998 0.0336665 0.154881 -0.224459
FixedParameters: 0 0 0

#Transform 171
Transform: AffineTransform_float_3_3
Parameters: 0.999999 1.06168e-05 -0.00125302 -1.23832e-05 0.999998 -0.00190199 0.00125298 0.00190202 0.999998 0.0396254 0.144257 -0.241437
FixedParameters: 0 0 0

#Transform 172
Transform: AffineTransform_float_3_3
Parameters: 1 0.000774031 -0.000768988 -0.00077597 0.999997 -0.00256341 0.000767013 0.0025646 0.999997 0.0228176 0.188389 -0.215577
FixedParameters: 0 0 0

#Transform 173
Transform: AffineTransform_float_3_3
Parameters: 1 -0.000232984 -0.000263132 0.000232016 0.999993 -0.00373506 0.000263868 0.00373494 0.999993 -0.000325895 0.159074 -0.184886
FixedParameters: 0 0 0

#Transform 174
Transform: AffineTransform_float_3_3
Parameters: 0.999999 0.000568094 -0.000480074 -0.000568906 0.999998 -0.00188873 0.000478926 0.00188927 0.999998 0.0175916 0.122859 -0.139258
FixedParameters: 0 0 0

#Transform 175
Transform: AffineTransform_float_3_3
Parameters: 0.999999 0.000179685 -0.000793528 -0.000182313 0.999995 -0.00291786 0.000792471 0.00291814 0.999996 0.0220055 0.140881 -0.188495
FixedParameters: 0 0 0

#Transform 176
Transform: AffineTransform_float_3_3
Parameters: 1 0.000114356 -0.000679279 -0.000116643 0.999997 -0.00242092 0.000678719 0.00242108 0.999997 0.00680939 0.139284 -0.203146
FixedParameters: 0 0 0

#Transform 177
Transform: AffineTransform_float_3_3
Parameters: 0.999999 0.000478344 -0.000857925 -0.000479656 0.999998 -0.00193059 0.000857075 0.00193141 0.999998 0.00871324 0.121595 -0.221797
FixedParameters: 0 0 0

#Transform 178
Transform: AffineTransform_float_3_3
Parameters: 1 0.000126623 -0.000693625 -0.000130374 0.999988 -0.00487091 0.000692373 0.00487109 0.999988 0.013449 0.161899 -0.277719
FixedParameters: 0 0 0

#Transform 179
Transform: AffineTransform_float_3_3
Parameters: 1 -0.000118501 -0.000590503 0.000115497 0.999991 -0.00423407 0.000591494 0.00423393 0.999991 -0.00419075 0.122846 -0.0961178
FixedParameters: 0 0 0

#Transform 180
Transform: AffineTransform_float_3_3
Parameters: 1 -0.00067946 0.000125949 0.00067954 0.999991 -0.00433892 -0.000123053 0.00433908 0.99999 -0.00257659 0.24643 -0.283088
FixedParameters: 0 0 0

#Transform 181
Transform: AffineTransform_float_3_3
Parameters: 1 -0.000243814 -0.000607275 0.000242183 0.999995 -0.00298615 0.000608726 0.00298585 0.999996 0.013238 0.15376 -0.272516
FixedParameters: 0 0 0

#Transform 182
Transform: AffineTransform_float_3_3
Parameters: 0.999999 -0.00019206 -0.000719453 0.000189941 0.999996 -0.00286314 0.000719546 0.00286286 0.999995 0.0127204 0.14773 -0.223923
FixedParameters: 0 0 0

#Transform 183
Transform: AffineTransform_float_3_3
Parameters: 0.999999 -0.000314552 -0.000804005 0.000311447 0.999995 -0.00317325 0.000804992 0.00317275 0.999994 0.0171605 0.166059 -0.28656
FixedParameters: 0 0 0

#Transform 184
Transform: AffineTransform_float_3_3
Parameters: 1 -0.000288937 -0.00103519 0.000286064 0.999996 -0.0028363 0.00103582 0.0028357 0.999996 0.0291279 0.178388 -0.265894
FixedParameters: 0 0 0

#Transform 185
Transform: AffineTransform_float_3_3
Parameters: 0.999999 -0.000222484 -0.000968432 0.000220517 0.999996 -0.00256421 0.000968568 0.00256379 0.999996 0.0236822 0.165763 -0.265848
FixedParameters: 0 0 0

#Transform 186
Transform: AffineTransform_float_3_3
Parameters: 0.999999 -0.000215512 -0.000772303 0.000212485 0.999994 -0.00325217 0.000773695 0.00325183 0.999995 0.017377 0.178152 -0.29041
FixedParameters: 0 0 0

#Transform 187
Transform: AffineTransform_float_3_3
Parameters: 1 -0.000145321 -0.000967507 0.000141677 0.999994 -0.00343214 0.000968492 0.00343186 0.999993 0.00119668 0.17975 -0.27805
FixedParameters: 0 0 0

#Transform 188
Transform: AffineTransform_float_3_3
Parameters: 0.999999 -0.000169933 -0.000900451 0.000167065 0.999994 -0.00325615 0.000901549 0.00325585 0.999995 0.0201805 0.183477 -0.276914
FixedParameters: 0 0 0

#Transform 189
Transform: AffineTransform_float_3_3
Parameters: 0.999999 0.000391565 -0.000925319 -0.000396439 0.999982 -0.00588064 0.000923685 0.00588036 0.999983 0.0520288 0.358816 -0.745001
FixedParameters: 0 0 0

#Transform 190
Transform: AffineTransform_float_3_3
Parameters: 1 0.000201002 -0.0011577 -0.000204998 0.999994 -0.00345377 0.0011573 0.00345424 0.999994 0.0333749 0.189302 -0.344953
FixedParameters: 0 0 0

#Transform 191
Transform: AffineTransform_float_3_3
Parameters: 0.999999 0.000203367 -0.00124177 -0.000208635 0.999993 -0.00373274 0.00124123 0.00373226 0.999993 0.0351925 0.203124 -0.320916
FixedParameters: 0 0 0

#Transform 192
Transform: AffineTransform_float_3_3
Parameters: 1 -1.43765e-05 -0.00121096 9.62335e-06 0.999994 -0.00361402 0.00121104 0.00361399 0.999992 0.0055965 0.197598 -0.285152
FixedParameters: 0 0 0

#Transform 193
Transform: AffineTransform_float_3_3
Parameters: 1 -7.00569e-05 -0.00117477 6.59423e-05 0.999994 -0.00345308 0.00117524 0.00345292 0.999994 0.0351804 0.210799 -0.267013
FixedParameters: 0 0 0

#Transform 194
Transform: AffineTransform_float_3_3
Parameters: 1 0.000231742 -0.00105972 -0.000235255 0.999995 -0.00307475 0.00105828 0.00307525 0.999994 0.0312302 0.213828 -0.264847
FixedParameters: 0 0 0

#Transform 195
Transform: AffineTransform_float_3_3
Parameters: 0.999999 -0.000191212 -0.000783463 0.000188787 0.999996 -0.00282215 0.000784535 0.00282185 0.999995 0.0274552 0.209971 -0.24522
FixedParameters: 0 0 0

#Transform 196
Transform: AffineTransform_float_3_3
Parameters: 0.999999 0.000106954 -0.00103032 -0.000110048 0.999995 -0.00295689 0.00103068 0.00295711 0.999995 0.0208095 0.188944 -0.288359
FixedParameters: 0 0 0

#Transform 197
Transform: AffineTransform_float_3_3
Parameters: 1 1.57671e-05 -0.00100906 -1.92328e-05 0.999995 -0.00320398 0.00100894 0.00320402 0.999995 0.0247642 0.198622 -0.278594
FixedParameters: 0 0 0

#Transform 198
Transform: AffineTransform_float_3_3
Parameters: 1 0.000104419 -0.00102837 -0.00010758 0.999994 -0.00348289 0.00102763 0.00348311 0.999994 0.0222912 0.19318 -0.280153
FixedParameters: 0 0 0

#Transform 199
Transform: AffineTransform_float_3_3
Parameters: 1 -0.000184442 -0.00102038 0.00018156 0.999995 -0.00337219 0.00102062 0.00337181 0.999994 0.0324075 0.203615 -0.293054
FixedParameters: 0 0 0

#Transform 200
Transform: AffineTransform_float_3_3
Parameters: 0.999999 1.68766e-05 -0.000943061 -2.01231e-05 0.999994 -0.00331198 0.000942938 0.00331202 0.999994 0.0296768 0.213995 -0.296708
FixedParameters: 0 0 0

#Transform 201
Transform: AffineTransform_float_3_3
Parameters: 1 8.5613e-05 -0.00105428 -8.8386e-05 0.999995 -0.00321291 0.00105372 0.00321309 0.999995 0.0317842 0.213915 -0.316968
FixedParameters: 0 0 0

#Transform 202
Transform: AffineTransform_float_3_3
Parameters: 1 0.000275344 -0.00108493 -0.000279656 0.999995 -0.0033707 0.00108406 0.0033713 0.999993 0.0362412 0.199114 -0.296895
FixedParameters: 0 0 0

#Transform 203
Transform: AffineTransform_float_3_3
Parameters: 1 -9.95828e-05 -0.00107768 9.64162e-05 0.999995 -0.00332411 0.00107833 0.0033239 0.999994 0.0330539 0.168899 -0.260777
FixedParameters: 0 0 0

#Transform 204
Transform: AffineTransform_float_3_3
Parameters: 1 0.000244361 -0.000990905 -0.000248636 0.999993 -0.00367376 0.000989093 0.00367424 0.999993 0.00837117 0.144333 -0.149262
FixedParameters: 0 0 0

#Transform 205
Transform: AffineTransform_float_3_3
Parameters: 1 0.00023683 -0.000413097 -0.00023717 1 -0.000410902 0.000412902 0.000411098 1 0.00781736 0.0294512 -0.0136996
FixedParameters: 0 0 0

#Transform 206
Transform: AffineTransform_float_3_3
Parameters: 0.999999 0.000222619 -0.000840572 -0.000221382 0.999998 0.00192619 0.000840427 -0.00192581 0.999998 0.0266534 -0.000693067 -0.0318671
FixedParameters: 0 0 0

#Transform 207
Transform: AffineTransform_float_3_3
Parameters: 1 0.000128511 -0.00115106 -0.00012949 1 -0.000425851 0.00115095 0.000425148 0.999999 0.046064 0.108974 -0.180752
FixedParameters: 0 0 0

#Transform 208
Transform: AffineTransform_float_3_3
Parameters: 0.999999 8.55286e-05 -0.0012751 -8.74713e-05 1 -0.00115389 0.0012749 0.00115411 0.999998 0.0421213 0.114103 -0.209846
FixedParameters: 0 0 0

#Transform 209
Transform: AffineTransform_float_3_3
Parameters: 1 -0.000243132 -0.00101373 0.000241868 1 -0.00111625 0.00101427 0.00111575 0.999999 0.0206832 0.120594 -0.222337
FixedParameters: 0 0 0

#Transform 210
Transform: AffineTransform_float_3_3
Parameters: 1 0.00010182 -0.00115011 -0.00010318 1 -0.00102588 0.00114989 0.00102612 0.999999 0.0344915 0.153152 -0.222339
FixedParameters: 0 0 0

#Transform 211
Transform: AffineTransform_float_3_3
Parameters: 0.999999 6.74859e-05 -0.000960108 -6.85147e-05 0.999999 -0.00157794 0.000959893 0.00157707 0.999999 0.0360464 0.13432 -0.225169
FixedParameters: 0 0 0

#Transform 212
Transform: AffineTransform_float_3_3
Parameters: 0.999999 0.000368445 -0.00119448 -0.000370554 0.999999 -0.00130156 0.00119352 0.00130244 0.999999 0.0429141 0.140292 -0.248139
FixedParameters: 0 0 0

#Transform 213
Transform: AffineTransform_float_3_3
Parameters: 1 0.000165718 -0.00113319 -0.000166282 1 -0.00113181 0.00113281 0.00113119 0.999998 0.0424358 0.146975 -0.259712
FixedParameters: 0 0 0

#Transform 214
Transform: AffineTransform_float_3_3
Parameters: 0.999999 3.32403e-05 -0.00126505 -3.47596e-05 0.999999 -0.00139096 0.00126495 0.00139104 0.999998 0.043345 0.152062 -0.270172
FixedParameters: 0 0 0

#Transform 215
Transform: AffineTransform_float_3_3
Parameters: 1 1.32455e-05 -0.00115202 -1.47545e-05 0.999999 -0.00152298 0.00115198 0.00152302 0.999998 0.0223964 0.155174 -0.255937
FixedParameters: 0 0 0

#Transform 216
Transform: AffineTransform_float_3_3
Parameters: 1 -4.32207e-05 -0.00108695 4.17793e-05 1 -0.00112305 0.00108705 0.00112295 0.999999 0.0349873 0.166153 -0.250362
FixedParameters: 0 0 0

#Transform 217
Transform: AffineTransform_float_3_3
Parameters: 0.999999 0.0003309 -0.00151146 -0.000333101 0.999999 -0.0013895 0.00151154 0.0013895 0.999998 0.0446879 0.170489 -0.24945
FixedParameters: 0 0 0

#Transform 218
Transform: AffineTransform_float_3_3
Parameters: 1 0.000137876 -0.00117425 -0.000140124 0.999999 -0.00180884 0.00117375 0.00180916 0.999997 0.0394662 0.15748 -0.23344
FixedParameters: 0 0 0

#Transform 219
Transform: AffineTransform_float_3_3
Parameters: 0.999999 0.000275361 -0.00133855 -0.00027764 0.999998 -0.00197163 0.00133846 0.00197237 0.999997 0.0375697 0.15841 -0.234767
FixedParameters: 0 0 0

#Transform 220
Transform: AffineTransform_float_3_3
Parameters: 1 0.000226067 -0.00113839 -0.000227933 0.999998 -0.00169874 0.00113761 0.00169826 0.999998 0.0371018 0.165052 -0.232752
FixedParameters: 0 0 0

#Transform 221
Transform: AffineTransform_float_3_3
Parameters: 0.999999 0.000351784 -0.00123792 -0.000355218 0.999997 -0.00259956 0.00123708 0.00259944 0.999996 0.0224672 0.162636 -0.218919
FixedParameters: 0 0 0

#Transform 222
Transform: AffineTransform_float_3_3
Parameters: 1 1.69073e-06 -0.00103001 -3.30926e-06 0.999998 -0.002242 0.00103 0.002242 0.999997 0.0324427 0.169339 -0.206473
FixedParameters: 0 0 0

#Transform 223
Transform: AffineTransform_float_3_3
Parameters: 0.999999 -0.000180698 -0.000908663 0.000178303 0.999998 -0.00186916 0.000908334 0.00186884 0.999998 0.018117 0.156721 -0.19486
FixedParameters: 0 0 0

#Transform 224
Transform: AffineTransform_float_3_3
Parameters: 0.999999 0.000191682 -0.000839302 -0.000192317 0.999998 -0.00156984 0.000838699 0.00157016 0.999999 0.0147083 0.145069 -0.210332
FixedParameters: 0 0 0

#Transform 225
Transform: AffineTransform_float_3_3
Parameters: 0.999999 -2.91799e-05 -0.000819958 2.782e-05 0.999999 -0.00143902 0.00082004 0.00143898 0.999998 0.0154307 0.143074 -0.176591
FixedParameters: 0 0 0

#Transform 226
Transform: AffineTransform_float_3_3
Parameters: 0.999999 5.48791e-05 -0.000724085 -5.61206e-05 0.999999 -0.00154796 0.000723913 0.00154804 0.999998 0.0130632 0.150382 -0.150567
FixedParameters: 0 0 0

#Transform 227
Transform: AffineTransform_float_3_3
Parameters: 0.999999 -0.000124627 -0.000765737 0.000123372 0.999997 -0.0021251 0.000766264 0.00212491 0.999998 0.0148191 0.176911 -0.159187
FixedParameters: 0 0 0

#Transform 228
Transform: AffineTransform_float_3_3
Parameters: 1 0.000276972 -0.00100256 -0.000279028 0.999998 -0.00202272 0.00100244 0.00202328 0.999998 0.0178981 0.188096 -0.194199
FixedParameters: 0 0 0

#Transform 229
Transform: AffineTransform_float_3_3
Parameters: 0.999999 -0.000298551 -0.000849456 0.00029745 0.999999 -0.00182525 0.000849544 0.00182475 0.999998 0.00636463 0.193117 -0.161189
FixedParameters: 0 0 0

#Transform 230
Transform: AffineTransform_float_3_3
Parameters: 1 0.000401049 -0.00115068 -0.000402952 0.999998 -0.00169654 0.00115032 0.00169646 0.999998 0.036979 0.194984 -0.179095
FixedParameters: 0 0 0

#Transform 231
Transform: AffineTransform_float_3_3
Parameters: 0.999999 -0.000109035 -0.000907758 0.000106964 0.999998 -0.0022421 0.000908242 0.0022419 0.999997 0.0177506 0.144196 -0.143307
FixedParameters: 0 0 0

#Transform 232
Transform: AffineTransform_float_3_3
Parameters: 1 -0.00065395 -0.000868536 0.000652052 0.999998 -0.00224257 0.000869465 0.00224243 0.999997 0.00740385 0.180196 -0.141642
FixedParameters: 0 0 0

#Transform 233
Transform: AffineTransform_float_3_3
Parameters: 0.999999 -0.000167813 -0.000808626 0.000166186 0.999997 -0.00224213 0.000809374 0.00224186 0.999997 0.00799843 0.146872 -0.133704
FixedParameters: 0 0 0

#Transform 234
Transform: AffineTransform_float_3_3
Parameters: 1 -7.64434e-05 -0.000599818 7.45586e-05 0.999997 -0.00240605 0.000599181 0.00240595 0.999997 0.0137217 0.143968 -0.128905
FixedParameters: 0 0 0

#Transform 235
Transform: AffineTransform_float_3_3
Parameters: 0.999999 -0.000361079 -0.000786048 0.00035892 0.999997 -0.00264428 0.000786952 0.00264372 0.999996 0.0127566 0.153558 -0.127204
FixedParameters: 0 0 0

#Transform 236
Transform: AffineTransform_float_3_3
Parameters: 0.999999 -7.27809e-05 -0.000987798 7.02184e-05 0.999996 -0.00281507 0.000988201 0.00281493 0.999995 0.013204 0.152473 -0.128751
FixedParameters: 0 0 0

#Transform 237
Transform: AffineTransform_float_3_3
Parameters: 0.999999 -0.000257364 -0.000866301 0.000254636 0.999996 -0.00272822 0.000866697 0.00272778 0.999996 0.00758849 0.158463 -0.147031
FixedParameters: 0 0 0

#Transform 238
Transform: AffineTransform_float_3_3
Parameters: 0.999999 -0.000356016 -0.000731021 0.000353984 0.999996 -0.00275626 0.000731978 0.00275574 0.999996 0.0105246 0.17166 -0.168936
FixedParameters: 0 0 0

#Transform 239
Transform: AffineTransform_float_3_3
Parameters: 0.999999 -0.00033749 -0.000885054 0.00033551 0.999996 -0.0028123 0.000885946 0.0028117 0.999995 0.0205813 0.184202 -0.165931
FixedParameters: 0 0 0
