#!ascii label  , from subject sub-v1s16x0051185_ses-1 vox2ras=TkReg
1337
57162  -39.432  8.216  58.682 0.0000000000
65089  -50.784  17.173  51.440 0.0000000000
60773  -45.739  12.552  54.787 0.0000000000
36591  -19.613  -11.479  78.705 0.0000000000
118176  -38.222  6.745  64.434 0.0000000000
48956  -26.472  0.319  76.903 0.0000000000
48930  -36.947  -0.432  79.159 0.0000000000
51842  -43.203  3.398  73.551 0.0000000000
55000  -41.676  6.985  70.680 0.0000000000
115566  -26.520  -6.059  73.867 0.0000000000
45204  -24.381  -3.193  79.066 0.0000000000
46190  -25.446  -1.441  73.065 0.0000000000
117532  -33.995  -2.260  74.477 0.0000000000
48980  -38.534  -0.071  74.191 0.0000000000
60614  -41.248  12.706  65.114 0.0000000000
60675  -44.128  12.264  62.584 0.0000000000
63451  -47.746  14.992  53.221 0.0000000000
58931  -42.910  10.182  57.086 0.0000000000
106732  -47.721  17.539  46.412 0.0000000000
34557  -16.237  -13.438  79.330 0.0000000000
57938  -41.784  9.532  68.034 0.0000000000
58012  -37.007  8.348  61.482 0.0000000000
46192  -28.801  -1.922  72.939 0.0000000000
47999  -31.956  -1.134  78.176 0.0000000000
61611  -47.514  13.998  60.599 0.0000000000
66621  -53.689  19.383  43.348 0.0000000000
49958  -40.515  1.822  71.209 0.0000000000
51907  -40.621  3.609  69.747 0.0000000000
120117  -26.288  -3.443  73.389 0.0000000000
101241  -36.725  -1.456  71.958 0.0000000000
49013  -38.838  0.171  71.376 0.0000000000
49913  -40.805  1.456  74.364 0.0000000000
58883  -39.967  10.824  61.583 0.0000000000
60647  -41.937  13.096  63.440 0.0000000000
58895  -41.357  10.355  60.773 0.0000000000
64316  -49.370  16.383  53.231 0.0000000000
64291  -49.808  17.183  54.422 0.0000000000
65849  -51.776  18.575  50.745 0.0000000000
36621  -17.977  -11.839  76.202 0.0000000000
118490  -17.837  -12.519  78.927 0.0000000000
55063  -39.859  6.497  67.383 0.0000000000
57032  -40.856  7.805  69.169 0.0000000000
57067  -39.857  8.680  65.923 0.0000000000
57979  -38.736  9.263  63.996 0.0000000000
120701  -36.995  7.819  62.979 0.0000000000
47993  -24.277  0.138  77.610 0.0000000000
47020  -23.829  -0.887  80.766 0.0000000000
48913  -25.145  0.683  80.609 0.0000000000
103027  -27.847  0.431  79.965 0.0000000000
48100  -27.293  0.201  70.414 0.0000000000
47146  -29.209  -2.200  70.601 0.0000000000
47074  -35.406  -1.312  76.237 0.0000000000
47071  -32.779  -1.610  76.530 0.0000000000
47981  -34.583  -1.295  78.935 0.0000000000
47947  -32.922  -0.883  80.330 0.0000000000
38867  -25.006  -10.109  77.178 0.0000000000
38837  -26.518  -9.281  80.309 0.0000000000
37692  -26.406  -9.989  83.034 0.0000000000
58944  -44.076  11.083  55.582 0.0000000000
59837  -45.256  11.791  58.624 0.0000000000
60738  -46.445  12.484  57.701 0.0000000000
66635  -55.451  19.584  42.365 0.0000000000
36538  -18.947  -10.653  82.995 0.0000000000
53911  -43.924  5.741  75.689 0.0000000000
56001  -42.845  7.951  74.481 0.0000000000
53962  -42.148  5.457  71.574 0.0000000000
109567  -40.212  5.371  69.261 0.0000000000
42126  -26.027  -6.492  77.385 0.0000000000
113145  -23.961  -5.709  80.118 0.0000000000
44168  -26.022  -4.828  76.958 0.0000000000
46157  -25.926  -2.389  76.079 0.0000000000
48033  -25.498  -0.375  75.128 0.0000000000
100693  -32.217  -2.799  71.796 0.0000000000
100691  -34.163  -2.462  71.937 0.0000000000
47109  -36.049  -1.600  74.610 0.0000000000
104816  -38.504  -0.421  77.260 0.0000000000
49889  -39.786  1.318  76.533 0.0000000000
50823  -42.449  2.771  76.157 0.0000000000
40028  -26.391  -8.480  73.742 0.0000000000
60583  -42.698  12.870  67.856 0.0000000000
62307  -44.132  15.262  70.565 0.0000000000
62352  -43.457  14.208  66.620 0.0000000000
104802  -45.094  14.725  65.838 0.0000000000
61693  -46.734  14.095  53.974 0.0000000000
61661  -48.170  13.644  56.538 0.0000000000
62544  -49.390  14.854  55.645 0.0000000000
30989  -12.070  -18.367  82.354 0.0000000000
58039  -41.395  9.353  57.994 0.0000000000
58082  -41.646  9.223  53.966 0.0000000000
60798  -44.654  12.355  52.207 0.0000000000
61712  -45.572  13.384  51.469 0.0000000000
62593  -47.368  14.600  50.865 0.0000000000
64341  -48.518  15.865  49.941 0.0000000000
65101  -49.633  17.188  49.151 0.0000000000
64356  -47.297  16.730  47.800 0.0000000000
35473  -17.287  -12.351  83.395 0.0000000000
33600  -15.011  -14.007  82.535 0.0000000000
112724  -12.849  -15.834  82.916 0.0000000000
60532  -41.472  12.567  73.451 0.0000000000
57003  -42.296  8.402  72.993 0.0000000000
58753  -41.555  10.201  72.215 0.0000000000
59700  -42.339  11.174  69.437 0.0000000000
115212  -40.781  11.213  65.851 0.0000000000
58869  -38.927  10.073  62.401 0.0000000000
57147  -37.678  8.091  59.711 0.0000000000
114763  -23.658  -3.878  82.619 0.0000000000
48069  -25.718  0.377  72.553 0.0000000000
48049  -27.941  -0.412  74.967 0.0000000000
46179  -30.726  -2.389  74.093 0.0000000000
103542  -30.014  -1.855  75.355 0.0000000000
47997  -29.218  -1.241  77.461 0.0000000000
47944  -30.571  -0.436  79.761 0.0000000000
36645  -20.163  -11.357  75.386 0.0000000000
37769  -22.405  -10.375  76.514 0.0000000000
37725  -21.780  -10.175  79.395 0.0000000000
59819  -43.672  11.259  59.967 0.0000000000
61596  -46.255  13.629  61.620 0.0000000000
62432  -48.307  15.071  63.181 0.0000000000
120897  -49.355  14.205  59.255 0.0000000000
65864  -49.960  18.453  47.881 0.0000000000
66589  -51.148  19.860  46.431 0.0000000000
67327  -52.661  20.657  45.559 0.0000000000
66610  -52.309  19.479  44.383 0.0000000000
67329  -55.469  21.780  44.848 0.0000000000
49986  -39.922  1.193  69.987 0.0000000000
50001  -39.949  1.624  69.225 0.0000000000
49999  -38.941  0.869  68.250 0.0000000000
105161  -38.143  -0.479  70.590 0.0000000000
49044  -38.788  0.290  69.967 0.0000000000
49014  -39.429  0.770  71.579 0.0000000000
58029  -39.678  9.085  59.933 0.0000000000
58884  -40.838  10.912  61.410 0.0000000000
106703  -40.424  9.276  59.623 0.0000000000
64327  -50.243  16.589  51.768 0.0000000000
65073  -49.707  17.141  53.681 0.0000000000
105731  -50.455  18.333  53.259 0.0000000000
65834  -51.108  19.076  52.837 0.0000000000
65090  -51.352  17.851  51.146 0.0000000000
105238  -18.714  -11.786  77.266 0.0000000000
35560  -17.607  -12.318  77.514 0.0000000000
36590  -18.937  -11.790  79.004 0.0000000000
55107  -39.011  6.541  65.756 0.0000000000
55086  -39.763  7.206  66.726 0.0000000000
56117  -38.924  7.606  65.331 0.0000000000
56116  -38.540  8.398  64.384 0.0000000000
115000  -37.255  7.817  63.325 0.0000000000
41063  -26.717  -8.160  82.010 0.0000000000
48942  -24.747  0.244  77.100 0.0000000000
48926  -24.250  0.052  78.799 0.0000000000
48927  -24.949  0.213  78.621 0.0000000000
48914  -25.999  0.252  79.650 0.0000000000
48929  -27.317  -0.158  78.431 0.0000000000
47983  -36.500  -1.044  78.675 0.0000000000
48002  -34.868  -1.173  78.027 0.0000000000
47966  -36.127  -0.753  79.397 0.0000000000
47965  -35.336  -0.857  79.682 0.0000000000
41094  -26.137  -8.197  79.291 0.0000000000
39952  -26.818  -8.832  80.729 0.0000000000
38823  -27.325  -9.042  82.090 0.0000000000
61414  -41.907  14.301  74.046 0.0000000000
59862  -44.649  11.523  55.137 0.0000000000
59855  -45.358  11.800  56.586 0.0000000000
60764  -45.947  12.288  56.306 0.0000000000
52860  -44.092  4.512  74.843 0.0000000000
53941  -43.443  5.303  73.579 0.0000000000
52898  -42.650  4.302  72.389 0.0000000000
52947  -40.383  4.545  69.479 0.0000000000
112977  -39.641  4.290  67.403 0.0000000000
52972  -39.568  4.835  67.133 0.0000000000
42127  -26.386  -6.720  76.598 0.0000000000
43138  -25.654  -5.619  77.550 0.0000000000
107706  -26.437  -5.101  75.641 0.0000000000
46201  -25.970  -2.458  72.493 0.0000000000
46177  -25.863  -2.557  74.516 0.0000000000
46176  -25.510  -1.649  74.588 0.0000000000
47103  -25.302  -0.889  74.731 0.0000000000
48056  -25.192  -0.313  73.500 0.0000000000
46221  -33.690  -2.545  71.038 0.0000000000
48059  -37.925  -0.671  73.012 0.0000000000
47121  -36.483  -1.620  73.386 0.0000000000
47111  -37.396  -0.922  74.092 0.0000000000
48037  -37.141  -0.786  75.579 0.0000000000
48022  -38.510  -0.302  75.716 0.0000000000
48946  -39.291  0.850  77.069 0.0000000000
110763  -39.416  0.417  75.558 0.0000000000
50878  -42.154  2.156  73.911 0.0000000000
50841  -41.910  2.300  75.526 0.0000000000
50843  -43.324  3.051  74.896 0.0000000000
51799  -43.750  4.027  76.421 0.0000000000
42151  -26.471  -6.944  73.950 0.0000000000
60604  -41.712  12.425  65.858 0.0000000000
61489  -42.994  13.585  67.512 0.0000000000
61518  -41.933  13.113  65.299 0.0000000000
60648  -42.810  12.763  63.509 0.0000000000
61534  -43.072  13.808  64.797 0.0000000000
61536  -45.087  13.537  64.645 0.0000000000
62409  -45.615  14.127  65.129 0.0000000000
115422  -45.488  13.336  63.879 0.0000000000
62564  -47.223  14.651  53.621 0.0000000000
62552  -47.893  14.882  54.588 0.0000000000
63441  -48.306  15.532  54.202 0.0000000000
65049  -51.437  17.693  55.229 0.0000000000
60808  -45.064  12.927  51.867 0.0000000000
61726  -44.532  13.393  50.343 0.0000000000
62608  -45.557  14.522  49.583 0.0000000000
63492  -45.954  15.065  49.027 0.0000000000
63494  -47.749  15.526  49.535 0.0000000000
63503  -47.434  15.954  48.905 0.0000000000
105965  -47.560  16.417  48.441 0.0000000000
34587  -16.220  -13.091  77.866 0.0000000000
33624  -14.934  -14.201  79.437 0.0000000000
37661  -18.552  -10.215  84.953 0.0000000000
36537  -18.335  -11.176  83.428 0.0000000000
36528  -17.294  -11.203  84.618 0.0000000000
35460  -15.370  -12.609  84.931 0.0000000000
34496  -14.166  -13.767  84.913 0.0000000000
118631  -13.800  -14.792  83.523 0.0000000000
110503  -13.595  -15.404  84.790 0.0000000000
32647  -13.609  -16.342  84.140 0.0000000000
54983  -42.349  7.212  72.250 0.0000000000
56015  -42.480  8.039  73.301 0.0000000000
56041  -42.047  7.649  71.494 0.0000000000
57044  -41.064  8.326  68.858 0.0000000000
114667  -41.699  8.480  70.472 0.0000000000
57916  -41.750  9.362  69.990 0.0000000000
58770  -41.850  10.305  70.650 0.0000000000
100597  -42.084  9.789  68.956 0.0000000000
59719  -42.115  11.190  67.308 0.0000000000
58813  -40.952  10.328  66.470 0.0000000000
57991  -38.105  8.729  62.705 0.0000000000
58843  -38.936  9.892  63.745 0.0000000000
58880  -38.384  9.394  62.102 0.0000000000
58014  -38.398  9.473  61.579 0.0000000000
57134  -36.974  8.463  60.971 0.0000000000
44135  -24.170  -4.341  79.522 0.0000000000
44116  -23.975  -4.782  81.221 0.0000000000
45164  -23.746  -3.550  80.618 0.0000000000
106160  -28.267  -0.974  71.789 0.0000000000
48085  -27.113  0.409  71.309 0.0000000000
47128  -28.089  -0.870  72.672 0.0000000000
47104  -27.606  -0.486  74.171 0.0000000000
47105  -28.463  -1.225  74.412 0.0000000000
46206  -32.674  -2.553  72.718 0.0000000000
46205  -31.707  -2.726  72.677 0.0000000000
46181  -32.447  -2.392  74.260 0.0000000000
47056  -32.423  -1.363  77.343 0.0000000000
103202  -31.233  -1.824  76.044 0.0000000000
47055  -30.990  -1.559  76.880 0.0000000000
47053  -29.342  -1.479  76.601 0.0000000000
100886  -29.990  -1.032  78.006 0.0000000000
101284  -29.918  -0.733  78.948 0.0000000000
114485  -30.716  -0.839  79.129 0.0000000000
51765  -39.455  3.559  78.726 0.0000000000
101364  -23.150  -10.200  76.718 0.0000000000
37742  -23.503  -10.082  78.397 0.0000000000
108360  -22.020  -10.324  77.715 0.0000000000
37666  -25.981  -10.591  84.115 0.0000000000
58047  -42.117  9.716  57.436 0.0000000000
58040  -42.103  9.793  58.424 0.0000000000
58920  -42.794  10.241  57.998 0.0000000000
61610  -46.698  12.977  59.717 0.0000000000
60706  -45.471  12.597  60.401 0.0000000000
61597  -46.918  13.976  61.288 0.0000000000
62465  -47.307  14.454  62.050 0.0000000000
62466  -48.160  14.603  61.733 0.0000000000
62522  -49.530  14.248  57.323 0.0000000000
62521  -49.004  13.920  57.767 0.0000000000
62505  -50.297  14.608  58.429 0.0000000000
65108  -48.431  17.474  47.815 0.0000000000
65110  -49.722  17.798  48.545 0.0000000000
120756  -48.972  18.275  46.976 0.0000000000
65880  -50.025  19.043  46.565 0.0000000000
66601  -51.199  19.685  45.556 0.0000000000
67317  -51.834  20.319  45.976 0.0000000000
66602  -51.958  20.009  45.174 0.0000000000
66633  -52.291  19.301  42.239 0.0000000000
65927  -51.652  18.988  42.691 0.0000000000
66620  -52.695  19.171  43.529 0.0000000000
66611  -53.417  19.893  44.195 0.0000000000
66612  -54.819  20.694  44.197 0.0000000000
67344  -55.956  20.440  43.520 0.0000000000
110685  -58.552  20.202  43.100 0.0000000000
104728  -41.647  2.283  72.214 0.0000000000
50914  -41.945  3.073  71.561 0.0000000000
49973  -40.762  2.339  70.570 0.0000000000
50949  -40.284  2.355  69.098 0.0000000000
106500  -26.521  -5.114  73.865 0.0000000000
118261  -37.224  -1.206  70.753 0.0000000000
48071  -37.956  -0.702  71.727 0.0000000000
105514  -38.516  -0.161  72.818 0.0000000000
48981  -39.995  0.997  74.140 0.0000000000
49001  -39.548  0.910  72.464 0.0000000000
49944  -41.107  1.790  72.862 0.0000000000
60670  -40.185  12.153  62.926 0.0000000000
119129  -41.415  13.146  63.611 0.0000000000
59796  -40.804  12.252  62.283 0.0000000000
59797  -41.730  12.053  62.278 0.0000000000
110487  -42.877  11.350  61.692 0.0000000000
63462  -48.318  15.440  52.960 0.0000000000
64302  -48.831  16.019  53.977 0.0000000000
64303  -49.320  16.567  53.936 0.0000000000
65058  -50.125  17.913  54.385 0.0000000000
66565  -52.226  19.239  50.190 0.0000000000
35559  -16.850  -12.615  77.229 0.0000000000
34558  -17.018  -13.099  79.476 0.0000000000
114499  -40.255  6.774  69.245 0.0000000000
56052  -41.256  7.025  69.954 0.0000000000
56074  -40.344  7.522  68.687 0.0000000000
56085  -40.400  8.143  67.730 0.0000000000
57054  -40.382  8.806  66.813 0.0000000000
57952  -40.573  9.569  66.535 0.0000000000
57950  -39.517  9.108  65.153 0.0000000000
57977  -37.652  8.082  63.070 0.0000000000
57118  -37.011  8.102  62.167 0.0000000000
46132  -24.293  -2.000  78.979 0.0000000000
46115  -23.984  -2.353  79.609 0.0000000000
105164  -24.036  -0.352  79.063 0.0000000000
47943  -24.254  0.094  80.613 0.0000000000
49840  -26.888  0.918  81.110 0.0000000000
47135  -28.711  -1.527  71.205 0.0000000000
46202  -28.751  -1.736  72.052 0.0000000000
47093  -34.891  -1.732  75.604 0.0000000000
46169  -32.774  -2.165  75.018 0.0000000000
47072  -33.693  -1.616  76.478 0.0000000000
47057  -33.336  -1.376  77.288 0.0000000000
48000  -32.974  -1.161  78.129 0.0000000000
47962  -32.339  -0.930  79.665 0.0000000000
47963  -33.745  -1.041  80.069 0.0000000000
101561  -25.975  -9.709  75.522 0.0000000000
38868  -25.853  -9.833  77.512 0.0000000000
38836  -25.917  -9.853  80.737 0.0000000000
38820  -24.902  -10.124  81.202 0.0000000000
38809  -26.649  -9.858  82.087 0.0000000000
58932  -43.514  10.642  56.749 0.0000000000
58921  -43.523  10.768  57.640 0.0000000000
59846  -44.681  11.410  57.034 0.0000000000
60729  -46.319  12.479  58.489 0.0000000000
61623  -47.316  13.128  59.104 0.0000000000
65133  -47.281  17.553  45.484 0.0000000000
65125  -48.583  18.090  46.349 0.0000000000
65890  -48.531  18.154  44.839 0.0000000000
120321  -53.169  19.419  42.153 0.0000000000
66622  -55.045  19.659  43.143 0.0000000000
66645  -54.107  19.622  41.719 0.0000000000
66659  -54.743  19.878  40.986 0.0000000000
37700  -20.504  -10.129  81.430 0.0000000000
36556  -19.437  -11.244  81.267 0.0000000000
54928  -42.996  7.081  76.349 0.0000000000
54953  -43.498  6.607  74.788 0.0000000000
54967  -42.695  7.072  73.323 0.0000000000
53951  -42.142  6.509  71.694 0.0000000000
52915  -41.655  4.036  70.989 0.0000000000
112199  -41.083  4.925  70.562 0.0000000000
53973  -40.717  6.206  70.060 0.0000000000
54005  -40.028  5.851  67.985 0.0000000000
109373  -39.452  6.237  66.521 0.0000000000
41103  -25.729  -7.359  78.796 0.0000000000
42105  -24.904  -6.774  80.074 0.0000000000
42113  -25.030  -6.650  79.181 0.0000000000
43132  -25.128  -5.409  78.284 0.0000000000
111737  -25.404  -3.965  77.907 0.0000000000
44202  -26.392  -4.264  75.286 0.0000000000
116198  -26.069  -3.522  76.504 0.0000000000
45248  -25.729  -2.789  76.979 0.0000000000
47052  -25.055  -0.765  77.172 0.0000000000
48014  -25.540  -0.310  76.140 0.0000000000
48954  -25.798  0.318  76.426 0.0000000000
100692  -33.232  -2.558  71.931 0.0000000000
46207  -33.740  -2.462  72.839 0.0000000000
46209  -35.937  -2.014  72.124 0.0000000000
46184  -35.305  -2.175  73.556 0.0000000000
46183  -34.686  -2.199  74.162 0.0000000000
47094  -35.684  -1.468  75.422 0.0000000000
48020  -37.009  -0.868  76.673 0.0000000000
48006  -38.133  -0.360  78.120 0.0000000000
49867  -37.607  0.943  78.795 0.0000000000
48945  -38.731  0.303  77.711 0.0000000000
50807  -39.063  2.226  77.730 0.0000000000
50809  -40.374  2.652  77.369 0.0000000000
49901  -40.600  1.517  75.262 0.0000000000
50821  -40.745  2.316  76.605 0.0000000000
51784  -41.497  3.652  77.780 0.0000000000
51785  -42.297  3.913  77.481 0.0000000000
40006  -26.666  -8.625  75.935 0.0000000000
61460  -42.817  13.557  70.076 0.0000000000
61461  -43.284  13.996  69.112 0.0000000000
62336  -43.827  14.557  67.871 0.0000000000
63239  -44.282  14.820  67.693 0.0000000000
61520  -42.921  13.836  65.071 0.0000000000
107270  -43.744  14.318  65.945 0.0000000000
60774  -46.378  13.323  54.473 0.0000000000
60766  -47.022  13.158  55.725 0.0000000000
61673  -47.438  13.747  55.394 0.0000000000
100390  -48.877  14.377  55.865 0.0000000000
62535  -50.336  15.000  56.614 0.0000000000
64282  -49.601  16.348  54.655 0.0000000000
63419  -50.812  15.470  56.134 0.0000000000
56233  -39.161  7.663  57.281 0.0000000000
57163  -40.188  8.519  58.323 0.0000000000
57184  -39.750  8.007  56.931 0.0000000000
57185  -40.476  8.356  56.560 0.0000000000
58056  -41.792  9.259  55.815 0.0000000000
58070  -42.537  9.716  55.409 0.0000000000
58959  -43.028  10.105  54.739 0.0000000000
58960  -43.492  10.574  54.263 0.0000000000
59879  -44.557  11.582  54.292 0.0000000000
59896  -45.140  12.237  53.949 0.0000000000
60788  -45.482  12.822  53.252 0.0000000000
61704  -46.299  13.874  52.669 0.0000000000
62576  -46.867  14.276  52.369 0.0000000000
62590  -45.008  13.952  49.952 0.0000000000
62584  -46.763  14.204  51.373 0.0000000000
62585  -47.398  14.582  51.816 0.0000000000
63470  -48.507  15.268  51.129 0.0000000000
63482  -48.714  15.557  50.648 0.0000000000
110978  -49.734  16.440  50.351 0.0000000000
65095  -49.991  16.970  49.917 0.0000000000
64342  -49.208  16.522  49.590 0.0000000000
64357  -48.021  16.940  48.183 0.0000000000
65115  -47.801  17.290  47.397 0.0000000000
64373  -46.566  17.455  45.465 0.0000000000
36555  -18.748  -11.738  81.712 0.0000000000
35514  -17.556  -12.835  81.125 0.0000000000
34545  -16.789  -13.234  80.975 0.0000000000
36527  -16.506  -11.505  84.933 0.0000000000
34509  -16.280  -13.204  83.254 0.0000000000
117144  -15.710  -13.754  81.279 0.0000000000
33606  -14.655  -14.322  81.777 0.0000000000
32660  -13.403  -15.321  81.244 0.0000000000
117590  -12.723  -16.259  81.392 0.0000000000
111961  -12.222  -16.870  83.206 0.0000000000
117112  -41.593  12.746  72.772 0.0000000000
57875  -41.745  9.486  73.646 0.0000000000
112904  -41.871  8.542  71.369 0.0000000000
57898  -41.849  9.172  72.136 0.0000000000
110856  -41.256  11.058  72.578 0.0000000000
60551  -41.576  12.003  71.686 0.0000000000
110861  -42.045  12.268  70.906 0.0000000000
117528  -42.543  12.138  69.176 0.0000000000
60593  -41.956  11.835  66.528 0.0000000000
60603  -41.001  12.009  65.533 0.0000000000
58827  -39.750  10.437  64.965 0.0000000000
59743  -39.822  11.173  64.732 0.0000000000
59764  -39.760  11.607  64.064 0.0000000000
58870  -39.400  10.690  62.239 0.0000000000
58892  -38.833  9.899  61.427 0.0000000000
57161  -38.595  8.045  59.160 0.0000000000
55136  -36.734  6.670  62.692 0.0000000000
56170  -36.313  7.142  62.176 0.0000000000
56177  -36.140  7.594  61.311 0.0000000000
57132  -36.233  7.860  60.927 0.0000000000
56202  -36.171  7.556  59.671 0.0000000000
56203  -36.949  7.618  59.338 0.0000000000
56217  -37.871  7.559  58.826 0.0000000000
56218  -38.753  7.637  58.109 0.0000000000
45147  -23.559  -3.055  82.434 0.0000000000
47134  -24.946  -0.488  71.522 0.0000000000
48084  -25.796  0.431  71.485 0.0000000000
48068  -25.008  -0.097  72.832 0.0000000000
48057  -25.454  0.047  73.856 0.0000000000
48048  -26.819  0.090  74.713 0.0000000000
48016  -27.465  -0.020  76.435 0.0000000000
104569  -30.360  -2.975  71.984 0.0000000000
109846  -30.045  -2.888  72.711 0.0000000000
46193  -29.515  -2.523  73.211 0.0000000000
46168  -31.913  -2.238  74.904 0.0000000000
47107  -30.301  -2.086  74.742 0.0000000000
47106  -29.393  -1.736  74.769 0.0000000000
47087  -28.722  -1.086  75.289 0.0000000000
48017  -28.452  -0.913  76.825 0.0000000000
47995  -27.623  -0.384  77.529 0.0000000000
114263  -28.238  -0.591  78.361 0.0000000000
102535  -28.745  0.271  79.811 0.0000000000
36643  -18.667  -11.630  75.586 0.0000000000
120505  -19.868  -11.397  77.499 0.0000000000
100627  -22.632  -10.465  75.162 0.0000000000
37795  -21.398  -10.916  74.532 0.0000000000
37767  -21.214  -10.958  75.869 0.0000000000
37739  -21.289  -10.600  77.784 0.0000000000
37724  -20.826  -10.611  79.722 0.0000000000
38818  -21.696  -9.628  81.627 0.0000000000
37691  -25.330  -10.320  83.175 0.0000000000
58031  -41.449  9.703  59.562 0.0000000000
58897  -42.917  10.857  60.343 0.0000000000
59812  -44.101  11.805  61.173 0.0000000000
59828  -43.962  11.249  59.056 0.0000000000
60705  -44.711  12.210  60.799 0.0000000000
60676  -44.918  12.699  62.253 0.0000000000
61559  -46.117  13.727  63.339 0.0000000000
61645  -47.729  13.209  56.974 0.0000000000
120386  -47.746  13.255  58.530 0.0000000000
62489  -48.857  14.170  59.726 0.0000000000
65102  -50.279  17.611  49.341 0.0000000000
65866  -51.265  18.597  49.137 0.0000000000
66573  -51.189  19.042  48.444 0.0000000000
65879  -49.340  18.559  46.406 0.0000000000
65873  -50.310  19.036  47.288 0.0000000000
105269  -51.823  19.604  48.348 0.0000000000
67308  -52.877  21.030  47.422 0.0000000000
67319  -53.701  21.600  47.016 0.0000000000
66609  -51.416  19.289  44.642 0.0000000000
114074  -52.734  20.249  44.883 0.0000000000
67328  -54.578  21.854  45.615 0.0000000000
66623  -57.302  20.242  43.097 0.0000000000
49045  -39.312  0.687  69.724 0.0000000000
114874  -39.591  1.067  69.328 0.0000000000
114521  -38.272  -0.258  69.987 0.0000000000
120678  -38.918  0.455  69.504 0.0000000000
58021  -40.085  9.633  60.414 0.0000000000
57150  -39.995  8.716  59.160 0.0000000000
112207  -50.476  17.125  52.272 0.0000000000
65841  -50.871  17.940  52.229 0.0000000000
36602  -19.154  -11.667  77.981 0.0000000000
55126  -38.605  6.725  65.053 0.0000000000
115855  -38.311  7.595  64.493 0.0000000000
103211  -37.743  7.370  63.926 0.0000000000
41073  -25.953  -7.428  81.619 0.0000000000
48943  -25.712  0.358  77.423 0.0000000000
116868  -25.044  0.277  77.810 0.0000000000
48928  -26.097  0.158  78.432 0.0000000000
48944  -26.682  0.120  77.776 0.0000000000
115609  -36.408  0.074  79.666 0.0000000000
41074  -26.632  -8.210  81.104 0.0000000000
59880  -45.094  11.968  54.732 0.0000000000
59863  -45.372  11.997  55.580 0.0000000000
118591  -46.000  12.500  55.578 0.0000000000
51827  -43.651  3.734  74.323 0.0000000000
52879  -43.407  4.313  73.498 0.0000000000
51855  -42.941  3.909  72.933 0.0000000000
51938  -39.509  3.460  67.385 0.0000000000
51923  -40.015  4.000  68.014 0.0000000000
43147  -26.418  -5.997  75.948 0.0000000000
43154  -26.463  -5.743  75.160 0.0000000000
46191  -25.636  -2.049  73.917 0.0000000000
104674  -25.215  -0.932  73.895 0.0000000000
47116  -25.156  -0.502  73.161 0.0000000000
48060  -38.245  -0.339  73.554 0.0000000000
119861  -37.770  -0.697  73.625 0.0000000000
48050  -37.975  -0.488  74.172 0.0000000000
48038  -38.255  -0.325  74.872 0.0000000000
48023  -39.111  -0.023  76.031 0.0000000000
113968  -38.945  0.101  75.035 0.0000000000
50879  -42.751  2.692  73.504 0.0000000000
50860  -42.832  2.537  74.371 0.0000000000
50861  -43.257  2.998  74.110 0.0000000000
42141  -26.442  -7.083  74.878 0.0000000000
61505  -42.304  13.114  66.110 0.0000000000
106455  -41.631  13.126  64.662 0.0000000000
60649  -43.791  12.572  63.431 0.0000000000
61557  -44.553  12.966  63.984 0.0000000000
60650  -44.584  12.683  63.076 0.0000000000
103388  -47.184  14.593  53.023 0.0000000000
62565  -47.732  15.125  53.937 0.0000000000
64277  -52.127  16.932  55.723 0.0000000000
60818  -44.097  12.842  50.739 0.0000000000
63493  -46.871  15.323  49.096 0.0000000000
114470  -46.242  15.560  48.558 0.0000000000
63502  -46.859  16.051  48.299 0.0000000000
114284  -16.010  -13.401  78.623 0.0000000000
34586  -15.389  -13.634  78.173 0.0000000000
33630  -14.846  -14.103  78.659 0.0000000000
34571  -15.507  -13.758  79.036 0.0000000000
36529  -17.995  -10.788  84.266 0.0000000000
37660  -17.735  -10.510  85.280 0.0000000000
34487  -13.524  -14.301  85.333 0.0000000000
116616  -13.268  -15.566  85.416 0.0000000000
55001  -42.090  7.142  71.573 0.0000000000
56032  -42.328  7.752  72.420 0.0000000000
57926  -41.089  8.786  68.035 0.0000000000
57927  -41.602  8.960  68.926 0.0000000000
58791  -42.154  10.432  68.122 0.0000000000
58800  -41.150  9.553  67.211 0.0000000000
58005  -37.350  8.349  61.971 0.0000000000
58006  -37.952  8.685  62.296 0.0000000000
104541  -37.821  8.716  61.798 0.0000000000
58019  -37.792  8.772  61.361 0.0000000000
108913  -23.873  -4.130  80.172 0.0000000000
45182  -23.931  -3.400  79.854 0.0000000000
47118  -28.237  -1.211  73.584 0.0000000000
46196  -33.031  -2.460  73.581 0.0000000000
103483  -32.098  -2.518  73.471 0.0000000000
103802  -33.300  -2.345  74.367 0.0000000000
113122  -31.631  -1.363  77.366 0.0000000000
47054  -30.094  -1.478  77.183 0.0000000000
47998  -30.925  -1.187  77.815 0.0000000000
47977  -30.551  -0.964  78.510 0.0000000000
47978  -31.239  -0.968  78.703 0.0000000000
51766  -40.191  3.955  78.554 0.0000000000
103573  -23.813  -9.967  80.724 0.0000000000
107197  -46.883  13.482  60.496 0.0000000000
62476  -47.634  14.302  61.291 0.0000000000
62523  -50.207  14.682  57.456 0.0000000000
65116  -48.411  17.813  47.126 0.0000000000
65109  -49.108  17.987  47.741 0.0000000000
66608  -50.499  19.065  45.019 0.0000000000
106777  -52.962  19.149  42.737 0.0000000000
65916  -52.238  18.999  42.888 0.0000000000
120130  -54.431  19.953  43.667 0.0000000000
50913  -41.221  2.354  71.391 0.0000000000
101169  -39.788  2.064  68.472 0.0000000000
47147  -36.742  -1.580  70.072 0.0000000000
48088  -38.338  -0.385  71.216 0.0000000000
48072  -38.493  -0.270  71.959 0.0000000000
49000  -38.955  0.328  72.219 0.0000000000
48992  -39.070  0.462  73.068 0.0000000000
49972  -39.940  1.232  70.939 0.0000000000
49957  -40.029  1.387  71.837 0.0000000000
49959  -40.757  1.890  72.047 0.0000000000
59808  -39.689  11.157  62.076 0.0000000000
119211  -40.324  12.085  62.436 0.0000000000
119833  -40.248  11.683  61.953 0.0000000000
59809  -41.234  11.570  61.800 0.0000000000
58885  -41.737  10.903  61.307 0.0000000000
59798  -42.656  11.725  62.306 0.0000000000
58886  -42.554  11.009  61.156 0.0000000000
64325  -48.933  15.810  52.582 0.0000000000
64315  -48.813  15.926  53.549 0.0000000000
65814  -50.456  18.679  54.421 0.0000000000
65059  -50.678  18.442  54.827 0.0000000000
114500  -50.930  19.372  54.878 0.0000000000
66556  -52.286  19.531  51.115 0.0000000000
65857  -51.626  18.555  49.863 0.0000000000
34573  -17.866  -12.384  78.355 0.0000000000
35542  -17.112  -12.721  78.079 0.0000000000
114852  -17.399  -12.758  78.841 0.0000000000
55047  -40.027  6.732  68.355 0.0000000000
56073  -40.061  7.403  67.630 0.0000000000
56099  -39.534  7.927  66.031 0.0000000000
101281  -40.058  8.069  66.792 0.0000000000
114391  -40.657  8.562  67.680 0.0000000000
57951  -40.097  9.361  65.827 0.0000000000
56137  -37.364  7.816  63.215 0.0000000000
57093  -38.058  8.201  63.559 0.0000000000
57106  -37.086  7.675  62.791 0.0000000000
47041  -24.357  -0.868  78.545 0.0000000000
47959  -24.110  -0.111  79.294 0.0000000000
48912  -24.532  0.159  80.053 0.0000000000
48895  -26.954  0.613  80.292 0.0000000000
116990  -27.605  0.622  80.700 0.0000000000
46218  -29.225  -2.194  71.447 0.0000000000
47092  -34.063  -1.851  75.713 0.0000000000
47073  -34.569  -1.527  76.390 0.0000000000
47058  -34.247  -1.312  77.217 0.0000000000
48001  -33.927  -1.162  78.086 0.0000000000
47980  -33.605  -1.164  79.049 0.0000000000
108784  -34.321  -1.221  79.544 0.0000000000
47949  -34.986  -0.017  80.346 0.0000000000
104520  -26.421  -9.458  77.107 0.0000000000
38879  -25.750  -9.867  76.525 0.0000000000
38869  -26.362  -9.411  77.884 0.0000000000
38848  -26.332  -9.257  79.453 0.0000000000
38822  -26.802  -9.465  81.255 0.0000000000
39938  -27.156  -8.783  82.453 0.0000000000
38810  -27.223  -9.157  82.542 0.0000000000
58943  -43.562  10.630  55.941 0.0000000000
58922  -43.979  11.071  57.125 0.0000000000
58933  -44.066  11.075  56.434 0.0000000000
60749  -45.894  12.157  57.143 0.0000000000
60737  -45.757  12.005  57.996 0.0000000000
61622  -46.714  12.772  58.972 0.0000000000
60730  -47.069  12.856  58.291 0.0000000000
65141  -47.708  17.879  44.782 0.0000000000
66643  -51.953  19.763  41.765 0.0000000000
66644  -52.879  19.813  41.628 0.0000000000
37689  -20.291  -9.928  82.253 0.0000000000
38771  -20.036  -9.448  85.318 0.0000000000
54929  -43.437  6.309  76.345 0.0000000000
54940  -43.436  6.654  75.686 0.0000000000
52878  -42.958  4.954  72.792 0.0000000000
53940  -42.922  6.111  72.995 0.0000000000
53952  -42.498  5.828  72.272 0.0000000000
54984  -42.485  6.820  72.566 0.0000000000
51891  -41.437  3.298  70.874 0.0000000000
52934  -41.052  3.884  70.456 0.0000000000
52933  -40.656  4.462  70.088 0.0000000000
110495  -40.495  5.379  70.013 0.0000000000
119930  -40.930  5.780  70.404 0.0000000000
54006  -40.084  6.065  68.892 0.0000000000
116387  -40.095  5.354  68.487 0.0000000000
54040  -39.333  5.214  66.588 0.0000000000
42120  -25.433  -6.400  78.268 0.0000000000
44167  -25.539  -4.710  77.734 0.0000000000
44150  -25.053  -4.502  78.364 0.0000000000
44181  -25.778  -3.889  77.228 0.0000000000
44225  -26.402  -4.209  74.394 0.0000000000
46166  -25.918  -2.472  75.180 0.0000000000
45249  -26.233  -3.411  75.705 0.0000000000
46146  -25.238  -1.984  77.455 0.0000000000
46156  -25.526  -1.662  76.688 0.0000000000
47086  -25.589  -0.795  75.558 0.0000000000
48015  -25.669  0.048  75.879 0.0000000000
114030  -34.557  -2.427  72.573 0.0000000000
46224  -36.503  -1.700  71.150 0.0000000000
46223  -35.572  -2.224  71.216 0.0000000000
47110  -36.700  -1.438  73.997 0.0000000000
47120  -35.929  -2.009  73.067 0.0000000000
101088  -35.986  -1.844  73.813 0.0000000000
114000  -35.436  -1.977  74.198 0.0000000000
104208  -35.195  -1.888  74.829 0.0000000000
48021  -37.972  -0.613  76.383 0.0000000000
48005  -37.703  -0.774  77.492 0.0000000000
48932  -38.134  0.314  78.387 0.0000000000
49880  -39.451  1.750  77.243 0.0000000000
50808  -39.656  2.427  77.569 0.0000000000
50820  -40.034  2.082  76.864 0.0000000000
48968  -40.170  1.105  74.828 0.0000000000
50840  -41.051  2.087  75.774 0.0000000000
50822  -41.557  2.532  76.382 0.0000000000
50810  -41.161  2.866  77.212 0.0000000000
51797  -42.085  3.029  77.088 0.0000000000
103862  -43.929  4.980  76.368 0.0000000000
52830  -43.479  4.840  76.898 0.0000000000
40017  -26.429  -8.806  74.454 0.0000000000
41112  -26.117  -7.299  77.941 0.0000000000
112731  -42.769  13.100  69.237 0.0000000000
61473  -42.959  13.403  68.398 0.0000000000
103595  -42.926  13.723  66.525 0.0000000000
61474  -43.380  14.084  68.104 0.0000000000
61490  -43.425  14.166  67.279 0.0000000000
62353  -43.955  14.579  67.079 0.0000000000
61554  -41.998  13.335  63.999 0.0000000000
118463  -42.158  13.375  64.295 0.0000000000
61533  -42.511  13.488  64.451 0.0000000000
62408  -44.558  14.178  65.351 0.0000000000
62390  -43.606  14.066  65.393 0.0000000000
62391  -44.301  14.560  65.973 0.0000000000
63275  -44.784  14.968  66.514 0.0000000000
63276  -45.566  15.088  66.373 0.0000000000
62393  -47.100  14.710  65.384 0.0000000000
61672  -46.834  13.421  55.119 0.0000000000
61681  -47.017  13.914  54.702 0.0000000000
63429  -48.663  15.093  55.019 0.0000000000
62543  -48.083  14.315  55.385 0.0000000000
62534  -49.666  14.553  56.496 0.0000000000
63418  -50.040  15.115  55.859 0.0000000000
64290  -49.353  16.639  54.156 0.0000000000
115063  -48.974  15.912  54.407 0.0000000000
63432  -50.882  16.039  55.492 0.0000000000
31000  -12.181  -18.195  81.438 0.0000000000
57202  -40.549  8.281  55.557 0.0000000000
57186  -41.164  8.776  56.191 0.0000000000
57203  -41.245  8.707  55.237 0.0000000000
58069  -41.851  9.164  54.861 0.0000000000
58083  -42.399  9.623  54.353 0.0000000000
58975  -43.358  10.615  53.482 0.0000000000
59878  -43.943  11.105  53.866 0.0000000000
59894  -43.790  11.167  53.087 0.0000000000
59902  -44.241  11.749  52.667 0.0000000000
60787  -44.836  12.274  53.049 0.0000000000
60799  -45.166  12.750  52.553 0.0000000000
61703  -45.723  13.290  52.437 0.0000000000
61713  -46.223  13.801  51.876 0.0000000000
62609  -46.376  14.737  49.665 0.0000000000
114962  -46.064  14.413  49.964 0.0000000000
62592  -46.532  14.365  50.423 0.0000000000
63469  -47.987  14.918  51.399 0.0000000000
64333  -49.196  16.015  50.463 0.0000000000
64347  -48.196  16.367  49.023 0.0000000000
32704  -14.233  -14.485  78.198 0.0000000000
36547  -19.233  -11.021  82.162 0.0000000000
36568  -18.809  -11.840  80.656 0.0000000000
36545  -17.895  -11.947  82.975 0.0000000000
35483  -18.160  -12.254  82.200 0.0000000000
35482  -17.465  -12.726  82.575 0.0000000000
34531  -17.157  -13.140  81.813 0.0000000000
36520  -16.212  -11.262  85.862 0.0000000000
34497  -15.040  -13.361  84.475 0.0000000000
35471  -15.879  -13.004  84.067 0.0000000000
34508  -15.359  -13.659  83.469 0.0000000000
34516  -15.858  -13.576  82.525 0.0000000000
34529  -15.442  -13.852  81.767 0.0000000000
34543  -15.165  -14.143  80.906 0.0000000000
111047  -13.536  -14.863  82.899 0.0000000000
33605  -13.705  -14.848  81.979 0.0000000000
32655  -13.056  -15.682  82.056 0.0000000000
32669  -13.217  -15.734  80.678 0.0000000000
31778  -12.376  -16.551  82.437 0.0000000000
31761  -13.473  -17.346  84.467 0.0000000000
61396  -41.662  13.441  74.332 0.0000000000
61423  -41.759  13.470  73.395 0.0000000000
54939  -43.177  7.399  75.156 0.0000000000
55986  -42.735  7.917  75.604 0.0000000000
56989  -42.398  8.541  73.671 0.0000000000
56980  -42.452  8.702  74.412 0.0000000000
108453  -42.159  9.033  74.051 0.0000000000
105526  -42.097  8.943  73.353 0.0000000000
57023  -41.370  7.646  69.817 0.0000000000
56053  -41.766  7.735  70.722 0.0000000000
57907  -41.760  9.504  71.232 0.0000000000
57887  -41.678  9.529  72.938 0.0000000000
58743  -41.273  10.399  73.077 0.0000000000
59699  -42.097  10.935  70.232 0.0000000000
59685  -41.813  11.278  71.040 0.0000000000
59686  -42.247  11.729  70.160 0.0000000000
108870  -42.455  12.664  70.073 0.0000000000
59730  -41.499  11.090  66.487 0.0000000000
116726  -41.384  11.707  66.019 0.0000000000
57966  -39.662  9.672  65.099 0.0000000000
58812  -40.267  10.258  65.744 0.0000000000
58826  -39.247  9.823  64.455 0.0000000000
58856  -38.883  10.107  63.045 0.0000000000
58844  -39.461  10.624  64.270 0.0000000000
59763  -39.403  10.816  63.492 0.0000000000
59780  -39.465  10.821  62.745 0.0000000000
59781  -39.796  11.584  63.178 0.0000000000
58020  -38.406  9.114  60.983 0.0000000000
58028  -39.011  8.926  60.262 0.0000000000
57148  -38.399  8.552  60.056 0.0000000000
55162  -35.814  6.976  61.517 0.0000000000
56189  -35.733  7.448  60.565 0.0000000000
105392  -35.644  7.252  59.241 0.0000000000
56216  -36.266  7.207  58.777 0.0000000000
101993  -37.838  7.118  57.945 0.0000000000
42104  -24.327  -6.178  80.492 0.0000000000
42099  -25.068  -6.766  81.096 0.0000000000
44109  -23.951  -4.734  82.340 0.0000000000
46094  -23.747  -1.785  81.061 0.0000000000
45163  -23.720  -2.839  81.317 0.0000000000
46071  -23.557  -1.973  82.207 0.0000000000
106076  -26.718  0.477  72.038 0.0000000000
108568  -25.312  0.083  73.242 0.0000000000
103791  -26.124  0.297  73.387 0.0000000000
48035  -27.235  0.130  75.526 0.0000000000
101060  -31.244  -3.010  71.938 0.0000000000
46195  -31.202  -2.605  73.420 0.0000000000
46204  -30.799  -2.865  72.688 0.0000000000
46194  -30.327  -2.679  73.384 0.0000000000
47091  -33.183  -1.887  75.755 0.0000000000
47090  -32.172  -1.880  75.742 0.0000000000
47089  -30.713  -1.995  75.419 0.0000000000
47088  -29.420  -1.581  75.723 0.0000000000
47068  -28.825  -1.185  76.075 0.0000000000
47996  -28.526  -0.880  77.699 0.0000000000
47960  -28.992  -0.211  79.004 0.0000000000
48916  -29.701  0.027  79.739 0.0000000000
47946  -32.120  -0.684  80.404 0.0000000000
50792  -37.632  1.986  78.772 0.0000000000
36603  -19.365  -11.554  77.027 0.0000000000
112143  -20.176  -11.283  76.808 0.0000000000
37771  -24.735  -10.150  76.328 0.0000000000
37783  -24.500  -10.221  75.483 0.0000000000
37770  -23.798  -10.223  76.116 0.0000000000
100700  -22.952  -10.345  75.945 0.0000000000
102566  -22.282  -10.497  75.836 0.0000000000
37781  -21.754  -10.747  75.285 0.0000000000
37768  -21.753  -10.631  76.224 0.0000000000
37740  -21.883  -10.290  78.426 0.0000000000
103313  -21.129  -10.620  78.762 0.0000000000
116884  -20.664  -10.922  78.239 0.0000000000
37712  -21.427  -10.072  80.323 0.0000000000
110777  -25.898  -10.247  82.392 0.0000000000
101595  -24.838  -10.302  82.271 0.0000000000
63178  -43.675  16.103  71.433 0.0000000000
58038  -40.765  8.860  57.955 0.0000000000
58030  -40.761  9.088  58.764 0.0000000000
111891  -41.463  9.530  58.900 0.0000000000
58907  -43.201  10.776  59.412 0.0000000000
58906  -42.490  10.341  59.778 0.0000000000
59811  -43.419  11.328  60.992 0.0000000000
59836  -44.527  11.439  58.455 0.0000000000
59835  -43.908  11.122  58.270 0.0000000000
59829  -44.764  11.673  59.205 0.0000000000
61595  -45.866  13.135  61.114 0.0000000000
60695  -45.178  12.713  61.334 0.0000000000
61575  -45.635  13.187  61.934 0.0000000000
61576  -46.123  13.697  62.413 0.0000000000
111076  -47.972  14.772  62.447 0.0000000000
62451  -47.451  14.642  62.952 0.0000000000
61660  -47.603  13.384  56.154 0.0000000000
60751  -47.132  12.913  56.530 0.0000000000
62503  -49.033  14.006  58.741 0.0000000000
61634  -48.383  13.537  58.242 0.0000000000
61624  -48.143  13.619  59.179 0.0000000000
65865  -50.550  18.337  48.670 0.0000000000
112400  -50.591  18.934  47.948 0.0000000000
66588  -50.607  19.435  46.747 0.0000000000
109555  -51.198  19.568  47.467 0.0000000000
66582  -52.244  20.288  47.880 0.0000000000
67307  -51.923  20.353  46.883 0.0000000000
67318  -52.665  20.890  46.417 0.0000000000
101092  -53.536  21.394  45.967 0.0000000000
65915  -51.674  18.924  43.559 0.0000000000
65914  -50.775  18.769  43.297 0.0000000000
67335  -53.745  20.997  45.015 0.0000000000
68093  -56.089  22.742  45.931 0.0000000000
116476  -40.325  1.690  70.488 0.0000000000
50000  -39.470  1.293  68.704 0.0000000000
48102  -37.628  -0.837  70.134 0.0000000000
49027  -38.603  -0.015  70.628 0.0000000000
49028  -39.292  0.592  70.593 0.0000000000
58893  -39.593  10.166  61.128 0.0000000000
58894  -40.488  10.259  60.916 0.0000000000
58022  -40.955  9.773  60.125 0.0000000000
64326  -49.624  16.164  52.160 0.0000000000
65082  -49.953  16.787  52.742 0.0000000000
65083  -50.187  17.574  53.070 0.0000000000
115498  -51.812  19.613  52.016 0.0000000000
65842  -51.601  18.667  51.672 0.0000000000
65848  -51.312  18.075  50.351 0.0000000000
36622  -18.726  -11.713  76.532 0.0000000000
35580  -18.096  -11.939  77.004 0.0000000000
35543  -18.493  -12.015  78.415 0.0000000000
112436  -18.254  -12.268  78.989 0.0000000000
115974  -39.330  7.108  66.098 0.0000000000
57079  -39.241  8.576  65.198 0.0000000000
56138  -37.898  7.895  63.810 0.0000000000
118456  -24.495  0.193  77.432 0.0000000000
47974  -24.416  0.112  78.470 0.0000000000
47975  -24.149  0.130  77.700 0.0000000000
115393  -25.027  0.234  79.657 0.0000000000
118977  -25.589  0.456  80.191 0.0000000000
48915  -27.081  0.157  79.327 0.0000000000
48019  -36.031  -0.961  76.917 0.0000000000
48018  -35.136  -1.154  77.105 0.0000000000
48003  -35.841  -1.166  77.938 0.0000000000
47982  -35.532  -1.343  78.985 0.0000000000
116742  -34.920  -1.233  79.483 0.0000000000
119707  -35.746  -0.246  79.874 0.0000000000
39959  -26.493  -8.835  79.812 0.0000000000
39945  -27.168  -8.855  81.629 0.0000000000
59854  -44.712  11.457  56.069 0.0000000000
60750  -46.525  12.544  56.864 0.0000000000
52845  -44.228  5.104  75.171 0.0000000000
53926  -43.875  5.505  74.539 0.0000000000
103756  -43.767  4.664  74.111 0.0000000000
110386  -42.517  4.959  72.136 0.0000000000
109446  -40.491  3.027  69.105 0.0000000000
106570  -40.304  3.780  68.868 0.0000000000
52960  -40.168  4.646  68.645 0.0000000000
52959  -39.935  4.922  67.795 0.0000000000
43139  -26.135  -5.801  76.789 0.0000000000
108028  -26.311  -5.214  76.320 0.0000000000
45270  -26.129  -3.233  73.992 0.0000000000
114647  -26.019  -2.707  73.284 0.0000000000
46165  -25.640  -1.511  75.308 0.0000000000
48046  -25.255  -0.407  74.233 0.0000000000
47129  -37.415  -0.999  72.366 0.0000000000
117940  -36.599  -1.558  72.701 0.0000000000
47122  -37.230  -1.144  73.315 0.0000000000
47095  -36.886  -1.051  74.703 0.0000000000
47096  -37.594  -0.639  74.786 0.0000000000
111821  -37.904  -0.521  75.440 0.0000000000
120212  -38.705  -0.314  76.491 0.0000000000
48957  -39.144  -0.015  76.877 0.0000000000
48958  -39.477  0.517  76.281 0.0000000000
49900  -39.900  1.032  75.615 0.0000000000
49928  -41.372  1.762  73.657 0.0000000000
49902  -41.348  1.897  74.970 0.0000000000
50859  -42.143  2.183  74.710 0.0000000000
50842  -42.743  2.570  75.254 0.0000000000
51798  -42.949  3.399  76.798 0.0000000000
51812  -43.311  3.136  75.870 0.0000000000
51813  -43.880  3.730  75.376 0.0000000000
41131  -26.508  -8.018  75.205 0.0000000000
42133  -26.506  -7.107  75.762 0.0000000000
116828  -42.185  12.552  66.560 0.0000000000
60594  -42.509  13.079  67.000 0.0000000000
109695  -42.610  13.614  65.503 0.0000000000
61555  -42.376  13.308  63.949 0.0000000000
61556  -43.191  13.315  64.200 0.0000000000
61535  -43.945  13.654  64.817 0.0000000000
61537  -46.021  13.778  64.295 0.0000000000
62551  -47.528  14.288  54.872 0.0000000000
101892  -47.321  14.534  54.282 0.0000000000
65048  -50.434  17.512  54.817 0.0000000000
64283  -50.263  16.641  54.976 0.0000000000
64284  -51.168  16.721  55.297 0.0000000000
67301  -53.323  21.151  48.486 0.0000000000
58092  -42.172  9.776  53.374 0.0000000000
60807  -44.437  12.530  51.439 0.0000000000
61711  -44.846  13.091  51.078 0.0000000000
61727  -45.322  13.571  50.649 0.0000000000
63480  -47.201  14.883  49.970 0.0000000000
33623  -14.321  -14.614  79.035 0.0000000000
37675  -18.683  -10.345  83.865 0.0000000000
36536  -17.620  -11.571  83.774 0.0000000000
35450  -14.855  -12.210  85.822 0.0000000000
35459  -14.507  -12.957  85.385 0.0000000000
34507  -14.624  -13.997  84.084 0.0000000000
33596  -14.380  -14.343  83.314 0.0000000000
33589  -13.980  -14.711  84.271 0.0000000000
33595  -13.494  -15.479  83.635 0.0000000000
103047  -12.987  -16.441  83.491 0.0000000000
107125  -13.547  -16.429  84.869 0.0000000000
54951  -42.638  7.756  73.646 0.0000000000
57033  -41.448  8.356  69.551 0.0000000000
58761  -41.652  10.496  71.446 0.0000000000
58779  -42.087  10.319  69.705 0.0000000000
116693  -42.303  10.591  68.924 0.0000000000
58801  -41.702  10.299  67.205 0.0000000000
118186  -38.594  9.254  63.599 0.0000000000
58855  -38.511  9.334  63.200 0.0000000000
58868  -38.468  9.388  62.626 0.0000000000
58013  -38.304  9.281  61.721 0.0000000000
57135  -37.565  8.550  60.643 0.0000000000
43111  -24.090  -5.261  79.662 0.0000000000
44124  -23.926  -4.895  80.302 0.0000000000
104512  -23.808  -4.268  80.737 0.0000000000
45148  -23.841  -3.864  81.572 0.0000000000
47002  -23.589  -0.726  81.995 0.0000000000
46979  -22.817  -1.104  82.895 0.0000000000
48101  -28.066  -0.499  70.990 0.0000000000
48086  -27.635  -0.115  71.948 0.0000000000
48070  -27.040  0.227  72.745 0.0000000000
47117  -27.374  -0.224  73.515 0.0000000000
46180  -31.573  -2.404  74.156 0.0000000000
47070  -31.874  -1.562  76.633 0.0000000000
47069  -30.231  -1.798  76.198 0.0000000000
47976  -29.126  -0.839  78.252 0.0000000000
37743  -24.229  -10.139  77.735 0.0000000000
100485  -24.031  -10.184  76.935 0.0000000000
37756  -23.319  -10.125  77.511 0.0000000000
37755  -22.542  -10.234  77.259 0.0000000000
37754  -21.833  -10.471  77.047 0.0000000000
37741  -22.617  -10.147  78.026 0.0000000000
101604  -22.582  -10.083  78.840 0.0000000000
37713  -22.224  -9.867  80.146 0.0000000000
37680  -26.633  -10.094  83.705 0.0000000000
119210  -41.558  9.362  57.339 0.0000000000
58913  -42.697  10.251  58.898 0.0000000000
60719  -46.171  12.541  59.204 0.0000000000
60718  -45.475  12.220  59.423 0.0000000000
60707  -46.003  12.684  59.832 0.0000000000
61609  -46.246  13.028  60.442 0.0000000000
116034  -46.611  14.089  62.002 0.0000000000
62452  -48.734  14.937  62.339 0.0000000000
62533  -48.893  14.002  56.778 0.0000000000
61646  -48.359  13.549  57.365 0.0000000000
62504  -49.678  14.249  58.101 0.0000000000
62490  -49.767  14.330  58.906 0.0000000000
66600  -50.516  19.410  46.015 0.0000000000
66632  -51.447  19.390  42.179 0.0000000000
66636  -57.399  19.990  42.356 0.0000000000
50897  -42.367  2.735  72.584 0.0000000000
118914  -42.790  3.189  73.001 0.0000000000
50923  -41.323  2.789  70.940 0.0000000000
51890  -41.008  3.059  70.372 0.0000000000
49987  -40.373  1.933  69.828 0.0000000000
50936  -40.623  2.675  69.766 0.0000000000
50948  -40.099  2.997  68.313 0.0000000000
115417  -26.492  -5.648  74.491 0.0000000000
45276  -26.423  -3.604  72.745 0.0000000000
46200  -25.417  -1.404  72.069 0.0000000000
46240  -36.009  -2.052  70.488 0.0000000000
47136  -37.289  -1.121  71.479 0.0000000000
48087  -37.789  -0.786  70.977 0.0000000000
113675  -38.111  -0.580  72.375 0.0000000000
48991  -38.683  0.093  73.530 0.0000000000
104912  -39.195  0.475  74.018 0.0000000000
48993  -39.750  0.944  73.319 0.0000000000
49927  -40.555  1.354  73.501 0.0000000000
49943  -40.279  1.379  72.683 0.0000000000
50896  -41.949  2.196  73.102 0.0000000000
60629  -40.059  12.175  63.537 0.0000000000
60631  -40.990  12.978  64.285 0.0000000000
60646  -40.636  12.746  63.367 0.0000000000
60672  -41.292  12.785  62.825 0.0000000000
60673  -42.278  12.441  62.853 0.0000000000
60674  -43.232  12.086  62.873 0.0000000000
59799  -43.569  11.747  61.937 0.0000000000
63452  -48.255  15.544  53.705 0.0000000000
65057  -49.695  17.307  54.140 0.0000000000
66557  -52.761  20.225  50.386 0.0000000000
66574  -51.902  19.264  49.204 0.0000000000
35579  -17.395  -12.181  76.687 0.0000000000
34572  -16.672  -13.090  78.701 0.0000000000
55033  -40.663  6.644  69.714 0.0000000000
56063  -40.733  7.191  69.441 0.0000000000
57043  -40.673  8.178  68.443 0.0000000000
57937  -40.753  9.036  67.244 0.0000000000
57965  -39.122  9.246  64.539 0.0000000000
118331  -39.017  8.904  64.610 0.0000000000
57078  -38.593  8.813  64.059 0.0000000000
57978  -38.323  8.714  63.433 0.0000000000
57990  -37.557  8.165  62.649 0.0000000000
46145  -24.803  -2.287  78.290 0.0000000000
47033  -23.996  -1.203  79.359 0.0000000000
47021  -23.893  -0.452  79.938 0.0000000000
47942  -23.940  -0.105  81.222 0.0000000000
47931  -23.450  0.275  82.233 0.0000000000
48894  -26.018  0.932  80.774 0.0000000000
47108  -34.413  -2.041  74.974 0.0000000000
46170  -33.630  -2.104  75.052 0.0000000000
117108  -31.911  -0.970  79.011 0.0000000000
47979  -32.635  -1.037  78.940 0.0000000000
107135  -33.061  -1.088  79.690 0.0000000000
115895  -33.405  -0.572  80.626 0.0000000000
47964  -34.608  -0.923  80.007 0.0000000000
47948  -34.088  -0.393  80.532 0.0000000000
37784  -25.234  -10.118  74.998 0.0000000000
38857  -25.858  -9.750  78.311 0.0000000000
100876  -25.119  -10.024  77.981 0.0000000000
38835  -24.935  -9.995  80.313 0.0000000000
38821  -25.958  -10.105  81.605 0.0000000000
111656  -27.186  -9.320  81.980 0.0000000000
118243  -26.978  -9.548  82.555 0.0000000000
38795  -27.080  -9.439  83.278 0.0000000000
58942  -43.017  10.169  56.196 0.0000000000
110513  -44.253  11.252  57.733 0.0000000000
59847  -44.993  11.574  57.869 0.0000000000
112683  -45.363  11.746  57.335 0.0000000000
60728  -45.803  12.198  58.750 0.0000000000
110705  -47.448  13.504  59.861 0.0000000000
65134  -48.133  17.868  45.544 0.0000000000
66634  -53.971  19.349  42.560 0.0000000000
67365  -53.827  20.139  41.033 0.0000000000
66646  -55.607  19.633  41.486 0.0000000000
36582  -20.128  -11.041  79.722 0.0000000000
36569  -19.639  -11.261  80.294 0.0000000000
36557  -20.088  -10.733  80.944 0.0000000000
37699  -19.844  -10.503  81.766 0.0000000000
37662  -19.301  -9.900  84.518 0.0000000000
54952  -42.969  7.303  74.121 0.0000000000
53925  -43.201  6.349  73.842 0.0000000000
115804  -41.765  6.589  70.984 0.0000000000
51854  -42.525  3.514  72.364 0.0000000000
52916  -42.219  4.305  71.705 0.0000000000
112105  -41.775  4.952  71.069 0.0000000000
53961  -41.564  5.847  70.880 0.0000000000
55019  -41.274  6.331  70.433 0.0000000000
53987  -40.327  6.148  69.657 0.0000000000
54023  -39.700  5.574  67.213 0.0000000000
41082  -25.768  -7.467  80.604 0.0000000000
42112  -24.255  -6.058  79.546 0.0000000000
43123  -24.645  -6.007  78.791 0.0000000000
43131  -24.450  -5.159  78.945 0.0000000000
44149  -24.567  -4.178  78.834 0.0000000000
45205  -24.998  -3.553  78.388 0.0000000000
106501  -26.488  -5.019  74.827 0.0000000000
44182  -26.315  -4.365  76.193 0.0000000000
45262  -26.185  -3.379  74.854 0.0000000000
121066  -26.077  -4.166  76.732 0.0000000000
45227  -25.414  -3.102  77.743 0.0000000000
47051  -24.762  -1.114  77.824 0.0000000000
114784  -25.740  -1.338  76.011 0.0000000000
47067  -25.433  -0.700  76.423 0.0000000000
47994  -24.859  -0.010  76.944 0.0000000000
104908  -25.270  0.083  76.592 0.0000000000
116882  -25.541  0.351  76.848 0.0000000000
46220  -32.850  -2.697  71.210 0.0000000000
46182  -33.892  -2.402  73.792 0.0000000000
46208  -35.036  -2.389  71.982 0.0000000000
100820  -35.225  -2.311  72.766 0.0000000000
46197  -34.576  -2.376  73.291 0.0000000000
116956  -36.391  -1.161  75.257 0.0000000000
47075  -36.235  -0.968  75.995 0.0000000000
48004  -36.802  -0.999  77.732 0.0000000000
47984  -37.375  -0.736  78.423 0.0000000000
48931  -37.630  -0.055  78.809 0.0000000000
49868  -38.229  1.211  78.252 0.0000000000
50793  -38.440  2.301  78.304 0.0000000000
49879  -38.847  1.456  77.681 0.0000000000
50794  -39.129  2.844  78.129 0.0000000000
51782  -39.961  3.059  78.107 0.0000000000
51783  -40.745  3.328  77.994 0.0000000000
48967  -39.606  0.656  74.850 0.0000000000
49890  -40.352  1.730  76.104 0.0000000000
52829  -43.040  4.308  77.209 0.0000000000
38905  -25.731  -9.819  74.580 0.0000000000
38892  -26.459  -9.238  75.590 0.0000000000
39993  -26.713  -8.829  76.824 0.0000000000
118190  -26.586  -7.889  75.859 0.0000000000
41113  -26.544  -8.226  77.522 0.0000000000
112348  -43.709  14.484  68.561 0.0000000000
62321  -43.955  14.626  69.416 0.0000000000
62354  -44.216  14.847  68.581 0.0000000000
61519  -42.259  13.432  64.684 0.0000000000
62371  -43.238  14.051  65.893 0.0000000000
121032  -43.342  14.015  65.540 0.0000000000
110121  -43.762  14.372  66.404 0.0000000000
62372  -44.237  14.658  66.530 0.0000000000
63257  -44.626  15.011  67.181 0.0000000000
62392  -46.109  14.639  65.632 0.0000000000
60765  -46.427  12.928  55.270 0.0000000000
61674  -47.943  13.807  55.897 0.0000000000
102977  -48.406  13.990  56.084 0.0000000000
63408  -50.856  15.211  57.114 0.0000000000
63430  -49.466  15.504  55.144 0.0000000000
63431  -50.214  15.781  55.333 0.0000000000
31802  -12.517  -17.137  80.247 0.0000000000
56219  -39.619  8.079  57.807 0.0000000000
57172  -40.343  8.430  57.481 0.0000000000
57173  -41.067  8.928  57.188 0.0000000000
58046  -41.658  9.336  56.739 0.0000000000
58057  -42.346  9.726  56.454 0.0000000000
117994  -43.146  10.231  55.481 0.0000000000
110031  -43.556  10.607  55.119 0.0000000000
58974  -42.910  10.104  53.864 0.0000000000
58961  -44.027  11.104  54.690 0.0000000000
59895  -44.430  11.659  53.485 0.0000000000
60789  -45.776  12.893  53.989 0.0000000000
61692  -46.127  13.534  53.448 0.0000000000
62563  -46.716  14.227  53.190 0.0000000000
62577  -47.432  14.682  52.585 0.0000000000
62591  -45.771  14.087  50.239 0.0000000000
62583  -46.069  13.839  50.979 0.0000000000
63461  -47.914  14.958  52.348 0.0000000000
110810  -48.468  15.327  51.948 0.0000000000
63481  -48.056  15.153  50.455 0.0000000000
63471  -49.085  15.691  51.417 0.0000000000
64334  -49.785  16.180  51.127 0.0000000000
64335  -50.312  16.692  50.797 0.0000000000
64348  -48.910  17.174  48.560 0.0000000000
65124  -46.806  17.245  46.109 0.0000000000
36580  -19.067  -11.640  79.812 0.0000000000
35528  -18.487  -12.103  79.735 0.0000000000
35515  -18.066  -12.504  80.456 0.0000000000
36546  -18.577  -11.507  82.587 0.0000000000
35495  -18.234  -12.391  81.357 0.0000000000
103686  -17.310  -12.981  80.291 0.0000000000
112382  -16.523  -13.406  80.144 0.0000000000
36521  -16.965  -10.890  85.545 0.0000000000
35462  -16.920  -11.920  84.120 0.0000000000
35461  -16.197  -12.286  84.506 0.0000000000
35481  -16.908  -12.870  83.105 0.0000000000
34517  -16.705  -13.226  82.511 0.0000000000
34544  -16.006  -13.626  80.819 0.0000000000
34556  -15.624  -13.832  79.973 0.0000000000
33615  -14.935  -14.289  80.114 0.0000000000
33599  -14.264  -14.446  82.481 0.0000000000
33614  -14.181  -14.669  81.103 0.0000000000
106628  -12.394  -17.138  81.017 0.0000000000
31789  -12.119  -17.270  81.928 0.0000000000
31777  -11.906  -17.437  82.860 0.0000000000
31767  -11.976  -17.556  83.393 0.0000000000
55973  -42.295  8.353  76.033 0.0000000000
56000  -42.609  8.272  73.990 0.0000000000
116783  -41.967  8.055  71.436 0.0000000000
57012  -42.101  8.339  72.126 0.0000000000
104343  -42.054  8.878  72.754 0.0000000000
110364  -41.189  11.470  73.334 0.0000000000
59678  -41.456  11.189  71.909 0.0000000000
59671  -41.290  11.944  72.511 0.0000000000
60542  -41.630  12.498  72.178 0.0000000000
60552  -42.029  12.751  71.626 0.0000000000
109684  -42.570  12.259  68.269 0.0000000000
59711  -42.387  11.424  68.371 0.0000000000
59720  -42.373  12.184  67.400 0.0000000000
60613  -40.608  12.320  64.940 0.0000000000
58828  -40.172  11.150  65.296 0.0000000000
118152  -40.472  11.725  65.331 0.0000000000
59765  -40.087  11.803  64.845 0.0000000000
60630  -40.279  12.373  64.196 0.0000000000
104374  -39.890  11.521  62.484 0.0000000000
58881  -38.755  9.971  61.908 0.0000000000
58882  -39.294  10.530  61.803 0.0000000000
103038  -39.256  9.481  60.704 0.0000000000
57149  -39.231  8.515  59.556 0.0000000000
55125  -37.870  6.213  63.882 0.0000000000
56154  -36.893  7.511  63.037 0.0000000000
56153  -36.839  7.615  62.625 0.0000000000
56169  -36.466  7.591  61.926 0.0000000000
104930  -36.548  7.835  61.668 0.0000000000
57124  -36.533  8.013  61.385 0.0000000000
57133  -36.539  8.151  60.921 0.0000000000
56201  -35.614  7.361  59.840 0.0000000000
56190  -36.166  7.756  60.380 0.0000000000
57146  -36.750  8.093  60.279 0.0000000000
111390  -37.190  7.246  58.569 0.0000000000
42087  -25.144  -6.806  82.232 0.0000000000
43100  -24.091  -5.556  80.877 0.0000000000
46095  -23.751  -2.616  80.372 0.0000000000
46216  -25.317  -1.465  71.144 0.0000000000
47127  -25.066  -0.479  72.462 0.0000000000
48047  -25.718  0.073  74.553 0.0000000000
48058  -26.434  0.116  74.078 0.0000000000
48034  -26.121  0.155  75.270 0.0000000000
48955  -26.433  0.321  76.053 0.0000000000
101646  -29.923  -2.729  71.110 0.0000000000
46203  -29.487  -2.539  72.219 0.0000000000
104598  -31.425  -2.050  75.384 0.0000000000
46167  -31.104  -2.227  74.788 0.0000000000
46178  -29.840  -2.299  74.038 0.0000000000
47119  -28.964  -1.978  73.849 0.0000000000
48036  -28.183  -0.542  75.866 0.0000000000
115180  -28.071  0.041  79.093 0.0000000000
47961  -31.435  -0.788  79.610 0.0000000000
47945  -31.300  -0.313  80.409 0.0000000000
107987  -20.051  -11.326  78.153 0.0000000000
37780  -20.896  -11.179  75.124 0.0000000000
36624  -20.539  -11.226  75.993 0.0000000000
37753  -21.042  -10.838  76.752 0.0000000000
36604  -20.527  -11.053  77.535 0.0000000000
115357  -20.304  -11.093  78.962 0.0000000000
37711  -20.718  -10.354  80.631 0.0000000000
37701  -21.175  -9.846  81.128 0.0000000000
37679  -25.652  -10.337  83.764 0.0000000000
106820  -41.011  9.453  59.388 0.0000000000
58905  -41.774  10.021  60.090 0.0000000000
58032  -42.027  9.878  59.285 0.0000000000
58896  -42.162  10.527  60.623 0.0000000000
107281  -44.317  11.562  59.708 0.0000000000
60717  -44.861  11.965  59.985 0.0000000000
59820  -44.205  11.681  60.422 0.0000000000
59800  -44.447  12.247  61.670 0.0000000000
61558  -45.392  13.148  62.972 0.0000000000
62430  -46.850  14.326  63.727 0.0000000000
62450  -46.710  14.220  62.729 0.0000000000
62431  -47.630  14.810  63.662 0.0000000000
110218  -46.543  12.677  56.047 0.0000000000
60739  -47.138  12.829  57.372 0.0000000000
61633  -47.760  13.186  57.806 0.0000000000
61612  -48.048  13.967  60.011 0.0000000000
62478  -49.382  14.545  60.521 0.0000000000
62477  -48.366  14.339  60.764 0.0000000000
62467  -49.039  14.738  61.464 0.0000000000
65096  -50.779  17.427  50.353 0.0000000000
65856  -50.939  18.092  49.611 0.0000000000
65872  -49.595  18.601  47.157 0.0000000000
65903  -50.905  18.838  44.106 0.0000000000
31757  -13.469  -17.290  85.224 0.0000000000
34530  -16.248  -13.499  81.666 0.0000000000
35472  -16.626  -12.653  83.743 0.0000000000
35494  -17.755  -12.736  81.837 0.0000000000
35527  -17.791  -12.628  79.533 0.0000000000
35561  -18.306  -12.006  77.757 0.0000000000
36570  -20.281  -10.810  80.255 0.0000000000
36581  -19.613  -11.401  79.415 0.0000000000
37772  -25.266  -10.035  75.759 0.0000000000
38880  -26.469  -9.360  76.264 0.0000000000
46114  -23.773  -1.532  80.117 0.0000000000
49914  -41.567  1.871  74.294 0.0000000000
52844  -44.175  4.645  75.686 0.0000000000
54966  -42.513  7.507  72.934 0.0000000000
55018  -41.104  6.595  70.063 0.0000000000
57117  -36.813  7.830  62.267 0.0000000000
58004  -36.780  8.041  61.913 0.0000000000
58914  -43.358  10.739  58.531 0.0000000000
59810  -42.149  11.379  61.788 0.0000000000
60671  -40.630  12.469  62.717 0.0000000000
61532  -41.771  13.276  64.188 0.0000000000
105683  -26.528  -8.841  75.229 0.0000000000
109976  -42.130  9.175  74.932 0.0000000000
115604  -42.710  12.741  68.588 0.0000000000
118743  -13.260  -15.264  82.458 0.0000000000
119103  -46.437  13.461  61.003 0.0000000000
120549  -13.751  -15.503  84.262 0.0000000000
