#!ascii label  , from subject sub-v1s16x0051185_ses-1 vox2ras=TkReg
997
44062  -26.380  -5.858  -0.945 0.5555555820
44071  -26.808  -5.682  -1.654 0.6666666865
45111  -27.776  -5.285  -3.050 0.7777777910
45112  -28.604  -5.395  -3.036 0.7777777910
46031  -27.485  -3.958  -4.043 0.8888888955
46949  -30.259  -2.701  -3.467 0.8888888955
43031  -25.719  -6.170  -0.118 0.5555555820
44070  -25.934  -5.152  -1.385 0.5555555820
45103  -26.489  -5.070  -2.130 0.6666666865
45109  -26.264  -4.377  -2.613 0.8888888955
45119  -28.398  -4.781  -3.481 0.8888888955
46038  -28.699  -3.422  -4.281 0.8888888955
47863  -29.780  -2.161  -4.088 1.0000000000
46950  -31.310  -2.479  -3.196 0.8888888955
48797  -30.952  -1.039  -4.070 1.0000000000
46017  -25.014  -3.848  -1.534 0.7777777910
46947  -26.004  -3.032  -3.971 1.0000000000
46954  -25.311  -2.408  -4.062 1.0000000000
46035  -26.793  -2.904  -4.626 1.0000000000
47884  -27.684  -1.715  -5.771 1.0000000000
47873  -26.116  -2.370  -4.762 1.0000000000
47885  -28.297  -1.757  -5.644 1.0000000000
106464  -27.063  -1.550  -5.812 1.0000000000
47889  -28.207  -1.288  -6.123 1.0000000000
47886  -28.922  -1.324  -5.656 1.0000000000
48807  -30.462  -0.549  -4.734 1.0000000000
48817  -28.663  -0.747  -6.350 1.0000000000
48818  -29.336  -0.504  -5.915 1.0000000000
48808  -31.281  -0.279  -4.427 1.0000000000
49775  -30.279  0.654  -5.717 1.0000000000
49768  -32.547  0.743  -4.738 0.7777777910
47871  -24.665  -1.280  -4.660 0.8888888955
47872  -25.402  -1.807  -4.800 1.0000000000
47888  -27.515  -1.184  -6.256 1.0000000000
48816  -26.042  -0.918  -5.933 1.0000000000
48826  -27.242  -0.636  -6.775 1.0000000000
48828  -28.999  -0.085  -6.578 1.0000000000
49774  -29.629  0.267  -6.143 1.0000000000
50709  -29.847  1.025  -6.328 1.0000000000
50699  -31.817  1.311  -5.232 1.0000000000
50700  -32.722  1.568  -5.158 0.8888888955
50712  -32.041  2.058  -5.624 1.0000000000
50701  -33.580  1.653  -5.311 0.7777777910
50713  -34.295  1.496  -5.828 0.7777777910
48823  -24.109  0.439  -5.617 0.5555555820
50726  -25.094  1.459  -7.791 0.7777777910
49780  -24.589  0.747  -6.437 0.8888888955
49781  -26.925  0.017  -7.255 1.0000000000
49782  -27.840  -0.095  -7.280 1.0000000000
49789  -26.531  0.597  -7.749 0.8888888955
49791  -28.135  0.711  -7.764 1.0000000000
50719  -28.832  1.205  -7.438 1.0000000000
51685  -30.590  2.182  -6.443 1.0000000000
51677  -31.479  2.488  -6.167 1.0000000000
111859  -32.223  2.649  -5.982 0.8888888955
52695  -34.292  2.975  -6.961 0.7777777910
50722  -35.478  1.472  -7.540 0.6666666865
51686  -35.131  2.421  -7.731 0.6666666865
50716  -23.052  2.092  -6.505 0.4444444478
50717  -23.728  1.914  -6.916 0.7777777910
51695  -24.389  2.622  -8.449 0.6666666865
51698  -27.149  2.346  -8.871 0.7777777910
50732  -26.602  1.813  -8.596 0.8888888955
51690  -27.810  2.084  -8.397 0.8888888955
50720  -29.510  1.413  -6.890 1.0000000000
101794  -29.300  2.625  -7.286 1.0000000000
51684  -30.096  2.873  -6.928 1.0000000000
52691  -30.947  3.098  -6.569 1.0000000000
52692  -31.946  3.328  -6.351 0.8888888955
52693  -32.895  3.782  -6.540 0.7777777910
103762  -33.532  3.364  -6.568 0.7777777910
51687  -35.899  2.047  -8.176 0.5555555820
99091  -34.827  3.273  -8.044 0.7777777910
52706  -24.018  3.372  -8.802 0.6666666865
51694  -23.581  2.938  -8.107 0.6666666865
51696  -25.574  2.748  -9.072 0.7777777910
51699  -26.138  3.179  -9.399 0.7777777910
52708  -27.537  3.026  -8.795 0.8888888955
52701  -28.649  3.179  -7.678 0.8888888955
52709  -28.095  3.580  -8.290 1.0000000000
52702  -29.502  3.518  -7.336 1.0000000000
52703  -30.348  3.772  -6.908 1.0000000000
111657  -32.194  4.271  -6.684 0.8888888955
113265  -32.927  4.381  -6.945 0.8888888955
99613  -33.347  4.067  -6.957 0.7777777910
53741  -31.572  4.857  -6.904 0.8888888955
113367  -32.591  4.971  -7.381 0.7777777910
99474  -33.546  4.450  -7.744 0.7777777910
99093  -34.432  3.923  -8.603 0.7777777910
113416  -35.279  3.575  -9.307 0.6666666865
53752  -23.766  4.150  -9.156 0.6666666865
52705  -23.084  4.037  -8.533 0.5555555820
53761  -25.824  3.993  -9.573 0.7777777910
117431  -26.574  3.555  -9.426 0.8888888955
104763  -27.654  3.790  -8.864 0.8888888955
54818  -29.339  5.198  -7.726 1.0000000000
53746  -28.833  4.217  -7.859 1.0000000000
99822  -31.026  5.356  -7.284 1.0000000000
113415  -33.343  5.053  -8.690 0.7777777910
113622  -33.926  4.968  -9.687 0.7777777910
99777  -34.829  4.077  -9.736 0.6666666865
53756  -35.629  3.951  -9.663 0.5555555820
100033  -35.864  3.478  -9.401 0.5555555820
117438  -24.982  4.145  -9.577 0.7777777910
53760  -25.027  4.881  -9.571 0.6666666865
53753  -26.627  4.187  -9.409 0.8888888955
113513  -30.164  5.228  -7.363 1.0000000000
99094  -31.467  5.953  -7.963 0.8888888955
99853  -31.819  5.378  -7.493 0.8888888955
55856  -32.340  6.132  -9.089 0.8888888955
113238  -32.488  5.568  -8.360 0.8888888955
54830  -33.343  5.599  -9.566 0.7777777910
55861  -33.692  5.936  -9.887 0.7777777910
116394  -34.144  5.253  -9.875 0.7777777910
53762  -35.053  4.291  -9.897 0.5555555820
55860  -32.987  6.378  -9.788 0.7777777910
54826  -35.316  4.710  -9.686 0.5555555820
55858  -24.277  6.759  -8.974 0.4444444478
54828  -25.127  5.856  -9.295 0.5555555820
99970  -27.668  6.146  -8.568 0.7777777910
113505  -28.487  5.200  -8.280 1.0000000000
115161  -27.759  5.119  -8.654 0.8888888955
113517  -29.624  6.552  -7.953 1.0000000000
99655  -30.520  6.470  -7.925 0.8888888955
55855  -31.425  6.626  -8.584 0.8888888955
55859  -32.106  6.784  -9.477 0.8888888955
103291  -34.251  5.682  -9.847 0.5555555820
57739  -29.635  8.545  -9.068 0.6666666865
99095  -27.986  7.129  -8.541 0.6666666865
57743  -30.369  8.328  -9.488 0.7777777910
56838  -30.844  7.715  -9.284 0.8888888955
57744  -31.157  7.931  -9.928 0.7777777910
56836  -31.227  7.185  -8.988 0.8888888955
57748  -31.347  8.124  -10.566 0.7777777910
56839  -31.691  7.367  -9.727 0.8888888955
56845  -31.987  7.948  -10.982 0.7777777910
56842  -31.985  7.681  -10.368 0.7777777910
56840  -32.558  7.224  -9.986 0.6666666865
56849  -31.773  6.149  -13.089 0.6666666865
56846  -32.031  7.834  -11.442 0.6666666865
56843  -32.280  7.908  -10.570 0.6666666865
54831  -32.677  3.923  -13.833 0.6666666865
56848  -32.221  7.012  -12.262 0.5555555820
56844  -32.693  7.542  -9.978 0.5555555820
55862  -33.774  6.459  -9.702 0.4444444478
107414  -32.225  8.098  -11.139 0.5555555820
108169  -29.426  10.782  -10.838 0.3333333433
59562  -29.810  10.048  -10.893 0.3333333433
58641  -30.213  9.182  -11.338 0.5555555820
111198  -29.984  9.409  -12.476 0.5555555820
118574  -30.622  8.561  -11.280 0.7777777910
57750  -30.587  8.517  -11.796 0.7777777910
57757  -30.209  7.837  -14.068 0.6666666865
57754  -31.245  7.715  -12.007 0.6666666865
58648  -30.403  8.276  -12.761 0.6666666865
57753  -30.987  7.045  -12.831 0.6666666865
101930  -30.777  6.066  -13.973 0.6666666865
55866  -31.228  4.580  -14.693 0.6666666865
54836  -32.718  3.777  -15.884 0.6666666865
56850  -33.020  6.004  -12.538 0.5555555820
103269  -33.126  5.813  -13.738 0.5555555820
55867  -33.278  4.721  -14.942 0.6666666865
109832  -28.994  11.286  -12.450 0.4444444478
60447  -29.141  11.450  -11.532 0.4444444478
59574  -29.393  10.373  -12.500 0.4444444478
59573  -29.244  10.006  -13.378 0.5555555820
58647  -29.419  9.105  -13.964 0.6666666865
56852  -30.485  6.147  -15.745 0.6666666865
56854  -30.377  6.364  -16.669 0.6666666865
56858  -31.366  6.477  -16.503 0.6666666865
56853  -32.585  6.544  -15.602 0.5555555820
61358  -28.691  12.247  -12.349 0.4444444478
59577  -28.653  10.138  -14.572 0.6666666865
57756  -29.106  8.443  -15.470 0.6666666865
56857  -30.561  6.475  -16.783 0.6666666865
45118  -27.589  -4.633  -3.541 0.8888888955
46030  -26.747  -3.566  -3.988 1.0000000000
46955  -27.484  -2.739  -4.951 1.0000000000
47876  -30.134  -1.338  -4.411 1.0000000000
51689  -23.267  2.528  -7.297 0.5555555820
53740  -31.251  4.019  -6.640 0.8888888955
53759  -24.154  4.805  -9.437 0.5555555820
55854  -25.300  6.892  -8.786 0.5555555820
120815  -26.671  4.921  -9.235 0.7777777910
101355  -29.807  5.910  -7.658 1.0000000000
55853  -23.805  7.305  -8.610 0.2222222239
106990  -33.171  6.709  -9.776 0.6666666865
115679  -28.343  10.371  -15.752 0.6666666865
51688  -22.725  3.426  -7.661 0.4444444478
58650  -32.359  8.172  -13.399 0.5555555820
57755  -32.492  7.393  -12.529 0.5555555820
60440  -28.967  11.461  -10.725 0.2222222239
57759  -32.546  7.466  -14.279 0.5555555820
118561  -27.279  -7.082  -0.022 0.5555555820
43033  -27.494  -6.548  -0.986 0.5555555820
43043  -27.028  -6.196  -1.236 0.6666666865
44079  -28.077  -5.806  -2.542 0.5555555820
44080  -28.885  -5.828  -2.557 0.5555555820
46025  -30.473  -4.044  -2.699 0.7777777910
46940  -30.842  -3.251  -2.856 0.8888888955
43021  -26.214  -6.964  0.270 0.5555555820
45120  -29.054  -4.850  -3.264 0.6666666865
46024  -29.688  -4.499  -3.064 0.8888888955
107922  -32.388  -1.661  -3.680 0.8888888955
43020  -25.394  -6.730  0.706 0.4444444478
45098  -25.100  -4.822  -0.740 0.5555555820
48798  -31.850  -0.955  -3.948 1.0000000000
46016  -24.121  -3.292  -1.057 0.2222222239
46023  -25.491  -3.760  -2.334 0.6666666865
48809  -32.349  -0.223  -4.307 0.8888888955
49769  -33.529  -0.044  -4.551 0.6666666865
50702  -34.147  0.977  -5.252 0.7777777910
118486  -34.618  0.774  -5.897 0.6666666865
46946  -24.470  -2.223  -3.470 0.5555555820
49777  -35.222  -0.018  -6.536 0.6666666865
47870  -23.844  -0.793  -4.329 0.4444444478
101790  -35.846  0.235  -7.584 0.5555555820
99578  -37.173  1.711  -8.137 0.5555555820
49772  -22.770  0.810  -4.783 0.2222222239
99090  -36.606  2.275  -8.442 0.5555555820
51683  -22.507  2.942  -6.895 0.4444444478
99092  -36.599  2.973  -8.940 0.5555555820
54814  -21.559  5.195  -7.280 0.3333333433
53757  -36.327  3.530  -9.046 0.5555555820
54827  -24.185  5.858  -9.360 0.4444444478
53749  -35.909  4.410  -9.016 0.4444444478
55849  -23.232  6.955  -8.546 0.3333333433
55857  -34.897  5.644  -9.411 0.5555555820
103369  -34.340  6.454  -9.346 0.4444444478
118918  -29.550  10.370  -10.450 0.3333333433
58634  -29.626  9.935  -10.111 0.3333333433
58626  -29.050  9.251  -9.040 0.4444444478
56841  -33.308  7.310  -9.675 0.4444444478
57749  -32.533  8.222  -10.537 0.4444444478
58644  -32.262  8.836  -12.476 0.2222222239
61352  -28.724  12.292  -11.509 0.3333333433
60455  -28.524  10.954  -13.803 0.6666666865
57760  -28.885  7.872  -16.685 0.6666666865
57763  -29.034  7.801  -17.185 0.6666666865
113384  -29.225  8.603  -16.852 0.6666666865
58656  -29.760  8.581  -17.180 0.6666666865
57766  -30.274  7.575  -17.545 0.6666666865
57764  -31.272  7.538  -16.603 0.6666666865
57762  -31.761  8.150  -15.528 0.4444444478
59576  -27.896  11.050  -15.593 0.5555555820
43032  -26.692  -6.559  -0.570 0.5555555820
115519  -27.631  -6.087  -1.777 0.6666666865
44078  -27.272  -5.525  -2.347 0.7777777910
45110  -26.983  -4.939  -2.879 0.8888888955
46037  -28.050  -3.595  -4.424 1.0000000000
46036  -27.466  -3.312  -4.535 1.0000000000
46032  -28.244  -4.150  -4.029 0.8888888955
46948  -29.456  -3.081  -3.883 0.8888888955
46034  -29.934  -3.608  -3.257 0.8888888955
44061  -25.616  -5.463  -0.661 0.5555555820
45102  -25.774  -4.447  -1.867 0.8888888955
116604  -25.312  -4.460  -1.296 0.5555555820
45117  -26.815  -4.253  -3.404 0.8888888955
46033  -29.096  -4.095  -3.685 0.8888888955
46957  -29.051  -2.564  -4.525 1.0000000000
47864  -30.618  -1.839  -3.750 1.0000000000
47874  -28.639  -2.079  -5.134 1.0000000000
47865  -31.586  -1.692  -3.608 1.0000000000
45101  -24.588  -4.110  -0.855 0.5555555820
46029  -26.067  -3.691  -3.212 1.0000000000
46939  -25.090  -3.043  -3.102 0.8888888955
46953  -24.764  -1.885  -4.208 1.0000000000
46958  -27.027  -2.229  -5.336 1.0000000000
46959  -27.913  -2.291  -5.356 1.0000000000
47875  -29.386  -1.731  -4.843 1.0000000000
47883  -26.257  -1.590  -5.480 1.0000000000
47887  -26.756  -1.055  -6.164 1.0000000000
48806  -29.737  -0.948  -5.202 1.0000000000
48819  -30.030  -0.134  -5.457 1.0000000000
48827  -27.999  -0.747  -6.659 1.0000000000
49767  -31.573  0.521  -4.796 1.0000000000
101815  -33.470  0.953  -4.869 0.7777777910
47882  -25.384  -1.106  -5.386 1.0000000000
102233  -24.091  -1.520  -3.853 0.5555555820
48825  -26.285  -0.410  -6.623 1.0000000000
48815  -25.434  -0.424  -5.993 0.8888888955
49783  -28.613  0.306  -7.176 1.0000000000
49784  -29.266  0.666  -6.800 1.0000000000
50721  -30.047  1.633  -6.514 1.0000000000
50711  -31.212  1.758  -5.818 1.0000000000
104685  -32.979  2.331  -5.638 0.8888888955
51678  -33.844  2.122  -5.809 0.7777777910
50714  -34.987  0.993  -6.729 0.6666666865
48814  -23.620  0.020  -4.754 0.5555555820
49773  -23.273  0.744  -5.211 0.6666666865
47881  -24.545  -0.451  -5.268 0.7777777910
48824  -24.843  0.135  -5.987 0.7777777910
50718  -24.397  1.421  -7.018 0.7777777910
50725  -24.160  2.102  -7.711 0.6666666865
50731  -25.671  2.056  -8.486 0.8888888955
49788  -25.702  0.730  -7.508 0.8888888955
50727  -26.066  1.217  -8.154 0.8888888955
111410  -25.450  0.280  -6.689 0.8888888955
116494  -26.178  0.218  -7.187 1.0000000000
50728  -26.939  1.117  -8.290 0.8888888955
107829  -28.227  1.444  -7.994 1.0000000000
105585  -29.793  2.103  -6.877 1.0000000000
52685  -32.852  3.053  -6.140 0.8888888955
52686  -33.701  2.713  -6.193 0.7777777910
51679  -34.540  2.076  -6.593 0.7777777910
50723  -36.345  1.352  -8.027 0.5555555820
51672  -22.452  2.416  -6.380 0.3333333433
50708  -22.961  1.506  -5.712 0.3333333433
49779  -23.714  1.287  -6.176 0.6666666865
50730  -24.859  2.126  -8.210 0.7777777910
51692  -29.219  1.892  -7.267 1.0000000000
51693  -35.832  2.839  -8.804 0.5555555820
51700  -26.915  2.992  -9.315 0.8888888955
53747  -29.790  4.431  -7.342 1.0000000000
113264  -34.112  4.493  -9.268 0.7777777910
52699  -22.199  4.487  -7.914 0.4444444478
53755  -28.043  4.384  -8.523 0.8888888955
113532  -34.510  4.665  -9.835 0.6666666865
53758  -23.494  5.822  -9.241 0.5555555820
54824  -27.063  5.477  -8.918 0.6666666865
99096  -30.573  5.787  -7.589 1.0000000000
54825  -34.699  4.972  -9.915 0.6666666865
54823  -26.134  5.760  -9.113 0.5555555820
115106  -28.854  6.179  -8.058 1.0000000000
99569  -30.000  7.120  -8.231 0.7777777910
99702  -29.063  7.105  -8.323 0.7777777910
56833  -30.751  7.024  -8.411 0.8888888955
57742  -29.766  9.125  -9.656 0.5555555820
111663  -29.518  7.843  -8.617 0.6666666865
107012  -30.537  8.540  -10.113 0.6666666865
113306  -26.484  6.540  -8.756 0.7777777910
113638  -26.834  7.310  -8.593 0.6666666865
57747  -30.619  8.586  -10.810 0.7777777910
56835  -30.443  7.508  -8.707 0.7777777910
100487  -31.908  7.564  -11.702 0.6666666865
55864  -32.126  4.616  -13.462 0.6666666865
55863  -32.626  5.758  -12.694 0.6666666865
57752  -32.258  7.900  -11.841 0.5555555820
59568  -29.834  9.952  -11.731 0.5555555820
102876  -31.747  5.446  -16.469 0.6666666865
56855  -32.737  5.132  -16.172 0.6666666865
57761  -29.708  7.321  -15.566 0.6666666865
56851  -29.169  7.031  -17.037 0.6666666865
56856  -29.555  7.241  -17.452 0.6666666865
52704  -22.473  5.253  -8.497 0.4444444478
113243  -25.892  7.463  -8.539 0.3333333433
100789  -21.923  3.881  -7.282 0.4444444478
52698  -21.637  4.899  -7.433 0.4444444478
108160  -32.467  8.765  -11.360 0.3333333433
58649  -31.909  9.548  -13.880 0.3333333433
104127  -31.350  -3.716  -2.415 0.6666666865
42000  -26.544  -7.424  0.789 0.5555555820
48799  -32.766  -1.185  -3.939 0.7777777910
44060  -24.775  -5.330  0.013 0.4444444478
118821  -34.134  0.364  -4.912 0.6666666865
49765  -22.586  0.487  -4.170 0.1111111119
50707  -21.778  1.562  -4.782 0.1111111119
52688  -21.546  4.278  -7.110 0.4444444478
53745  -21.994  5.355  -7.961 0.3333333433
54821  -22.801  6.177  -8.833 0.3333333433
57738  -28.742  8.614  -8.741 0.3333333433
58655  -30.784  8.757  -16.562 0.6666666865
107580  -31.565  9.371  -15.360 0.4444444478
43037  -32.291  -6.518  -0.499 0.4444444478
43017  -33.339  -6.352  0.858 0.2222222239
43022  -28.250  -6.942  0.099 0.4444444478
43023  -29.098  -6.841  0.255 0.4444444478
43044  -28.334  -6.335  -1.306 0.4444444478
43045  -29.209  -5.949  -0.879 0.4444444478
44063  -30.283  -5.794  -0.631 0.4444444478
44065  -32.600  -5.904  -1.013 0.4444444478
44077  -33.252  -5.757  -1.276 0.2222222239
44073  -29.053  -6.049  -1.903 0.4444444478
44082  -30.294  -5.107  -1.799 0.4444444478
44074  -31.160  -4.893  -1.196 0.4444444478
45100  -34.264  -4.853  -0.812 0.1111111119
45104  -30.884  -4.627  -1.799 0.4444444478
45107  -33.638  -5.289  -2.110 0.3333333433
44081  -29.568  -5.536  -2.296 0.4444444478
45105  -31.969  -4.575  -1.605 0.3333333433
45106  -33.066  -4.866  -2.268 0.3333333433
45108  -34.192  -5.067  -1.933 0.2222222239
45115  -31.129  -4.225  -2.102 0.4444444478
45113  -29.362  -5.256  -2.851 0.5555555820
45114  -30.168  -4.835  -2.440 0.4444444478
46027  -33.952  -4.630  -3.226 0.2222222239
46028  -34.318  -4.427  -3.220 0.1111111119
46935  -35.510  -3.028  -2.063 0.1111111119
46026  -33.253  -4.371  -2.773 0.3333333433
46942  -33.478  -3.795  -3.292 0.3333333433
107903  -32.639  -2.571  -3.355 0.5555555820
47866  -33.255  -2.159  -3.820 0.6666666865
47867  -35.153  -3.122  -4.409 0.4444444478
47880  -36.408  -3.159  -5.524 0.3333333433
48800  -33.675  -1.669  -4.155 0.6666666865
114042  -34.881  -1.843  -4.902 0.5555555820
107276  -33.279  -0.794  -4.211 0.6666666865
48810  -34.654  -0.763  -5.031 0.5555555820
105558  -35.654  -2.518  -5.921 0.5555555820
47879  -36.202  -3.216  -5.580 0.4444444478
48820  -36.145  -2.081  -6.685 0.3333333433
49778  -35.881  -1.047  -7.205 0.4444444478
49771  -35.355  -1.162  -6.221 0.4444444478
50724  -36.791  0.652  -7.775 0.4444444478
58653  -28.863  8.891  -16.475 0.5555555820
58652  -28.598  10.109  -16.190 0.5555555820
113501  -29.419  9.756  -16.561 0.5555555820
99939  -30.025  10.592  -16.376 0.5555555820
111260  -31.020  -7.270  0.263 0.4444444478
43027  -33.219  -6.552  -0.165 0.2222222239
46019  -34.077  -4.984  -2.784 0.2222222239
46020  -34.538  -4.422  -2.336 0.1111111119
46943  -34.201  -4.043  -3.611 0.4444444478
46944  -34.666  -3.852  -3.642 0.3333333433
114614  -34.179  -2.749  -4.161 0.6666666865
48829  -36.395  -1.452  -7.027 0.3333333433
49785  -36.456  -0.546  -7.418 0.4444444478
99804  -37.292  2.522  -8.412 0.4444444478
113383  -27.905  11.501  -17.273 0.5555555820
99841  -27.534  12.576  -16.572 0.5555555820
44072  -28.413  -6.125  -2.097 0.4444444478
47859  -35.807  -2.862  -3.910 0.2222222239
58654  -30.167  9.551  -16.606 0.5555555820
110614  -29.959  -7.965  0.977 0.4444444478
42003  -30.864  -7.862  0.744 0.4444444478
42004  -31.658  -7.760  0.669 0.4444444478
43026  -32.718  -6.960  0.307 0.2222222239
106554  -33.676  -5.851  1.738 0.1111111119
117952  -27.246  -7.442  0.799 0.4444444478
42002  -28.833  -7.394  0.751 0.4444444478
44066  -33.456  -6.000  -0.675 0.1111111119
45093  -34.320  -4.692  0.134 0.1111111119
44054  -33.966  -5.411  1.179 0.1111111119
46008  -34.678  -4.094  -0.196 0.1111111119
46013  -34.671  -4.261  -1.240 0.1111111119
99071  -35.683  -2.983  -0.993 0.1111111119
46936  -36.237  -2.327  -1.342 0.1111111119
47856  -35.980  -2.480  -2.586 0.1111111119
48801  -37.015  -2.601  -5.468 0.1111111119
47869  -36.391  -2.651  -4.616 0.2222222239
48821  -36.757  -1.891  -6.606 0.2222222239
48822  -37.413  -0.974  -6.522 0.2222222239
48830  -36.932  -0.992  -7.055 0.3333333433
99089  -37.776  2.112  -8.036 0.3333333433
113462  -37.856  2.649  -8.135 0.3333333433
99953  -28.344  7.944  -8.570 0.4444444478
56837  -33.925  7.463  -9.124 0.3333333433
60452  -28.157  12.077  -13.504 0.4444444478
59580  -30.942  10.062  -16.068 0.5555555820
60454  -27.175  11.899  -15.276 0.5555555820
99462  -27.208  11.824  -16.845 0.5555555820
103749  -28.558  12.135  -17.242 0.5555555820
99946  -29.472  12.868  -16.711 0.5555555820
61363  -26.943  12.656  -15.861 0.5555555820
43034  -27.973  -6.746  -0.621 0.4444444478
46941  -32.231  -3.319  -2.659 0.6666666865
49770  -34.633  0.116  -5.510 0.5555555820
99653  -37.220  3.019  -8.699 0.4444444478
120326  -33.018  7.914  -10.003 0.3333333433
46018  -32.207  -4.107  -2.240 0.3333333433
43036  -31.218  -6.574  -0.283 0.4444444478
114215  -32.731  -6.772  -0.234 0.4444444478
44064  -31.435  -5.674  -0.741 0.4444444478
43025  -32.072  -7.186  0.056 0.4444444478
44059  -33.664  -5.877  0.195 0.1111111119
42001  -27.856  -7.290  0.583 0.4444444478
109106  -28.701  -6.512  -0.422 0.4444444478
43024  -29.944  -7.285  0.505 0.4444444478
43035  -29.892  -6.527  -0.090 0.4444444478
116002  -29.728  -5.511  -1.401 0.4444444478
119852  -30.494  -5.179  -0.970 0.4444444478
43038  -33.022  -6.405  -0.731 0.4444444478
44075  -32.056  -5.198  -1.132 0.4444444478
44076  -32.886  -5.324  -1.614 0.4444444478
45092  -33.913  -5.365  -0.331 0.1111111119
45099  -33.757  -5.446  -1.272 0.2222222239
46004  -34.745  -4.214  0.546 0.1111111119
45116  -33.747  -4.956  -2.755 0.3333333433
46934  -34.902  -3.823  -2.765 0.1111111119
46945  -35.315  -3.319  -3.272 0.1111111119
103561  -33.817  -3.281  -3.802 0.4444444478
47868  -35.840  -2.968  -4.895 0.3333333433
46951  -34.575  -3.569  -4.031 0.4444444478
46952  -35.183  -3.345  -4.174 0.3333333433
47878  -35.553  -2.777  -4.982 0.4444444478
100255  -34.138  -1.120  -4.472 0.5555555820
47877  -34.589  -2.205  -4.486 0.5555555820
48811  -36.568  -2.902  -6.190 0.3333333433
49786  -37.275  0.078  -7.389 0.4444444478
99553  -28.738  10.303  -16.383 0.5555555820
99111  -28.008  11.043  -16.652 0.5555555820
99679  -28.890  11.058  -16.654 0.5555555820
46021  -35.097  -3.642  -1.637 0.1111111119
99114  -27.132  13.266  -15.775 0.5555555820
42005  -32.220  -7.540  0.722 0.4444444478
43016  -32.666  -6.987  1.179 0.2222222239
41995  -27.887  -7.721  1.212 0.4444444478
45084  -34.046  -5.193  0.453 0.1111111119
46014  -35.197  -3.535  -0.568 0.1111111119
38648  -31.256  -9.982  7.381 0.1111111119
37600  -29.224  -11.300  3.713 0.3333333433
38684  -30.447  -10.990  5.234 0.2222222239
38667  -30.624  -10.626  6.808 0.2222222239
38668  -30.976  -9.923  6.596 0.1111111119
39829  -31.376  -9.473  6.771 0.1111111119
38701  -27.563  -10.180  3.436 0.3333333433
38693  -27.465  -10.940  3.954 0.3333333433
37596  -28.369  -11.516  4.144 0.3333333433
38704  -30.514  -10.764  3.301 0.3333333433
118772  -30.976  -10.454  3.427 0.3333333433
38695  -30.848  -10.113  5.056 0.2222222239
38705  -31.147  -10.020  4.093 0.2222222239
39847  -31.227  -9.493  5.947 0.1111111119
39855  -31.349  -9.279  4.922 0.2222222239
40981  -26.284  -8.701  3.096 0.2222222239
38700  -26.831  -9.443  3.315 0.2222222239
39861  -28.416  -10.256  2.969 0.3333333433
38702  -29.045  -10.820  3.129 0.3333333433
38703  -29.822  -10.959  3.155 0.3333333433
40991  -26.231  -7.613  2.043 0.2222222239
40992  -27.043  -8.791  2.502 0.3333333433
40998  -26.819  -7.896  1.965 0.3333333433
40999  -27.460  -8.084  1.763 0.3333333433
113920  -28.041  -8.842  2.178 0.3333333433
39869  -28.511  -9.665  2.526 0.3333333433
40993  -29.132  -9.436  2.227 0.3333333433
39870  -30.552  -9.909  2.227 0.3333333433
39877  -29.947  -9.392  1.919 0.3333333433
39871  -31.113  -9.606  2.131 0.3333333433
40994  -31.507  -9.084  2.213 0.3333333433
40982  -31.544  -9.115  3.041 0.3333333433
40983  -31.810  -8.396  3.682 0.1111111119
104203  -25.752  -7.316  1.450 0.2222222239
41993  -26.240  -7.534  1.370 0.3333333433
41994  -26.927  -7.685  1.336 0.3333333433
41001  -29.082  -8.739  1.826 0.3333333433
41002  -30.139  -8.686  1.476 0.3333333433
118583  -30.811  -8.356  1.122 0.3333333433
40995  -31.871  -8.425  2.719 0.1111111119
41986  -25.290  -6.937  1.874 0.3333333433
41996  -29.005  -8.093  1.339 0.3333333433
41009  -31.397  -8.231  1.047 0.3333333433
41998  -32.247  -7.748  1.443 0.3333333433
48831  -37.619  -0.306  -6.967 0.2222222239
99761  -37.811  1.271  -7.687 0.2222222239
99088  -38.192  0.595  -7.116 0.2222222239
53750  -36.435  4.176  -8.326 0.3333333433
107383  -36.900  3.611  -8.341 0.2222222239
37601  -30.014  -11.336  3.885 0.3333333433
38694  -30.593  -10.846  4.155 0.3333333433
38685  -30.653  -10.277  5.971 0.2222222239
40952  -31.672  -8.635  5.689 0.1111111119
114893  -26.511  -8.184  2.473 0.3333333433
39868  -27.725  -9.544  2.797 0.3333333433
115843  -29.878  -9.970  2.273 0.3333333433
39862  -30.988  -10.268  2.714 0.3333333433
118937  -27.304  -8.356  2.086 0.3333333433
41997  -31.826  -8.154  1.143 0.3333333433
37565  -30.357  -11.394  7.250 0.1111111119
37566  -30.860  -10.815  7.742 0.1111111119
37595  -27.434  -11.552  4.563 0.3333333433
115513  -29.339  -11.923  4.496 0.3333333433
37587  -29.566  -12.253  5.176 0.3333333433
37588  -29.999  -11.677  5.711 0.3333333433
106078  -30.314  -10.926  6.061 0.3333333433
111403  -31.557  -10.460  8.321 0.1111111119
39802  -31.973  -9.677  7.973 0.1111111119
38692  -26.532  -10.203  4.010 0.3333333433
39817  -31.782  -9.203  7.281 0.1111111119
40990  -25.977  -7.995  2.814 0.2222222239
40975  -31.807  -8.358  4.727 0.1111111119
112607  -32.186  -7.810  4.196 0.1111111119
41987  -25.695  -7.366  2.355 0.2222222239
41979  -32.253  -7.744  3.377 0.1111111119
41988  -32.280  -7.766  2.387 0.1111111119
43014  -24.834  -6.453  1.608 0.1111111119
99915  -38.357  2.078  -7.587 0.2222222239
54813  -36.060  5.011  -7.648 0.2222222239
53743  -36.837  4.215  -7.337 0.2222222239
44058  -24.988  -5.977  0.571 0.2222222239
46022  -24.568  -3.195  -2.002 0.5555555820
41999  -25.771  -7.360  0.971 0.3333333433
43015  -25.298  -6.971  1.234 0.2222222239
52697  -38.194  2.929  -7.424 0.2222222239
103134  -28.351  -10.859  3.528 0.3333333433
37597  -30.087  -11.678  4.682 0.3333333433
39860  -25.762  -9.246  3.889 0.2222222239
38708  -29.312  -10.297  2.635 0.3333333433
38709  -30.271  -10.472  2.664 0.3333333433
39863  -31.298  -9.887  3.247 0.2222222239
40974  -31.439  -9.133  3.958 0.1111111119
41000  -28.242  -8.276  1.681 0.3333333433
39878  -30.685  -9.349  1.823 0.3333333433
41003  -31.277  -8.817  1.533 0.3333333433
41004  -31.875  -8.432  1.787 0.3333333433
37549  -30.566  -11.553  8.109 0.1111111119
37578  -30.208  -11.316  6.503 0.2222222239
36472  -28.290  -12.213  4.815 0.3333333433
36473  -29.057  -12.487  5.080 0.3333333433
100101  -38.604  1.339  -7.221 0.1111111119
113337  -39.223  0.885  -6.604 0.1111111119
51669  -39.480  1.758  -5.645 0.1111111119
51681  -39.036  1.587  -6.686 0.1111111119
51680  -38.513  2.420  -6.918 0.1111111119
51668  -38.493  2.406  -5.806 0.1111111119
52696  -37.556  3.315  -7.914 0.1111111119
52687  -37.963  3.245  -6.118 0.1111111119
119964  -35.185  6.040  -8.361 0.2222222239
53744  -37.507  3.708  -6.767 0.1111111119
103004  -34.435  7.196  -8.651 0.1111111119
57746  -33.379  8.211  -9.387 0.1111111119
55852  -34.779  6.566  -8.573 0.1111111119
56834  -34.734  7.328  -7.839 0.1111111119
57745  -32.943  8.720  -9.880 0.1111111119
62215  -26.941  13.817  -13.884 0.4444444478
99112  -27.882  12.114  -17.403 0.4444444478
59579  -31.560  10.452  -15.034 0.3333333433
59570  -32.178  9.874  -11.741 0.1111111119
58636  -32.651  9.184  -10.500 0.1111111119
58631  -33.021  9.689  -9.828 0.1111111119
100348  -27.991  13.295  -16.257 0.4444444478
99120  -27.813  13.767  -15.496 0.4444444478
113458  -28.531  14.729  -14.164 0.4444444478
99113  -29.169  13.259  -16.750 0.4444444478
99658  -30.671  14.778  -16.729 0.4444444478
99118  -30.231  13.709  -16.386 0.4444444478
99119  -31.405  13.988  -15.802 0.4444444478
99808  -31.209  12.403  -14.892 0.2222222239
111483  -31.469  11.799  -14.053 0.2222222239
105724  -31.521  11.607  -13.070 0.2222222239
59569  -32.009  11.210  -11.936 0.2222222239
100185  -35.507  15.024  -10.451 0.1111111119
106828  -33.927  13.651  -10.349 0.1111111119
60433  -33.234  11.709  -9.822 0.1111111119
99699  -26.355  14.820  -13.442 0.4444444478
115908  -26.151  15.391  -13.047 0.4444444478
62214  -26.896  14.385  -14.160 0.4444444478
99942  -26.331  15.239  -13.318 0.3333333433
99599  -27.240  15.078  -13.898 0.4444444478
99126  -28.763  15.224  -13.308 0.4444444478
99125  -30.225  15.034  -14.172 0.4444444478
99122  -31.489  15.470  -15.711 0.4444444478
113515  -30.986  14.410  -16.654 0.4444444478
99805  -29.811  16.034  -11.864 0.3333333433
99748  -31.381  15.197  -14.621 0.3333333433
99124  -32.784  15.230  -13.456 0.1111111119
61362  -32.033  13.938  -13.090 0.1111111119
61359  -32.510  13.257  -11.947 0.1111111119
60453  -31.753  12.521  -12.537 0.2222222239
61360  -32.310  12.695  -11.034 0.1111111119
99129  -26.125  15.744  -12.654 0.2222222239
113429  -27.388  15.878  -12.777 0.3333333433
113502  -30.521  15.380  -12.946 0.3333333433
113398  -31.921  15.431  -14.347 0.4444444478
99128  -31.267  15.549  -12.154 0.2222222239
104451  -31.975  15.390  -13.131 0.2222222239
100081  -32.891  14.464  -12.311 0.1111111119
64009  -30.392  15.912  -10.985 0.1111111119
64010  -31.473  15.312  -11.432 0.1111111119
63110  -31.804  14.496  -10.850 0.1111111119
120604  -32.277  13.762  -10.828 0.1111111119
63109  -31.009  14.990  -10.253 0.1111111119
62209  -32.069  13.904  -10.341 0.1111111119
62212  -32.631  14.390  -11.681 0.1111111119
99130  -26.208  16.247  -12.591 0.3333333433
99132  -26.281  17.665  -12.099 0.3333333433
99971  -26.431  17.689  -10.832 0.3333333433
99523  -26.684  18.428  -11.665 0.3333333433
99134  -28.248  16.767  -11.928 0.3333333433
99773  -28.971  15.812  -12.449 0.3333333433
99133  -29.361  16.652  -11.235 0.2222222239
64008  -30.436  15.758  -9.865 0.1111111119
62196  -31.823  14.548  -9.544 0.1111111119
99654  -33.138  14.288  -10.304 0.1111111119
100322  -34.987  15.387  -9.291 0.1111111119
64792  -26.400  16.352  -7.113 0.1111111119
65594  -26.751  17.660  -6.885 0.1111111119
64804  -26.955  18.247  -9.758 0.2222222239
116847  -28.438  19.645  -8.847 0.2222222239
99522  -27.749  18.674  -10.565 0.3333333433
65608  -28.784  19.629  -9.307 0.2222222239
65611  -29.027  19.576  -9.484 0.2222222239
64809  -29.345  18.088  -9.795 0.1111111119
100039  -30.719  18.104  -9.442 0.1111111119
99173  -30.245  16.830  -9.733 0.1111111119
99171  -30.924  16.271  -9.327 0.1111111119
63106  -31.000  14.983  -9.548 0.1111111119
113351  -31.973  15.328  -9.047 0.1111111119
113522  -33.450  15.599  -9.132 0.1111111119
113431  -34.442  15.182  -10.285 0.1111111119
117389  -36.081  14.721  -9.935 0.1111111119
112182  -28.908  17.326  -5.640 0.1111111119
65602  -27.144  18.416  -7.151 0.1111111119
65584  -28.479  18.500  -5.634 0.1111111119
119776  -30.607  19.036  -6.254 0.1111111119
99723  -30.416  20.853  -7.791 0.1111111119
66327  -29.397  20.578  -9.374 0.2222222239
102985  -30.992  19.323  -8.162 0.1111111119
113382  -31.338  20.723  -8.802 0.1111111119
99778  -31.910  19.248  -8.404 0.1111111119
100193  -31.940  18.148  -8.988 0.1111111119
99164  -32.121  19.047  -8.650 0.1111111119
99165  -31.705  16.586  -8.962 0.1111111119
113090  -30.066  16.755  -5.425 0.1111111119
99139  -30.627  16.122  -4.890 0.1111111119
63993  -30.585  17.274  -5.365 0.1111111119
64796  -30.570  17.974  -5.414 0.1111111119
118674  -30.695  17.974  -5.474 0.1111111119
99157  -30.949  18.488  -6.297 0.1111111119
99150  -31.351  18.972  -7.017 0.1111111119
103539  -30.829  15.841  -4.006 0.1111111119
99148  -31.132  15.810  -3.576 0.1111111119
102318  -31.453  16.524  -4.370 0.1111111119
50703  -40.234  1.065  -6.200 0.1111111119
105002  -34.422  8.070  -8.250 0.1111111119
62216  -26.884  13.552  -15.052 0.4444444478
100794  -30.836  11.078  -15.676 0.4444444478
110500  -31.295  11.401  -14.741 0.3333333433
59578  -31.628  10.850  -13.884 0.2222222239
59575  -31.858  10.303  -12.781 0.1111111119
108353  -32.329  10.604  -11.049 0.1111111119
105628  -33.425  9.219  -9.220 0.1111111119
99910  -29.051  13.801  -16.114 0.4444444478
60448  -32.227  12.226  -11.645 0.2222222239
61353  -32.358  13.652  -11.328 0.1111111119
61346  -33.611  12.783  -10.002 0.1111111119
106730  -29.039  20.579  -8.979 0.2222222239
99874  -30.308  20.043  -9.353 0.1111111119
99155  -32.186  20.049  -8.427 0.1111111119
99143  -31.313  17.577  -5.400 0.1111111119
51659  -39.430  1.970  -4.412 0.1111111119
57741  -33.987  8.700  -8.696 0.1111111119
61361  -27.010  12.884  -14.669 0.4444444478
99116  -26.974  13.856  -15.076 0.4444444478
99123  -29.396  14.406  -15.146 0.4444444478
100027  -31.776  15.121  -16.063 0.4444444478
99121  -31.707  15.410  -14.683 0.2222222239
120949  -30.132  15.682  -4.995 0.1111111119
50693  -40.611  1.257  -5.399 0.1111111119
113494  -38.236  0.035  -6.526 0.1111111119
99803  -40.232  0.725  -6.065 0.1111111119
51650  -39.244  2.057  -3.035 0.1111111119
50683  -40.713  1.285  -4.264 0.1111111119
52671  -38.368  2.710  -3.476 0.1111111119
52676  -37.826  3.191  -4.902 0.1111111119
53733  -37.335  3.950  -5.781 0.1111111119
100216  -36.383  5.055  -6.392 0.1111111119
53732  -36.906  4.425  -6.082 0.1111111119
54805  -35.845  5.766  -6.506 0.1111111119
55848  -35.423  6.547  -6.586 0.1111111119
56831  -35.025  7.322  -6.829 0.1111111119
118931  -34.330  8.731  -8.219 0.1111111119
105815  -33.610  10.184  -9.285 0.1111111119
58628  -34.342  9.328  -8.189 0.1111111119
63108  -26.272  14.853  -12.662 0.4444444478
59548  -34.221  10.687  -8.831 0.1111111119
60423  -34.418  11.827  -9.043 0.1111111119
109118  -26.177  15.503  -10.309 0.2222222239
99888  -26.104  16.686  -12.350 0.3333333433
100902  -26.197  16.760  -11.093 0.2222222239
119315  -26.173  17.604  -11.566 0.2222222239
61338  -35.033  12.875  -9.695 0.1111111119
118390  -25.791  15.905  -7.339 0.1111111119
62203  -35.785  14.396  -10.550 0.1111111119
99152  -35.426  14.322  -8.503 0.1111111119
63988  -25.504  15.533  -6.606 0.1111111119
102514  -26.814  15.546  -6.631 0.1111111119
63991  -29.004  16.180  -5.949 0.1111111119
63074  -29.862  15.840  -5.297 0.1111111119
99162  -35.077  15.357  -8.624 0.1111111119
99719  -30.314  14.912  -3.923 0.1111111119
99610  -30.622  15.219  -3.553 0.1111111119
99163  -33.185  19.211  -8.306 0.1111111119
100895  -34.086  16.636  -8.015 0.1111111119
99142  -30.922  15.374  -3.382 0.1111111119
99172  -32.111  18.249  -5.574 0.1111111119
99149  -33.226  20.766  -6.926 0.1111111119
54819  -35.506  5.302  -8.676 0.1111111119
110369  -32.443  9.706  -11.002 0.1111111119
102659  -30.472  12.688  -15.914 0.4444444478
51658  -38.375  2.491  -4.599 0.1111111119
114643  -35.109  6.636  -7.571 0.1111111119
59563  -32.641  10.163  -10.400 0.1111111119
58627  -34.057  9.729  -8.724 0.1111111119
60456  -31.757  13.016  -14.109 0.2222222239
60441  -32.679  11.138  -10.389 0.1111111119
62202  -35.154  14.576  -10.611 0.1111111119
61347  -35.245  13.583  -10.301 0.1111111119
108223  -34.638  11.262  -8.292 0.1111111119
107272  -33.789  11.196  -9.357 0.1111111119
61354  -32.713  12.176  -10.403 0.2222222239
100051  -26.875  17.144  -12.373 0.3333333433
63111  -32.602  15.185  -12.418 0.2222222239
62213  -33.018  15.017  -12.648 0.1111111119
62208  -31.362  14.340  -9.968 0.1111111119
64810  -26.055  17.331  -11.986 0.3333333433
64803  -26.467  16.889  -9.271 0.1111111119
102874  -26.901  18.606  -11.072 0.3333333433
99671  -27.205  18.194  -11.969 0.3333333433
64811  -28.547  17.597  -11.034 0.2222222239
64812  -29.686  16.731  -10.354 0.1111111119
99715  -32.992  15.133  -9.538 0.1111111119
99169  -34.313  15.558  -9.264 0.1111111119
63989  -26.064  15.599  -6.286 0.1111111119
64793  -26.940  16.845  -6.653 0.1111111119
64801  -26.889  17.412  -8.073 0.1111111119
109265  -27.654  18.606  -8.587 0.1111111119
65607  -27.934  18.748  -9.802 0.3333333433
118614  -27.996  19.077  -7.837 0.1111111119
116694  -31.476  19.441  -9.200 0.1111111119
99904  -31.565  17.954  -9.163 0.1111111119
99528  -32.415  15.984  -8.707 0.1111111119
99983  -33.589  16.748  -8.164 0.1111111119
113411  -32.855  16.805  -8.349 0.1111111119
65595  -27.547  18.235  -6.348 0.1111111119
64794  -27.933  17.447  -6.100 0.1111111119
64795  -29.771  17.029  -5.555 0.1111111119
120652  -28.383  16.458  -6.131 0.1111111119
66324  -28.077  18.943  -6.915 0.1111111119
99967  -29.061  19.206  -5.885 0.1111111119
65596  -29.734  18.492  -5.577 0.1111111119
99160  -31.335  19.307  -6.638 0.1111111119
116455  -28.661  19.768  -7.944 0.1111111119
116193  -29.887  21.323  -9.069 0.1111111119
99166  -31.967  19.331  -9.039 0.1111111119
99780  -32.103  17.874  -8.633 0.1111111119
115118  -32.696  18.846  -8.422 0.1111111119
99920  -31.825  19.945  -7.258 0.1111111119
50715  -40.609  0.916  -6.011 0.1111111119
101410  -35.500  5.897  -7.499 0.1111111119
59557  -33.135  10.657  -9.846 0.1111111119
60434  -34.176  12.389  -9.532 0.1111111119
60424  -34.843  12.533  -8.887 0.1111111119
99170  -32.188  16.857  -4.362 0.1111111119
60416  -34.965  12.093  -7.901 0.1111111119
61331  -35.216  13.086  -8.597 0.1111111119
113534  -35.666  13.898  -9.197 0.1111111119
63990  -27.666  16.232  -6.455 0.1111111119
99161  -32.930  20.797  -8.317 0.1111111119
36462  -28.503  -12.706  5.414 0.2222222239
47862  -23.617  -1.806  -2.973 0.2222222239
47861  -23.292  -1.070  -3.450 0.2222222239
46938  -24.078  -2.497  -2.521 0.3333333433
114443  -27.757  12.883  -13.308 0.3333333433
61357  -28.082  13.097  -12.400 0.2222222239
63104  -25.705  14.304  -9.887 0.1111111119
63107  -26.489  14.791  -11.572 0.2222222239
46933  -23.704  -2.613  -1.601 0.2222222239
99549  -27.176  8.113  -8.492 0.1111111119
60432  -28.529  11.392  -9.910 0.1111111119
104837  -26.707  12.934  -10.178 0.1111111119
62195  -24.352  13.368  -9.017 0.1111111119
63103  -24.944  14.028  -9.402 0.1111111119
63098  -25.323  15.021  -9.305 0.1111111119
60439  -28.362  12.206  -10.607 0.1111111119
45097  -24.221  -4.529  -0.176 0.2222222239
51682  -21.980  3.377  -6.786 0.2222222239
50706  -21.277  2.130  -4.752 0.1111111119
52678  -20.904  3.757  -5.742 0.3333333433
62211  -27.270  14.002  -12.467 0.3333333433
62207  -27.360  14.026  -11.433 0.3333333433
62206  -26.891  13.803  -10.648 0.1111111119
61345  -27.544  12.922  -10.472 0.1111111119
61342  -25.298  13.122  -9.528 0.1111111119
60430  -27.272  11.714  -9.311 0.1111111119
61344  -27.004  12.314  -9.745 0.1111111119
61337  -25.519  12.017  -9.106 0.1111111119
47860  -36.552  -2.033  -3.244 0.1111111119
35390  -28.500  -13.029  5.875 0.1111111119
36463  -29.579  -12.314  5.875 0.1111111119
36447  -29.450  -12.642  6.314 0.1111111119
107742  -27.404  -13.135  6.390 0.1111111119
36461  -27.872  -12.528  5.353 0.1111111119
37586  -27.325  -12.062  5.180 0.1111111119
37594  -26.777  -10.954  4.444 0.1111111119
38683  -26.016  -10.567  4.751 0.1111111119
117218  -23.987  -4.790  0.463 0.1111111119
48796  -22.805  -0.615  -3.295 0.1111111119
47858  -22.983  -1.374  -2.549 0.1111111119
54820  -22.260  5.890  -8.261 0.2222222239
54822  -23.509  6.623  -9.026 0.2222222239
54816  -22.575  6.409  -8.149 0.2222222239
54817  -23.197  7.083  -7.994 0.2222222239
103727  -27.338  -12.467  5.829 0.1111111119
48805  -23.091  -0.317  -3.928 0.1111111119
35374  -28.747  -13.356  6.251 0.1111111119
35375  -29.172  -13.230  6.457 0.1111111119
36446  -26.624  -12.360  6.574 0.1111111119
36460  -26.659  -11.799  5.871 0.1111111119
109021  -25.670  -10.799  5.334 0.1111111119
38691  -25.466  -9.882  4.559 0.1111111119
40980  -25.513  -8.343  3.569 0.1111111119
108265  -24.236  -5.373  0.861 0.1111111119
45090  -23.693  -4.272  0.388 0.1111111119
54809  -22.241  6.221  -7.855 0.2222222239
55844  -23.816  7.527  -7.769 0.2222222239
56832  -24.267  7.795  -8.239 0.1111111119
34419  -28.967  -13.842  6.554 0.1111111119
55850  -23.752  7.525  -8.225 0.2222222239
119779  -24.416  7.437  -8.546 0.1111111119
54808  -21.396  6.018  -6.225 0.2222222239
48804  -22.910  0.360  -4.348 0.1111111119
41978  -25.345  -7.585  3.263 0.1111111119
37585  -26.518  -11.300  5.115 0.1111111119
35391  -29.089  -12.761  5.769 0.1111111119
46937  -23.240  -2.014  -2.023 0.1111111119
46932  -23.091  -2.139  -1.258 0.1111111119
35389  -27.947  -12.920  5.792 0.1111111119
35373  -28.148  -13.422  6.166 0.1111111119
112379  -23.914  -5.004  1.304 0.1111111119
107319  -22.779  6.695  -7.763 0.1111111119
36459  -25.728  -11.270  5.923 0.1111111119
44053  -24.409  -5.671  1.453 0.1111111119
45096  -23.871  -3.823  -0.302 0.1111111119
55851  -24.227  7.910  -8.000 0.1111111119
58625  -28.254  9.235  -8.704 0.1111111119
54800  -20.795  5.755  -5.416 0.1111111119
57737  -27.594  8.825  -8.495 0.1111111119
58629  -28.397  9.856  -8.969 0.1111111119
59556  -29.198  10.672  -10.060 0.1111111119
36448  -29.836  -12.007  6.620 0.1111111119
46956  -28.210  -2.874  -4.787 1.0000000000
49766  -30.737  0.249  -5.035 1.0000000000
49776  -30.982  1.026  -5.391 1.0000000000
49787  -25.042  0.918  -7.117 0.8888888955
49790  -27.366  0.552  -7.820 1.0000000000
50710  -30.485  1.400  -6.024 1.0000000000
50729  -27.686  1.213  -8.263 0.8888888955
50733  -27.274  1.698  -8.544 0.8888888955
51691  -28.576  2.180  -7.742 1.0000000000
51697  -26.389  2.500  -9.035 0.7777777910
52694  -33.926  3.726  -7.271 0.7777777910
52700  -28.038  2.831  -8.078 0.8888888955
52707  -24.804  3.034  -9.014 0.6666666865
52710  -24.504  3.778  -9.337 0.6666666865
52711  -25.321  3.453  -9.408 0.7777777910
52712  -27.165  3.619  -9.253 0.8888888955
53735  -21.455  4.867  -7.153 0.3333333433
53742  -33.424  3.754  -6.768 0.7777777910
53748  -30.651  4.646  -6.961 1.0000000000
53751  -23.212  5.056  -9.090 0.4444444478
53754  -27.339  4.466  -9.041 0.8888888955
54807  -20.705  5.856  -5.995 0.1111111119
54815  -21.993  5.703  -7.743 0.2222222239
54829  -25.927  4.877  -9.451 0.7777777910
54832  -31.514  3.940  -15.298 0.6666666865
54833  -32.059  3.713  -14.418 0.6666666865
54834  -33.025  3.636  -14.740 0.6666666865
54835  -32.171  3.612  -15.508 0.6666666865
54837  -31.583  4.062  -15.953 0.6666666865
54838  -32.133  3.934  -16.231 0.6666666865
55865  -33.225  4.469  -13.205 0.6666666865
55868  -30.931  4.768  -15.919 0.6666666865
55869  -32.479  4.396  -16.282 0.6666666865
55870  -33.074  4.139  -15.821 0.6666666865
55871  -31.384  4.999  -16.401 0.6666666865
56847  -31.905  6.834  -12.306 0.6666666865
57740  -30.190  8.013  -8.997 0.7777777910
57751  -31.285  8.156  -11.247 0.6666666865
57758  -31.999  8.623  -14.452 0.3333333433
57765  -29.457  7.855  -17.476 0.6666666865
58630  -29.190  9.959  -9.449 0.3333333433
58635  -30.047  9.213  -10.459 0.4444444478
58651  -28.671  9.496  -15.480 0.6666666865
59567  -29.496  10.652  -11.600 0.3333333433
60431  -27.795  11.977  -9.828 0.1111111119
60449  -32.394  11.633  -11.057 0.2222222239
61343  -26.160  12.578  -9.688 0.1111111119
61351  -28.121  13.153  -11.430 0.2222222239
62201  -26.182  13.497  -10.090 0.1111111119
62210  -32.569  13.299  -10.445 0.1111111119
63097  -24.354  14.267  -8.834 0.1111111119
63099  -31.379  15.348  -9.193 0.1111111119
63105  -26.312  14.620  -10.632 0.2222222239
63992  -29.488  15.951  -5.621 0.1111111119
64007  -26.169  16.039  -11.725 0.2222222239
64800  -26.058  16.260  -8.023 0.1111111119
65583  -28.376  18.905  -5.999 0.1111111119
99115  -29.716  11.771  -16.232 0.5555555820
99117  -30.662  11.871  -15.308 0.4444444478
99127  -32.867  15.138  -13.039 0.2222222239
99131  -32.880  15.243  -13.703 0.2222222239
99135  -26.311  18.140  -11.775 0.3333333433
99159  -30.077  19.486  -6.594 0.1111111119
99168  -29.433  20.469  -8.054 0.1111111119
99498  -26.107  8.192  -8.256 0.1111111119
99689  -35.364  3.850  -9.763 0.5555555820
99809  -31.194  20.255  -7.164 0.1111111119
99916  -28.908  19.405  -6.862 0.1111111119
99961  -27.542  14.275  -14.607 0.4444444478
104900  -29.551  19.703  -6.995 0.1111111119
109027  -28.430  -0.323  -6.866 1.0000000000
113710  -35.731  13.671  -9.946 0.1111111119
114222  -25.052  2.487  -8.671 0.7777777910
116969  -31.293  -9.667  2.606 0.3333333433
116996  -37.450  3.804  -5.175 0.1111111119
120141  -32.769  6.916  -13.179 0.5555555820
