#!ascii label  , from subject sub-v1s16x0051183_ses-1 vox2ras=TkReg
1050
66864  -44.613  23.224  23.429 0.0000000000
103860  -54.116  16.860  12.531 0.0000000000
71036  -50.047  32.044  21.779 0.0000000000
65866  -50.745  21.534  20.194 0.0000000000
65204  -51.576  20.218  26.788 0.0000000000
67414  -49.656  24.004  14.670 0.0000000000
69424  -50.904  28.647  13.280 0.0000000000
70573  -43.366  30.236  7.284 0.0000000000
63864  -44.696  18.929  30.007 0.0000000000
65834  -47.269  21.378  21.168 0.0000000000
98154  -48.690  20.652  17.179 0.0000000000
67380  -45.270  24.672  18.901 0.0000000000
108117  -51.715  36.209  17.621 0.0000000000
70478  -54.294  31.393  16.551 0.0000000000
71080  -50.717  32.228  13.468 0.0000000000
69995  -47.098  29.761  11.755 0.0000000000
70576  -47.693  30.331  6.769 0.0000000000
64055  -51.330  18.402  9.346 0.0000000000
68338  -46.315  25.601  26.517 0.0000000000
69351  -46.907  27.959  23.085 0.0000000000
66878  -55.989  24.561  20.555 0.0000000000
65802  -51.630  21.304  22.956 0.0000000000
64575  -47.292  18.985  23.349 0.0000000000
63897  -45.852  17.842  26.872 0.0000000000
64699  -51.720  19.845  12.732 0.0000000000
66480  -53.150  22.639  9.618 0.0000000000
69388  -48.473  28.820  17.995 0.0000000000
68407  -53.352  26.979  13.679 0.0000000000
106076  -50.866  25.154  9.348 0.0000000000
68416  -47.079  26.730  13.010 0.0000000000
69443  -42.463  28.188  11.614 0.0000000000
66370  -44.998  22.169  22.348 0.0000000000
66417  -45.445  22.987  19.741 0.0000000000
67360  -44.046  24.419  21.343 0.0000000000
72247  -50.354  34.287  14.182 0.0000000000
72890  -52.783  34.865  14.869 0.0000000000
72287  -50.959  34.105  11.557 0.0000000000
71110  -49.714  31.923  9.457 0.0000000000
63379  -52.821  17.447  11.011 0.0000000000
68811  -45.762  27.195  28.423 0.0000000000
68335  -48.096  26.811  27.025 0.0000000000
91837  -52.319  20.457  24.622 0.0000000000
107263  -49.989  19.696  23.580 0.0000000000
64568  -49.693  18.821  25.006 0.0000000000
63886  -45.511  18.361  28.511 0.0000000000
65210  -41.783  21.053  25.764 0.0000000000
66845  -42.095  23.723  25.676 0.0000000000
98698  -40.807  22.371  26.053 0.0000000000
64628  -52.056  19.966  17.934 0.0000000000
66450  -48.591  22.694  15.806 0.0000000000
64676  -50.736  19.794  14.569 0.0000000000
65918  -50.665  21.422  13.219 0.0000000000
65341  -52.131  21.499  11.474 0.0000000000
66957  -51.052  23.728  12.913 0.0000000000
69907  -48.225  30.011  22.574 0.0000000000
69913  -46.969  29.334  20.291 0.0000000000
70459  -48.772  30.809  19.500 0.0000000000
69966  -55.157  29.906  14.387 0.0000000000
69400  -53.687  28.915  15.959 0.0000000000
69426  -54.579  28.615  13.246 0.0000000000
68449  -54.619  27.209  10.561 0.0000000000
68435  -51.643  27.161  11.823 0.0000000000
67951  -48.999  25.738  11.637 0.0000000000
68933  -49.489  27.257  12.815 0.0000000000
70020  -45.422  29.424  8.905 0.0000000000
69454  -44.798  29.068  11.025 0.0000000000
70010  -42.587  29.840  9.938 0.0000000000
69999  -41.156  29.884  11.425 0.0000000000
71121  -40.940  31.275  9.230 0.0000000000
65850  -49.285  21.551  20.699 0.0000000000
102490  -49.942  20.228  19.003 0.0000000000
65273  -47.388  21.266  18.995 0.0000000000
66436  -46.980  22.710  17.652 0.0000000000
67394  -47.385  24.425  16.902 0.0000000000
72192  -51.588  33.920  20.653 0.0000000000
71046  -51.502  32.166  18.632 0.0000000000
72215  -53.369  33.638  17.519 0.0000000000
71064  -54.035  32.019  15.597 0.0000000000
70519  -50.770  30.809  13.909 0.0000000000
69974  -48.835  29.288  13.173 0.0000000000
70543  -48.511  30.805  11.306 0.0000000000
70565  -46.889  30.199  8.635 0.0000000000
70032  -44.927  29.635  6.654 0.0000000000
64710  -50.416  19.478  9.674 0.0000000000
67334  -46.587  23.716  25.371 0.0000000000
68349  -45.736  25.881  23.748 0.0000000000
67861  -47.616  25.457  25.680 0.0000000000
68839  -48.510  27.581  25.029 0.0000000000
70435  -50.566  30.576  24.468 0.0000000000
70998  -52.290  32.729  26.500 0.0000000000
71583  -52.018  33.321  24.418 0.0000000000
66407  -53.795  22.696  20.493 0.0000000000
66372  -53.467  22.889  22.364 0.0000000000
65837  -51.196  22.087  21.144 0.0000000000
65244  -49.449  20.965  21.934 0.0000000000
65242  -47.737  20.234  22.157 0.0000000000
65184  -51.478  20.444  28.426 0.0000000000
99007  -47.650  19.849  30.648 0.0000000000
64528  -48.766  18.999  28.883 0.0000000000
63899  -49.693  18.774  27.332 0.0000000000
63921  -47.341  17.936  25.342 0.0000000000
96141  -45.408  21.581  24.881 0.0000000000
64693  -57.732  18.593  12.147 0.0000000000
64651  -50.898  19.596  16.633 0.0000000000
105555  -53.145  18.900  14.227 0.0000000000
94192  -54.878  18.296  11.421 0.0000000000
64712  -54.218  19.631  9.794 0.0000000000
65945  -53.419  20.888  8.921 0.0000000000
66494  -52.330  22.508  8.119 0.0000000000
68854  -44.749  26.853  20.679 0.0000000000
68872  -46.280  27.255  18.697 0.0000000000
68392  -48.712  26.454  16.678 0.0000000000
69934  -50.836  29.670  17.409 0.0000000000
68892  -50.960  27.574  16.024 0.0000000000
67927  -50.554  25.422  14.486 0.0000000000
67435  -52.967  25.034  11.067 0.0000000000
67459  -53.296  24.920  7.650 0.0000000000
66498  -49.215  23.920  7.212 0.0000000000
69434  -46.708  28.766  12.729 0.0000000000
68929  -44.693  27.873  12.713 0.0000000000
68444  -42.182  26.834  12.117 0.0000000000
68941  -41.815  27.650  12.299 0.0000000000
69983  -40.118  29.568  12.845 0.0000000000
66369  -44.648  22.664  22.911 0.0000000000
66876  -44.280  23.582  21.664 0.0000000000
95214  -44.188  24.047  22.954 0.0000000000
72260  -50.543  34.144  13.060 0.0000000000
71679  -51.055  33.567  9.818 0.0000000000
62720  -53.663  17.513  11.383 0.0000000000
108658  -51.959  20.254  25.700 0.0000000000
64570  -51.143  19.743  24.760 0.0000000000
64550  -50.911  19.632  26.465 0.0000000000
65202  -41.324  20.287  26.364 0.0000000000
65779  -41.130  21.599  25.859 0.0000000000
65278  -52.269  20.930  19.319 0.0000000000
65288  -51.659  20.323  18.734 0.0000000000
66937  -49.013  23.024  15.258 0.0000000000
65909  -49.605  21.646  14.835 0.0000000000
66945  -49.752  23.232  14.318 0.0000000000
66967  -50.609  22.978  13.082 0.0000000000
67415  -50.254  23.989  14.023 0.0000000000
70450  -48.786  30.787  22.182 0.0000000000
70453  -47.916  30.495  20.732 0.0000000000
71038  -49.057  31.451  20.540 0.0000000000
69977  -52.665  29.407  13.691 0.0000000000
69979  -54.975  29.188  13.841 0.0000000000
69436  -53.739  28.445  12.753 0.0000000000
101598  -53.684  28.013  12.045 0.0000000000
68921  -51.343  28.160  12.960 0.0000000000
68934  -50.741  27.540  12.605 0.0000000000
68920  -50.068  28.160  13.125 0.0000000000
70026  -43.910  29.766  7.809 0.0000000000
94882  -44.056  29.377  9.081 0.0000000000
70564  -43.169  30.199  8.171 0.0000000000
70556  -42.215  30.474  9.452 0.0000000000
70571  -41.831  31.032  7.970 0.0000000000
65848  -47.485  21.445  20.560 0.0000000000
65863  -47.793  21.225  19.911 0.0000000000
97127  -47.012  21.548  19.823 0.0000000000
66906  -45.058  23.813  19.364 0.0000000000
66429  -46.344  22.764  18.455 0.0000000000
66915  -45.946  23.687  18.348 0.0000000000
101557  -47.220  23.544  17.103 0.0000000000
103991  -46.521  25.232  17.701 0.0000000000
72830  -51.883  35.433  19.832 0.0000000000
71610  -52.237  33.721  19.058 0.0000000000
72849  -52.577  34.932  18.053 0.0000000000
72262  -51.420  33.903  13.829 0.0000000000
72250  -52.738  33.792  15.134 0.0000000000
99480  -51.934  32.368  14.680 0.0000000000
71073  -52.623  31.574  14.814 0.0000000000
71079  -50.161  31.233  13.262 0.0000000000
70532  -49.561  30.847  12.758 0.0000000000
71089  -50.240  32.143  12.439 0.0000000000
70567  -48.855  30.951  8.029 0.0000000000
70559  -48.595  31.060  8.957 0.0000000000
70575  -47.172  30.245  7.766 0.0000000000
95041  -46.260  29.709  7.919 0.0000000000
70034  -46.692  29.938  6.220 0.0000000000
64063  -51.232  19.112  9.237 0.0000000000
67859  -46.859  24.138  25.686 0.0000000000
67335  -46.975  24.151  25.409 0.0000000000
67857  -47.488  25.341  26.041 0.0000000000
95498  -49.087  27.451  27.284 0.0000000000
68833  -48.732  27.205  25.942 0.0000000000
68834  -49.600  28.025  26.391 0.0000000000
69348  -49.628  28.790  24.995 0.0000000000
69888  -50.478  29.415  25.583 0.0000000000
70988  -51.848  32.408  27.328 0.0000000000
71010  -52.374  32.985  25.183 0.0000000000
72121  -51.536  33.703  24.325 0.0000000000
72773  -51.934  34.454  23.262 0.0000000000
72153  -51.144  34.435  23.207 0.0000000000
66419  -54.589  22.471  19.641 0.0000000000
66390  -54.192  23.305  20.961 0.0000000000
66364  -53.723  22.505  23.179 0.0000000000
65818  -53.005  22.166  22.750 0.0000000000
66388  -52.758  22.557  21.870 0.0000000000
65816  -51.201  21.810  21.950 0.0000000000
65836  -50.556  21.827  21.327 0.0000000000
65245  -50.811  20.980  22.683 0.0000000000
64576  -48.129  18.988  23.225 0.0000000000
64592  -48.421  19.712  22.647 0.0000000000
64591  -47.546  19.533  22.785 0.0000000000
63865  -45.565  19.300  30.260 0.0000000000
63878  -46.684  18.648  29.095 0.0000000000
63887  -47.281  18.447  28.427 0.0000000000
63889  -49.219  18.719  28.091 0.0000000000
91506  -47.919  18.069  27.099 0.0000000000
63910  -48.502  18.238  26.377 0.0000000000
63908  -46.188  17.746  26.041 0.0000000000
66853  -45.638  22.802  25.304 0.0000000000
106784  -43.698  22.600  25.408 0.0000000000
64670  -56.961  19.181  14.161 0.0000000000
65299  -49.099  20.235  17.798 0.0000000000
64638  -50.563  19.810  17.412 0.0000000000
64650  -50.090  19.922  16.742 0.0000000000
64688  -51.341  19.606  13.599 0.0000000000
64677  -51.515  19.192  14.415 0.0000000000
64024  -53.361  18.822  13.000 0.0000000000
64025  -54.896  18.784  12.457 0.0000000000
106356  -53.341  18.905  12.012 0.0000000000
64048  -54.265  18.984  10.622 0.0000000000
64705  -53.631  19.462  11.122 0.0000000000
66479  -52.551  22.435  10.965 0.0000000000
65938  -53.528  21.155  9.084 0.0000000000
98434  -53.323  22.021  9.012 0.0000000000
65944  -52.678  21.375  8.561 0.0000000000
66487  -53.226  22.933  8.508 0.0000000000
68842  -46.006  26.809  23.305 0.0000000000
68352  -44.676  26.354  22.232 0.0000000000
68847  -45.676  27.636  22.210 0.0000000000
69381  -47.660  29.073  18.784 0.0000000000
68873  -46.305  27.932  19.233 0.0000000000
68874  -47.716  28.040  18.089 0.0000000000
68385  -47.512  26.563  17.554 0.0000000000
68882  -48.516  27.805  17.472 0.0000000000
93117  -52.483  31.324  17.657 0.0000000000
70467  -50.706  31.010  18.211 0.0000000000
70477  -52.539  30.522  17.270 0.0000000000
68899  -53.684  27.932  14.849 0.0000000000
69399  -52.258  28.639  16.343 0.0000000000
68898  -52.097  27.526  15.375 0.0000000000
68400  -50.960  26.876  15.495 0.0000000000
68406  -52.018  26.533  14.270 0.0000000000
67938  -51.571  25.251  13.264 0.0000000000
67939  -52.737  26.069  12.550 0.0000000000
68453  -53.742  27.092  9.826 0.0000000000
106696  -54.051  26.531  9.531 0.0000000000
98610  -52.925  25.524  8.337 0.0000000000
67465  -51.040  24.155  6.632 0.0000000000
67457  -50.321  24.408  7.107 0.0000000000
67455  -48.050  24.031  8.448 0.0000000000
67449  -48.627  24.367  8.984 0.0000000000
68432  -48.421  26.112  12.325 0.0000000000
67960  -47.944  25.134  11.648 0.0000000000
106876  -48.199  29.539  12.761 0.0000000000
69435  -47.598  28.822  13.000 0.0000000000
69985  -46.687  29.332  12.075 0.0000000000
69445  -43.880  28.395  11.601 0.0000000000
69432  -44.584  28.365  12.088 0.0000000000
68928  -43.861  27.935  12.314 0.0000000000
68914  -43.937  27.341  12.972 0.0000000000
68943  -42.419  27.623  11.878 0.0000000000
68443  -42.279  26.529  12.418 0.0000000000
69442  -41.896  28.413  11.701 0.0000000000
70547  -40.699  30.581  10.929 0.0000000000
70540  -40.562  30.181  11.657 0.0000000000
70539  -39.781  30.510  11.769 0.0000000000
70529  -39.530  30.236  12.448 0.0000000000
65833  -46.441  21.464  21.414 0.0000000000
66405  -45.875  22.240  20.165 0.0000000000
66404  -45.151  22.785  20.618 0.0000000000
66891  -44.448  23.648  20.713 0.0000000000
67379  -44.693  24.608  19.624 0.0000000000
73483  -52.817  36.129  15.971 0.0000000000
72888  -51.277  34.857  14.490 0.0000000000
72261  -51.130  34.161  13.165 0.0000000000
71676  -50.877  33.529  11.510 0.0000000000
71099  -50.285  32.509  11.306 0.0000000000
105258  -50.945  33.541  10.606 0.0000000000
71123  -51.044  32.673  8.535 0.0000000000
63389  -52.721  18.021  10.184 0.0000000000
96582  -46.404  26.421  26.949 0.0000000000
68339  -47.117  25.762  26.432 0.0000000000
68821  -47.565  27.206  27.725 0.0000000000
65231  -52.022  20.796  23.797 0.0000000000
65229  -50.416  20.250  23.249 0.0000000000
65221  -50.687  19.811  24.046 0.0000000000
64578  -49.907  19.223  24.146 0.0000000000
63940  -48.496  18.653  23.946 0.0000000000
63877  -45.695  18.737  29.404 0.0000000000
63885  -44.668  18.277  28.098 0.0000000000
65786  -42.674  21.571  25.494 0.0000000000
66347  -42.773  22.470  25.405 0.0000000000
65785  -41.765  22.182  25.570 0.0000000000
66341  -41.452  23.097  25.768 0.0000000000
65900  -48.629  21.820  16.147 0.0000000000
92722  -49.746  20.271  16.066 0.0000000000
65317  -49.625  20.837  15.431 0.0000000000
65330  -50.613  20.576  13.799 0.0000000000
65331  -51.162  20.569  12.965 0.0000000000
65335  -51.923  20.572  12.000 0.0000000000
65926  -51.288  21.437  12.419 0.0000000000
66473  -51.613  22.288  11.997 0.0000000000
66976  -52.018  23.196  11.579 0.0000000000
69356  -47.140  28.736  22.598 0.0000000000
69905  -46.738  29.005  21.838 0.0000000000
108372  -47.024  29.402  21.536 0.0000000000
69911  -47.538  29.998  20.331 0.0000000000
69915  -48.263  30.095  19.148 0.0000000000
70497  -55.207  30.313  15.108 0.0000000000
69946  -54.125  29.608  16.160 0.0000000000
69957  -55.316  29.826  14.961 0.0000000000
69414  -54.770  28.715  13.713 0.0000000000
68922  -54.281  27.552  12.867 0.0000000000
68420  -54.520  27.309  12.021 0.0000000000
68937  -54.553  27.429  11.492 0.0000000000
68448  -54.198  27.415  10.339 0.0000000000
68446  -51.011  26.436  11.165 0.0000000000
67961  -49.845  25.673  10.933 0.0000000000
68445  -49.825  26.241  11.694 0.0000000000
68433  -49.265  26.481  12.283 0.0000000000
68417  -48.017  26.694  12.856 0.0000000000
70014  -45.982  29.692  9.663 0.0000000000
69993  -45.521  29.288  11.218 0.0000000000
70004  -45.158  29.307  10.552 0.0000000000
70003  -43.699  29.105  10.279 0.0000000000
70002  -42.891  29.271  10.471 0.0000000000
69450  -41.901  29.111  11.311 0.0000000000
70009  -41.900  30.105  10.304 0.0000000000
70555  -41.508  30.759  9.815 0.0000000000
71120  -40.185  31.419  9.553 0.0000000000
65865  -49.739  21.384  20.180 0.0000000000
65276  -50.250  20.753  19.579 0.0000000000
65275  -49.232  20.501  19.385 0.0000000000
65285  -48.682  20.344  18.560 0.0000000000
65284  -47.976  20.756  18.403 0.0000000000
65877  -46.668  21.954  19.114 0.0000000000
66430  -47.035  21.968  18.301 0.0000000000
65884  -47.515  21.920  17.565 0.0000000000
66442  -47.610  22.632  17.009 0.0000000000
66929  -48.277  23.156  16.119 0.0000000000
67401  -48.657  24.385  15.796 0.0000000000
71605  -51.166  33.330  21.073 0.0000000000
71607  -50.290  32.492  20.438 0.0000000000
71609  -51.617  33.392  19.693 0.0000000000
71613  -52.839  33.113  18.298 0.0000000000
71050  -54.285  32.286  16.650 0.0000000000
72224  -53.670  34.317  16.019 0.0000000000
72225  -54.029  33.266  16.062 0.0000000000
71055  -54.571  31.775  16.041 0.0000000000
71074  -54.027  31.411  15.134 0.0000000000
69965  -53.257  30.068  14.149 0.0000000000
99826  -51.214  29.270  13.552 0.0000000000
91423  -50.167  29.008  13.390 0.0000000000
69976  -50.439  29.811  13.626 0.0000000000
70531  -48.712  30.406  12.311 0.0000000000
70542  -47.312  30.296  11.090 0.0000000000
71098  -48.984  31.462  10.446 0.0000000000
97676  -48.043  30.749  10.574 0.0000000000
70557  -46.696  30.165  9.510 0.0000000000
70021  -46.189  29.743  8.843 0.0000000000
96508  -45.436  29.466  7.971 0.0000000000
70574  -44.147  29.893  6.955 0.0000000000
67341  -45.894  23.445  24.639 0.0000000000
67348  -44.774  23.872  23.879 0.0000000000
67349  -45.465  24.651  24.116 0.0000000000
68350  -46.617  26.250  24.085 0.0000000000
68837  -47.275  26.751  24.352 0.0000000000
101992  -47.879  25.894  26.107 0.0000000000
68832  -48.205  26.929  25.376 0.0000000000
69346  -48.112  27.961  24.182 0.0000000000
69353  -48.363  28.766  23.772 0.0000000000
69903  -49.618  30.034  23.879 0.0000000000
70451  -49.742  31.123  22.824 0.0000000000
69874  -51.930  30.778  27.267 0.0000000000
108200  -51.416  30.783  25.486 0.0000000000
71025  -51.496  32.192  24.157 0.0000000000
71598  -51.179  32.734  22.551 0.0000000000
71602  -51.767  33.795  22.352 0.0000000000
72799  -52.151  35.511  21.748 0.0000000000
72816  -51.736  36.076  20.440 0.0000000000
65854  -53.347  22.108  20.185 0.0000000000
65853  -52.245  21.986  20.502 0.0000000000
66871  -54.656  24.006  22.082 0.0000000000
66877  -54.851  24.071  21.187 0.0000000000
101962  -53.191  22.769  21.230 0.0000000000
66387  -51.920  22.241  20.975 0.0000000000
65852  -51.340  21.968  20.644 0.0000000000
65851  -50.380  21.825  20.781 0.0000000000
94583  -48.831  21.558  21.020 0.0000000000
65258  -47.930  20.923  21.517 0.0000000000
64593  -49.251  20.153  22.590 0.0000000000
65243  -48.610  20.518  22.002 0.0000000000
65257  -47.050  20.833  21.777 0.0000000000
65814  -46.185  21.023  22.153 0.0000000000
109450  -48.936  20.116  30.543 0.0000000000
64517  -47.107  19.093  29.749 0.0000000000
64518  -48.514  19.414  29.679 0.0000000000
64519  -49.767  19.817  29.506 0.0000000000
64520  -50.258  19.775  29.036 0.0000000000
64538  -49.945  19.060  28.033 0.0000000000
64539  -50.476  19.399  27.432 0.0000000000
63924  -49.728  18.800  25.885 0.0000000000
63922  -48.198  18.181  25.481 0.0000000000
63930  -46.922  18.192  24.623 0.0000000000
66355  -45.591  22.129  24.863 0.0000000000
66854  -46.138  22.976  25.143 0.0000000000
93452  -46.180  23.424  25.491 0.0000000000
67327  -45.678  24.084  25.948 0.0000000000
105236  -45.317  25.767  26.617 0.0000000000
63353  -57.024  18.436  14.259 0.0000000000
63359  -57.343  17.734  12.603 0.0000000000
63369  -57.369  17.841  11.685 0.0000000000
64627  -51.084  19.896  18.095 0.0000000000
64639  -51.461  19.673  17.293 0.0000000000
109307  -50.724  19.607  15.356 0.0000000000
93423  -52.112  19.149  15.773 0.0000000000
64667  -54.188  19.370  14.881 0.0000000000
64691  -55.850  19.227  13.114 0.0000000000
64038  -57.213  18.430  11.678 0.0000000000
63367  -54.819  17.868  11.460 0.0000000000
109249  -54.436  18.380  11.189 0.0000000000
63390  -53.769  18.231  10.836 0.0000000000
64065  -53.045  19.108  9.294 0.0000000000
65343  -54.022  19.959  10.379 0.0000000000
65354  -54.103  19.948  9.475 0.0000000000
64718  -52.968  19.658  9.030 0.0000000000
64717  -52.012  19.720  8.887 0.0000000000
65351  -51.682  20.623  8.851 0.0000000000
65942  -50.107  22.461  8.840 0.0000000000
67873  -44.314  25.530  22.328 0.0000000000
68355  -44.292  26.053  21.413 0.0000000000
68367  -44.762  25.974  19.825 0.0000000000
69361  -45.559  27.965  20.901 0.0000000000
68864  -45.594  27.165  19.400 0.0000000000
68374  -45.803  26.478  18.752 0.0000000000
68384  -46.773  26.190  17.849 0.0000000000
67913  -48.320  25.756  16.569 0.0000000000
67402  -48.995  25.136  15.832 0.0000000000
70460  -49.811  31.467  19.157 0.0000000000
70466  -49.788  30.804  18.591 0.0000000000
69933  -49.873  29.505  17.684 0.0000000000
69945  -52.797  29.280  16.605 0.0000000000
69390  -50.399  28.903  17.170 0.0000000000
69397  -50.003  28.238  16.943 0.0000000000
99618  -49.436  27.042  16.608 0.0000000000
68399  -50.129  26.263  15.525 0.0000000000
67409  -50.084  24.769  14.560 0.0000000000
67421  -50.859  24.330  13.411 0.0000000000
67443  -52.406  24.002  11.080 0.0000000000
96799  -53.760  26.127  10.639 0.0000000000
67964  -53.766  25.748  9.665 0.0000000000
66988  -53.246  24.048  7.916 0.0000000000
66995  -52.930  24.455  6.927 0.0000000000
96742  -50.138  23.285  7.638 0.0000000000
67442  -48.697  24.795  10.569 0.0000000000
69423  -49.304  28.723  13.280 0.0000000000
100520  -48.333  27.866  13.205 0.0000000000
68917  -46.981  27.475  13.185 0.0000000000
69447  -45.961  28.967  12.054 0.0000000000
68930  -45.511  27.896  12.973 0.0000000000
68916  -45.807  27.276  13.203 0.0000000000
68413  -44.445  26.684  13.227 0.0000000000
103676  -43.294  26.202  12.993 0.0000000000
67946  -42.128  25.068  12.028 0.0000000000
69992  -41.495  29.157  11.686 0.0000000000
69431  -40.996  28.638  12.575 0.0000000000
98693  -43.007  30.530  5.795 0.0000000000
104347  -41.278  31.061  6.576 0.0000000000
71143  -40.162  31.343  7.541 0.0000000000
92146  -39.265  31.391  7.968 0.0000000000
71118  -38.583  31.455  9.347 0.0000000000
66869  -44.330  23.458  22.538 0.0000000000
62707  -53.952  17.131  11.899 0.0000000000
65195  -52.928  20.892  26.655 0.0000000000
65217  -52.881  20.613  25.822 0.0000000000
98530  -52.201  20.454  26.225 0.0000000000
94227  -51.565  20.064  25.980 0.0000000000
65867  -51.742  21.534  20.074 0.0000000000
65277  -51.224  20.819  19.531 0.0000000000
100184  -49.133  23.850  15.231 0.0000000000
66944  -49.389  23.349  14.829 0.0000000000
71031  -49.451  31.418  22.047 0.0000000000
108523  -48.983  31.160  21.660 0.0000000000
71035  -49.255  31.505  21.321 0.0000000000
98884  -53.796  28.943  13.217 0.0000000000
69425  -52.228  28.726  13.234 0.0000000000
108926  -52.595  28.245  12.703 0.0000000000
70563  -42.432  30.621  8.544 0.0000000000
70572  -42.591  30.638  7.628 0.0000000000
65847  -46.603  21.698  20.566 0.0000000000
66914  -45.486  23.935  18.753 0.0000000000
67386  -45.726  24.331  18.427 0.0000000000
67387  -46.168  24.356  17.942 0.0000000000
101651  -45.851  25.016  18.304 0.0000000000
72848  -51.980  35.402  18.730 0.0000000000
73464  -52.218  35.743  17.744 0.0000000000
71653  -51.382  32.886  14.014 0.0000000000
71072  -51.423  31.691  14.370 0.0000000000
99142  -48.061  30.570  7.614 0.0000000000
108912  -46.710  29.971  7.152 0.0000000000
63388  -51.528  17.863  9.781 0.0000000000
63387  -50.377  17.816  9.553 0.0000000000
67856  -46.999  24.854  26.084 0.0000000000
68829  -49.596  27.941  27.199 0.0000000000
69333  -50.378  28.686  27.145 0.0000000000
95315  -50.466  29.010  26.403 0.0000000000
72130  -51.733  34.073  23.754 0.0000000000
66893  -55.474  23.820  20.210 0.0000000000
65817  -52.168  21.949  22.360 0.0000000000
64590  -46.889  19.519  23.082 0.0000000000
64574  -46.602  19.201  23.631 0.0000000000
91336  -46.384  18.186  28.003 0.0000000000
108128  -47.340  18.182  27.702 0.0000000000
91335  -46.896  17.872  26.838 0.0000000000
65788  -44.540  21.387  25.330 0.0000000000
66349  -44.837  22.132  25.323 0.0000000000
66348  -43.670  21.881  25.408 0.0000000000
64668  -55.598  20.031  15.305 0.0000000000
64637  -49.776  20.045  17.512 0.0000000000
65310  -49.355  20.283  16.914 0.0000000000
64689  -52.296  19.123  12.929 0.0000000000
64700  -52.494  19.597  12.026 0.0000000000
66495  -53.044  22.041  8.608 0.0000000000
68848  -46.191  27.541  22.863 0.0000000000
106411  -45.655  27.145  22.671 0.0000000000
109226  -53.435  31.058  17.129 0.0000000000
68906  -52.866  27.228  14.528 0.0000000000
105689  -51.719  26.847  14.934 0.0000000000
68418  -52.358  26.251  13.456 0.0000000000
68419  -53.708  26.797  12.786 0.0000000000
98904  -52.145  25.727  9.287 0.0000000000
67971  -53.545  26.388  9.349 0.0000000000
67970  -51.541  24.866  8.168 0.0000000000
67450  -49.948  24.556  8.555 0.0000000000
67969  -49.810  24.960  9.893 0.0000000000
68431  -47.516  25.899  12.497 0.0000000000
67950  -46.566  25.800  12.716 0.0000000000
68415  -46.160  26.596  13.099 0.0000000000
69986  -47.342  29.383  12.388 0.0000000000
69994  -46.382  29.665  11.311 0.0000000000
69452  -43.194  28.676  11.085 0.0000000000
69444  -43.068  28.039  11.739 0.0000000000
68942  -42.362  27.526  12.028 0.0000000000
70546  -40.006  30.842  11.103 0.0000000000
66386  -45.787  21.999  20.990 0.0000000000
66385  -45.111  22.413  21.491 0.0000000000
66905  -44.557  23.977  19.960 0.0000000000
67370  -44.305  24.539  20.374 0.0000000000
73489  -51.815  36.079  15.489 0.0000000000
72276  -50.994  34.081  12.297 0.0000000000
109437  -51.026  33.873  12.000 0.0000000000
71685  -51.214  33.299  8.811 0.0000000000
71135  -49.957  31.546  7.519 0.0000000000
62718  -52.008  16.816  11.400 0.0000000000
68328  -45.634  26.752  27.567 0.0000000000
68820  -46.553  27.090  27.656 0.0000000000
65222  -51.534  20.196  24.310 0.0000000000
64569  -50.515  19.331  24.842 0.0000000000
95578  -49.238  18.812  24.207 0.0000000000
63932  -48.774  18.484  24.790 0.0000000000
64557  -42.953  19.823  25.950 0.0000000000
65211  -42.764  20.667  25.704 0.0000000000
66340  -40.832  23.262  26.195 0.0000000000
65901  -49.208  21.467  15.628 0.0000000000
99299  -50.181  21.499  14.011 0.0000000000
65925  -50.866  22.233  12.755 0.0000000000
66968  -51.262  23.071  12.419 0.0000000000
69901  -47.863  29.195  22.986 0.0000000000
69906  -47.409  29.552  22.059 0.0000000000
70457  -48.529  30.948  20.267 0.0000000000
70456  -48.050  30.421  19.901 0.0000000000
68908  -54.523  28.201  12.920 0.0000000000
68923  -54.472  27.765  12.222 0.0000000000
68936  -54.425  27.953  12.241 0.0000000000
68945  -53.308  27.552  11.392 0.0000000000
68447  -52.732  27.007  10.795 0.0000000000
68434  -50.276  26.807  12.166 0.0000000000
68932  -48.746  26.750  12.733 0.0000000000
68919  -48.557  27.303  13.055 0.0000000000
70013  -45.230  29.396  9.817 0.0000000000
70012  -44.622  29.314  9.297 0.0000000000
70011  -43.424  29.519  9.583 0.0000000000
107254  -44.061  29.252  9.636 0.0000000000
70001  -42.172  29.461  10.716 0.0000000000
70562  -41.709  31.024  8.908 0.0000000000
70554  -40.830  30.990  10.129 0.0000000000
65864  -48.705  21.157  20.066 0.0000000000
65274  -48.225  20.707  19.257 0.0000000000
101146  -46.409  21.936  19.800 0.0000000000
66418  -46.044  22.483  19.363 0.0000000000
65892  -48.069  21.862  16.901 0.0000000000
66928  -47.837  23.268  16.550 0.0000000000
102371  -47.665  23.904  16.583 0.0000000000
101196  -48.177  23.795  16.192 0.0000000000
67400  -48.009  24.479  16.428 0.0000000000
71608  -50.939  32.923  20.080 0.0000000000
72204  -52.718  34.007  18.269 0.0000000000
71619  -53.594  32.718  17.489 0.0000000000
72878  -52.753  35.633  14.907 0.0000000000
72871  -53.324  35.362  15.956 0.0000000000
72879  -53.249  35.176  15.353 0.0000000000
71638  -53.624  33.016  15.721 0.0000000000
71626  -54.389  32.556  16.214 0.0000000000
71065  -54.598  31.182  15.557 0.0000000000
70505  -52.081  30.778  14.432 0.0000000000
69964  -51.588  30.024  13.944 0.0000000000
70518  -49.872  30.349  13.353 0.0000000000
71111  -50.348  32.578  10.295 0.0000000000
106406  -49.438  31.760  11.062 0.0000000000
70558  -47.531  30.570  9.276 0.0000000000
70550  -48.313  30.965  9.837 0.0000000000
70549  -47.339  30.485  10.140 0.0000000000
70029  -46.096  29.642  7.083 0.0000000000
108085  -45.806  29.551  7.544 0.0000000000
70028  -45.454  29.545  7.202 0.0000000000
70027  -44.721  29.562  7.487 0.0000000000
98560  -49.850  18.815  9.809 0.0000000000
65346  -50.709  20.318  9.458 0.0000000000
67342  -46.666  23.691  24.978 0.0000000000
67864  -47.257  24.813  25.346 0.0000000000
106829  -46.730  24.910  24.689 0.0000000000
68345  -47.255  25.723  24.894 0.0000000000
68340  -47.743  26.124  26.424 0.0000000000
68341  -48.289  26.667  26.453 0.0000000000
68838  -47.870  27.212  24.648 0.0000000000
69347  -48.834  28.348  24.588 0.0000000000
69899  -50.139  29.717  24.693 0.0000000000
69898  -49.190  29.168  24.173 0.0000000000
70446  -49.160  30.400  23.083 0.0000000000
70447  -50.373  30.996  23.731 0.0000000000
70411  -52.132  31.619  27.721 0.0000000000
98872  -52.325  31.773  26.814 0.0000000000
71033  -51.420  32.557  23.473 0.0000000000
71599  -51.884  33.711  23.555 0.0000000000
72781  -52.147  34.947  22.588 0.0000000000
107358  -52.015  36.076  21.170 0.0000000000
73442  -51.290  36.310  20.589 0.0000000000
66420  -55.943  22.907  19.010 0.0000000000
66406  -52.765  22.362  20.825 0.0000000000
66373  -54.156  23.250  22.685 0.0000000000
66870  -54.054  23.460  21.869 0.0000000000
66389  -53.462  23.059  21.710 0.0000000000
66371  -51.945  22.182  21.522 0.0000000000
107976  -52.478  22.407  21.284 0.0000000000
65815  -50.272  21.416  21.940 0.0000000000
65260  -49.656  21.621  21.262 0.0000000000
65259  -48.780  21.251  21.397 0.0000000000
65228  -49.769  19.987  23.079 0.0000000000
65161  -48.731  20.304  31.014 0.0000000000
64506  -48.397  19.891  30.444 0.0000000000
63879  -47.766  18.866  29.165 0.0000000000
92907  -49.189  19.475  29.401 0.0000000000
64529  -49.677  19.300  28.785 0.0000000000
63898  -48.842  18.346  27.276 0.0000000000
63900  -50.120  19.017  26.559 0.0000000000
63911  -49.344  18.566  26.518 0.0000000000
63909  -47.631  17.939  26.183 0.0000000000
63931  -47.844  18.262  24.581 0.0000000000
65795  -45.373  20.858  24.460 0.0000000000
91699  -45.306  21.556  24.213 0.0000000000
66350  -45.649  22.162  25.029 0.0000000000
66851  -43.012  23.343  25.424 0.0000000000
67853  -43.748  25.389  26.507 0.0000000000
67854  -44.896  25.147  26.312 0.0000000000
67848  -44.282  25.989  26.912 0.0000000000
68333  -44.887  26.379  27.343 0.0000000000
99397  -56.429  18.156  15.109 0.0000000000
64008  -56.889  18.802  15.157 0.0000000000
64680  -57.323  18.823  12.911 0.0000000000
64016  -57.373  18.546  13.311 0.0000000000
63360  -58.050  18.048  12.329 0.0000000000
64040  -58.132  18.222  11.830 0.0000000000
65287  -50.711  20.231  18.900 0.0000000000
64626  -50.132  20.026  18.212 0.0000000000
64663  -50.205  20.156  15.309 0.0000000000
106092  -50.441  19.769  15.978 0.0000000000
64666  -52.327  18.991  14.876 0.0000000000
108140  -53.159  19.023  14.932 0.0000000000
64690  -54.407  19.054  13.680 0.0000000000
64037  -55.743  18.469  11.639 0.0000000000
63380  -56.138  18.127  11.467 0.0000000000
64057  -53.655  18.894  9.817 0.0000000000
97692  -52.980  20.223  11.132 0.0000000000
104813  -52.609  20.918  10.959 0.0000000000
65347  -53.858  20.375  9.339 0.0000000000
65353  -53.643  20.132  9.162 0.0000000000
65352  -52.855  20.383  8.779 0.0000000000
65943  -51.488  21.805  8.640 0.0000000000
65937  -50.609  21.237  9.429 0.0000000000
66493  -51.160  22.680  8.160 0.0000000000
67868  -44.437  24.810  23.179 0.0000000000
68348  -44.818  25.718  23.158 0.0000000000
68851  -44.715  26.875  21.423 0.0000000000
109637  -44.476  26.524  20.999 0.0000000000
68358  -44.480  26.130  20.513 0.0000000000
68359  -44.950  26.649  19.978 0.0000000000
69909  -46.669  29.182  21.113 0.0000000000
69358  -46.127  28.573  21.390 0.0000000000
69362  -46.240  28.618  20.564 0.0000000000
68375  -46.401  26.580  18.344 0.0000000000
67900  -46.125  25.859  18.267 0.0000000000
68386  -48.251  26.877  17.299 0.0000000000
67906  -47.967  26.106  17.051 0.0000000000
93143  -48.442  25.126  16.266 0.0000000000
67914  -48.896  25.759  16.185 0.0000000000
90901  -50.292  32.170  19.586 0.0000000000
71045  -50.663  31.748  18.797 0.0000000000
70476  -51.261  30.384  17.603 0.0000000000
69924  -50.262  30.279  17.929 0.0000000000
69923  -49.416  30.062  18.223 0.0000000000
106583  -53.095  29.906  16.734 0.0000000000
68893  -51.794  28.029  16.040 0.0000000000
69398  -50.936  28.328  16.537 0.0000000000
68883  -49.361  27.742  17.010 0.0000000000
68891  -50.108  27.654  16.535 0.0000000000
68405  -50.915  26.159  14.849 0.0000000000
67922  -50.085  25.501  15.059 0.0000000000
67937  -50.713  24.918  13.970 0.0000000000
67952  -52.205  25.125  12.276 0.0000000000
67422  -51.424  24.475  12.825 0.0000000000
106836  -54.748  27.163  11.268 0.0000000000
68436  -54.162  26.737  11.830 0.0000000000
67954  -54.630  26.843  10.821 0.0000000000
67972  -53.488  25.643  8.675 0.0000000000
67451  -53.464  24.825  8.748 0.0000000000
67464  -49.824  23.962  6.813 0.0000000000
66993  -50.479  23.922  6.659 0.0000000000
66491  -48.239  23.533  8.684 0.0000000000
67433  -46.912  24.960  12.092 0.0000000000
67440  -47.080  24.340  11.165 0.0000000000
100774  -47.873  28.167  13.186 0.0000000000
69421  -47.207  28.122  13.156 0.0000000000
68918  -47.735  27.465  13.154 0.0000000000
69446  -45.133  28.795  11.726 0.0000000000
69433  -45.319  28.394  12.419 0.0000000000
68915  -44.935  27.334  13.184 0.0000000000
68414  -45.313  26.628  13.221 0.0000000000
68430  -43.069  26.837  12.804 0.0000000000
95924  -42.492  26.066  12.660 0.0000000000
68429  -42.157  25.673  12.305 0.0000000000
68927  -41.656  27.424  12.918 0.0000000000
101315  -41.373  28.079  12.628 0.0000000000
70000  -41.625  29.654  11.050 0.0000000000
69990  -40.354  29.859  12.284 0.0000000000
69991  -40.972  29.327  12.088 0.0000000000
69984  -40.651  29.210  12.569 0.0000000000
71144  -41.137  31.193  7.351 0.0000000000
93614  -40.488  31.254  6.647 0.0000000000
71142  -39.231  31.533  7.129 0.0000000000
71132  -39.363  31.465  8.955 0.0000000000
66384  -44.625  22.905  22.032 0.0000000000
100512  -44.028  24.038  22.165 0.0000000000
72275  -50.515  34.148  12.054 0.0000000000
109645  -51.031  33.940  10.373 0.0000000000
72298  -50.800  34.023  10.373 0.0000000000
72310  -50.818  33.712  9.406 0.0000000000
72321  -50.913  33.508  8.423 0.0000000000
106161  -45.981  27.357  29.487 0.0000000000
68812  -46.935  27.387  28.658 0.0000000000
65216  -52.403  20.364  25.399 0.0000000000
65215  -51.749  20.033  25.163 0.0000000000
64562  -51.065  19.628  25.483 0.0000000000
64561  -50.363  19.176  25.703 0.0000000000
65203  -42.178  20.145  26.085 0.0000000000
104747  -40.994  20.979  26.031 0.0000000000
65868  -52.835  21.555  19.808 0.0000000000
65289  -52.671  20.435  18.530 0.0000000000
100134  -49.079  22.196  15.411 0.0000000000
66458  -49.424  22.620  14.770 0.0000000000
66459  -49.869  22.369  14.158 0.0000000000
66467  -50.337  22.249  13.474 0.0000000000
66956  -50.172  23.065  13.721 0.0000000000
107270  -50.531  23.602  13.419 0.0000000000
70449  -47.942  30.349  21.645 0.0000000000
70454  -48.580  30.983  21.182 0.0000000000
71041  -49.005  31.301  19.920 0.0000000000
69978  -54.511  29.311  13.646 0.0000000000
68935  -52.167  27.771  12.328 0.0000000000
70019  -44.525  29.429  8.426 0.0000000000
70018  -43.662  29.686  8.667 0.0000000000
70017  -42.947  30.104  9.069 0.0000000000
65849  -48.327  21.392  20.623 0.0000000000
66428  -45.690  23.263  18.973 0.0000000000
66922  -46.497  23.549  17.754 0.0000000000
67393  -46.777  24.347  17.411 0.0000000000
72193  -51.865  34.587  20.140 0.0000000000
72831  -52.223  34.624  19.057 0.0000000000
95781  -53.064  34.482  17.535 0.0000000000
72249  -52.010  34.351  14.488 0.0000000000
71654  -51.966  33.332  14.620 0.0000000000
71655  -52.926  32.493  15.246 0.0000000000
71088  -49.427  31.376  11.890 0.0000000000
70566  -47.772  30.590  8.412 0.0000000000
70033  -45.734  29.661  6.440 0.0000000000
64054  -50.453  18.559  9.512 0.0000000000
67860  -47.205  24.639  25.708 0.0000000000
68336  -48.661  27.076  27.029 0.0000000000
68828  -49.008  27.315  26.752 0.0000000000
69342  -49.217  28.012  25.446 0.0000000000
69343  -49.849  28.575  25.756 0.0000000000
90933  -52.489  33.214  25.830 0.0000000000
71564  -52.085  33.394  25.121 0.0000000000
71565  -51.762  33.666  24.120 0.0000000000
72131  -51.952  34.090  23.642 0.0000000000
66408  -55.009  23.129  19.883 0.0000000000
64577  -49.177  19.292  23.360 0.0000000000
65241  -46.774  20.201  22.557 0.0000000000
93490  -46.086  18.449  28.782 0.0000000000
63888  -48.184  18.434  28.110 0.0000000000
91333  -46.908  17.783  25.937 0.0000000000
107277  -45.113  21.057  25.098 0.0000000000
65789  -45.267  21.622  25.137 0.0000000000
66852  -44.347  23.064  25.444 0.0000000000
64009  -57.023  19.050  14.692 0.0000000000
64679  -56.654  19.324  13.670 0.0000000000
65286  -49.423  20.179  18.513 0.0000000000
64015  -52.243  18.966  13.869 0.0000000000
64036  -54.458  18.627  11.743 0.0000000000
64047  -54.274  18.711  10.891 0.0000000000
64706  -54.244  19.505  10.270 0.0000000000
65931  -53.123  21.625  10.099 0.0000000000
68353  -45.292  26.540  22.881 0.0000000000
68846  -45.140  27.071  22.167 0.0000000000
68852  -45.261  27.520  21.546 0.0000000000
69370  -47.108  29.101  19.514 0.0000000000
69369  -46.525  28.587  19.771 0.0000000000
69380  -46.864  28.550  19.146 0.0000000000
98775  -46.939  28.018  18.647 0.0000000000
68376  -47.106  27.096  18.194 0.0000000000
68881  -47.834  27.263  17.738 0.0000000000
68387  -48.872  27.154  17.067 0.0000000000
70468  -51.519  31.562  18.184 0.0000000000
97424  -51.642  30.951  17.787 0.0000000000
69406  -54.431  28.651  15.115 0.0000000000
69405  -52.991  28.229  15.663 0.0000000000
67928  -51.304  25.730  14.084 0.0000000000
68454  -54.450  27.112  9.739 0.0000000000
67977  -53.156  25.147  7.676 0.0000000000
67467  -53.042  24.947  6.981 0.0000000000
67458  -51.568  24.681  6.907 0.0000000000
66987  -48.324  23.927  8.049 0.0000000000
67456  -48.868  24.084  7.537 0.0000000000
69453  -44.083  28.828  10.898 0.0000000000
106723  -44.506  28.683  11.473 0.0000000000
68944  -43.022  27.484  12.346 0.0000000000
70538  -38.818  30.770  11.837 0.0000000000
66403  -44.689  23.060  21.289 0.0000000000
66892  -44.882  23.431  20.044 0.0000000000
73474  -52.238  36.248  16.856 0.0000000000
73482  -52.041  36.310  16.077 0.0000000000
72877  -52.038  35.678  14.872 0.0000000000
72889  -52.090  35.072  14.538 0.0000000000
72898  -51.028  34.344  13.700 0.0000000000
72248  -51.413  34.420  14.069 0.0000000000
71663  -51.088  33.624  12.881 0.0000000000
71672  -50.898  33.178  12.375 0.0000000000
101512  -51.087  32.879  9.315 0.0000000000
71122  -49.846  31.726  8.417 0.0000000000
70577  -49.123  30.806  6.941 0.0000000000
68334  -47.297  26.592  26.971 0.0000000000
68822  -48.580  27.360  27.715 0.0000000000
65230  -51.205  20.523  23.504 0.0000000000
63939  -47.696  18.567  23.834 0.0000000000
100025  -44.142  18.608  29.415 0.0000000000
63876  -44.810  18.547  29.040 0.0000000000
92396  -44.024  18.434  28.599 0.0000000000
65787  -43.585  21.072  25.498 0.0000000000
66346  -42.170  23.004  25.493 0.0000000000
104638  -48.468  21.237  16.788 0.0000000000
65309  -49.049  20.895  16.275 0.0000000000
65323  -50.118  20.733  14.628 0.0000000000
66977  -52.725  23.389  10.450 0.0000000000
69355  -46.304  28.268  22.266 0.0000000000
69910  -47.301  29.812  21.104 0.0000000000
69914  -47.574  29.724  19.645 0.0000000000
69922  -48.640  29.699  18.477 0.0000000000
70489  -54.820  30.855  15.778 0.0000000000
70488  -54.082  30.460  16.495 0.0000000000
69947  -55.165  30.043  15.577 0.0000000000
69956  -55.016  29.379  15.380 0.0000000000
69407  -55.054  29.286  14.450 0.0000000000
69413  -54.633  28.490  14.356 0.0000000000
68907  -54.229  27.867  13.831 0.0000000000
68946  -54.361  27.634  11.214 0.0000000000
67963  -52.364  26.382  10.158 0.0000000000
67962  -50.957  25.745  10.214 0.0000000000
70541  -46.529  30.051  10.399 0.0000000000
70005  -45.782  29.586  10.499 0.0000000000
91003  -44.501  29.183  10.170 0.0000000000
69451  -42.407  28.883  11.190 0.0000000000
70548  -41.308  30.340  10.667 0.0000000000
71109  -40.144  31.182  10.391 0.0000000000
71119  -39.395  31.427  9.857 0.0000000000
65298  -48.450  20.538  17.887 0.0000000000
99401  -47.542  21.354  18.145 0.0000000000
65885  -48.042  21.123  17.526 0.0000000000
66443  -48.169  22.561  16.418 0.0000000000
66936  -48.600  23.496  15.681 0.0000000000
71604  -50.691  32.709  21.466 0.0000000000
71039  -49.711  32.046  20.855 0.0000000000
71043  -51.136  32.484  19.298 0.0000000000
71612  -51.996  32.837  18.867 0.0000000000
71047  -52.463  32.198  18.071 0.0000000000
71049  -53.497  31.800  17.330 0.0000000000
72862  -52.931  35.456  16.960 0.0000000000
93506  -53.481  34.438  16.727 0.0000000000
72234  -53.328  34.155  15.624 0.0000000000
71620  -54.020  33.294  16.610 0.0000000000
70507  -54.899  30.645  14.926 0.0000000000
70506  -53.884  30.750  14.636 0.0000000000
69975  -49.539  29.522  13.328 0.0000000000
70517  -49.045  29.984  13.030 0.0000000000
70530  -47.826  30.046  11.933 0.0000000000
66859  -45.375  22.860  24.488 0.0000000000
68843  -46.722  27.189  23.582 0.0000000000
68343  -48.155  26.302  25.854 0.0000000000
68346  -47.758  26.373  25.156 0.0000000000
68844  -47.427  27.580  23.847 0.0000000000
69352  -47.628  28.372  23.407 0.0000000000
69902  -48.689  29.584  23.388 0.0000000000
71032  -50.378  31.875  22.677 0.0000000000
69344  -51.414  30.169  26.438 0.0000000000
70422  -52.434  32.519  25.910 0.0000000000
70436  -51.536  31.668  24.810 0.0000000000
71024  -50.630  31.681  23.360 0.0000000000
72184  -51.914  34.266  21.668 0.0000000000
72154  -52.034  34.430  23.127 0.0000000000
72173  -52.269  34.882  22.356 0.0000000000
72185  -52.189  34.963  21.438 0.0000000000
97088  -52.152  35.637  21.008 0.0000000000
73453  -51.453  36.036  19.289 0.0000000000
73452  -51.144  36.382  19.914 0.0000000000
65869  -54.121  21.816  19.384 0.0000000000
65835  -48.091  21.413  21.053 0.0000000000
91556  -50.026  20.605  22.559 0.0000000000
65832  -45.657  21.743  21.821 0.0000000000
66362  -45.055  22.307  23.873 0.0000000000
65194  -52.193  20.654  27.143 0.0000000000
65162  -49.444  20.329  30.710 0.0000000000
65163  -50.265  20.469  30.471 0.0000000000
63866  -46.371  19.126  29.927 0.0000000000
93176  -47.735  19.419  30.039 0.0000000000
64507  -49.157  19.897  30.054 0.0000000000
65171  -49.805  20.184  30.058 0.0000000000
65172  -50.469  20.214  29.619 0.0000000000
65183  -50.827  20.089  28.795 0.0000000000
93962  -50.393  19.572  28.355 0.0000000000
64530  -50.967  20.002  27.967 0.0000000000
64540  -51.096  19.948  27.251 0.0000000000
63923  -49.050  18.497  25.671 0.0000000000
109598  -47.366  18.377  24.236 0.0000000000
63920  -46.543  17.899  25.361 0.0000000000
105533  -46.210  18.267  24.899 0.0000000000
63938  -46.990  18.597  23.940 0.0000000000
67855  -46.204  24.646  26.156 0.0000000000
109776  -45.658  26.256  26.928 0.0000000000
68326  -43.967  26.367  27.993 0.0000000000
68327  -44.851  26.761  28.225 0.0000000000
63352  -56.572  17.744  14.016 0.0000000000
99682  -55.879  17.301  13.329 0.0000000000
63358  -56.199  17.421  12.272 0.0000000000
62708  -55.007  17.378  12.082 0.0000000000
64664  -51.192  19.384  15.903 0.0000000000
64665  -51.362  19.224  15.149 0.0000000000
94341  -53.167  19.197  15.537 0.0000000000
64678  -55.639  19.577  14.277 0.0000000000
64692  -56.909  19.006  12.595 0.0000000000
64026  -56.218  18.859  12.156 0.0000000000
63381  -57.140  18.026  11.452 0.0000000000
63368  -56.262  17.811  11.610 0.0000000000
64056  -52.425  18.501  9.506 0.0000000000
65342  -53.616  20.628  10.022 0.0000000000
65348  -54.263  19.935  9.753 0.0000000000
64066  -53.771  19.599  9.375 0.0000000000
64064  -52.150  19.027  9.118 0.0000000000
64711  -51.192  19.811  9.171 0.0000000000
67355  -44.083  24.700  22.271 0.0000000000
67878  -44.083  25.232  21.620 0.0000000000
67883  -44.157  25.310  20.845 0.0000000000
67891  -44.465  25.344  20.046 0.0000000000
67892  -44.966  25.408  19.404 0.0000000000
69357  -45.732  28.034  21.674 0.0000000000
104343  -45.017  27.365  20.954 0.0000000000
69368  -45.869  27.953  20.001 0.0000000000
68855  -45.234  27.349  20.296 0.0000000000
68368  -45.256  26.224  19.355 0.0000000000
67899  -45.503  25.617  18.790 0.0000000000
100909  -47.124  24.994  17.247 0.0000000000
67905  -47.252  25.738  17.340 0.0000000000
67912  -47.746  25.245  16.795 0.0000000000
67408  -49.428  24.762  15.236 0.0000000000
71042  -49.518  31.842  19.946 0.0000000000
92285  -49.278  31.287  19.519 0.0000000000
108470  -50.196  31.266  18.685 0.0000000000
97771  -49.325  30.982  19.109 0.0000000000
70465  -48.999  30.468  18.806 0.0000000000
69932  -49.140  29.360  17.959 0.0000000000
69935  -51.947  29.814  17.089 0.0000000000
69944  -51.505  29.098  16.888 0.0000000000
69389  -49.363  28.617  17.431 0.0000000000
68393  -50.172  26.932  16.108 0.0000000000
68398  -49.450  26.359  16.123 0.0000000000
67921  -49.467  25.656  15.630 0.0000000000
67953  -53.282  26.024  11.557 0.0000000000
67965  -54.598  26.836  9.920 0.0000000000
67444  -53.122  24.435  10.050 0.0000000000
66984  -53.241  23.693  9.164 0.0000000000
66500  -52.722  23.431  7.591 0.0000000000
66499  -51.524  23.329  7.337 0.0000000000
66994  -51.894  24.058  6.623 0.0000000000
67441  -47.671  24.384  10.613 0.0000000000
91742  -49.025  27.936  13.210 0.0000000000
69422  -48.430  28.616  13.204 0.0000000000
94782  -45.962  28.423  12.722 0.0000000000
68931  -46.373  27.907  13.112 0.0000000000
100544  -46.489  27.197  13.203 0.0000000000
67935  -44.775  25.915  13.145 0.0000000000
67934  -43.939  26.007  13.165 0.0000000000
68428  -41.694  25.476  12.325 0.0000000000
69441  -41.417  28.550  12.194 0.0000000000
69982  -39.240  29.958  13.105 0.0000000000
70587  -48.772  30.613  5.854 0.0000000000
70038  -45.236  29.706  5.782 0.0000000000
70585  -44.365  29.876  6.084 0.0000000000
70584  -43.572  30.221  6.417 0.0000000000
70583  -42.754  30.617  6.712 0.0000000000
70592  -41.976  30.872  6.035 0.0000000000
70582  -41.967  31.011  7.055 0.0000000000
71134  -41.028  31.301  8.286 0.0000000000
96466  -39.679  31.461  6.686 0.0000000000
71133  -40.177  31.439  8.594 0.0000000000
63361  -58.173  18.203  11.869 0.0000000000
63370  -58.131  17.980  11.857 0.0000000000
63382  -57.917  18.117  11.662 0.0000000000
64027  -57.985  18.394  12.227 0.0000000000
64039  -58.079  18.273  11.818 0.0000000000
67466  -52.294  24.561  6.773 0.0000000000
67976  -52.597  25.068  7.212 0.0000000000
71136  -50.724  32.379  7.808 0.0000000000
71639  -54.366  32.269  15.963 0.0000000000
71680  -51.067  34.111  10.857 0.0000000000
73463  -51.704  35.977  18.321 0.0000000000
73490  -52.536  36.110  15.321 0.0000000000
73491  -53.082  35.871  15.349 0.0000000000
92666  -57.407  18.119  13.258 0.0000000000
104790  -49.590  20.101  18.012 0.0000000000
109291  -45.829  29.552  8.396 0.0000000000
