#!ascii label  , from subject sub-v1s16x0051183_ses-1 vox2ras=TkReg
2206
46424  -13.529  -2.982  64.264 0.6250000000
46412  -13.639  -2.147  65.433 0.6250000000
46413  -14.077  -2.169  64.785 0.6250000000
47220  -14.655  -1.573  64.768 0.5000000000
46438  -14.358  -2.703  63.523 0.6250000000
46425  -14.777  -2.001  64.113 0.6250000000
47208  -14.979  -0.944  65.101 0.5000000000
47238  -15.521  -1.621  63.851 0.6250000000
48061  -15.668  -0.596  64.687 0.5000000000
46453  -15.519  -2.769  62.417 0.5000000000
48062  -16.346  -0.275  64.293 0.5000000000
48049  -15.446  -0.073  65.408 0.5000000000
47222  -15.972  -1.021  64.067 0.5000000000
48872  -16.669  0.534  64.599 0.5000000000
48063  -17.054  0.117  63.962 0.5000000000
48885  -17.771  0.517  63.663 0.6250000000
48873  -17.458  0.953  64.350 0.5000000000
49774  -18.414  2.153  64.459 0.1250000000
48874  -18.088  1.403  64.057 0.3750000000
48886  -18.369  0.961  63.363 0.6250000000
50594  -18.741  2.806  64.758 0.1250000000
48887  -18.806  1.457  62.997 0.5000000000
49775  -18.806  2.597  64.070 0.2500000000
49795  -19.189  2.077  62.646 0.6250000000
48901  -19.697  1.285  61.790 0.6250000000
49762  -18.316  2.252  65.190 0.1250000000
57602  -38.141  10.573  61.527 0.3750000000
108560  -37.720  10.385  60.804 0.3750000000
56793  -38.176  10.430  61.123 0.3750000000
57603  -38.846  10.579  61.088 0.3750000000
49785  -18.868  2.240  63.402 0.3750000000
56806  -38.316  10.404  60.712 0.3750000000
56807  -39.138  10.539  60.092 0.3750000000
50621  -19.376  2.925  62.737 0.6250000000
57644  -37.599  10.519  58.507 0.7500000000
57626  -37.409  10.606  59.394 0.5000000000
57612  -38.024  10.465  60.180 0.5000000000
56824  -38.852  10.487  59.875 0.5000000000
101762  -39.987  10.533  59.286 0.5000000000
57615  -40.927  10.467  59.509 0.3750000000
49809  -20.128  1.627  61.324 0.7500000000
57627  -38.290  10.531  59.268 0.7500000000
57628  -39.234  10.538  58.855 0.7500000000
56825  -39.790  10.499  59.097 0.5000000000
106758  -40.243  10.403  58.687 0.5000000000
56809  -41.332  9.892  58.810 0.3750000000
56041  -41.672  8.797  58.075 0.3750000000
56017  -41.688  9.255  58.428 0.3750000000
49824  -20.409  1.182  60.593 0.7500000000
57654  -36.952  10.230  57.811 0.8750000000
105522  -38.703  10.329  57.506 0.8750000000
57646  -39.417  10.355  57.858 0.7500000000
56843  -40.015  10.230  58.083 0.7500000000
56826  -40.612  9.967  58.167 0.5000000000
56063  -41.160  8.893  57.678 0.5000000000
55133  -41.622  8.329  57.884 0.3750000000
55134  -42.149  7.897  58.211 0.3750000000
56042  -42.264  8.535  58.522 0.3750000000
57655  -37.890  10.335  57.623 0.8750000000
56859  -38.401  9.926  56.896 0.7500000000
95898  -39.322  9.885  56.983 0.7500000000
56844  -40.668  9.387  57.622 0.5000000000
96782  -40.976  8.534  57.460 0.6250000000
55147  -42.041  7.600  58.029 0.5000000000
56090  -38.405  8.693  55.754 1.0000000000
56078  -39.873  9.051  56.523 0.7500000000
55162  -40.096  8.032  56.598 0.8750000000
55163  -40.787  7.934  57.137 0.7500000000
55146  -41.423  7.961  57.650 0.6250000000
54235  -41.167  7.470  57.268 0.5000000000
54221  -41.789  7.480  57.768 0.5000000000
56106  -38.194  7.836  55.231 1.0000000000
55194  -38.707  7.184  55.339 1.0000000000
55174  -38.894  7.627  55.758 0.8750000000
54253  -39.819  6.703  55.968 0.7500000000
101584  -40.826  7.049  56.829 0.6250000000
54236  -41.585  7.175  57.364 0.5000000000
55193  -38.156  7.091  54.763 1.0000000000
54268  -38.930  6.630  55.144 1.0000000000
54269  -39.539  6.316  55.418 0.7500000000
53411  -40.052  5.966  55.514 0.6250000000
53402  -40.909  6.693  56.480 0.6250000000
55192  -37.322  7.925  54.707 1.0000000000
54284  -38.476  6.246  54.605 1.0000000000
53422  -39.214  5.893  54.943 0.8750000000
52521  -39.432  4.974  55.022 0.7500000000
54283  -37.724  6.575  54.192 1.0000000000
53436  -37.970  5.791  54.089 1.0000000000
52538  -38.855  4.475  54.436 0.8750000000
52550  -38.431  4.042  53.711 0.8750000000
53435  -37.318  6.182  53.547 1.0000000000
53449  -37.525  5.374  53.440 1.0000000000
51639  -38.043  3.531  53.043 0.8750000000
53448  -36.823  5.725  52.878 1.0000000000
53465  -36.084  5.105  52.363 1.0000000000
52548  -37.070  4.898  52.719 1.0000000000
51651  -36.794  3.282  52.122 1.0000000000
50754  -38.533  2.833  52.706 1.0000000000
52564  -36.530  4.250  52.236 1.0000000000
50768  -37.304  2.497  51.682 1.0000000000
49929  -24.649  1.425  52.046 0.1250000000
50762  -25.319  2.421  51.314 0.1250000000
51661  -35.618  3.474  51.261 1.0000000000
51676  -35.542  2.961  50.685 1.0000000000
50791  -36.422  2.371  50.574 1.0000000000
52604  -34.164  3.921  49.979 1.0000000000
51675  -34.815  3.469  50.289 1.0000000000
50826  -36.004  2.317  49.266 1.0000000000
49949  -26.674  1.788  50.712 0.1250000000
49970  -27.253  2.120  50.358 0.1250000000
50787  -28.005  2.032  50.487 0.1250000000
91244  -28.848  2.226  50.665 0.1250000000
52621  -33.876  3.678  49.237 1.0000000000
51701  -34.355  3.057  48.836 1.0000000000
50825  -34.959  2.657  48.266 1.0000000000
51715  -32.399  3.466  47.097 0.8750000000
51700  -33.605  3.395  48.415 1.0000000000
50856  -33.544  2.254  46.716 1.0000000000
50013  -34.097  1.499  46.361 1.0000000000
50823  -29.330  2.774  48.354 0.3750000000
51728  -31.948  3.133  46.643 0.8750000000
51716  -33.375  2.978  47.397 0.8750000000
104390  -33.279  0.893  46.221 0.8750000000
102181  -33.906  0.385  46.039 0.8750000000
50839  -29.809  3.022  47.589 0.6250000000
100783  -30.235  3.160  47.076 0.6250000000
50609  -19.611  3.471  63.253 0.5000000000
50608  -19.180  2.933  63.505 0.2500000000
57610  -36.430  10.967  60.192 0.5000000000
105333  -37.067  10.573  60.908 0.5000000000
49796  -19.648  2.357  62.007 0.6250000000
57624  -35.639  10.692  59.432 0.5000000000
57625  -36.512  10.735  59.391 0.5000000000
107938  -20.392  1.870  61.011 0.7500000000
57642  -35.774  10.215  58.804 0.6250000000
57643  -36.670  10.466  58.644 0.6250000000
49825  -20.702  1.532  59.905 0.8750000000
55135  -42.764  7.664  58.453 0.3750000000
50668  -21.033  2.221  59.259 0.8750000000
56841  -35.235  9.579  58.457 0.6250000000
56856  -35.479  9.597  57.590 0.7500000000
56857  -36.359  9.853  57.205 0.8750000000
56858  -37.407  9.883  56.845 0.8750000000
55148  -42.641  7.293  58.229 0.3750000000
96778  -38.176  9.494  56.272 1.0000000000
54223  -43.022  6.967  58.197 0.2500000000
54222  -42.346  7.236  58.010 0.3750000000
50682  -21.428  2.266  57.871 0.7500000000
109717  -34.548  8.909  55.931 0.8750000000
56089  -35.135  9.206  55.971 0.8750000000
56879  -36.881  9.296  55.524 1.0000000000
56105  -37.481  8.680  55.317 1.0000000000
54237  -42.448  6.959  57.715 0.3750000000
50683  -21.775  2.934  57.235 0.7500000000
56118  -35.380  8.435  54.357 0.8750000000
56104  -36.635  8.807  55.018 1.0000000000
52522  -40.010  5.114  55.337 0.5000000000
53412  -40.484  6.070  55.642 0.6250000000
49878  -21.955  2.101  56.170 0.5000000000
56119  -36.348  8.296  54.419 1.0000000000
55212  -36.848  7.636  54.137 1.0000000000
52523  -40.470  4.730  55.212 0.5000000000
52511  -40.695  5.383  55.399 0.5000000000
96120  -23.108  3.590  54.569 0.6250000000
54282  -36.917  6.979  53.672 1.0000000000
51627  -39.891  3.440  54.293 0.7500000000
51613  -40.274  4.020  54.865 0.6250000000
50731  -23.397  3.065  53.895 0.6250000000
53447  -35.911  6.064  52.593 1.0000000000
50755  -39.434  2.638  52.274 1.0000000000
51641  -39.461  3.043  53.661 0.8750000000
50732  -23.800  2.473  53.132 0.5000000000
53463  -34.637  5.338  52.108 1.0000000000
53464  -35.307  5.491  52.273 1.0000000000
50753  -38.476  2.441  51.753 1.0000000000
50739  -39.152  2.808  53.067 1.0000000000
106963  -24.259  2.185  52.440 0.3750000000
51649  -24.819  3.339  51.816 0.5000000000
52563  -35.262  4.881  52.025 1.0000000000
52577  -35.294  4.200  51.495 1.0000000000
104667  -38.200  1.733  49.983 1.0000000000
91311  -38.047  1.934  50.881 1.0000000000
50747  -24.684  2.363  51.886 0.5000000000
91132  -32.469  5.293  50.440 1.0000000000
53502  -32.968  4.822  50.061 1.0000000000
53488  -33.241  4.956  51.000 1.0000000000
102458  -34.674  4.296  51.131 1.0000000000
52589  -35.058  3.794  50.890 1.0000000000
50827  -36.949  2.000  48.969 1.0000000000
50792  -37.321  1.885  50.313 1.0000000000
50763  -25.952  2.482  50.777 0.1250000000
53501  -32.251  5.239  49.602 1.0000000000
52588  -34.413  4.100  50.653 1.0000000000
50811  -36.696  2.063  49.781 1.0000000000
50785  -26.577  2.611  50.329 0.1250000000
50786  -27.145  2.776  49.915 0.2500000000
50807  -27.729  2.849  49.526 0.1250000000
50808  -28.272  2.817  49.177 0.1250000000
53518  -31.973  5.117  48.759 1.0000000000
52602  -32.680  4.693  49.215 1.0000000000
52603  -33.437  4.303  49.635 1.0000000000
50002  -35.660  1.944  46.645 0.8750000000
50842  -35.606  2.278  47.640 1.0000000000
51698  -28.591  3.145  48.591 0.1250000000
52635  -32.795  3.772  47.952 1.0000000000
52620  -33.134  4.087  48.815 1.0000000000
49151  -34.503  -0.102  45.641 0.7500000000
51699  -29.076  3.624  47.881 0.6250000000
51713  -29.838  3.731  47.316 0.7500000000
51726  -30.993  3.606  46.777 0.7500000000
52648  -31.571  3.787  46.955 0.7500000000
48272  -34.586  -0.898  45.769 0.7500000000
50622  -19.757  3.263  62.400 0.5000000000
50638  -20.210  2.616  61.525 0.6250000000
57609  -35.594  11.138  60.262 0.5000000000
56823  -35.039  9.720  59.058 0.6250000000
56039  -33.965  8.985  59.026 0.6250000000
56821  -33.642  9.221  59.695 0.6250000000
50656  -20.983  2.932  60.158 0.8750000000
56840  -34.662  9.096  58.786 0.6250000000
56061  -33.456  8.964  58.432 0.7500000000
56062  -34.158  8.932  58.274 0.7500000000
56076  -33.652  8.832  57.734 0.7500000000
51560  -21.315  3.259  59.190 0.8750000000
56855  -34.794  9.170  57.994 0.7500000000
56077  -34.277  8.895  57.435 0.7500000000
50672  -21.361  2.709  58.515 0.7500000000
56087  -33.548  8.706  56.819 0.7500000000
51575  -22.001  3.770  57.471 0.7500000000
56866  -34.953  9.205  57.052 0.8750000000
103606  -34.011  8.718  55.901 0.8750000000
53414  -41.673  6.451  56.040 0.3750000000
53403  -41.657  6.824  56.776 0.3750000000
53413  -41.005  6.217  55.855 0.3750000000
50692  -22.014  2.810  56.456 0.7500000000
56117  -34.537  8.397  54.415 0.8750000000
55209  -33.917  8.036  53.918 0.8750000000
52512  -41.110  5.667  55.364 0.3750000000
51605  -22.427  3.497  55.892 0.7500000000
51606  -22.968  4.085  55.309 0.7500000000
55210  -34.906  7.917  53.756 1.0000000000
51628  -40.677  3.550  54.189 0.3750000000
51614  -40.881  4.236  54.807 0.3750000000
50704  -22.577  3.303  55.152 0.7500000000
55227  -34.347  7.432  53.420 1.0000000000
55211  -36.004  7.695  53.667 1.0000000000
51620  -23.693  3.862  54.076 0.6250000000
53446  -34.852  6.120  52.558 1.0000000000
108344  -35.450  6.545  52.739 1.0000000000
50740  -39.862  2.825  53.076 0.8750000000
51637  -23.974  3.593  53.425 0.6250000000
52560  -24.448  4.240  53.039 0.6250000000
53476  -33.044  5.457  51.891 1.0000000000
53462  -33.916  5.728  52.429 1.0000000000
50769  -39.551  2.446  51.289 1.0000000000
50746  -24.338  3.206  52.568 0.5000000000
100005  -24.656  4.037  52.361 0.6250000000
53475  -32.586  5.384  51.159 1.0000000000
53477  -33.905  5.086  51.720 1.0000000000
50813  -38.605  2.244  49.203 1.0000000000
105415  -39.009  2.097  50.903 1.0000000000
52574  -25.053  4.309  51.856 0.5000000000
54347  -32.007  5.690  50.833 1.0000000000
51659  -25.396  3.460  51.233 0.5000000000
105741  -31.799  5.694  50.016 1.0000000000
51660  -25.962  3.478  50.595 0.2500000000
51673  -26.573  3.481  49.999 0.3750000000
51674  -27.198  3.528  49.492 0.2500000000
52618  -31.654  4.887  47.942 0.8750000000
50003  -36.405  2.278  47.426 0.8750000000
92803  -37.076  2.342  48.222 1.0000000000
51687  -27.886  3.532  48.930 0.3750000000
52601  -28.066  4.509  48.583 0.6250000000
105080  -35.607  1.519  45.965 0.8750000000
52616  -28.415  3.842  48.360 0.7500000000
52617  -29.470  4.493  47.508 0.6250000000
52632  -30.254  4.456  47.240 0.7500000000
52633  -30.928  4.235  47.091 0.7500000000
52634  -31.379  4.470  47.403 0.8750000000
48277  -35.203  -1.318  45.276 0.7500000000
51523  -20.219  3.667  62.075 0.6250000000
50639  -20.641  3.209  61.205 0.6250000000
51538  -21.013  3.808  60.903 0.6250000000
56056  -27.844  9.287  57.997 0.8750000000
51550  -21.305  3.825  59.842 0.8750000000
55160  -27.633  9.112  56.741 1.0000000000
55161  -28.394  9.206  56.474 1.0000000000
56073  -30.128  9.376  57.166 0.8750000000
56060  -32.165  9.199  58.318 0.8750000000
56075  -32.769  8.927  57.593 0.7500000000
92650  -26.431  8.432  56.722 1.0000000000
56072  -29.109  9.277  56.760 0.8750000000
106708  -30.940  9.327  57.055 0.8750000000
56074  -31.728  9.224  57.378 0.7500000000
104655  -25.943  8.105  56.695 1.0000000000
99831  -28.988  9.119  55.888 0.8750000000
103738  -31.981  9.015  56.813 0.8750000000
56086  -32.539  8.697  56.509 0.8750000000
52507  -22.531  4.494  56.954 1.0000000000
54251  -25.531  7.781  56.187 1.0000000000
55170  -26.371  8.258  55.966 1.0000000000
55172  -28.193  8.950  55.888 1.0000000000
55187  -29.004  8.586  55.295 0.8750000000
56085  -31.245  9.089  56.558 0.8750000000
55190  -31.392  8.271  55.494 0.8750000000
56101  -33.127  8.509  55.852 0.8750000000
107525  -27.216  8.403  55.484 1.0000000000
92292  -29.867  8.776  55.526 0.8750000000
55189  -30.548  8.103  55.237 0.8750000000
56100  -32.215  8.407  55.730 0.8750000000
52519  -23.512  4.902  55.551 0.8750000000
55188  -29.733  8.001  55.032 0.8750000000
55191  -31.983  8.088  55.066 0.8750000000
56115  -32.755  8.248  55.052 0.8750000000
56116  -33.742  8.444  54.958 0.8750000000
99225  -41.562  6.177  55.377 0.3750000000
92719  -31.276  7.841  54.635 0.8750000000
93174  -32.290  7.890  54.259 0.8750000000
95651  -33.153  8.088  54.385 0.8750000000
51643  -41.247  3.825  53.587 0.3750000000
52551  -41.640  4.516  53.910 0.3750000000
52535  -24.123  5.079  54.732 0.7500000000
52536  -24.565  5.327  54.054 0.7500000000
55225  -32.255  7.289  53.295 1.0000000000
54295  -33.084  6.901  53.158 1.0000000000
51642  -40.695  3.083  53.138 0.5000000000
51621  -24.199  4.524  53.898 0.6250000000
55241  -31.869  6.817  52.674 1.0000000000
54296  -33.989  6.600  53.034 1.0000000000
50770  -40.269  2.720  51.675 1.0000000000
50756  -40.269  2.759  52.436 0.8750000000
52561  -24.896  4.849  52.634 0.6250000000
54312  -31.864  6.224  52.146 1.0000000000
54330  -33.115  6.055  52.677 1.0000000000
50794  -39.587  2.604  50.425 1.0000000000
51663  -40.194  2.974  50.879 0.8750000000
53459  -25.289  5.565  52.751 0.7500000000
52562  -25.386  5.198  52.056 0.8750000000
54328  -31.633  6.112  51.291 1.0000000000
106018  -32.509  5.881  52.278 1.0000000000
50814  -39.435  2.873  49.475 1.0000000000
54346  -31.395  6.143  50.475 1.0000000000
52575  -25.617  4.577  51.213 0.5000000000
52585  -26.160  4.427  50.386 0.7500000000
54361  -31.140  6.155  49.629 1.0000000000
50843  -37.795  2.735  47.921 1.0000000000
50828  -37.803  2.235  48.683 1.0000000000
52586  -26.749  4.371  49.700 0.5000000000
54372  -30.179  6.206  48.435 0.7500000000
54373  -30.899  6.048  48.767 1.0000000000
53500  -31.568  5.662  49.166 0.8750000000
50019  -36.028  2.236  45.925 0.8750000000
50857  -36.667  2.501  46.914 0.8750000000
52600  -27.389  4.394  49.139 0.5000000000
53514  -28.600  5.383  48.353 0.7500000000
54371  -29.358  5.978  48.262 0.7500000000
97170  -30.661  5.826  48.102 0.7500000000
53517  -31.291  5.535  48.318 0.8750000000
107353  -28.730  4.530  47.978 0.6250000000
51524  -20.712  4.147  61.749 0.6250000000
52455  -21.355  4.408  60.481 0.7500000000
52467  -21.573  4.534  59.777 0.8750000000
56070  -27.434  9.135  57.507 1.0000000000
51551  -21.613  4.210  59.143 0.8750000000
52484  -22.126  4.787  58.568 1.0000000000
52497  -22.309  4.603  57.754 1.0000000000
52498  -22.928  5.260  57.251 1.0000000000
55158  -25.437  7.728  57.004 1.0000000000
55145  -26.785  8.734  57.290 1.0000000000
51561  -21.705  3.784  58.323 0.8750000000
53401  -23.841  6.315  56.972 1.0000000000
53409  -23.526  5.694  56.780 1.0000000000
54265  -24.446  6.581  55.917 1.0000000000
54266  -24.999  7.168  55.594 1.0000000000
52508  -23.138  5.072  56.442 1.0000000000
53410  -23.961  6.091  56.305 1.0000000000
93798  -28.418  8.162  54.676 1.0000000000
52520  -24.161  5.687  55.492 1.0000000000
53421  -24.670  6.327  55.108 0.8750000000
54279  -25.227  6.909  54.742 1.0000000000
55185  -26.610  8.089  55.059 1.0000000000
100219  -27.579  8.231  54.829 1.0000000000
92220  -29.035  8.105  54.807 1.0000000000
55207  -29.631  7.672  54.422 1.0000000000
96871  -30.132  7.385  53.919 1.0000000000
53433  -24.485  5.653  54.731 1.0000000000
54280  -25.937  7.505  54.420 1.0000000000
55206  -28.937  7.852  54.274 1.0000000000
95189  -30.845  7.522  53.881 1.0000000000
91126  -31.601  7.615  53.799 1.0000000000
53479  -41.087  5.072  52.043 0.5000000000
52566  -41.420  4.563  52.582 0.5000000000
91891  -41.525  4.317  53.192 0.3750000000
53434  -24.859  6.071  54.296 1.0000000000
54292  -25.460  6.608  53.883 1.0000000000
54293  -26.162  7.253  53.515 1.0000000000
55221  -27.949  7.935  53.205 1.0000000000
55222  -28.755  7.729  53.604 1.0000000000
101810  -29.276  7.444  53.234 1.0000000000
55224  -30.579  7.285  53.402 1.0000000000
95524  -31.335  7.203  53.113 1.0000000000
52578  -41.011  4.031  51.787 0.6250000000
51654  -41.204  3.761  52.712 0.7500000000
52547  -25.047  5.726  53.457 1.0000000000
53445  -25.662  6.340  53.040 1.0000000000
54294  -27.033  7.876  53.257 1.0000000000
54310  -27.388  7.637  52.562 1.0000000000
55237  -28.504  7.648  52.725 1.0000000000
55238  -29.428  7.374  52.557 1.0000000000
96149  -30.702  7.113  52.740 1.0000000000
52591  -40.445  3.940  50.905 0.8750000000
54309  -26.427  6.977  52.585 1.0000000000
106776  -30.160  7.199  52.421 1.0000000000
55239  -30.660  6.995  51.988 1.0000000000
55252  -31.235  6.609  51.651 1.0000000000
52606  -39.359  3.961  49.652 1.0000000000
51677  -39.885  3.452  50.223 1.0000000000
53460  -25.843  6.006  52.313 0.8750000000
53461  -26.473  6.412  51.840 1.0000000000
54325  -27.212  6.857  51.332 1.0000000000
55264  -28.869  7.327  51.035 1.0000000000
55265  -29.797  7.128  50.632 1.0000000000
54327  -30.579  6.913  51.163 1.0000000000
52622  -38.484  3.989  48.460 1.0000000000
51704  -38.987  3.546  48.924 1.0000000000
51690  -39.023  2.872  48.728 1.0000000000
53473  -25.925  5.613  51.575 0.8750000000
54343  -27.212  6.260  50.451 1.0000000000
54345  -30.639  6.666  50.230 1.0000000000
51731  -37.240  3.527  47.216 1.0000000000
51718  -38.200  3.587  47.964 1.0000000000
109480  -26.069  5.241  50.866 0.7500000000
54326  -28.000  6.944  50.645 0.7500000000
99406  -28.858  6.962  50.177 0.8750000000
54344  -29.724  6.816  49.740 1.0000000000
54360  -30.389  6.462  49.254 1.0000000000
51730  -36.760  3.066  46.618 1.0000000000
50858  -37.316  2.938  47.295 1.0000000000
50844  -38.348  3.085  47.935 1.0000000000
53486  -26.623  5.344  50.195 0.6250000000
53487  -27.325  5.730  49.744 0.6250000000
93775  -28.046  6.388  49.705 0.7500000000
54359  -29.515  6.474  48.922 0.7500000000
53498  -27.109  5.084  49.503 0.5000000000
53499  -27.790  5.446  49.037 0.7500000000
53383  -22.511  5.639  58.912 1.0000000000
53391  -22.726  5.462  58.072 1.0000000000
53490  -39.549  5.325  50.591 0.6250000000
53478  -40.639  4.849  51.367 0.6250000000
53504  -39.070  4.950  49.934 1.0000000000
52590  -39.773  4.407  50.360 0.8750000000
97438  -40.129  4.783  50.891 0.7500000000
52605  -38.681  4.473  49.215 1.0000000000
53535  -37.847  4.417  48.161 1.0000000000
52650  -36.987  4.243  47.325 1.0000000000
52636  -37.634  3.950  47.639 1.0000000000
104457  -39.487  6.187  50.833 0.6250000000
53503  -38.403  5.515  49.428 1.0000000000
54348  -38.886  6.168  50.155 0.7500000000
106910  -37.557  5.319  48.440 1.0000000000
53520  -37.762  5.958  48.937 1.0000000000
52649  -36.561  4.030  46.560 1.0000000000
53547  -36.543  5.086  47.049 1.0000000000
53548  -37.095  5.189  47.840 1.0000000000
109236  -36.509  6.072  47.384 1.0000000000
54349  -39.949  6.655  51.273 0.6250000000
55285  -38.766  7.328  49.747 0.6250000000
54362  -38.268  6.615  49.364 0.8750000000
53519  -37.344  6.341  48.332 1.0000000000
96406  -36.042  6.124  46.788 1.0000000000
55266  -39.427  7.247  50.487 0.6250000000
55267  -40.232  7.810  50.909 0.3750000000
54374  -37.896  7.039  48.632 0.8750000000
55302  -38.373  7.634  49.015 0.7500000000
54383  -37.690  7.665  47.795 1.0000000000
96481  -36.938  6.775  47.692 1.0000000000
54392  -36.464  7.049  46.942 1.0000000000
54403  -35.342  6.478  45.409 1.0000000000
55287  -40.007  8.267  50.007 0.5000000000
55286  -39.278  7.993  49.802 0.6250000000
56173  -40.926  8.453  50.184 0.3750000000
106692  -38.910  8.068  49.277 0.6250000000
92989  -38.330  7.988  48.186 0.7500000000
55303  -38.979  8.297  48.494 0.6250000000
56193  -39.728  8.414  49.017 0.6250000000
99934  -38.449  8.310  47.415 0.7500000000
55333  -36.606  7.846  46.324 0.7500000000
94616  -38.064  8.331  46.762 0.7500000000
54418  -35.788  7.339  45.026 1.0000000000
55345  -36.537  7.897  45.461 0.8750000000
94294  -35.935  7.287  43.901 1.0000000000
55310  -39.108  8.376  47.573 0.6250000000
55321  -39.151  8.258  46.581 0.6250000000
92841  -38.618  8.126  45.801 0.6250000000
109193  -36.521  7.677  44.579 0.8750000000
55346  -37.467  7.899  44.708 0.8750000000
103904  -35.809  6.974  43.011 0.8750000000
55357  -37.080  7.497  43.780 0.8750000000
94799  -38.255  7.951  45.141 0.7500000000
55335  -39.580  7.748  45.565 0.7500000000
55322  -40.155  7.915  46.136 0.3750000000
55347  -38.604  7.516  44.419 0.8750000000
93242  -39.074  7.585  44.993 0.7500000000
55348  -39.859  7.256  44.765 0.8750000000
55358  -38.113  7.437  43.742 0.8750000000
102451  -39.345  7.244  44.378 0.8750000000
93628  -38.509  7.363  43.076 0.8750000000
55336  -40.451  7.424  45.296 0.5000000000
55337  -41.324  7.375  45.050 0.6250000000
57736  -46.415  10.565  46.587 0.1250000000
99096  -39.900  7.045  44.044 0.8750000000
55349  -40.706  7.122  44.356 0.6250000000
55350  -41.638  7.331  44.166 0.6250000000
108079  -40.439  7.122  43.661 0.8750000000
56249  -42.994  8.116  44.323 0.3750000000
56250  -43.809  8.608  44.157 0.2500000000
56964  -44.754  9.270  44.430 0.2500000000
55360  -39.836  7.206  43.373 0.8750000000
55373  -40.509  7.410  43.065 1.0000000000
55374  -41.234  7.740  42.870 0.7500000000
55362  -41.865  7.636  43.370 0.7500000000
100675  -42.607  8.240  43.360 0.5000000000
56258  -43.293  8.566  43.653 0.3750000000
56972  -43.736  9.166  43.514 0.2500000000
55371  -38.814  7.570  42.558 0.8750000000
55372  -39.704  7.630  42.692 1.0000000000
56265  -40.482  8.003  42.509 0.8750000000
56257  -41.894  8.259  42.791 0.8750000000
56971  -43.066  8.928  43.208 0.6250000000
56264  -39.819  8.180  42.197 0.8750000000
56266  -41.145  8.491  42.413 0.8750000000
56275  -40.320  8.755  41.939 0.8750000000
56979  -41.687  8.989  42.440 0.8750000000
57028  -37.959  9.922  39.181 0.8750000000
96125  -47.273  11.278  47.183 0.1250000000
58575  -47.938  11.976  46.968 0.1250000000
57740  -46.298  10.841  45.851 0.1250000000
58574  -47.029  11.363  46.385 0.1250000000
56965  -45.186  9.717  44.969 0.2500000000
57739  -45.690  10.311  45.419 0.1250000000
56963  -44.388  8.987  43.984 0.2500000000
56973  -44.314  9.598  43.874 0.2500000000
56980  -42.428  9.097  42.724 0.5000000000
56981  -43.143  9.628  42.905 0.5000000000
56990  -41.867  9.697  42.173 0.8750000000
56989  -41.111  9.381  41.954 0.8750000000
95910  -41.461  10.122  41.669 0.8750000000
56987  -39.696  9.259  41.325 1.0000000000
56988  -40.422  9.488  41.519 0.8750000000
57766  -40.845  10.093  41.348 0.8750000000
57000  -39.147  9.736  40.668 0.8750000000
57001  -40.041  9.973  41.021 0.8750000000
99416  -48.715  12.282  47.524 0.1250000000
57746  -45.322  10.576  44.740 0.1250000000
57745  -44.768  10.042  44.345 0.2500000000
57753  -43.720  10.089  43.279 0.3750000000
57754  -44.281  10.480  43.698 0.3750000000
57760  -43.122  10.548  42.611 0.5000000000
57759  -42.511  10.078  42.373 0.6250000000
57768  -41.937  10.528  41.786 0.8750000000
57769  -42.455  11.014  41.989 0.8750000000
57767  -41.322  10.854  41.179 0.8750000000
58665  -40.917  11.390  40.455 1.0000000000
57780  -39.568  10.491  40.366 0.8750000000
57781  -40.499  10.680  40.749 0.8750000000
57794  -40.083  11.222  40.051 0.8750000000
58683  -40.658  11.758  39.645 1.0000000000
57793  -39.193  10.902  39.544 0.8750000000
58592  -46.684  11.574  45.641 0.1250000000
57747  -45.961  11.125  45.163 0.2500000000
58631  -44.821  10.930  44.083 0.2500000000
57761  -43.726  11.077  42.978 0.5000000000
105675  -44.332  11.230  43.501 0.3750000000
58657  -42.983  11.525  42.257 0.5000000000
58656  -41.946  11.342  41.319 0.8750000000
59511  -42.421  11.984  41.387 0.8750000000
58666  -41.542  11.665  40.689 0.8750000000
96757  -41.252  11.922  40.066 1.0000000000
58684  -41.264  12.195  39.331 1.0000000000
58697  -40.562  11.989  38.725 0.8750000000
58612  -45.514  11.584  44.363 0.2500000000
58613  -46.295  11.909  44.925 0.1250000000
90821  -44.781  11.798  43.625 0.3750000000
58651  -44.055  11.917  43.069 0.5000000000
59483  -45.360  12.566  43.693 0.2500000000
58650  -43.474  11.954  42.532 0.3750000000
59512  -43.092  12.517  41.707 0.6250000000
91705  -43.840  12.643  42.350 0.3750000000
58667  -41.988  11.980  40.795 0.8750000000
59513  -43.679  13.286  41.407 0.6250000000
59522  -41.815  12.302  40.018 0.8750000000
59523  -42.356  12.501  40.432 0.8750000000
95753  -42.714  12.710  40.844 0.7500000000
102447  -43.197  13.209  40.661 0.7500000000
108595  -43.745  13.642  40.426 0.7500000000
59537  -42.494  12.665  39.518 0.8750000000
59524  -42.964  13.041  39.801 0.7500000000
59525  -43.734  13.445  39.584 0.7500000000
59536  -41.978  12.468  39.040 0.8750000000
95648  -43.206  12.787  38.863 0.7500000000
58698  -41.342  12.269  38.403 0.8750000000
59545  -42.282  12.405  38.082 1.0000000000
109733  -42.667  12.594  38.768 1.0000000000
59546  -43.200  12.489  38.203 0.8750000000
59503  -44.531  12.634  43.034 0.3750000000
60357  -44.405  13.484  42.143 0.6250000000
60364  -44.210  13.994  40.870 0.5000000000
59538  -43.901  12.974  38.777 0.7500000000
59547  -44.001  12.468  38.254 0.7500000000
59557  -42.970  12.332  37.475 0.8750000000
60373  -44.421  13.812  39.698 0.6250000000
59539  -44.840  13.120  38.780 0.6250000000
60380  -45.477  13.567  39.161 0.5000000000
59558  -43.825  12.245  37.698 0.8750000000
59548  -44.834  12.497  38.242 0.8750000000
59568  -43.492  12.187  36.947 0.7500000000
93853  -46.298  14.001  39.534 0.3750000000
59540  -45.825  12.933  38.606 0.6250000000
59549  -45.677  12.521  38.266 0.5000000000
59559  -44.658  12.223  37.825 0.7500000000
59569  -44.288  12.156  37.168 0.8750000000
58708  -45.142  12.237  37.300 0.6250000000
58721  -44.647  12.296  36.393 0.7500000000
58734  -44.485  12.356  35.303 0.8750000000
59590  -46.771  13.100  35.001 0.8750000000
60411  -48.185  13.831  34.803 0.7500000000
61171  -49.551  14.498  34.417 0.6250000000
60410  -47.324  13.646  34.483 0.8750000000
59550  -46.511  12.476  38.328 0.5000000000
59541  -46.474  13.092  38.857 0.5000000000
60381  -47.295  13.211  39.120 0.2500000000
59560  -45.614  12.210  37.890 0.5000000000
107982  -46.135  12.272  38.073 0.5000000000
58722  -45.496  12.292  36.730 0.7500000000
58709  -45.989  12.200  37.303 0.7500000000
58723  -46.130  12.335  36.547 0.7500000000
58735  -45.377  12.413  35.924 0.7500000000
59577  -46.190  12.626  35.611 0.7500000000
59570  -46.747  12.481  36.420 0.7500000000
59578  -47.130  12.805  35.917 0.7500000000
59579  -47.958  12.981  36.195 0.7500000000
60402  -48.471  13.464  35.608 0.6250000000
59589  -45.842  12.905  34.447 0.8750000000
59591  -47.638  13.311  35.368 0.7500000000
60412  -49.049  14.007  35.054 0.6250000000
60387  -47.318  12.591  38.620 0.3750000000
90805  -46.585  12.154  37.842 0.6250000000
90888  -47.274  12.225  38.196 0.3750000000
60388  -47.962  12.715  38.884 0.1250000000
59561  -46.768  12.282  37.133 0.7500000000
59562  -47.621  12.226  37.636 0.2500000000
59551  -48.130  12.320  38.341 0.2500000000
102234  -47.447  12.502  36.744 0.6250000000
59571  -48.420  12.571  37.031 0.5000000000
60397  -48.720  13.091  36.305 0.5000000000
60398  -49.394  13.045  36.857 0.2500000000
60403  -49.303  13.549  35.886 0.6250000000
60404  -50.001  13.665  36.290 0.2500000000
60389  -48.803  12.859  38.795 0.1250000000
59563  -48.496  12.319  37.807 0.1250000000
59552  -48.990  12.531  38.120 0.1250000000
60384  -49.601  13.508  39.097 0.1250000000
59572  -49.019  12.579  37.567 0.2500000000
60390  -49.684  13.148  38.385 0.1250000000
60385  -50.685  13.730  38.844 0.1250000000
60392  -49.666  12.965  37.714 0.2500000000
60393  -50.599  13.456  38.043 0.1250000000
60399  -50.469  13.526  37.155 0.2500000000
60400  -51.522  13.778  37.701 0.1250000000
61157  -52.563  13.997  38.127 0.1250000000
91610  -52.411  14.131  37.301 0.1250000000
61158  -53.486  14.460  37.793 0.1250000000
61155  -54.220  14.964  38.230 0.1250000000
61164  -53.356  14.645  36.915 0.1250000000
107486  -14.171  -2.430  64.157 0.6250000000
45578  -14.402  -3.476  62.941 0.3750000000
47221  -15.258  -1.300  64.429 0.5000000000
46439  -15.335  -2.228  63.279 0.6250000000
47239  -16.211  -1.525  63.359 0.6250000000
46440  -16.026  -2.155  62.791 0.6250000000
48050  -16.024  0.112  64.823 0.5000000000
48075  -16.726  -0.731  63.712 0.5000000000
48076  -17.453  -0.334  63.367 0.6250000000
48077  -18.108  0.093  63.011 0.6250000000
49784  -18.530  1.865  63.741 0.3750000000
48916  -20.124  0.653  61.103 0.7500000000
50595  -19.197  3.190  64.281 0.1250000000
57611  -37.259  10.635  60.209 0.5000000000
56794  -38.698  10.484  60.713 0.3750000000
56808  -40.826  10.387  59.023 0.3750000000
57645  -38.523  10.543  58.286 0.7500000000
56016  -41.244  9.657  58.337 0.3750000000
56040  -41.219  9.224  57.874 0.5000000000
50655  -20.598  2.186  60.682 0.8750000000
100489  -39.963  9.785  57.257 0.7500000000
56870  -38.995  9.282  56.307 0.8750000000
56079  -40.493  8.746  57.054 0.7500000000
55175  -39.589  7.366  56.159 0.8750000000
54234  -40.350  7.252  56.620 0.7500000000
54252  -39.230  6.932  55.689 1.0000000000
54254  -40.355  6.609  56.185 0.7500000000
53423  -39.725  5.623  55.248 0.7500000000
94934  -37.426  7.225  54.302 1.0000000000
53437  -38.658  5.374  54.566 1.0000000000
102138  -39.985  4.534  55.160 0.7500000000
52537  -38.150  4.925  53.979 1.0000000000
51626  -39.138  3.623  54.093 0.7500000000
51640  -38.739  3.203  53.421 0.8750000000
52549  -37.765  4.504  53.243 1.0000000000
51652  -37.673  2.984  52.422 1.0000000000
94470  -35.800  4.421  51.991 1.0000000000
52565  -37.325  3.951  52.608 1.0000000000
51650  -36.000  3.673  51.759 1.0000000000
51662  -36.289  2.816  51.411 1.0000000000
100737  -37.009  2.174  51.041 1.0000000000
49930  -25.286  1.504  51.503 0.1250000000
51689  -35.260  2.797  49.882 1.0000000000
50790  -35.937  2.477  50.056 1.0000000000
51688  -34.575  3.256  49.586 1.0000000000
104902  -35.694  2.432  48.573 1.0000000000
51702  -35.137  2.735  49.108 1.0000000000
101674  -27.711  2.399  50.027 0.1250000000
96317  -28.420  2.409  49.849 0.1250000000
105720  -34.148  2.849  48.085 1.0000000000
50841  -34.460  2.333  47.288 1.0000000000
101592  -32.017  4.180  47.578 1.0000000000
50001  -35.035  1.881  46.727 1.0000000000
101046  -33.055  1.697  46.369 0.8750000000
51729  -32.624  2.575  46.624 0.8750000000
92859  -33.931  -0.398  46.204 0.8750000000
50824  -30.051  2.337  48.107 0.5000000000
51496  -19.899  3.861  63.732 0.2500000000
56842  -36.019  10.038  58.091 0.7500000000
56867  -35.759  9.567  56.594 0.8750000000
56868  -36.670  9.664  56.220 0.8750000000
56869  -37.530  9.406  55.872 1.0000000000
56878  -36.095  9.384  55.654 1.0000000000
50673  -21.637  3.094  57.875 0.7500000000
56102  -34.708  8.796  55.211 0.8750000000
56103  -35.697  8.969  55.007 1.0000000000
49867  -21.596  1.933  57.000 0.7500000000
50703  -22.273  2.679  55.622 0.6250000000
49891  -22.196  1.779  55.456 0.5000000000
52534  -23.633  4.378  54.675 0.7500000000
54297  -36.069  6.897  52.990 1.0000000000
107294  -40.142  3.048  53.727 0.6250000000
52576  -34.624  4.711  51.597 1.0000000000
53489  -34.072  4.542  51.116 1.0000000000
50812  -37.630  1.856  49.471 1.0000000000
50793  -38.958  2.058  50.102 1.0000000000
52587  -33.715  4.439  50.435 1.0000000000
96251  -36.348  2.272  48.406 1.0000000000
50809  -28.941  2.518  49.168 0.1250000000
52619  -32.364  4.476  48.378 1.0000000000
50015  -36.130  2.060  46.584 0.8750000000
49152  -35.140  0.522  45.362 0.7500000000
50014  -34.883  1.082  45.985 0.7500000000
50853  -30.708  3.076  46.736 0.7500000000
51714  -30.487  3.714  46.985 0.7500000000
51727  -31.309  3.111  46.613 0.7500000000
49157  -35.050  -0.528  45.174 0.7500000000
47464  -34.838  -1.518  45.997 0.7500000000
56822  -34.361  9.380  59.354 0.6250000000
107628  -21.153  3.712  60.354 0.8750000000
56088  -34.422  8.893  56.543 0.8750000000
51589  -22.233  3.663  56.712 0.7500000000
106056  -33.672  7.349  53.419 1.0000000000
55226  -33.057  7.643  53.717 0.8750000000
52524  -41.021  4.866  55.155 0.3750000000
51590  -22.751  4.367  56.128 1.0000000000
51629  -41.242  4.083  54.288 0.3750000000
55228  -35.107  7.065  53.128 1.0000000000
104024  -24.698  4.999  53.353 0.7500000000
106856  -37.102  2.543  47.546 1.0000000000
53515  -29.321  5.303  47.780 0.7500000000
53533  -29.955  5.130  47.446 0.7500000000
47465  -35.545  -1.934  45.615 0.7500000000
55171  -27.219  8.715  56.164 1.0000000000
56083  -29.661  9.244  56.205 0.8750000000
55159  -26.002  8.091  57.429 1.0000000000
56084  -30.420  9.180  56.297 0.8750000000
56099  -31.661  8.677  56.178 0.8750000000
54250  -24.869  7.297  56.453 1.0000000000
54267  -25.731  7.702  55.325 1.0000000000
55186  -28.128  8.483  55.269 1.0000000000
55173  -30.812  8.679  55.870 0.8750000000
55208  -30.337  7.682  54.556 1.0000000000
52509  -23.665  5.490  56.095 1.0000000000
54313  -32.446  6.479  52.678 1.0000000000
51653  -40.795  3.096  52.135 0.8750000000
109400  -24.970  5.289  53.042 0.6250000000
51664  -40.643  3.291  51.407 0.7500000000
50829  -38.491  2.730  48.389 1.0000000000
53516  -30.033  5.736  47.797 0.7500000000
54358  -28.656  6.147  48.879 0.7500000000
53534  -30.801  5.143  47.555 0.8750000000
54249  -24.303  6.770  56.724 1.0000000000
54281  -26.826  8.034  54.154 1.0000000000
55205  -27.966  8.120  54.011 1.0000000000
100101  -29.969  7.276  53.217 1.0000000000
55223  -29.461  7.476  53.855 1.0000000000
55240  -31.317  6.829  52.371 1.0000000000
99481  -26.976  7.134  52.012 1.0000000000
54311  -27.787  7.471  51.958 1.0000000000
55250  -28.787  7.487  51.892 1.0000000000
106799  -28.080  7.332  51.376 1.0000000000
55251  -29.766  7.280  51.659 1.0000000000
51703  -38.702  3.252  48.287 1.0000000000
53474  -26.501  6.015  51.041 0.8750000000
51717  -37.875  3.276  47.600 1.0000000000
98110  -28.931  6.640  49.422 0.8750000000
53491  -39.987  5.572  51.208 0.6250000000
98258  -38.080  4.906  48.773 1.0000000000
99683  -35.619  6.093  46.136 1.0000000000
54404  -35.935  7.105  46.085 1.0000000000
102514  -37.105  7.940  46.998 0.7500000000
55334  -37.461  8.244  45.900 0.8750000000
54430  -36.656  7.246  43.018 0.8750000000
55359  -39.107  7.207  43.728 0.8750000000
55338  -42.205  7.680  44.865 0.6250000000
55361  -41.114  7.275  43.533 0.7500000000
55363  -42.311  7.693  43.972 0.5000000000
55383  -39.123  7.944  42.069 1.0000000000
57779  -38.576  10.150  39.859 0.8750000000
57013  -37.920  9.623  39.652 0.8750000000
57039  -37.484  9.413  38.042 0.8750000000
60421  -48.728  14.344  34.224 0.7500000000
48931  -20.526  0.028  59.961 0.6250000000
48949  -20.512  0.136  59.220 0.6250000000
48932  -20.602  0.683  59.568 0.6250000000
100649  -20.694  0.164  58.479 0.5000000000
108779  -20.894  0.617  58.286 0.5000000000
48996  -21.648  0.313  56.321 0.2500000000
49015  -22.143  0.655  55.330 0.3750000000
57616  -41.506  10.010  59.206 0.2500000000
99336  -20.515  0.610  60.086 0.7500000000
56827  -42.104  9.439  58.945 0.2500000000
49845  -20.817  1.353  59.230 0.6250000000
49877  -21.400  0.865  57.065 0.6250000000
95164  -21.786  1.279  56.230 0.3750000000
49904  -22.447  1.421  54.714 0.3750000000
49917  -23.431  1.486  53.275 0.3750000000
49858  -21.088  1.740  58.612 0.6250000000
50716  -22.637  2.488  54.589 0.6250000000
105958  -23.195  2.223  53.743 0.5000000000
49992  -30.606  1.823  47.857 0.5000000000
47454  -34.574  -1.493  46.720 0.7500000000
47456  -36.084  -2.211  46.231 0.1250000000
47457  -37.031  -2.185  46.234 0.1250000000
54255  -42.602  6.785  56.993 0.2500000000
49993  -31.040  1.206  48.143 0.5000000000
49140  -31.493  0.717  47.563 0.6250000000
48263  -31.881  0.385  47.123 0.7500000000
48264  -32.472  -0.130  47.032 0.7500000000
48271  -33.417  -0.475  46.731 0.7500000000
47443  -34.398  -1.294  47.347 0.7500000000
98504  -34.228  -0.962  46.402 0.7500000000
47466  -36.469  -2.088  45.392 0.3750000000
47453  -33.942  -0.929  47.010 0.7500000000
47475  -35.931  -1.625  44.810 0.2500000000
47476  -36.933  -1.639  44.564 0.2500000000
100454  -24.729  9.054  63.125 0.3750000000
106924  -23.857  8.091  62.316 0.3750000000
99507  -21.776  5.170  60.138 0.6250000000
52468  -21.974  5.022  59.360 0.7500000000
92617  -22.349  5.745  59.763 0.7500000000
54212  -23.326  6.931  59.853 0.7500000000
53384  -22.916  6.381  59.360 0.7500000000
53392  -23.145  6.289  58.496 0.8750000000
52525  -41.375  5.235  54.971 0.2500000000
52541  -41.724  5.040  54.505 0.2500000000
50018  -35.500  1.186  45.168 0.7500000000
50840  -30.542  2.400  47.152 0.6250000000
50000  -31.076  1.477  47.346 0.5000000000
49148  -31.581  1.011  46.952 0.6250000000
50855  -32.329  1.827  46.430 0.7500000000
49150  -33.006  0.179  46.434 0.7500000000
48278  -35.553  -0.861  44.564 0.6250000000
48284  -36.312  -1.014  44.146 0.3750000000
107780  -36.910  -1.124  44.112 0.2500000000
48286  -37.497  -1.071  44.158 0.2500000000
55103  -23.303  7.407  62.425 0.3750000000
102466  -23.356  7.155  61.758 0.3750000000
95860  -23.723  7.688  61.713 0.5000000000
54203  -23.082  6.779  61.458 0.5000000000
55120  -23.566  7.427  61.044 0.5000000000
95992  -24.098  8.130  61.093 0.5000000000
55999  -24.124  8.280  61.734 0.5000000000
52456  -21.662  5.206  60.957 0.5000000000
54207  -22.665  6.340  61.063 0.5000000000
54208  -23.216  6.849  60.693 0.5000000000
53378  -22.204  5.799  60.605 0.5000000000
53379  -22.768  6.387  60.233 0.7500000000
54209  -23.595  7.356  60.272 0.6250000000
54218  -23.587  6.940  59.009 0.7500000000
54213  -23.925  7.456  59.525 0.7500000000
54231  -23.865  6.901  58.201 0.8750000000
54232  -24.124  6.838  57.476 0.8750000000
50854  -31.728  2.358  46.522 0.7500000000
95816  -35.611  1.731  44.919 0.7500000000
51742  -36.190  3.236  45.766 0.8750000000
50011  -31.877  1.409  46.580 0.6250000000
94473  -35.425  0.141  44.578 0.7500000000
49163  -35.870  -0.324  43.982 0.5000000000
49173  -36.395  0.127  43.541 0.3750000000
110003  -36.353  -0.481  43.825 0.5000000000
48285  -36.952  -0.604  43.762 0.3750000000
55122  -24.726  8.424  60.495 0.7500000000
55121  -24.128  7.912  60.188 0.6250000000
54219  -24.370  7.435  58.727 0.7500000000
49172  -35.706  0.497  43.806 0.5000000000
50033  -35.502  1.392  43.519 0.5000000000
90947  -24.842  8.232  59.782 0.7500000000
55130  -24.665  7.880  59.272 0.7500000000
105971  -32.854  9.084  58.575 0.6250000000
55142  -25.343  7.882  58.478 0.8750000000
54220  -24.671  7.371  58.012 0.8750000000
55143  -25.384  7.706  57.746 0.8750000000
53451  -41.687  5.719  53.732 0.2500000000
55213  -42.637  7.274  54.505 0.2500000000
53466  -41.420  5.359  52.679 0.3750000000
53467  -41.572  5.685  53.159 0.2500000000
52669  -34.783  4.669  44.912 0.7500000000
51766  -34.474  3.671  43.343 0.6250000000
51741  -35.387  3.516  45.064 0.6250000000
52661  -35.713  4.298  45.737 0.8750000000
50881  -34.635  2.888  42.734 0.6250000000
51767  -34.859  2.887  43.658 0.6250000000
56014  -32.773  9.067  60.021 0.5000000000
55132  -25.952  8.295  58.784 0.7500000000
56037  -32.478  9.129  59.190 0.6250000000
56804  -33.403  9.649  60.326 0.5000000000
54331  -40.492  5.871  51.749 0.5000000000
54416  -34.573  6.094  43.936 0.7500000000
53566  -34.778  5.849  44.833 0.6250000000
53556  -35.297  5.425  45.630 0.8750000000
52680  -34.304  4.482  42.931 0.6250000000
53565  -34.447  5.341  44.253 0.6250000000
51754  -34.336  4.543  43.933 0.6250000000
52701  -34.501  4.181  41.123 0.5000000000
104717  -35.020  3.953  40.528 0.5000000000
51806  -35.720  3.528  40.215 0.2500000000
55144  -26.201  8.273  58.183 0.8750000000
56059  -31.197  9.394  58.027 0.7500000000
103985  -31.121  9.354  58.889 0.6250000000
54417  -35.090  6.734  44.480 0.7500000000
53588  -34.786  5.953  42.012 0.6250000000
54428  -34.593  6.090  42.982 0.6250000000
53599  -35.098  5.734  41.130 0.6250000000
53598  -34.561  5.110  41.504 0.5000000000
56055  -27.034  8.959  58.250 0.8750000000
56071  -28.309  9.312  57.312 0.7500000000
56057  -29.361  9.448  57.715 0.7500000000
56058  -30.374  9.492  58.319 0.7500000000
54440  -35.232  6.577  42.532 0.6250000000
95916  -35.494  6.402  41.629 0.6250000000
53612  -35.549  5.590  40.366 0.6250000000
52716  -35.673  4.556  39.986 0.3750000000
53613  -36.110  5.496  39.627 0.3750000000
52734  -36.439  4.577  39.289 0.3750000000
52749  -37.049  4.439  38.667 0.3750000000
53642  -37.814  5.259  37.859 0.5000000000
52769  -38.623  4.900  37.753 0.5000000000
99211  -39.103  5.435  37.527 0.5000000000
54441  -36.228  6.908  42.192 0.6250000000
54451  -35.697  6.182  40.892 0.6250000000
54462  -36.191  6.370  40.245 0.5000000000
54474  -36.465  6.292  39.292 0.5000000000
53625  -36.696  5.427  38.818 0.5000000000
53661  -37.693  5.981  37.737 0.5000000000
54503  -38.066  6.496  37.459 0.5000000000
97511  -38.485  7.153  37.108 0.5000000000
56209  -40.645  8.461  48.272 0.3750000000
56220  -39.934  8.309  47.004 0.2500000000
54431  -37.614  7.322  43.028 0.7500000000
54452  -36.272  6.676  41.219 0.7500000000
55370  -37.861  7.414  42.328 0.7500000000
54475  -36.635  7.066  39.697 0.6250000000
53640  -36.797  6.275  38.622 0.6250000000
53641  -37.211  5.792  38.194 0.5000000000
102275  -37.750  7.243  37.537 0.5000000000
56324  -38.087  8.732  36.857 0.5000000000
95240  -39.931  11.604  36.868 0.6250000000
58707  -41.466  12.145  37.391 0.7500000000
104950  -42.224  12.229  37.208 0.7500000000
55429  -38.739  7.945  36.753 0.3750000000
57045  -38.393  9.377  36.612 0.5000000000
57046  -39.003  9.822  36.232 0.5000000000
58717  -39.910  11.297  36.140 0.6250000000
109266  -41.122  11.601  35.992 0.6250000000
59556  -41.726  11.893  36.431 0.6250000000
59567  -42.656  12.128  36.641 0.7500000000
55438  -39.545  8.007  36.488 0.2500000000
56331  -40.016  8.497  36.135 0.3750000000
57047  -39.763  9.353  35.904 0.5000000000
57054  -40.329  9.903  35.494 0.3750000000
57068  -41.701  10.135  34.844 0.6250000000
58719  -42.366  11.784  35.770 0.6250000000
105479  -39.219  7.342  43.083 0.7500000000
55381  -37.524  7.452  41.557 0.6250000000
54463  -36.901  7.155  40.772 0.6250000000
55407  -36.837  7.789  39.152 0.6250000000
55406  -36.719  6.999  38.874 0.6250000000
54502  -37.246  6.788  38.077 0.6250000000
92782  -37.366  7.824  37.920 0.6250000000
99321  -37.902  7.938  37.260 0.5000000000
58706  -40.496  11.941  37.667 0.7500000000
57040  -37.769  9.585  37.139 0.6250000000
101979  -38.293  9.941  36.679 0.5000000000
58704  -38.405  10.870  37.262 0.5000000000
58716  -39.167  11.229  36.787 0.6250000000
58732  -42.210  11.328  35.020 0.6250000000
57842  -42.247  10.687  34.650 0.5000000000
56350  -42.834  8.948  34.706 0.3750000000
104799  -43.800  8.542  34.487 0.2500000000
56352  -45.292  8.209  34.009 0.1250000000
55382  -38.272  7.717  41.856 0.8750000000
55396  -37.678  7.782  41.033 0.6250000000
56273  -38.526  8.232  41.381 0.7500000000
56274  -39.404  8.549  41.667 0.8750000000
55395  -37.093  7.813  40.076 0.6250000000
56288  -38.807  8.959  40.981 0.8750000000
60365  -44.956  14.415  41.430 0.2500000000
60374  -45.080  14.263  40.056 0.2500000000
56287  -37.801  8.576  40.470 0.7500000000
56297  -37.615  9.148  39.790 0.7500000000
56999  -38.251  9.407  40.274 0.7500000000
107695  -36.994  7.611  38.527 0.6250000000
56310  -37.173  8.501  38.517 0.7500000000
57012  -37.452  9.335  39.010 0.7500000000
57027  -37.731  9.898  38.515 0.7500000000
57806  -38.341  10.524  38.822 0.7500000000
58682  -39.777  11.522  39.048 0.7500000000
56323  -37.500  8.709  37.588 0.6250000000
57814  -37.873  10.291  37.765 0.7500000000
58696  -39.223  11.464  38.195 0.7500000000
58705  -39.576  11.598  37.533 0.7500000000
57821  -38.035  10.303  37.005 0.6250000000
105269  -38.908  11.309  37.546 0.7500000000
58733  -43.020  11.729  35.156 0.7500000000
58720  -43.183  12.092  36.083 0.7500000000
57843  -42.929  10.547  34.392 0.5000000000
58745  -42.707  11.170  34.648 0.6250000000
58746  -43.270  11.283  34.443 0.6250000000
57070  -43.387  9.627  34.257 0.3750000000
57079  -43.994  9.941  33.800 0.5000000000
57071  -44.203  9.172  33.914 0.2500000000
56360  -44.912  8.902  33.595 0.2500000000
56351  -44.555  8.495  34.093 0.2500000000
61130  -45.684  14.954  41.470 0.2500000000
61136  -45.754  14.714  40.527 0.2500000000
95485  -43.885  12.182  36.477 0.7500000000
95470  -43.797  12.191  35.677 0.7500000000
57848  -43.568  10.598  34.017 0.6250000000
57080  -44.602  9.704  33.384 0.5000000000
57109  -48.583  9.637  31.814 0.2500000000
57886  -48.626  10.616  30.798 0.1250000000
58782  -49.076  11.078  30.299 0.1250000000
58790  -48.787  11.813  29.884 0.1250000000
103639  -49.340  12.047  29.445 0.2500000000
59639  -50.109  11.841  29.130 0.1250000000
58747  -43.737  11.974  34.750 0.7500000000
58756  -43.873  11.461  33.993 0.5000000000
57858  -45.051  10.303  32.755 0.5000000000
58763  -45.305  11.209  32.294 0.5000000000
57091  -45.732  9.718  32.604 0.3750000000
57859  -45.842  10.355  32.208 0.5000000000
57871  -46.578  10.360  31.799 0.3750000000
57107  -47.104  9.828  31.861 0.2500000000
57872  -47.359  10.429  31.425 0.2500000000
57873  -48.219  10.160  31.308 0.2500000000
58781  -48.115  11.416  30.445 0.1250000000
59638  -49.543  12.670  29.051 0.2500000000
59648  -50.296  12.589  28.537 0.2500000000
59576  -45.173  12.583  34.895 0.7500000000
58748  -44.389  12.176  34.318 0.6250000000
57857  -44.711  11.241  32.833 0.5000000000
58764  -46.029  11.121  31.797 0.3750000000
97226  -46.702  10.991  31.454 0.3750000000
57885  -47.890  10.767  30.951 0.3750000000
102161  -47.441  12.055  30.549 0.3750000000
59628  -48.012  12.478  30.085 0.3750000000
59637  -48.796  12.632  29.553 0.3750000000
60459  -48.988  13.509  29.244 0.3750000000
61215  -49.142  14.450  28.991 0.5000000000
60464  -50.238  13.975  28.109 0.3750000000
61221  -51.031  14.760  27.480 0.3750000000
60468  -50.802  13.918  27.718 0.2500000000
60469  -51.508  13.885  27.327 0.2500000000
60471  -52.277  13.897  26.821 0.2500000000
99092  -53.002  13.650  26.464 0.1250000000
59588  -44.981  12.517  33.807 0.6250000000
59597  -45.052  12.128  32.718 0.6250000000
59605  -45.644  11.973  31.895 0.6250000000
95154  -52.091  17.488  31.428 0.5000000000
63851  -52.439  17.925  31.079 0.1250000000
63852  -52.920  18.423  31.125 0.1250000000
104470  -53.209  18.620  31.850 0.1250000000
64489  -53.539  19.124  31.266 0.1250000000
58772  -46.380  11.732  31.396 0.3750000000
58773  -47.206  11.355  30.970 0.3750000000
63221  -51.672  17.241  30.232 0.6250000000
63867  -52.656  18.060  30.444 0.2500000000
63868  -53.262  18.654  30.398 0.1250000000
109128  -47.675  13.321  30.154 0.5000000000
62569  -50.871  16.593  29.031 0.7500000000
95271  -51.386  17.048  28.999 0.7500000000
63224  -51.822  17.320  29.445 0.5000000000
60458  -48.223  13.410  29.719 0.3750000000
61925  -49.491  15.366  28.999 0.5000000000
61926  -50.146  15.380  28.353 0.5000000000
61927  -50.681  16.024  28.312 0.6250000000
62570  -51.292  16.702  28.185 0.7500000000
63227  -51.882  17.276  28.590 0.7500000000
63225  -52.410  17.668  29.096 0.3750000000
63880  -52.953  18.211  29.592 0.3750000000
109043  -51.377  15.203  27.261 0.5000000000
62573  -51.581  16.372  27.403 0.6250000000
62571  -51.910  17.073  27.603 0.7500000000
61222  -51.671  14.664  27.062 0.2500000000
61224  -52.163  14.858  26.540 0.3750000000
62575  -51.991  16.423  26.887 0.6250000000
61165  -50.123  14.226  35.326 0.3750000000
61172  -50.262  14.874  34.408 0.3750000000
61173  -50.895  14.930  34.937 0.2500000000
61178  -49.829  14.960  33.904 0.5000000000
61894  -50.826  15.336  34.324 0.3750000000
61899  -51.256  15.725  33.932 0.2500000000
62546  -51.886  16.141  33.595 0.1250000000
61898  -50.435  15.447  33.714 0.3750000000
59598  -45.643  12.950  33.340 0.7500000000
60420  -47.886  14.164  33.954 0.7500000000
61177  -49.261  14.752  33.696 0.7500000000
61897  -49.753  15.235  33.320 0.7500000000
61903  -50.329  15.650  32.895 0.3750000000
61904  -51.077  15.921  33.189 0.2500000000
62551  -51.642  16.430  32.734 0.3750000000
63200  -52.930  17.259  33.341 0.1250000000
65707  -55.857  21.507  35.073 0.1250000000
59606  -45.771  12.786  32.325 0.7500000000
60430  -47.629  14.257  33.131 0.7500000000
61176  -48.480  14.585  33.257 0.7500000000
94460  -49.180  15.003  33.060 0.7500000000
61902  -49.632  15.366  32.606 0.7500000000
62550  -50.879  16.047  32.438 0.3750000000
62552  -52.260  17.023  32.673 0.2500000000
63209  -52.746  17.618  32.626 0.1250000000
109231  -53.262  17.870  33.312 0.1250000000
65129  -55.202  20.539  33.782 0.1250000000
65130  -55.893  20.970  34.702 0.1250000000
65714  -55.864  22.003  34.487 0.1250000000
59618  -46.208  12.584  31.561 0.5000000000
61184  -48.794  14.997  32.333 0.7500000000
61914  -50.222  15.724  32.118 0.7500000000
62560  -50.707  16.144  31.706 0.6250000000
63208  -51.687  16.947  31.927 0.5000000000
104727  -52.255  17.397  32.086 0.1250000000
63838  -53.315  18.413  32.757 0.1250000000
64473  -53.710  19.186  32.395 0.1250000000
64474  -54.426  19.818  33.093 0.1250000000
95196  -55.702  21.440  33.638 0.1250000000
61913  -49.471  15.406  31.823 0.7500000000
62561  -51.141  16.612  31.385 0.6250000000
63217  -51.578  17.138  31.042 0.5000000000
63837  -52.648  18.000  31.832 0.1250000000
64490  -54.121  19.814  31.936 0.1250000000
65137  -54.666  20.333  32.574 0.1250000000
65138  -55.258  20.937  32.584 0.1250000000
60441  -46.739  13.174  31.157 0.5000000000
59627  -47.279  12.854  30.553 0.5000000000
61197  -48.805  15.112  31.529 0.7500000000
61919  -50.061  15.793  31.221 0.7500000000
62563  -50.656  16.293  30.924 0.7500000000
62564  -51.134  16.762  30.563 0.6250000000
64509  -54.096  19.762  30.931 0.1250000000
60457  -47.799  14.051  29.990 0.5000000000
61206  -48.145  14.770  29.954 0.5000000000
61917  -48.698  15.337  30.092 0.7500000000
61923  -49.902  15.858  29.733 0.7500000000
62566  -50.619  16.362  29.963 0.7500000000
62567  -51.225  16.928  29.720 0.6250000000
99258  -53.391  18.544  28.987 0.3750000000
64521  -53.701  18.946  29.646 0.3750000000
64508  -53.741  19.233  30.437 0.3750000000
61922  -48.740  15.072  29.490 0.5000000000
109770  -49.224  15.509  29.682 0.6250000000
96260  -50.256  15.980  29.034 0.7500000000
63229  -52.853  18.058  27.756 0.5000000000
63890  -52.894  18.098  28.649 0.3750000000
101473  -52.511  16.418  26.401 0.6250000000
62576  -52.230  16.977  26.882 0.7500000000
63231  -52.415  17.518  27.288 0.6250000000
63228  -52.409  17.611  28.188 0.5000000000
61226  -53.253  14.869  25.808 0.3750000000
61230  -54.046  14.640  25.520 0.2500000000
59599  -46.444  13.398  33.985 0.7500000000
60418  -46.285  13.477  32.930 0.7500000000
60419  -47.041  13.906  33.537 0.7500000000
60429  -46.942  13.991  32.553 0.7500000000
60428  -46.379  13.390  31.961 0.7500000000
60442  -47.053  13.914  31.597 0.7500000000
61183  -47.782  14.477  32.243 0.7500000000
65724  -56.098  22.460  33.378 0.1250000000
96134  -48.263  14.770  31.623 0.7500000000
65151  -54.730  20.418  31.508 0.1250000000
94772  -55.908  21.650  32.539 0.1250000000
65725  -56.400  22.277  32.481 0.1250000000
60449  -47.344  13.752  30.679 0.5000000000
61195  -47.665  14.405  31.193 0.6250000000
61912  -49.166  15.378  30.967 0.7500000000
65165  -54.534  20.150  30.572 0.1250000000
65166  -55.106  20.710  30.596 0.1250000000
65152  -55.494  21.184  31.550 0.1250000000
65735  -56.307  21.876  31.637 0.1250000000
61205  -47.798  14.365  30.439 0.5000000000
61196  -48.313  14.882  30.779 0.5000000000
63892  -53.944  18.964  28.764 0.3750000000
62577  -53.147  16.485  25.931 0.5000000000
61936  -53.769  15.615  25.603 0.5000000000
61937  -54.654  15.313  25.386 0.2500000000
62579  -54.124  16.592  25.654 0.5000000000
108811  -31.041  2.546  46.659 0.6250000000
53400  -23.457  6.104  57.603 0.8750000000
54233  -24.791  7.327  57.267 0.8750000000
53450  -41.709  4.937  53.284 0.2500000000
97659  -35.940  5.146  46.366 0.8750000000
56208  -39.834  8.422  47.930 0.3750000000
54429  -35.052  6.734  43.478 0.6250000000
94625  -39.908  11.760  38.240 0.7500000000
50012  -32.557  1.058  46.404 0.7500000000
49999  -31.259  1.841  46.810 0.6250000000
47455  -35.237  -2.010  46.448 0.6250000000
97272  -20.795  0.825  58.796 0.6250000000
49866  -21.176  1.215  57.939 0.6250000000
48983  -21.053  0.304  57.770 0.5000000000
49905  -22.793  1.498  53.969 0.3750000000
48253  -31.954  0.073  47.678 0.6250000000
49149  -32.161  0.592  46.719 0.7500000000
48265  -33.167  -0.620  47.384 0.7500000000
47467  -37.491  -1.961  45.393 0.1250000000
101526  -22.861  6.764  62.157 0.5000000000
50025  -35.483  1.071  44.309 0.6250000000
50034  -35.983  0.977  43.186 0.3750000000
108765  -25.776  7.924  57.994 0.8750000000
54315  -41.693  6.551  53.433 0.2500000000
51755  -34.706  3.689  44.289 0.6250000000
56036  -31.768  9.241  59.000 0.5000000000
53578  -34.351  5.361  43.435 0.6250000000
52689  -34.293  4.376  41.965 0.5000000000
53587  -34.411  5.279  42.464 0.5000000000
51792  -34.343  3.606  41.620 0.5000000000
52702  -34.916  4.877  40.652 0.6250000000
109044  -35.251  3.357  40.583 0.2500000000
51820  -36.319  3.695  39.613 0.2500000000
104715  -36.824  3.810  39.072 0.2500000000
51842  -37.486  3.571  38.758 0.2500000000
54504  -39.102  6.241  37.229 0.3750000000
54442  -37.120  7.220  42.428 0.7500000000
97009  -37.302  5.039  38.304 0.5000000000
54453  -37.004  7.140  41.724 0.7500000000
58718  -40.731  11.716  36.546 0.6250000000
56330  -39.061  8.804  36.383 0.3750000000
57829  -39.380  10.664  36.125 0.5000000000
57822  -38.647  10.522  36.620 0.5000000000
57053  -39.679  10.115  35.791 0.5000000000
57830  -40.105  10.707  35.667 0.6250000000
58730  -40.662  11.278  35.752 0.6250000000
57831  -40.976  10.596  35.271 0.6250000000
58731  -41.502  11.399  35.524 0.6250000000
56339  -40.574  8.997  35.669 0.3750000000
57055  -41.146  9.552  35.242 0.5000000000
57832  -41.684  10.868  34.973 0.6250000000
57069  -42.477  9.839  34.567 0.5000000000
56296  -37.203  8.565  39.466 0.7500000000
57807  -38.981  11.135  38.739 0.7500000000
58695  -38.504  11.039  38.041 0.7500000000
57849  -44.271  10.697  33.411 0.5000000000
57081  -45.323  9.390  33.085 0.3750000000
58791  -49.586  11.430  29.757 0.1250000000
58757  -44.455  11.756  33.457 0.5000000000
57092  -46.492  9.606  32.301 0.2500000000
57082  -46.051  9.089  32.863 0.3750000000
59647  -49.753  13.561  28.568 0.2500000000
59619  -46.795  12.285  30.950 0.3750000000
61214  -48.441  14.278  29.547 0.5000000000
61217  -49.786  14.588  28.412 0.3750000000
61218  -50.391  14.649  27.932 0.3750000000
61929  -50.628  15.347  27.870 0.6250000000
61225  -52.811  14.359  26.268 0.1250000000
63218  -52.105  17.575  30.678 0.2500000000
63222  -52.289  17.650  29.913 0.2500000000
61930  -51.133  15.759  27.585 0.6250000000
61932  -51.717  15.579  27.000 0.5000000000
61933  -52.284  15.696  26.445 0.2500000000
97440  -51.195  16.436  32.050 0.6250000000
61918  -49.542  15.683  30.346 0.6250000000
102446  -50.219  16.010  30.485 0.7500000000
61934  -52.876  15.696  25.975 0.5000000000
102244  -52.622  15.068  26.124 0.3750000000
66276  -55.804  23.215  34.165 0.1250000000
106003  -56.179  23.585  33.508 0.1250000000
40661  -10.934  -7.999  65.858 0.1250000000
41745  -11.087  -7.271  65.909 0.2500000000
41744  -10.784  -6.984  65.783 0.2500000000
42822  -11.354  -6.525  65.786 0.2500000000
41746  -11.798  -7.621  65.964 0.2500000000
41754  -12.471  -7.273  65.460 0.2500000000
40670  -10.464  -8.578  65.464 0.1250000000
42821  -10.990  -6.271  65.755 0.2500000000
42828  -10.686  -6.283  65.628 0.3750000000
43771  -11.134  -5.573  65.809 0.2500000000
41753  -10.398  -7.516  65.488 0.3750000000
42823  -11.892  -6.741  65.772 0.2500000000
40669  -9.812  -7.928  64.632 0.3750000000
43782  -12.249  -6.278  65.316 0.2500000000
43770  -10.853  -5.517  65.882 0.3750000000
99727  -10.411  -6.848  65.530 0.3750000000
101718  -11.299  -5.198  66.067 0.3750000000
42827  -10.142  -6.468  65.250 0.3750000000
43772  -11.598  -5.880  65.724 0.2500000000
42840  -9.632  -6.305  64.474 0.3750000000
41763  -9.363  -7.402  63.836 0.3750000000
43795  -12.540  -5.409  64.937 0.2500000000
42841  -12.794  -6.205  64.490 0.2500000000
44707  -13.543  -4.941  63.649 0.2500000000
43810  -14.647  -5.684  63.521 0.2500000000
44708  -14.066  -4.343  63.162 0.2500000000
43822  -14.862  -5.065  62.932 0.2500000000
44721  -14.697  -4.210  62.685 0.2500000000
44736  -15.871  -4.300  61.773 0.2500000000
44737  -16.522  -4.686  61.389 0.1250000000
45624  -20.266  -3.289  58.964 0.1250000000
101874  -10.584  -5.298  65.849 0.3750000000
44672  -10.867  -5.047  66.304 0.3750000000
43781  -10.235  -5.813  65.273 0.3750000000
44673  -11.104  -4.812  66.510 0.3750000000
43793  -9.543  -5.554  64.135 0.3750000000
43794  -10.097  -5.095  64.926 0.2500000000
44684  -11.912  -5.232  65.843 0.2500000000
44696  -12.914  -4.694  64.356 0.3750000000
45566  -13.314  -3.983  63.798 0.2500000000
45592  -15.562  -3.591  61.967 0.2500000000
45607  -16.698  -3.747  60.950 0.2500000000
45622  -18.261  -3.349  59.485 0.1250000000
45623  -19.137  -3.558  59.064 0.1250000000
44671  -10.714  -4.985  66.413 0.2500000000
105814  -10.666  -4.732  66.626 0.3750000000
45533  -10.421  -4.441  66.746 0.2500000000
45535  -11.296  -4.085  66.678 0.3750000000
100452  -11.802  -4.501  66.118 0.3750000000
44695  -10.009  -4.349  64.585 0.2500000000
45545  -12.248  -3.691  65.938 0.5000000000
44685  -12.524  -4.401  65.382 0.3750000000
100719  -13.015  -3.843  64.632 0.3750000000
45567  -13.839  -3.435  63.453 0.5000000000
45579  -15.002  -3.548  62.447 0.2500000000
46471  -16.563  -2.841  61.352 0.3750000000
46483  -17.139  -3.088  60.695 0.2500000000
94763  -17.665  -2.625  60.539 0.2500000000
46495  -18.835  -2.750  59.349 0.1250000000
46485  -19.142  -1.966  59.733 0.2500000000
46497  -20.316  -2.171  58.950 0.1250000000
46498  -20.611  -1.870  58.691 0.1250000000
46511  -21.158  -2.161  58.258 0.1250000000
46512  -21.969  -2.890  57.962 0.1250000000
46525  -22.299  -2.688  57.434 0.1250000000
46526  -23.003  -2.939  56.977 0.1250000000
47325  -22.212  -2.085  56.993 0.1250000000
47340  -22.109  -1.372  56.388 0.1250000000
46388  -9.792  -2.737  67.744 0.1250000000
46389  -10.228  -2.824  67.843 0.1250000000
46390  -11.190  -2.418  67.666 0.2500000000
46399  -9.860  -3.025  67.504 0.1250000000
107131  -10.204  -3.802  67.148 0.2500000000
46400  -10.867  -3.407  67.378 0.2500000000
47193  -12.141  -1.860  67.243 0.3750000000
103165  -31.038  11.634  65.706 0.1250000000
90157  -31.416  12.408  65.597 0.1250000000
45524  -10.153  -3.368  67.404 0.1250000000
109821  -11.695  -2.618  67.092 0.2500000000
46401  -12.506  -2.208  66.501 0.5000000000
89971  -31.672  11.575  65.402 0.1250000000
45544  -10.280  -4.050  65.614 0.2500000000
98060  -11.827  -3.075  66.477 0.5000000000
46411  -12.880  -2.671  65.757 0.5000000000
44683  -10.425  -4.799  65.852 0.2500000000
92821  -13.457  -2.646  65.114 0.5000000000
46454  -16.262  -2.410  62.118 0.3750000000
47275  -17.725  -1.619  61.551 0.5000000000
46455  -16.964  -2.022  61.826 0.3750000000
46472  -17.343  -2.367  61.130 0.2500000000
46473  -18.045  -1.981  60.837 0.2500000000
47312  -20.932  -1.253  58.052 0.1250000000
47324  -21.472  -1.150  57.333 0.1250000000
46524  -21.678  -2.032  57.679 0.1250000000
48240  -32.670  -0.379  48.814 0.5000000000
46384  -10.662  -1.939  68.064 0.1250000000
90344  -31.785  13.451  65.274 0.1250000000
60110  -34.030  13.490  64.184 0.2500000000
59229  -34.772  13.070  63.874 0.2500000000
47194  -12.984  -1.370  66.677 0.2500000000
58338  -29.489  11.344  66.114 0.1250000000
59208  -29.688  11.959  66.342 0.1250000000
107979  -32.350  13.175  65.141 0.1250000000
60103  -32.846  12.938  64.924 0.1250000000
59222  -34.947  12.162  63.940 0.2500000000
46402  -13.398  -1.810  65.989 0.5000000000
109556  -29.274  11.324  65.579 0.1250000000
90558  -30.095  11.187  65.604 0.1250000000
89974  -30.993  11.118  65.377 0.1250000000
89975  -31.803  10.957  65.075 0.1250000000
102831  -32.219  12.425  65.275 0.1250000000
59220  -33.361  12.096  64.632 0.1250000000
58354  -34.591  11.272  64.084 0.2500000000
58359  -35.381  11.371  63.588 0.2500000000
58360  -36.118  10.841  63.154 0.2500000000
57591  -36.661  10.614  62.383 0.2500000000
103448  -29.860  11.095  65.380 0.1250000000
102799  -30.547  10.951  65.161 0.1250000000
90197  -31.310  10.859  64.917 0.1250000000
102910  -32.035  10.834  64.527 0.1250000000
103019  -32.969  11.163  64.613 0.1250000000
90789  -33.526  10.639  64.087 0.2500000000
57576  -34.782  10.731  63.685 0.2500000000
57582  -35.314  10.541  63.211 0.2500000000
102829  -30.005  12.271  63.270 0.1250000000
103447  -30.737  11.137  64.475 0.1250000000
90146  -31.444  11.091  64.062 0.1250000000
102825  -32.381  10.967  63.662 0.1250000000
57580  -33.329  10.581  63.762 0.1250000000
102503  -33.947  10.464  63.773 0.2500000000
57589  -34.667  10.739  62.618 0.2500000000
57583  -35.864  10.417  62.656 0.2500000000
56778  -36.321  10.435  62.115 0.2500000000
56791  -36.781  10.414  61.634 0.2500000000
103086  -30.491  11.902  62.798 0.2500000000
90303  -31.675  12.105  62.746 0.1250000000
58358  -33.098  11.583  62.608 0.1250000000
91456  -33.735  11.629  61.927 0.2500000000
57599  -34.594  11.274  61.385 0.2500000000
56777  -36.111  10.476  61.922 0.2500000000
57601  -36.285  10.895  61.040 0.3750000000
47240  -17.103  -1.088  63.080 0.3750000000
57586  -30.299  10.771  62.279 0.2500000000
57587  -31.241  11.561  62.399 0.3750000000
57597  -32.395  11.329  61.672 0.2500000000
57598  -33.204  11.401  61.518 0.2500000000
96635  -33.835  11.386  61.280 0.2500000000
57607  -34.062  10.928  60.669 0.3750000000
57600  -35.492  11.097  61.173 0.3750000000
47257  -16.670  -1.755  62.609 0.5000000000
47258  -17.399  -1.302  62.313 0.5000000000
47290  -19.575  -1.151  60.275 0.5000000000
47289  -18.804  -1.582  60.513 0.3750000000
47301  -19.874  -1.574  59.540 0.2500000000
48125  -20.312  -0.420  59.884 0.2500000000
48133  -20.554  -0.480  58.632 0.2500000000
48145  -20.881  -0.468  57.953 0.1250000000
48155  -21.235  -0.349  57.397 0.1250000000
48156  -21.592  -0.504  56.693 0.1250000000
101172  -22.120  -0.549  55.661 0.1250000000
48254  -32.527  -0.400  47.881 0.5000000000
48255  -33.219  -0.681  48.279 0.2500000000
48020  -10.746  -0.368  68.459 0.1250000000
47177  -11.210  -1.019  68.229 0.1250000000
105145  -9.248  -1.433  68.231 0.1250000000
47176  -10.078  -1.290  68.251 0.1250000000
48028  -12.188  -0.668  68.140 0.1250000000
46387  -9.407  -2.249  67.880 0.1250000000
47181  -11.707  -1.510  67.838 0.1250000000
47182  -12.581  -1.010  67.452 0.1250000000
58345  -28.543  12.255  65.039 0.1250000000
58336  -27.783  11.074  66.438 0.1250000000
57556  -27.929  10.724  67.014 0.1250000000
58330  -28.432  11.134  67.072 0.1250000000
89973  -30.813  13.342  65.675 0.1250000000
60908  -33.801  14.483  64.033 0.2500000000
105166  -35.169  13.598  63.463 0.2500000000
57563  -28.790  11.097  66.528 0.1250000000
59206  -28.908  12.096  66.964 0.1250000000
90641  -30.636  12.213  66.028 0.1250000000
60109  -33.173  13.919  64.530 0.2500000000
91165  -33.505  12.989  64.495 0.2500000000
59230  -35.546  12.688  63.488 0.2500000000
59231  -36.190  11.879  63.232 0.2500000000
47207  -14.215  -1.483  65.463 0.3750000000
58356  -28.465  11.851  63.746 0.1250000000
58352  -28.869  12.398  64.131 0.1250000000
57570  -29.348  11.217  65.926 0.1250000000
58363  -36.754  11.398  62.838 0.2500000000
47195  -13.853  -1.013  66.219 0.3750000000
56769  -28.097  9.891  62.817 0.2500000000
57579  -28.533  10.944  63.163 0.1250000000
90639  -29.646  12.253  63.901 0.1250000000
93032  -27.870  9.524  62.395 0.3750000000
57585  -28.939  10.603  62.731 0.2500000000
56798  -26.688  9.529  60.980 0.3750000000
56785  -28.333  9.533  61.712 0.3750000000
56775  -29.502  10.032  62.244 0.3750000000
48089  -18.462  -0.199  62.269 0.5000000000
56799  -27.653  9.659  60.905 0.3750000000
56776  -30.135  9.554  61.733 0.3750000000
56787  -30.841  9.215  61.357 0.2500000000
56803  -32.517  9.396  60.825 0.3750000000
57608  -34.843  11.093  60.444 0.3750000000
57623  -34.864  10.399  59.634 0.3750000000
48088  -17.801  -0.638  62.712 0.5000000000
56012  -26.875  9.385  60.064 0.3750000000
56818  -27.841  9.603  59.930 0.5000000000
56819  -28.833  9.634  59.891 0.3750000000
56801  -30.596  9.086  60.624 0.5000000000
92607  -31.546  8.932  60.931 0.3750000000
56802  -32.038  8.962  60.414 0.3750000000
56805  -34.109  9.956  59.930 0.3750000000
47259  -18.126  -0.870  61.947 0.5000000000
48102  -18.955  -0.550  61.640 0.5000000000
56033  -28.015  9.397  58.894 0.6250000000
56820  -29.758  9.535  59.773 0.6250000000
56035  -30.667  9.383  59.459 0.3750000000
109247  -31.432  9.196  59.516 0.2500000000
102366  -18.527  -1.237  61.275 0.6250000000
47276  -19.337  -0.884  61.016 0.5000000000
48103  -19.643  -0.283  61.307 0.5000000000
47291  -20.082  -0.775  60.045 0.5000000000
47302  -20.285  -1.163  59.298 0.2500000000
48126  -20.370  -0.471  59.355 0.3750000000
47434  -33.882  -0.903  47.756 0.3750000000
94355  -34.622  -1.240  48.083 0.1250000000
48021  -11.739  -0.234  68.691 0.1250000000
48019  -9.543  -0.646  68.261 0.1250000000
48040  -13.429  -0.566  66.952 0.1250000000
92373  -28.111  12.385  64.406 0.1250000000
57552  -27.061  10.644  67.503 0.1250000000
48048  -14.657  -0.626  65.828 0.2500000000
56765  -27.093  10.341  63.622 0.1250000000
57574  -27.626  11.498  63.966 0.1250000000
56768  -27.339  9.708  63.177 0.1250000000
57578  -27.887  10.626  63.342 0.1250000000
56772  -25.858  9.420  62.105 0.2500000000
56783  -26.554  9.494  61.748 0.2500000000
48899  -18.698  0.557  62.613 0.5000000000
56011  -25.979  9.092  60.305 0.3750000000
48090  -19.194  0.098  61.914 0.5000000000
56031  -26.151  8.724  59.381 0.5000000000
56032  -27.037  9.119  59.140 0.3750000000
98583  -28.680  9.471  58.239 0.6250000000
48915  -19.739  0.352  61.531 0.6250000000
96795  -20.377  0.256  60.494 0.5000000000
48029  -13.074  -0.229  67.780 0.1250000000
48041  -14.292  -0.255  66.551 0.1250000000
48856  -15.678  0.532  65.957 0.1250000000
57561  -26.508  10.600  67.719 0.1250000000
102750  -26.058  10.911  68.480 0.1250000000
48042  -15.006  0.189  66.174 0.1250000000
55984  -26.144  9.394  63.786 0.2500000000
55991  -25.166  9.268  62.602 0.2500000000
56000  -24.825  8.890  61.469 0.1250000000
48104  -20.117  -0.057  60.955 0.6250000000
55131  -25.414  8.244  59.226 0.6250000000
47444  -35.068  -1.819  47.378 0.1250000000
48841  -13.745  0.439  68.267 0.1250000000
48030  -13.990  0.148  67.314 0.1250000000
48849  -15.547  0.776  66.725 0.1250000000
104401  -14.683  0.404  66.837 0.1250000000
48850  -16.242  0.893  66.184 0.1250000000
55976  -25.466  8.608  64.743 0.1250000000
56764  -26.305  9.849  64.060 0.1250000000
58351  -27.007  12.312  64.795 0.1250000000
58335  -26.770  11.138  66.782 0.1250000000
48857  -16.271  0.711  65.386 0.1250000000
55095  -23.808  8.286  64.010 0.1250000000
107796  -25.718  8.955  64.207 0.2500000000
102822  -25.744  11.372  68.658 0.1250000000
48858  -17.145  1.242  65.051 0.2500000000
55983  -24.885  8.725  63.985 0.1250000000
48900  -19.263  0.934  62.248 0.5000000000
47445  -35.858  -2.164  47.051 0.2500000000
48279  -38.669  -1.079  45.066 0.1250000000
48295  -37.916  -0.427  43.728 0.1250000000
48287  -38.337  -0.821  44.343 0.1250000000
49743  -15.872  1.181  67.512 0.1250000000
49752  -17.591  1.664  66.444 0.1250000000
49760  -17.002  1.251  65.937 0.2500000000
55085  -24.711  8.225  64.822 0.1250000000
49773  -17.918  1.657  64.791 0.2500000000
55094  -23.073  7.656  63.426 0.2500000000
54192  -22.583  6.810  63.059 0.3750000000
52423  -21.156  4.948  62.283 0.3750000000
53362  -21.810  5.707  62.147 0.3750000000
53372  -22.033  5.832  61.402 0.3750000000
52441  -21.553  5.286  61.666 0.3750000000
49174  -37.342  0.176  43.348 0.1250000000
49164  -38.799  -0.127  43.899 0.1250000000
49175  -38.290  0.404  43.391 0.1250000000
51509  -20.511  4.363  62.671 0.3750000000
50036  -37.695  1.031  42.948 0.1250000000
93088  -38.604  1.386  43.066 0.1250000000
50035  -36.771  0.853  42.999 0.1250000000
50064  -36.725  1.988  41.825 0.1250000000
50051  -38.104  1.855  42.461 0.1250000000
50902  -37.648  2.139  41.792 0.1250000000
50903  -38.578  2.361  41.980 0.1250000000
50865  -35.689  2.544  45.027 0.7500000000
50873  -35.250  2.029  44.088 0.5000000000
50048  -35.539  1.723  42.747 0.3750000000
50900  -34.983  2.316  42.287 0.2500000000
50049  -36.286  1.515  42.539 0.2500000000
50923  -35.183  2.521  41.478 0.2500000000
52750  -37.929  4.306  38.164 0.3750000000
52770  -39.521  4.819  37.756 0.3750000000
53663  -39.872  5.586  37.500 0.2500000000
56230  -40.727  8.045  46.643 0.3750000000
55323  -40.994  7.658  45.885 0.2500000000
56231  -41.788  7.691  45.705 0.5000000000
108223  -42.437  7.868  45.634 0.3750000000
61244  -57.122  14.350  24.754 0.1250000000
60491  -57.805  13.523  24.173 0.1250000000
61245  -57.800  14.259  24.419 0.1250000000
61251  -58.334  14.057  24.108 0.1250000000
61234  -56.953  15.184  25.158 0.2500000000
61948  -57.758  15.017  24.736 0.1250000000
108982  -54.369  15.896  25.507 0.3750000000
98115  -54.915  16.170  25.474 0.3750000000
61938  -55.520  15.643  25.383 0.3750000000
62582  -56.828  16.550  25.645 0.3750000000
61939  -56.025  15.042  25.252 0.1250000000
101633  -57.134  16.000  25.398 0.2500000000
61940  -57.758  15.804  25.143 0.2500000000
61949  -58.427  15.653  24.668 0.2500000000
63235  -52.684  17.132  26.512 0.5000000000
63232  -52.919  17.917  26.803 0.5000000000
63236  -53.359  17.384  26.073 0.5000000000
63912  -53.697  18.187  26.421 0.5000000000
63243  -54.214  17.647  25.840 0.3750000000
62581  -55.860  16.579  25.571 0.3750000000
62583  -57.711  16.611  25.569 0.2500000000
62584  -58.499  16.425  25.066 0.2500000000
62591  -59.018  16.229  24.553 0.2500000000
63263  -60.400  17.403  23.647 0.2500000000
62605  -61.023  16.702  22.393 0.2500000000
63244  -54.984  17.832  25.810 0.5000000000
63245  -55.739  17.531  25.800 0.5000000000
63239  -56.425  18.041  26.168 0.5000000000
63246  -56.601  17.250  25.877 0.5000000000
63247  -57.848  17.284  25.944 0.3750000000
63925  -58.264  17.829  26.158 0.3750000000
63248  -58.617  17.283  25.547 0.3750000000
63249  -59.600  17.925  25.216 0.3750000000
63253  -60.338  18.052  24.272 0.3750000000
63252  -59.455  17.089  24.657 0.3750000000
63264  -61.003  17.549  22.698 0.3750000000
62604  -60.433  16.612  23.188 0.2500000000
63279  -61.144  17.332  21.849 0.2500000000
63926  -58.735  18.521  26.147 0.2500000000
63927  -59.494  18.626  25.593 0.3750000000
109513  -60.725  18.658  23.969 0.3750000000
63254  -60.930  18.400  23.314 0.2500000000
46452  -14.857  -2.868  62.857 0.2500000000
49918  -24.054  1.435  52.641 0.2500000000
99035  -28.993  9.619  59.072 0.6250000000
52440  -21.215  4.631  61.363 0.5000000000
46470  -15.950  -2.983  61.810 0.3750000000
48995  -21.351  0.123  57.064 0.2500000000
92443  -36.583  -2.214  46.886 0.1250000000
49133  -31.648  0.516  48.471 0.3750000000
102376  -25.495  9.178  63.537 0.2500000000
55990  -24.371  8.781  62.332 0.1250000000
55982  -24.115  8.608  63.109 0.2500000000
55104  -23.540  8.077  62.991 0.2500000000
54202  -22.433  6.307  61.819 0.3750000000
56010  -25.301  8.826  60.639 0.5000000000
56030  -25.391  8.567  59.936 0.6250000000
91946  -35.221  2.904  44.415 0.5000000000
50882  -35.097  2.211  43.125 0.3750000000
98404  -31.996  9.032  59.789 0.3750000000
56054  -26.456  8.610  58.727 0.5000000000
51776  -34.315  3.600  42.378 0.3750000000
56013  -31.404  9.044  60.185 0.2500000000
56034  -29.656  9.586  58.732 0.5000000000
53662  -38.383  5.702  37.555 0.5000000000
54505  -40.236  6.366  37.242 0.2500000000
50922  -34.749  3.244  41.046 0.3750000000
41752  -9.793  -7.035  64.780 0.3750000000
105244  -9.281  -6.765  63.875 0.3750000000
43796  -13.104  -5.626  64.036 0.2500000000
43809  -13.898  -5.720  63.701 0.2500000000
43823  -15.766  -5.284  62.643 0.2500000000
44722  -15.344  -4.479  62.289 0.2500000000
44723  -15.970  -4.933  61.987 0.2500000000
100052  -19.972  -4.302  59.220 0.1250000000
96405  -9.211  -6.151  63.466 0.3750000000
45546  -12.948  -3.336  65.186 0.3750000000
45593  -16.129  -3.661  61.466 0.1250000000
46484  -18.280  -2.469  60.009 0.1250000000
45609  -17.627  -3.235  60.060 0.1250000000
46496  -19.616  -2.530  59.147 0.1250000000
45638  -20.918  -2.739  58.753 0.1250000000
45534  -10.529  -4.234  66.974 0.3750000000
93994  -10.227  -3.125  65.359 0.1250000000
45639  -21.557  -3.225  58.536 0.1250000000
45652  -22.705  -3.336  57.734 0.1250000000
46383  -9.596  -2.132  68.086 0.1250000000
89972  -30.350  11.469  65.872 0.1250000000
91725  -10.012  -3.695  66.761 0.2500000000
47303  -20.567  -1.206  58.693 0.2500000000
59221  -34.176  12.332  64.271 0.2500000000
60115  -34.538  14.028  63.703 0.2500000000
58337  -29.024  11.461  66.605 0.1250000000
60099  -29.252  12.815  66.423 0.1250000000
60108  -32.456  13.790  64.949 0.2500000000
90473  -32.782  11.995  65.060 0.1250000000
57569  -28.614  11.232  66.137 0.1250000000
92455  -30.079  11.255  64.705 0.1250000000
103141  -32.340  11.454  65.109 0.1250000000
58353  -33.819  11.184  64.329 0.2500000000
57575  -34.215  10.570  63.987 0.2500000000
105242  -35.843  10.405  62.421 0.2500000000
90152  -30.666  12.217  63.319 0.1250000000
106403  -32.359  10.949  64.695 0.1250000000
89977  -32.763  10.753  64.249 0.1250000000
57588  -33.939  10.621  63.171 0.2500000000
57581  -34.588  10.509  63.386 0.2500000000
57590  -35.304  10.403  62.820 0.2500000000
90292  -29.760  11.503  62.784 0.2500000000
58367  -32.070  11.817  62.220 0.2500000000
93204  -35.390  10.777  62.075 0.2500000000
57596  -31.643  11.064  61.818 0.3750000000
104405  -32.823  11.956  62.001 0.2500000000
56786  -29.332  9.356  61.609 0.3750000000
57595  -30.921  10.184  61.812 0.3750000000
103717  -30.127  9.179  61.287 0.3750000000
56788  -31.763  9.843  61.365 0.2500000000
56789  -32.670  10.497  61.244 0.2500000000
56790  -33.357  10.558  60.954 0.2500000000
48115  -19.922  -0.528  60.711 0.5000000000
58344  -27.331  12.439  65.202 0.1250000000
57553  -27.491  10.892  67.470 0.1250000000
59205  -28.073  11.619  67.361 0.1250000000
59204  -27.225  11.325  67.932 0.1250000000
90589  -30.062  13.745  65.920 0.1250000000
60906  -32.505  14.670  64.557 0.2500000000
58357  -29.261  11.924  63.429 0.1250000000
56773  -26.951  9.463  62.545 0.3750000000
109699  -27.465  9.499  62.870 0.2500000000
56784  -27.401  9.551  61.786 0.3750000000
56774  -28.680  9.662  62.270 0.2500000000
56800  -28.670  9.541  60.877 0.3750000000
97583  -29.625  9.298  60.797 0.3750000000
48116  -20.257  -0.243  60.385 0.5000000000
55985  -26.821  9.471  63.219 0.2500000000
56767  -26.562  9.573  63.618 0.2500000000
55992  -26.140  9.333  63.041 0.2500000000
56001  -25.797  9.297  61.175 0.3750000000
90113  -25.436  12.200  68.463 0.1250000000
55977  -26.043  9.209  64.545 0.1250000000
48842  -14.803  0.800  67.681 0.1250000000
55969  -25.661  8.814  65.329 0.1250000000
55970  -26.070  9.298  64.915 0.1250000000
57573  -26.583  11.177  64.329 0.1250000000
59207  -26.535  12.489  65.960 0.1250000000
90549  -25.856  11.882  67.046 0.1250000000
102824  -25.446  12.502  68.323 0.1250000000
54197  -22.183  6.196  62.568 0.3750000000
54188  -22.683  7.178  63.899 0.2500000000
55084  -23.160  7.682  64.440 0.2500000000
50050  -37.168  1.544  42.407 0.2500000000
50901  -35.812  2.073  42.026 0.2500000000
50899  -34.467  2.883  41.834 0.3750000000
109074  -57.282  13.743  24.464 0.1250000000
62580  -54.976  17.065  25.627 0.3750000000
98145  -56.389  15.835  25.413 0.3750000000
63901  -53.472  18.452  27.304 0.5000000000
96283  -57.276  17.077  25.882 0.3750000000
61950  -59.098  15.618  24.212 0.2500000000
62592  -59.693  16.428  23.996 0.2500000000
63237  -54.596  18.335  26.205 0.5000000000
63240  -57.376  17.752  26.222 0.5000000000
99010  -58.984  17.978  25.862 0.3750000000
63916  -57.960  18.478  26.444 0.3750000000
63956  -60.868  18.176  22.411 0.3750000000
64563  -59.299  19.337  25.962 0.2500000000
63917  -58.501  19.066  26.393 0.2500000000
63934  -60.840  19.190  23.745 0.2500000000
49982  -30.578  1.821  48.739 0.2500000000
49125  -32.193  0.126  49.180 0.1250000000
49134  -32.155  -0.086  48.388 0.2500000000
48241  -33.396  -0.573  49.257 0.1250000000
48256  -34.060  -0.802  48.673 0.2500000000
56860  -44.845  9.611  58.122 0.1250000000
57648  -44.439  10.426  58.253 0.1250000000
56846  -44.111  8.942  58.748 0.1250000000
56847  -44.822  8.432  58.156 0.1250000000
56080  -44.997  7.434  57.448 0.1250000000
55164  -44.774  7.038  57.259 0.1250000000
55136  -43.448  7.625  58.552 0.1250000000
54224  -43.754  6.917  58.104 0.1250000000
54239  -44.166  6.823  57.635 0.1250000000
54257  -44.393  6.837  56.837 0.1250000000
54256  -43.559  6.714  56.997 0.1250000000
98322  -44.190  9.884  58.632 0.1250000000
54272  -44.544  7.023  56.159 0.1250000000
56845  -43.515  9.654  59.061 0.1250000000
56043  -42.908  8.240  58.787 0.1250000000
54270  -42.554  6.690  56.148 0.1250000000
54271  -43.565  6.843  56.076 0.1250000000
54285  -42.219  6.559  55.363 0.1250000000
102166  -42.174  6.621  54.773 0.1250000000
53424  -41.578  5.776  54.921 0.1250000000
53438  -41.704  5.821  54.423 0.1250000000
59322  -43.916  12.745  57.115 0.1250000000
58392  -42.994  11.950  58.973 0.1250000000
58393  -43.693  11.573  58.408 0.1250000000
58381  -43.235  11.088  59.044 0.1250000000
59290  -42.436  12.580  59.081 0.1250000000
58380  -42.492  10.906  59.429 0.1250000000
90909  -40.722  11.638  60.386 0.1250000000
58373  -41.165  11.118  60.040 0.1250000000
58374  -41.651  10.582  59.642 0.1250000000
54299  -41.951  6.615  54.122 0.1250000000
57604  -39.638  10.821  60.704 0.1250000000
52552  -41.838  5.062  53.968 0.1250000000
59309  -43.551  12.479  58.032 0.1250000000
59321  -43.264  13.318  57.542 0.1250000000
59308  -42.904  12.951  58.395 0.1250000000
60176  -42.829  14.110  57.164 0.1250000000
94666  -42.280  13.380  58.740 0.1250000000
59270  -41.288  12.122  60.019 0.1250000000
60149  -41.604  13.733  59.128 0.1250000000
60148  -40.935  14.104  59.530 0.1250000000
61683  -40.912  15.554  57.505 0.1250000000
54332  -40.971  6.137  52.313 0.2500000000
55254  -41.212  7.243  52.348 0.2500000000
55253  -40.615  7.189  51.762 0.2500000000
53626  -43.831  5.098  39.177 0.1250000000
56194  -40.792  8.497  49.189 0.2500000000
51825  -41.959  3.376  39.365 0.1250000000
51807  -42.800  3.326  39.862 0.1250000000
52771  -40.414  5.006  37.868 0.1250000000
52753  -41.021  4.584  38.303 0.1250000000
52754  -42.390  4.647  38.667 0.1250000000
52755  -43.057  4.753  38.868 0.1250000000
109701  -43.385  5.391  38.611 0.1250000000
56221  -40.619  8.316  47.405 0.2500000000
53665  -41.616  5.783  37.766 0.1250000000
54506  -41.208  6.401  37.374 0.1250000000
53644  -42.739  5.263  38.392 0.1250000000
53666  -42.464  5.785  37.880 0.1250000000
55431  -40.714  7.019  36.947 0.1250000000
54522  -41.600  6.950  37.040 0.1250000000
97023  -41.180  7.512  36.601 0.2500000000
56340  -41.484  8.605  35.554 0.2500000000
57056  -41.955  9.228  34.948 0.3750000000
56362  -46.349  8.567  33.281 0.1250000000
64522  -54.184  19.623  30.098 0.1250000000
65175  -54.724  20.185  29.847 0.1250000000
92457  -54.335  19.543  29.289 0.1250000000
63891  -53.423  18.516  28.228 0.2500000000
63238  -55.518  18.273  26.117 0.3750000000
65186  -54.970  20.130  28.981 0.2500000000
64531  -54.524  19.536  28.400 0.2500000000
63902  -54.080  18.937  27.874 0.2500000000
64541  -54.906  19.387  27.473 0.2500000000
63913  -54.279  18.718  26.965 0.3750000000
63914  -55.192  18.865  26.654 0.3750000000
63915  -56.123  18.792  26.500 0.3750000000
64552  -56.732  19.403  26.794 0.3750000000
98815  -57.078  18.614  26.516 0.3750000000
98780  -60.036  19.301  25.305 0.2500000000
60993  -41.954  14.634  56.107 0.1250000000
57614  -40.088  10.616  59.827 0.2500000000
58372  -40.384  10.957  60.287 0.2500000000
56828  -42.683  9.438  59.227 0.1250000000
55149  -43.274  7.106  58.302 0.1250000000
54238  -43.380  6.817  57.830 0.1250000000
57629  -42.124  10.008  59.387 0.1250000000
49983  -31.237  1.282  49.101 0.3750000000
55430  -39.589  7.180  36.841 0.1250000000
55439  -40.324  7.717  36.498 0.2500000000
49124  -31.790  0.760  49.367 0.2500000000
48242  -34.225  -0.649  49.608 0.1250000000
105121  -60.979  17.589  21.758 0.2500000000
50810  -29.892  2.230  49.245 0.2500000000
49115  -32.255  0.563  50.089 0.1250000000
48228  -32.807  -0.189  49.852 0.1250000000
58394  -44.325  11.176  58.028 0.1250000000
56044  -43.549  8.284  58.778 0.1250000000
55150  -43.983  7.160  58.223 0.1250000000
55151  -44.658  7.503  58.001 0.1250000000
55176  -45.023  7.187  56.470 0.1250000000
56829  -43.197  8.845  59.084 0.1250000000
96397  -44.419  7.027  57.852 0.1250000000
57647  -43.811  10.615  58.735 0.1250000000
57630  -42.977  10.260  59.296 0.1250000000
60189  -43.331  13.453  56.791 0.1250000000
93365  -42.016  11.697  59.628 0.1250000000
59289  -41.815  12.783  59.440 0.1250000000
58370  -40.039  11.732  60.952 0.1250000000
60136  -41.137  13.118  59.793 0.1250000000
59269  -40.663  12.481  60.373 0.1250000000
60939  -40.621  15.037  59.191 0.1250000000
60940  -41.326  14.684  58.776 0.1250000000
60963  -41.586  15.306  57.109 0.1250000000
106645  -40.778  15.556  56.743 0.1250000000
61669  -40.844  15.398  58.343 0.1250000000
93326  -40.884  3.830  38.566 0.1250000000
51845  -41.709  4.096  38.739 0.1250000000
51846  -42.571  4.009  39.112 0.1250000000
53643  -41.874  5.073  38.263 0.1250000000
52772  -41.144  5.256  38.000 0.1250000000
52735  -43.361  4.139  39.470 0.1250000000
53664  -40.772  5.738  37.625 0.1250000000
54507  -42.087  6.404  37.439 0.1250000000
54508  -43.067  6.368  37.455 0.1250000000
96435  -41.840  7.348  36.664 0.2500000000
64551  -55.778  19.454  26.942 0.3750000000
44751  -17.007  -4.400  60.788 0.1250000000
45608  -17.226  -3.841  60.388 0.1250000000
44753  -18.236  -4.865  59.981 0.1250000000
51508  -20.004  3.915  62.978 0.3750000000
48178  -23.275  -0.899  54.184 0.1250000000
48177  -22.530  -0.227  54.671 0.1250000000
97800  -22.855  -0.077  53.923 0.1250000000
49049  -23.852  0.523  52.925 0.1250000000
49032  -22.564  0.637  54.305 0.1250000000
49048  -23.073  0.617  53.554 0.1250000000
94891  -41.311  8.353  47.682 0.2500000000
56222  -41.829  8.152  47.050 0.2500000000
91611  -41.459  7.915  46.443 0.2500000000
91193  -42.224  7.954  46.319 0.2500000000
59504  -44.981  13.223  43.012 0.2500000000
61162  -50.796  14.122  36.302 0.2500000000
104275  -41.188  8.156  47.040 0.2500000000
44763  -17.730  -4.010  59.770 0.1250000000
44738  -17.305  -5.052  61.002 0.1250000000
48171  -22.782  -0.959  54.966 0.1250000000
47359  -23.412  -1.561  54.879 0.1250000000
48189  -23.585  -0.279  53.427 0.1250000000
59254  -39.069  12.119  61.454 0.2500000000
60916  -37.017  13.806  62.211 0.1250000000
60126  -37.614  13.408  62.035 0.1250000000
60122  -38.286  12.885  61.767 0.1250000000
60912  -35.077  14.525  63.182 0.1250000000
60116  -35.762  13.660  63.066 0.1250000000
60121  -36.418  13.732  62.581 0.1250000000
59241  -37.681  12.530  62.229 0.1250000000
59242  -38.296  11.896  62.013 0.1250000000
58368  -38.656  11.106  61.632 0.2500000000
60117  -36.325  12.909  63.008 0.1250000000
95530  -37.215  12.046  62.559 0.1250000000
105822  -36.721  12.287  62.850 0.1250000000
95839  -37.701  11.705  62.276 0.1250000000
58365  -38.025  11.031  62.076 0.1250000000
58364  -37.315  11.109  62.382 0.1250000000
57592  -37.534  10.541  61.999 0.1250000000
56779  -37.034  10.404  61.747 0.1250000000
56780  -37.653  10.457  61.448 0.2500000000
100542  -38.256  13.896  61.487 0.1250000000
109568  -39.656  12.751  61.048 0.2500000000
60914  -35.815  14.538  62.639 0.1250000000
61636  -34.569  15.460  63.048 0.1250000000
61633  -32.478  15.464  64.175 0.1250000000
61635  -33.738  16.036  63.146 0.1250000000
61638  -34.381  16.226  62.420 0.1250000000
90326  -32.012  16.075  63.830 0.1250000000
58369  -39.284  11.143  61.243 0.2500000000
61639  -35.167  15.369  62.662 0.1250000000
57613  -39.322  10.614  60.321 0.2500000000
62278  -32.147  16.504  63.199 0.1250000000
62280  -33.551  16.647  62.408 0.1250000000
101096  -35.469  -1.486  48.311 0.1250000000
54314  -41.398  6.359  52.824 0.1250000000
55242  -41.696  7.424  52.947 0.1250000000
56137  -42.392  8.222  52.961 0.1250000000
56138  -43.355  8.482  52.749 0.1250000000
56139  -44.351  8.576  52.481 0.1250000000
55255  -41.862  8.160  52.183 0.1250000000
102511  -41.254  7.957  51.772 0.1250000000
56140  -46.405  8.521  52.767 0.1250000000
56159  -46.022  8.856  51.801 0.1250000000
56157  -43.560  8.612  51.895 0.1250000000
97379  -45.303  8.684  52.340 0.1250000000
56156  -42.745  8.547  51.482 0.1250000000
101248  -43.651  8.679  50.977 0.1250000000
56160  -47.226  8.733  52.123 0.1250000000
56155  -41.902  8.418  51.245 0.1250000000
56158  -44.679  8.793  51.536 0.1250000000
56175  -42.790  8.563  50.570 0.1250000000
56174  -41.910  8.518  50.305 0.1250000000
56926  -46.914  9.075  51.241 0.1250000000
56178  -45.594  8.994  50.840 0.1250000000
56177  -44.527  8.831  50.473 0.1250000000
56195  -41.734  8.517  49.380 0.1250000000
56196  -42.788  8.583  49.523 0.1250000000
56176  -43.664  8.710  50.034 0.1250000000
56198  -45.285  8.999  49.873 0.1250000000
107120  -44.463  8.822  49.644 0.1250000000
56197  -43.858  8.716  49.032 0.1250000000
56210  -41.498  8.473  48.491 0.1250000000
56933  -46.189  9.423  50.327 0.1250000000
56212  -44.331  8.697  48.161 0.1250000000
108206  -43.651  8.594  48.288 0.1250000000
56224  -43.064  8.472  47.860 0.1250000000
91720  -43.143  8.595  48.679 0.1250000000
91719  -42.122  8.378  47.786 0.1250000000
56211  -42.384  8.514  48.632 0.1250000000
56939  -45.826  9.408  49.315 0.1250000000
56213  -45.001  8.926  48.857 0.1250000000
106729  -43.833  8.535  47.707 0.1250000000
56223  -42.672  8.206  47.008 0.1250000000
56946  -46.203  10.007  48.856 0.1250000000
56945  -45.698  9.331  48.302 0.1250000000
56226  -45.140  8.930  47.797 0.1250000000
56225  -44.456  8.655  47.310 0.1250000000
56233  -43.649  8.381  46.912 0.1250000000
54523  -42.440  6.953  36.937 0.1250000000
96150  -42.278  7.522  36.320 0.1250000000
56949  -46.074  9.871  47.868 0.1250000000
56948  -45.694  9.297  47.361 0.1250000000
56235  -45.212  8.907  46.875 0.1250000000
56234  -44.514  8.621  46.421 0.1250000000
93807  -43.890  8.393  46.002 0.1250000000
61099  -47.232  15.026  43.786 0.1250000000
56239  -42.875  8.014  45.204 0.1250000000
55449  -42.081  8.046  35.817 0.1250000000
56951  -45.635  9.336  46.536 0.1250000000
56240  -43.688  8.326  45.115 0.1250000000
61832  -46.693  15.420  43.032 0.1250000000
61854  -46.407  15.397  42.251 0.1250000000
61855  -47.167  15.967  42.447 0.1250000000
61853  -45.891  15.105  42.063 0.1250000000
94392  -46.751  15.547  41.594 0.1250000000
61131  -46.317  15.183  41.008 0.1250000000
56242  -45.231  8.922  45.975 0.1250000000
56241  -44.517  8.669  45.510 0.1250000000
56956  -45.033  9.109  45.134 0.1250000000
56251  -44.454  8.808  44.638 0.1250000000
61098  -46.500  14.598  43.392 0.1250000000
60336  -45.823  14.208  43.003 0.1250000000
61123  -46.088  14.940  42.652 0.1250000000
61122  -45.527  14.644  42.205 0.1250000000
61867  -47.147  15.362  40.827 0.1250000000
61137  -46.747  14.713  40.238 0.1250000000
61144  -47.418  14.008  39.625 0.1250000000
60358  -45.165  13.906  42.556 0.1250000000
60337  -46.305  13.763  43.736 0.1250000000
103732  -45.625  13.423  43.367 0.1250000000
60382  -48.132  13.312  39.281 0.1250000000
61246  -58.523  14.838  24.297 0.1250000000
61253  -59.779  14.761  23.139 0.1250000000
96668  -59.214  15.018  23.867 0.1250000000
64543  -56.350  20.045  27.230 0.2500000000
65205  -57.325  20.122  27.074 0.2500000000
64553  -57.804  19.372  26.682 0.2500000000
61959  -59.713  15.697  23.553 0.1250000000
97719  -60.534  15.302  22.430 0.1250000000
65198  -57.820  20.936  27.393 0.2500000000
64554  -58.748  19.751  26.515 0.2500000000
65206  -58.302  20.286  26.927 0.2500000000
64555  -59.386  20.072  26.098 0.1250000000
61960  -60.422  15.837  22.826 0.1250000000
61967  -61.092  16.003  22.162 0.1250000000
61268  -61.470  14.971  21.212 0.1250000000
64571  -60.575  19.667  24.590 0.1250000000
61968  -61.443  16.147  21.393 0.1250000000
99668  -62.027  15.791  20.498 0.1250000000
62619  -61.283  16.666  21.701 0.1250000000
62620  -61.383  16.619  21.120 0.1250000000
62635  -61.221  16.710  20.876 0.1250000000
61991  -61.651  16.232  20.116 0.1250000000
56792  -37.549  10.414  61.247 0.2500000000
61863  -46.171  15.257  41.671 0.1250000000
58801  -50.787  11.964  28.621 0.1250000000
99698  -50.567  13.253  28.076 0.2500000000
56332  -40.874  8.192  36.109 0.1250000000
60910  -33.567  15.312  63.742 0.1250000000
60911  -34.275  15.004  63.530 0.1250000000
63280  -61.217  16.965  21.345 0.1250000000
63933  -60.315  18.783  24.707 0.1250000000
63941  -60.968  19.022  22.915 0.1250000000
60907  -33.098  15.020  64.215 0.1250000000
56232  -43.084  8.085  46.042 0.1250000000
55268  -41.060  8.279  51.111 0.1250000000
64542  -55.605  19.908  27.492 0.2500000000
55440  -41.622  7.857  36.191 0.1250000000
59240  -37.009  12.979  62.513 0.1250000000
61634  -32.818  15.968  63.575 0.1250000000
102832  -31.347  16.048  64.049 0.1250000000
62279  -32.888  16.639  62.832 0.1250000000
106575  -42.696  8.446  52.262 0.1250000000
60504  -59.847  13.771  22.751 0.1250000000
61252  -58.974  14.287  23.838 0.1250000000
65197  -56.905  20.668  27.619 0.2500000000
65196  -56.035  20.401  27.883 0.2500000000
65207  -59.087  20.515  26.611 0.1250000000
65208  -59.740  20.729  25.867 0.1250000000
61258  -61.155  15.435  21.774 0.1250000000
100252  -61.673  15.752  21.078 0.1250000000
64565  -60.616  20.340  24.595 0.1250000000
64564  -60.177  20.080  25.398 0.1250000000
61983  -61.699  16.237  20.558 0.1250000000
41777  -9.636  -7.602  63.093 0.1250000000
41785  -9.784  -6.948  62.683 0.1250000000
42858  -9.297  -5.978  62.923 0.1250000000
42864  -9.558  -6.143  62.722 0.1250000000
95854  -10.310  -6.821  62.165 0.1250000000
43808  -9.200  -5.321  63.119 0.1250000000
43821  -9.430  -5.042  62.755 0.1250000000
45554  -9.485  -4.054  63.478 0.1250000000
45555  -9.853  -3.458  64.073 0.1250000000
50924  -36.210  2.322  41.249 0.1250000000
50948  -36.431  2.882  40.058 0.1250000000
51821  -37.070  2.971  39.362 0.1250000000
51822  -37.779  2.875  39.013 0.1250000000
50963  -37.702  2.467  39.499 0.1250000000
51823  -40.340  3.220  38.690 0.1250000000
51843  -38.413  3.238  38.549 0.1250000000
50981  -38.990  2.620  38.847 0.1250000000
51844  -39.439  3.223  38.455 0.1250000000
52751  -39.003  4.019  37.981 0.1250000000
50947  -35.686  2.814  40.697 0.1250000000
44694  -9.521  -4.760  63.754 0.1250000000
42850  -9.268  -6.784  63.273 0.1250000000
100027  -9.429  -6.802  62.988 0.1250000000
42865  -9.995  -6.205  62.391 0.1250000000
44706  -9.302  -4.468  62.907 0.1250000000
91697  -39.852  2.402  39.841 0.1250000000
41756  -14.290  -7.533  65.287 0.1250000000
41755  -13.315  -7.646  65.227 0.1250000000
42829  -12.969  -6.932  64.740 0.1250000000
41764  -13.756  -7.170  64.658 0.1250000000
42842  -13.587  -6.470  64.118 0.1250000000
42851  -14.339  -6.184  63.901 0.1250000000
43811  -15.511  -5.685  63.424 0.1250000000
43812  -16.285  -5.798  63.818 0.1250000000
96051  -14.209  -5.179  63.365 0.1250000000
43824  -16.627  -5.440  62.288 0.1250000000
49971  -30.901  2.039  49.841 0.1250000000
49972  -31.628  1.356  49.941 0.1250000000
55074  -22.652  7.008  64.755 0.1250000000
47435  -35.001  -0.927  49.079 0.1250000000
53336  -21.734  5.892  64.109 0.1250000000
53335  -21.176  5.355  64.433 0.1250000000
52395  -20.549  4.942  64.793 0.1250000000
54187  -22.231  6.551  63.920 0.1250000000
52402  -20.122  4.169  64.150 0.1250000000
53347  -21.395  5.301  63.677 0.1250000000
53348  -21.937  5.999  63.346 0.1250000000
52413  -20.945  4.855  63.220 0.1250000000
51497  -20.365  4.327  63.514 0.1250000000
56370  -46.804  8.872  32.726 0.1250000000
57093  -47.319  9.285  32.261 0.1250000000
61163  -51.418  13.980  36.962 0.1250000000
97132  -51.064  14.607  35.660 0.1250000000
97005  -51.957  14.540  36.346 0.1250000000
61166  -51.752  15.147  35.436 0.1250000000
61895  -51.480  15.473  34.631 0.1250000000
61888  -52.408  15.709  34.996 0.1250000000
62542  -51.969  15.862  34.250 0.1250000000
59656  -51.285  13.192  27.673 0.1250000000
59659  -52.815  12.972  26.862 0.1250000000
61231  -54.853  14.402  25.366 0.1250000000
107266  -55.307  14.935  25.280 0.1250000000
65764  -56.302  21.407  29.189 0.1250000000
64532  -55.224  20.060  28.101 0.1250000000
107103  -57.078  21.858  29.400 0.1250000000
65774  -57.412  21.434  27.950 0.1250000000
65765  -57.157  21.723  28.684 0.1250000000
65775  -58.304  21.753  27.644 0.1250000000
93605  -58.745  21.125  27.131 0.1250000000
65783  -59.417  21.415  26.415 0.1250000000
65782  -59.081  22.165  27.226 0.1250000000
66328  -57.920  22.142  29.258 0.1250000000
57108  -47.780  9.698  31.768 0.1250000000
60470  -52.008  13.150  27.295 0.1250000000
53361  -21.608  5.459  62.913 0.1250000000
101620  -16.276  -5.621  63.086 0.1250000000
65187  -55.739  20.633  28.689 0.1250000000
52403  -20.725  4.710  64.049 0.1250000000
56371  -47.608  8.757  32.778 0.1250000000
65188  -56.575  21.032  28.328 0.1250000000
52510  -40.326  5.373  55.387 0.6250000000
52539  -39.600  4.110  54.759 0.7500000000
52540  -41.377  4.611  54.649 0.3750000000
54298  -36.662  6.425  53.076 1.0000000000
54329  -32.236  5.694  51.646 1.0000000000
56015  -40.713  10.117  58.454 0.5000000000
56038  -33.228  9.136  59.206 0.6250000000
56064  -44.142  7.921  58.465 0.1250000000
56091  -39.327  8.265  56.151 0.7500000000
57562  -27.191  10.656  67.223 0.1250000000
58328  -26.609  10.630  68.065 0.1250000000
58329  -26.100  10.690  68.339 0.1250000000
58333  -25.232  11.374  68.080 0.1250000000
58334  -26.129  10.706  67.677 0.1250000000
58346  -29.448  11.731  64.837 0.1250000000
58362  -32.362  11.875  62.402 0.2500000000
62277  -31.567  16.232  63.490 0.1250000000
89976  -30.207  12.074  63.872 0.1250000000
90145  -24.400  13.034  68.333 0.1250000000
90509  -30.066  12.927  66.181 0.1250000000
102790  -26.487  11.083  68.243 0.1250000000
103383  -25.635  11.185  68.818 0.1250000000
106054  -31.123  6.512  50.943 1.0000000000
106954  -42.557  8.837  58.921 0.1250000000
108445  -41.769  6.198  54.915 0.1250000000
110019  -35.174  16.033  62.165 0.1250000000
