#!ascii label  , from subject sub-v1s16x0051160_ses-1 vox2ras=TkReg
912
21609  37.401  -40.943  10.128 0.6000000238
21597  36.005  -40.743  11.087 0.5000000000
98333  37.332  -39.670  9.591 0.6999999881
22436  38.048  -39.233  8.743 0.6000000238
90398  36.668  -39.858  10.322 0.6999999881
21619  37.144  -40.324  10.082 0.6000000238
22426  38.172  -39.984  8.965 0.5000000000
22435  39.094  -39.845  8.081 0.5000000000
93450  38.887  -38.923  8.102 0.6000000238
21611  36.066  -40.082  10.815 0.5000000000
21610  36.678  -40.676  10.632 0.5000000000
89840  37.769  -40.480  9.517 0.6000000238
23244  39.740  -38.994  7.373 0.6000000238
20771  35.513  -41.205  11.532 0.5000000000
20758  35.017  -41.685  12.131 0.5000000000
24046  37.129  -37.748  9.300 0.6000000238
24855  37.184  -36.803  9.138 0.6999999881
23225  36.196  -38.536  10.356 0.6000000238
101379  36.686  -38.390  9.796 0.6999999881
23245  38.158  -38.205  8.541 0.6000000238
22416  36.146  -39.314  10.610 0.6000000238
22427  36.665  -39.096  9.992 0.6999999881
89093  39.329  -38.222  7.665 0.6000000238
22417  35.613  -39.574  11.011 0.5000000000
21598  35.340  -40.282  11.349 0.5000000000
23253  40.201  -38.503  6.783 0.6000000238
23273  39.644  -38.481  6.720 0.6000000238
24067  38.150  -37.541  7.306 0.6999999881
23274  38.977  -38.231  6.862 0.6000000238
23255  37.962  -38.503  7.303 0.6000000238
87646  36.892  -38.098  7.326 0.6000000238
100639  35.233  -39.070  6.632 0.6000000238
23256  36.042  -38.582  7.125 0.6000000238
22491  35.649  -39.644  3.359 0.5000000000
21677  37.217  -39.974  1.712 0.6999999881
21671  36.402  -40.036  2.348 0.6000000238
22502  37.165  -39.396  1.459 0.8000000119
21681  37.068  -40.512  1.549 0.6999999881
91683  37.152  -36.081  9.065 0.6999999881
24047  36.355  -37.775  9.988 0.6999999881
99645  36.595  -37.136  9.646 0.6000000238
24058  37.982  -37.156  8.600 0.6999999881
24865  37.921  -36.260  8.613 0.6999999881
23218  35.506  -38.755  10.942 0.6000000238
86581  35.719  -37.883  10.561 0.6000000238
24864  38.819  -36.518  8.151 0.8000000119
23219  34.699  -38.603  11.500 0.5000000000
24032  35.064  -37.927  11.110 0.5000000000
91316  39.217  -36.861  7.670 0.8000000119
24056  39.662  -37.525  7.357 0.6000000238
22406  34.983  -39.419  11.403 0.5000000000
24872  39.337  -36.877  7.423 0.8000000119
24065  40.019  -37.748  6.901 0.6000000238
20772  34.802  -40.848  11.963 0.5000000000
24066  39.118  -36.847  7.222 0.8000000119
24079  39.484  -37.866  6.834 0.6999999881
24068  36.756  -37.252  7.241 0.6999999881
24875  37.721  -36.454  7.453 0.6999999881
24080  35.899  -37.261  6.688 0.6999999881
24081  35.445  -37.440  6.107 0.6000000238
23276  35.598  -38.084  6.562 0.6000000238
23275  36.145  -37.853  6.985 0.6000000238
24100  35.406  -37.668  4.566 0.6999999881
23289  35.187  -38.248  5.959 0.6999999881
23301  35.988  -38.317  3.208 0.6999999881
22483  35.220  -39.177  4.468 0.6000000238
98146  37.317  -38.966  1.904 0.8000000119
22490  36.347  -39.110  2.564 0.8000000119
91574  35.632  -38.907  3.561 0.6000000238
23314  37.166  -38.579  1.617 0.8999999762
22504  35.483  -40.127  1.968 0.6999999881
23315  36.790  -38.495  1.537 0.8000000119
21682  36.343  -40.779  1.680 0.6999999881
25728  37.713  -35.464  8.786 0.6999999881
24856  36.536  -36.399  9.534 0.6000000238
95805  38.836  -35.544  8.192 0.6000000238
24848  35.348  -35.986  10.289 0.4000000060
24040  35.854  -36.895  10.177 0.6000000238
24847  35.949  -35.925  9.859 0.6000000238
24849  34.990  -36.582  10.699 0.6000000238
86396  33.915  -36.953  11.748 0.4000000060
24041  34.624  -37.162  11.171 0.5000000000
97854  35.269  -37.312  10.743 0.6000000238
24863  39.071  -36.132  7.761 0.8000000119
23209  34.038  -38.434  12.097 0.5000000000
24873  39.034  -36.096  7.731 0.8000000119
22407  34.354  -39.204  11.969 0.4000000060
24874  38.677  -36.055  7.582 0.8000000119
22394  34.137  -39.692  12.560 0.5000000000
24886  36.364  -36.468  6.956 0.8000000119
24887  35.649  -36.547  6.197 0.8000000119
91384  35.411  -36.959  4.909 0.8000000119
24905  35.666  -36.197  4.452 0.8999999762
94893  35.423  -36.977  5.623 0.6999999881
24105  35.705  -37.764  3.745 0.8999999762
24093  35.301  -37.597  5.411 0.6999999881
23302  35.464  -38.359  4.149 0.6000000238
23309  37.265  -38.452  1.841 0.8999999762
23310  36.804  -38.311  2.294 0.8999999762
99711  34.342  -38.706  2.811 0.8000000119
21673  33.942  -40.015  2.965 0.8000000119
23312  34.913  -38.631  2.281 0.8000000119
22500  34.596  -39.475  2.473 0.8000000119
23311  35.772  -38.364  1.805 0.8000000119
22499  35.571  -39.232  1.929 0.6999999881
25729  36.682  -35.466  9.393 0.6999999881
26616  37.394  -34.690  9.141 0.6000000238
26624  38.365  -34.740  8.502 0.6999999881
25722  35.198  -35.137  10.379 0.4000000060
101314  35.573  -35.558  10.078 0.5000000000
25723  34.707  -35.741  10.766 0.5000000000
25736  39.087  -35.365  7.918 0.6999999881
25707  33.917  -35.204  12.026 0.5000000000
24841  34.276  -36.321  11.241 0.6000000238
24834  33.643  -36.014  12.004 0.4000000060
93297  38.367  -35.016  7.670 0.8000000119
25742  38.856  -35.452  7.743 0.8000000119
24835  33.357  -36.811  12.506 0.4000000060
25744  36.852  -35.704  7.291 0.8000000119
25743  37.989  -35.586  7.548 0.8000000119
94500  33.815  -39.001  12.597 0.3000000119
26644  35.785  -34.934  6.196 0.8000000119
25755  36.048  -35.720  6.546 0.8000000119
25756  35.608  -35.693  5.805 0.8000000119
25773  35.695  -35.438  4.560 0.8999999762
24898  35.494  -36.350  5.385 0.8999999762
25772  36.225  -35.579  3.557 0.8999999762
100264  36.126  -36.333  3.556 0.8999999762
100723  36.878  -35.487  2.544 0.8999999762
98566  36.362  -36.755  3.047 0.8999999762
24915  36.930  -36.819  2.257 0.8999999762
22492  33.950  -39.186  3.215 0.8000000119
22493  33.566  -39.712  3.749 0.8000000119
24914  37.160  -36.920  1.890 0.8999999762
24118  36.884  -37.063  1.643 0.8999999762
101069  35.118  -38.115  2.198 0.8000000119
24119  36.280  -37.654  1.629 0.8000000119
26617  36.459  -34.528  9.640 0.6000000238
27548  37.930  -33.969  9.056 0.6000000238
26600  35.013  -34.276  10.872 0.4000000060
26610  35.684  -34.372  10.172 0.4000000060
25721  35.877  -35.156  9.879 0.5000000000
26611  34.628  -35.015  10.949 0.4000000060
26623  39.057  -34.903  7.962 0.6999999881
26601  34.417  -34.606  11.662 0.5000000000
26630  39.019  -34.919  7.897 0.6999999881
26592  33.990  -34.625  12.504 0.5000000000
26631  38.117  -34.356  7.795 0.8000000119
26643  36.143  -34.198  6.643 0.8000000119
94922  37.358  -34.977  7.498 0.8000000119
26653  35.580  -34.948  5.245 0.8000000119
26661  35.947  -34.782  4.145 0.8999999762
25767  35.540  -35.720  5.136 0.8999999762
26667  36.768  -34.683  2.843 0.8999999762
25782  37.248  -35.991  1.995 0.8999999762
24921  37.102  -36.206  1.803 1.0000000000
23304  33.978  -38.314  3.505 0.8000000119
24922  36.681  -36.286  1.597 1.0000000000
23303  34.581  -37.978  2.649 0.8000000119
24916  36.019  -36.650  1.580 1.0000000000
24114  35.321  -37.489  2.020 0.8000000119
24115  34.640  -37.224  2.635 0.8000000119
27549  37.111  -33.973  9.447 0.6000000238
27535  36.383  -33.621  10.013 0.6000000238
27555  38.519  -34.132  8.342 0.6999999881
27521  35.366  -33.549  11.234 0.4000000060
27536  35.638  -33.734  10.586 0.4000000060
27522  34.844  -33.906  11.607 0.4000000060
27508  34.546  -33.914  12.423 0.5000000000
27507  35.198  -33.417  12.042 0.4000000060
91268  38.731  -34.307  8.074 0.8000000119
27562  38.265  -33.755  7.964 0.8000000119
94684  36.419  -34.973  6.959 0.8000000119
26652  35.757  -34.144  5.766 0.8000000119
92860  36.233  -34.030  3.701 0.8999999762
92960  37.280  -35.037  2.055 1.0000000000
26678  36.998  -34.735  1.709 1.0000000000
90836  36.238  -35.072  1.677 1.0000000000
24910  34.393  -36.719  3.167 0.8000000119
91030  33.657  -38.984  3.934 0.8000000119
25783  35.605  -35.785  1.811 1.0000000000
89070  34.484  -35.931  3.001 0.8000000119
24917  34.983  -36.486  2.247 0.8000000119
97042  36.805  -32.859  10.265 0.6000000238
27534  37.505  -33.194  9.567 0.6000000238
27547  38.369  -33.259  8.929 0.6999999881
27520  36.055  -33.030  10.845 0.5000000000
27554  38.370  -33.634  8.420 0.8000000119
28395  35.764  -32.859  12.507 0.4000000060
28405  35.677  -33.046  11.637 0.4000000060
26632  36.849  -34.260  7.412 0.8000000119
27580  35.995  -33.353  5.306 0.8000000119
27592  37.082  -33.546  2.584 1.0000000000
27597  37.357  -33.515  1.966 1.0000000000
27591  37.474  -32.745  2.121 1.0000000000
27602  37.161  -33.675  1.814 1.0000000000
26674  35.169  -34.216  2.491 1.0000000000
24107  33.875  -37.580  4.171 0.8000000119
91917  33.875  -36.844  4.560 0.8999999762
25778  34.640  -35.027  2.946 1.0000000000
96960  34.316  -35.528  3.657 1.0000000000
24906  34.163  -36.250  3.929 1.0000000000
99664  35.071  -33.489  2.754 1.0000000000
27594  34.700  -33.041  3.579 1.0000000000
26668  34.632  -34.116  3.387 1.0000000000
26662  34.295  -34.042  4.566 1.0000000000
28470  34.758  -32.143  4.791 1.0000000000
88951  34.401  -32.913  4.880 1.0000000000
28426  38.176  -32.529  9.448 0.6999999881
28432  38.417  -32.777  8.833 0.8000000119
27563  37.363  -33.550  7.704 0.8000000119
27564  36.495  -33.463  7.091 0.8000000119
27572  36.061  -33.435  6.237 0.8000000119
27587  36.290  -33.126  4.026 0.8999999762
28459  36.233  -32.489  4.985 0.8000000119
28476  37.228  -32.441  2.797 0.8999999762
28468  36.781  -32.047  3.944 1.0000000000
28481  37.458  -32.544  1.939 1.0000000000
28467  37.389  -31.515  2.934 1.0000000000
29333  37.270  -30.936  3.297 1.0000000000
28486  37.096  -32.829  1.757 1.0000000000
30208  37.166  -30.907  2.786 1.0000000000
29339  37.297  -31.244  2.191 1.0000000000
28477  35.546  -32.001  3.257 1.0000000000
27593  35.612  -32.712  2.505 1.0000000000
25774  34.081  -35.566  4.420 1.0000000000
96926  33.927  -36.176  4.759 1.0000000000
88416  34.279  -34.866  3.956 1.0000000000
26663  34.037  -34.940  4.794 1.0000000000
27581  34.201  -33.730  5.542 1.0000000000
29259  37.702  -31.743  10.591 0.5000000000
86984  37.519  -32.397  10.100 0.6999999881
100640  38.475  -32.509  9.104 0.6999999881
29241  36.815  -32.095  11.783 0.5000000000
28415  36.858  -32.279  10.927 0.5000000000
28440  37.948  -32.920  8.146 0.8000000119
28442  36.886  -32.687  7.438 0.8000000119
28452  36.343  -32.665  6.588 0.8000000119
93548  36.116  -32.769  5.809 0.6999999881
29327  36.551  -31.687  4.761 0.8999999762
29308  36.908  -30.844  6.018 0.8000000119
30181  37.408  -30.004  6.026 0.8000000119
29317  36.943  -31.003  4.959 0.8000000119
30195  37.428  -30.092  5.131 0.8000000119
29326  37.120  -31.084  3.941 1.0000000000
30204  37.217  -30.263  4.260 0.8999999762
29334  36.937  -30.773  2.995 1.0000000000
28483  36.563  -31.828  2.138 1.0000000000
93989  35.739  -31.012  4.484 1.0000000000
28469  35.258  -31.704  4.222 1.0000000000
27574  33.955  -33.888  6.403 1.0000000000
27573  34.256  -33.065  6.048 1.0000000000
29328  35.087  -31.548  5.038 1.0000000000
29320  34.973  -31.409  5.748 1.0000000000
28453  34.347  -32.422  6.663 1.0000000000
28414  38.116  -31.995  9.924 0.6999999881
28425  38.513  -31.900  9.438 0.6999999881
28403  37.362  -31.675  11.436 0.5000000000
29309  36.693  -31.767  6.841 0.6999999881
29318  36.415  -31.883  5.747 0.6999999881
29297  37.208  -30.830  7.174 0.8000000119
30168  37.512  -29.843  7.075 0.8000000119
30974  37.238  -29.915  4.712 1.0000000000
30963  37.203  -29.784  5.504 0.8999999762
95827  37.246  -29.637  6.300 0.8000000119
90121  37.070  -30.542  3.600 1.0000000000
30205  37.164  -29.993  4.353 1.0000000000
30206  36.616  -30.643  3.942 1.0000000000
30197  36.368  -30.418  4.928 1.0000000000
29319  35.569  -30.878  5.367 1.0000000000
28454  33.927  -33.136  7.023 1.0000000000
29310  35.298  -30.915  6.259 1.0000000000
29311  34.727  -31.664  6.471 1.0000000000
29298  34.922  -31.192  7.182 1.0000000000
29258  38.586  -31.357  10.101 0.6999999881
86179  38.615  -31.971  9.116 0.6000000238
29296  38.060  -31.845  8.507 0.6999999881
28441  37.323  -31.881  7.741 0.6999999881
30955  37.786  -29.250  7.517 0.8000000119
30956  37.328  -29.355  7.057 0.8000000119
30196  37.024  -29.738  5.065 1.0000000000
100011  36.962  -29.621  5.734 1.0000000000
93462  37.087  -29.512  6.274 0.6999999881
30183  36.270  -30.115  5.803 1.0000000000
30169  35.714  -30.397  7.020 1.0000000000
92999  33.476  -33.880  7.184 1.0000000000
29299  34.390  -31.871  7.311 1.0000000000
29280  38.601  -31.190  8.888 0.6000000238
102141  37.577  -31.331  7.918 0.6999999881
29281  37.858  -30.733  8.118 0.8000000119
30167  37.936  -30.082  8.058 0.6999999881
30182  36.603  -29.683  6.494 0.8999999762
30958  36.190  -29.828  7.565 1.0000000000
27565  33.319  -33.283  7.581 1.0000000000
28443  34.032  -32.456  7.341 1.0000000000
30143  39.279  -30.847  10.014 0.6000000238
29269  38.866  -31.261  9.524 0.6000000238
29268  38.914  -30.790  9.271 0.6000000238
30153  38.425  -30.360  8.696 0.6999999881
30946  38.280  -29.468  8.264 0.6999999881
101425  38.164  -28.834  7.763 0.6999999881
84904  37.844  -28.852  7.619 0.6999999881
33794  41.851  -25.132  8.933 0.3000000119
91007  43.048  -24.399  8.416 0.3000000119
31632  37.370  -28.916  7.921 0.8000000119
25747  31.225  -35.630  7.882 0.8999999762
30957  36.889  -29.344  7.195 1.0000000000
88483  31.835  -34.843  7.954 1.0000000000
27566  32.736  -33.724  7.810 1.0000000000
26634  32.452  -34.412  7.773 1.0000000000
96389  35.528  -30.372  7.990 1.0000000000
29282  34.379  -31.309  8.117 1.0000000000
30170  35.093  -30.816  7.831 1.0000000000
28444  33.504  -32.680  7.723 1.0000000000
30142  39.277  -30.649  9.795 0.6000000238
30938  39.737  -30.105  9.863 0.6000000238
30152  38.939  -29.959  9.184 0.6999999881
32305  41.359  -27.433  11.017 0.3000000119
33795  41.285  -25.647  8.448 0.4000000060
95247  42.424  -24.769  8.431 0.4000000060
33808  41.866  -25.233  7.785 0.4000000060
94643  30.545  -35.877  7.636 0.6999999881
25749  29.900  -35.689  7.184 0.6999999881
34610  42.755  -24.755  5.487 0.3000000119
34587  42.838  -24.639  7.441 0.3000000119
31631  37.969  -28.333  7.925 0.6999999881
90703  31.036  -34.806  8.162 0.8999999762
34600  42.862  -24.794  6.218 0.3000000119
96053  42.182  -25.128  6.799 0.3000000119
26635  31.261  -34.142  8.299 0.8999999762
30947  36.487  -29.338  8.219 1.0000000000
28445  32.810  -32.915  8.102 1.0000000000
29300  33.840  -32.031  7.947 1.0000000000
28433  33.064  -32.182  8.359 1.0000000000
30156  33.833  -30.780  8.927 1.0000000000
100327  41.126  -28.019  10.909 0.3000000119
32306  40.768  -27.639  10.542 0.4000000060
31618  38.689  -28.784  8.488 0.6999999881
33021  40.958  -26.796  10.442 0.3000000119
33779  41.318  -25.672  9.386 0.4000000060
33052  40.284  -26.807  8.514 0.6000000238
99735  40.880  -26.105  8.838 0.5000000000
31630  38.318  -28.267  8.039 0.6999999881
33810  40.586  -25.528  7.286 0.4000000060
33051  40.825  -26.135  8.075 0.4000000060
95301  29.812  -34.890  7.266 0.6999999881
34611  41.558  -25.078  6.163 0.4000000060
98534  41.197  -25.798  7.544 0.4000000060
33833  42.140  -25.048  5.676 0.3000000119
33809  41.464  -25.506  6.834 0.4000000060
33062  40.838  -26.119  7.030 0.4000000060
25748  30.427  -35.066  7.779 0.6999999881
33823  41.401  -25.398  6.557 0.4000000060
33822  42.101  -25.282  6.051 0.3000000119
27556  32.155  -33.201  8.355 1.0000000000
30154  35.540  -29.811  8.616 1.0000000000
29283  33.430  -31.459  8.612 1.0000000000
30144  34.100  -30.146  9.275 1.0000000000
30155  34.768  -30.497  8.600 1.0000000000
30145  33.440  -30.276  9.357 1.0000000000
29270  32.916  -30.746  9.183 1.0000000000
30928  40.064  -29.197  10.136 0.6000000238
99959  39.354  -29.289  9.437 0.6999999881
31595  40.749  -28.468  10.768 0.5000000000
31608  40.141  -27.989  10.006 0.4000000060
97379  39.427  -28.237  9.145 0.6999999881
33041  40.375  -27.121  9.803 0.6000000238
32318  39.923  -27.510  9.176 0.6000000238
31629  39.044  -27.815  8.041 0.6999999881
33040  40.786  -26.345  9.632 0.5000000000
32319  39.601  -27.395  8.255 0.6000000238
87634  39.961  -25.493  7.937 0.4000000060
32327  39.994  -27.120  7.443 0.5000000000
33063  40.291  -26.685  7.406 0.5000000000
34612  40.999  -25.461  6.624 0.4000000060
26636  30.609  -34.218  8.094 0.8999999762
26637  30.014  -34.264  7.609 0.6999999881
33075  40.189  -26.499  7.208 0.4000000060
31619  37.512  -28.374  8.420 0.6999999881
33824  40.691  -25.946  6.925 0.4000000060
26625  31.468  -33.393  8.406 0.8999999762
31620  36.658  -28.681  8.899 0.8999999762
28434  32.295  -32.381  8.546 1.0000000000
30948  34.733  -29.882  9.109 1.0000000000
29284  32.551  -31.542  8.774 1.0000000000
30940  34.277  -29.596  9.466 1.0000000000
31612  33.328  -28.742  9.592 0.8999999762
30941  33.536  -29.612  9.552 1.0000000000
30157  32.440  -30.165  9.252 1.0000000000
30146  32.984  -30.075  9.496 1.0000000000
30942  32.810  -29.497  9.427 1.0000000000
30949  32.121  -29.470  8.945 0.8999999762
34589  39.829  -24.900  8.820 0.3000000119
33797  39.517  -25.541  8.644 0.4000000060
32339  39.594  -27.065  7.526 0.6000000238
32340  38.937  -27.552  7.984 0.6000000238
32338  39.990  -27.049  6.942 0.4000000060
32341  38.391  -27.906  8.101 0.6000000238
33053  39.499  -26.230  7.962 0.5000000000
33064  39.747  -26.748  7.167 0.4000000060
32329  37.932  -27.760  8.443 0.6000000238
33811  39.995  -26.135  7.238 0.4000000060
28436  31.024  -32.882  8.433 0.8999999762
28435  31.591  -32.628  8.525 0.8999999762
29285  31.708  -31.707  8.654 0.8999999762
91185  32.143  -30.875  8.938 1.0000000000
31622  32.546  -28.687  9.096 1.0000000000
101708  32.249  -28.317  8.628 1.0000000000
31623  31.936  -28.729  8.457 0.8999999762
33780  39.230  -25.178  9.373 0.3000000119
33798  38.958  -25.901  8.922 0.5000000000
33065  39.213  -26.996  7.573 0.5000000000
33054  38.784  -26.674  8.386 0.5000000000
32330  37.152  -27.972  9.164 0.6000000238
31621  35.881  -29.195  9.003 0.8999999762
30939  34.981  -29.271  9.428 0.8999999762
91290  34.079  -29.024  9.766 0.8999999762
30158  31.757  -30.229  8.791 0.8999999762
32324  33.010  -28.120  9.336 0.8000000119
101505  31.549  -30.927  8.606 0.8999999762
34588  40.159  -24.124  9.109 0.3000000119
34573  38.841  -24.714  10.028 0.4000000060
33781  38.464  -25.498  9.850 0.3000000119
33042  38.290  -26.322  9.366 0.5000000000
32328  38.612  -27.364  8.156 0.5000000000
33055  38.030  -26.991  8.961 0.5000000000
32320  37.516  -27.394  9.285 0.5000000000
32321  36.219  -27.982  9.700 0.6999999881
31609  35.608  -28.618  9.573 0.6999999881
31610  34.652  -28.491  9.856 0.8999999762
30171  31.158  -30.435  8.132 0.8999999762
30959  31.413  -29.465  8.126 0.8999999762
34549  38.256  -24.915  10.386 0.3000000119
33759  37.715  -25.358  10.453 0.4000000060
34550  37.708  -24.521  10.779 0.3000000119
33782  37.825  -25.987  10.049 0.4000000060
33043  37.463  -26.687  9.799 0.4000000060
33022  37.112  -25.952  10.409 0.4000000060
33044  36.805  -27.341  9.826 0.5000000000
32322  35.198  -27.862  10.057 0.6000000238
31611  33.953  -28.386  9.847 0.6999999881
31633  32.016  -27.948  8.113 0.8999999762
32342  31.574  -27.864  7.354 0.8000000119
31634  31.472  -28.533  7.704 0.8000000119
32349  32.069  -27.183  7.303 0.6999999881
86889  36.857  -25.120  10.720 0.3000000119
33760  36.222  -25.780  10.548 0.4000000060
33024  35.553  -26.364  10.420 0.5000000000
33023  36.496  -26.572  10.281 0.5000000000
32307  35.822  -27.201  10.204 0.5000000000
32308  34.755  -26.964  10.280 0.5000000000
32323  34.290  -27.785  10.011 0.6999999881
94412  33.585  -27.913  9.698 0.6999999881
32331  33.153  -27.323  9.199 0.6999999881
33057  32.545  -27.215  8.313 0.8000000119
35289  38.351  -23.782  10.869 0.3000000119
90129  36.787  -24.306  10.902 0.3000000119
101088  36.383  -24.689  10.787 0.4000000060
97971  35.955  -25.046  10.697 0.4000000060
33761  35.333  -25.573  10.520 0.3000000119
33025  34.825  -26.108  10.373 0.5000000000
33045  34.185  -26.268  10.071 0.4000000060
88497  33.863  -27.114  9.890 0.6000000238
33046  33.575  -26.419  9.415 0.6000000238
34551  35.880  -24.248  10.730 0.3000000119
34552  35.107  -24.747  10.480 0.3000000119
101997  34.594  -24.789  10.209 0.3000000119
33783  34.547  -25.400  10.224 0.3000000119
33784  33.913  -25.595  9.645 0.5000000000
99380  37.532  -22.777  11.272 0.4000000060
35291  36.382  -23.511  10.926 0.3000000119
99154  35.135  -23.987  10.460 0.3000000119
34553  34.636  -24.241  10.158 0.3000000119
34574  34.220  -24.763  9.768 0.4000000060
34575  33.812  -25.056  9.126 0.4000000060
33799  33.457  -25.677  8.722 0.5000000000
33056  33.082  -26.517  8.554 0.6000000238
33076  32.330  -26.339  6.822 0.6999999881
32350  31.410  -27.533  6.594 0.8000000119
35263  36.799  -22.786  11.138 0.4000000060
35292  35.528  -23.391  10.595 0.3000000119
35293  34.797  -23.360  10.102 0.3000000119
93528  34.312  -23.906  9.583 0.4000000060
34590  33.942  -24.385  8.999 0.4000000060
34591  33.610  -24.858  8.392 0.4000000060
33812  33.265  -25.339  7.807 0.4000000060
33067  32.618  -26.483  7.731 0.6999999881
33813  32.859  -25.816  7.280 0.4000000060
33825  33.149  -25.127  6.924 0.4000000060
33826  32.641  -25.631  6.403 0.5000000000
33077  31.794  -26.842  6.259 0.6999999881
35986  37.230  -22.149  11.308 0.3000000119
91667  35.984  -22.680  10.800 0.3000000119
36008  35.312  -22.581  10.340 0.3000000119
95576  34.114  -23.633  8.784 0.3000000119
35326  33.806  -24.107  8.169 0.3000000119
34602  33.495  -24.595  7.527 0.3000000119
35335  33.749  -23.811  7.305 0.3000000119
34613  33.471  -24.321  6.530 0.3000000119
33834  33.048  -24.981  5.963 0.4000000060
94456  32.158  -26.169  5.833 0.5000000000
36006  36.468  -21.989  11.021 0.3000000119
36029  34.835  -22.429  9.737 0.3000000119
35312  34.450  -23.079  9.301 0.3000000119
35325  34.051  -23.354  7.957 0.3000000119
33835  32.453  -25.471  5.402 0.5000000000
36007  35.791  -21.879  10.592 0.3000000119
100959  34.292  -22.966  8.541 0.3000000119
35334  34.024  -23.015  7.102 0.3000000119
34623  33.309  -24.301  5.518 0.4000000060
34624  32.785  -24.808  4.939 0.4000000060
34632  33.179  -24.173  4.478 0.4000000060
33841  32.258  -25.342  4.217 0.5000000000
36782  37.028  -21.349  11.281 0.3000000119
36028  35.283  -21.792  10.094 0.3000000119
36044  34.582  -22.197  8.772 0.3000000119
87171  34.292  -22.542  7.834 0.3000000119
35342  33.790  -23.518  6.477 0.3000000119
95859  33.825  -23.334  5.769 0.3000000119
88205  33.635  -23.834  5.906 0.3000000119
36797  36.291  -21.136  10.876 0.3000000119
36798  35.686  -21.089  10.349 0.3000000119
36813  35.000  -21.603  9.415 0.3000000119
36831  34.894  -21.195  8.600 0.3000000119
36841  34.581  -21.653  7.777 0.3000000119
36061  34.073  -22.827  6.157 0.3000000119
102235  35.344  -21.148  9.815 0.3000000119
36830  35.169  -20.896  9.294 0.3000000119
36053  34.341  -22.103  6.822 0.3000000119
37661  35.998  -20.286  10.705 0.3000000119
37683  35.440  -20.353  9.850 0.3000000119
100228  34.615  -21.288  6.996 0.3000000119
37699  35.150  -20.241  8.719 0.4000000060
38450  35.389  -19.448  9.379 0.4000000060
37700  34.868  -20.680  7.615 0.4000000060
38427  35.738  -19.461  10.323 0.3000000119
26673  35.901  -34.236  1.862 1.0000000000
27598  35.758  -33.451  2.099 1.0000000000
25784  34.953  -35.629  2.378 0.8999999762
32332  32.563  -27.929  8.818 0.6999999881
23235  37.278  -38.724  9.340 0.6000000238
24057  39.011  -37.367  8.037 0.6000000238
21599  34.616  -40.005  11.917 0.5000000000
24104  36.353  -37.499  2.853 0.8999999762
24027  33.691  -37.640  12.274 0.4000000060
25715  34.213  -35.472  11.403 0.5000000000
23210  33.469  -38.284  12.770 0.4000000060
87754  35.792  -34.053  4.757 0.8000000119
24911  34.139  -36.976  3.856 0.8000000119
27603  36.533  -33.500  1.789 1.0000000000
28404  36.218  -32.533  11.684 0.5000000000
29338  37.434  -31.378  2.377 1.0000000000
28487  36.531  -32.658  1.868 1.0000000000
28460  34.607  -32.170  5.667 1.0000000000
33758  41.456  -25.956  10.363 0.4000000060
95290  31.982  -33.972  8.182 1.0000000000
33066  33.070  -25.969  8.005 0.6000000238
22476  34.981  -39.046  5.556 0.5000000000
23296  35.173  -38.335  5.069 0.5000000000
22469  34.887  -39.879  6.714 0.5000000000
22477  34.720  -39.706  6.054 0.5000000000
22451  36.045  -39.482  7.434 0.5000000000
22452  35.238  -39.808  7.209 0.5000000000
100451  36.394  -40.000  7.684 0.5000000000
93531  38.709  -40.141  7.387 0.4000000060
22449  38.329  -39.399  7.318 0.5000000000
88764  39.624  -39.782  6.933 0.4000000060
22468  39.248  -38.940  6.818 0.5000000000
22434  39.576  -39.785  7.301 0.5000000000
22467  40.059  -38.877  6.679 0.5000000000
23257  31.942  -38.751  7.301 0.6999999881
95676  31.195  -38.754  7.430 0.6999999881
23277  32.830  -37.867  6.563 0.8000000119
100134  33.263  -37.855  5.914 0.8000000119
23290  32.983  -38.534  5.993 0.8000000119
24899  33.716  -36.580  5.429 0.8999999762
23258  31.625  -37.976  7.472 0.6999999881
24082  33.317  -37.099  6.248 0.8999999762
24083  32.684  -37.188  7.030 0.8999999762
25775  33.862  -35.637  5.388 0.8999999762
24070  31.298  -37.199  7.598 0.6000000238
24069  32.050  -37.232  7.473 0.8000000119
24889  33.051  -36.421  6.889 0.8999999762
24888  33.577  -36.145  6.243 0.8999999762
25768  33.709  -35.371  6.239 0.8999999762
26654  33.984  -34.634  5.692 0.8999999762
30122  39.337  -30.236  11.161 0.5000000000
30133  38.899  -30.693  10.674 0.5000000000
29250  38.046  -31.065  11.066 0.6000000238
93029  30.670  -37.078  7.514 0.6000000238
24877  31.702  -36.471  7.662 0.8999999762
24876  32.433  -36.507  7.399 0.8999999762
25757  33.291  -35.627  6.858 0.8999999762
26645  33.550  -34.723  6.798 0.8999999762
30929  39.957  -30.004  10.416 0.5000000000
30132  39.662  -30.454  10.060 0.5000000000
101988  39.545  -30.445  10.320 0.5000000000
30919  39.760  -29.606  11.537 0.5000000000
25746  32.150  -35.752  7.670 0.8999999762
24878  30.946  -36.471  7.697 0.6999999881
25758  32.774  -35.897  7.301 0.8999999762
30918  40.407  -29.178  10.907 0.5000000000
25745  32.752  -35.096  7.436 0.8999999762
26633  33.007  -34.379  7.411 0.8999999762
26646  29.527  -34.305  6.942 0.6000000238
27575  29.313  -33.681  6.542 0.6000000238
27567  30.210  -33.495  7.856 0.8000000119
27568  29.684  -33.579  7.249 0.6999999881
93813  29.432  -33.060  6.783 0.6999999881
28455  29.326  -32.300  6.494 0.6999999881
29321  29.145  -31.698  5.818 0.6999999881
27557  30.800  -33.483  8.299 0.8000000119
28447  29.819  -32.679  7.417 0.6999999881
29302  29.671  -31.840  7.138 0.6999999881
29312  29.418  -31.407  6.487 0.6999999881
30173  29.843  -31.094  7.138 0.6999999881
30185  29.545  -30.601  6.382 0.6999999881
29301  30.275  -31.793  7.807 0.8000000119
29286  30.970  -32.180  8.393 0.8000000119
30184  30.089  -30.265  6.922 0.6999999881
30172  30.456  -30.778  7.677 0.8000000119
30159  30.994  -31.305  8.270 0.8000000119
30960  30.715  -29.886  7.455 0.8000000119
30964  30.282  -29.429  6.662 0.6000000238
31635  30.981  -29.050  7.156 0.6000000238
31641  30.533  -28.648  6.327 0.6000000238
31649  30.905  -27.972  5.958 0.6000000238
31640  31.166  -28.271  6.832 0.6000000238
32360  31.315  -27.324  5.594 0.6000000238
21627  39.380  -40.801  7.900 0.4000000060
22448  40.163  -38.888  6.826 0.5000000000
22450  36.984  -38.979  7.414 0.5000000000
32289  41.269  -28.121  11.234 0.3000000119
28446  30.490  -32.746  8.101 0.8000000119
90334  37.299  -39.841  7.606 0.5000000000
91285  32.296  -37.954  7.196 0.8000000119
29240  37.299  -31.880  12.399 0.4000000060
86748  38.069  -31.870  13.101 0.4000000060
29239  37.847  -31.220  12.102 0.5000000000
91813  38.608  -31.027  12.874 0.4000000060
29191  39.093  -32.276  13.824 0.4000000060
29219  39.347  -31.408  13.519 0.4000000060
29189  40.370  -31.387  14.122 0.4000000060
29190  39.853  -31.943  13.945 0.4000000060
30123  38.546  -30.584  11.702 0.5000000000
30866  43.409  -29.668  14.561 0.3000000119
30865  44.179  -30.155  14.716 0.3000000119
30867  42.593  -30.024  14.559 0.3000000119
94296  41.424  -30.568  14.667 0.3000000119
30062  41.075  -30.276  14.293 0.4000000060
29217  40.527  -30.681  13.973 0.4000000060
29218  39.887  -31.041  13.701 0.4000000060
30061  42.268  -30.701  14.881 0.3000000119
29188  40.830  -30.830  14.476 0.4000000060
30105  39.134  -30.160  12.238 0.4000000060
30082  39.337  -30.421  13.086 0.4000000060
31527  42.861  -29.119  14.313 0.3000000119
30868  41.781  -30.119  14.487 0.3000000119
31542  41.671  -28.669  13.688 0.3000000119
31543  40.965  -28.848  13.359 0.3000000119
30881  40.283  -29.126  12.977 0.4000000060
31541  42.428  -28.520  13.928 0.3000000119
30080  40.619  -29.661  13.774 0.4000000060
30081  39.924  -29.969  13.439 0.4000000060
30879  42.098  -29.303  14.212 0.3000000119
30880  41.351  -29.464  14.017 0.3000000119
30899  40.300  -29.011  11.908 0.4000000060
31562  40.873  -28.577  12.360 0.3000000119
30900  39.688  -29.588  12.573 0.4000000060
30965  29.686  -29.825  6.145 0.6000000238
99720  29.331  -30.234  5.650 0.6000000238
30975  29.949  -29.116  5.769 0.5000000000
31650  30.326  -28.419  5.344 0.5000000000
32361  30.856  -27.797  4.868 0.5000000000
33087  31.658  -26.658  5.204 0.5000000000
36845  34.522  -21.355  6.171 0.3000000119
36851  34.402  -21.351  5.210 0.3000000119
37714  34.563  -20.687  5.728 0.3000000119
37719  34.388  -20.651  4.792 0.3000000119
36856  34.143  -21.266  4.229 0.3000000119
37723  34.143  -20.592  3.806 0.3000000119
38468  35.009  -19.760  7.821 0.3000000119
37707  34.701  -20.678  6.604 0.3000000119
90438  34.725  -20.083  6.170 0.3000000119
89886  34.556  -20.052  5.308 0.3000000119
96894  34.189  -20.032  3.325 0.3000000119
38506  33.848  -19.559  2.474 0.3000000119
38467  35.200  -19.398  8.537 0.3000000119
91455  34.831  -20.011  6.974 0.3000000119
99245  34.789  -19.567  6.526 0.3000000119
38492  34.696  -19.476  5.840 0.3000000119
89581  34.418  -20.015  4.288 0.3000000119
38482  35.096  -18.960  7.947 0.3000000119
38483  34.908  -19.284  7.169 0.3000000119
39283  34.807  -18.924  6.465 0.3000000119
39290  34.628  -18.747  5.618 0.3000000119
38498  34.477  -19.389  4.889 0.3000000119
39298  34.390  -18.621  4.598 0.3000000119
39242  35.273  -18.597  8.863 0.3000000119
39269  35.081  -18.263  8.053 0.3000000119
39270  34.939  -18.495  7.269 0.3000000119
40095  34.972  -17.684  7.570 0.3000000119
40096  34.734  -17.878  6.407 0.3000000119
40081  35.177  -17.602  8.613 0.3000000119
28394  36.626  -32.357  12.639 0.4000000060
28393  37.469  -32.263  13.313 0.4000000060
29169  40.743  -31.031  14.551 0.4000000060
30060  43.289  -30.816  14.824 0.3000000119
100399  43.439  -28.955  14.396 0.3000000119
31581  40.910  -28.568  11.398 0.4000000060
31561  41.409  -28.238  12.902 0.3000000119
30198  29.195  -30.953  5.668 0.6000000238
39218  35.570  -18.666  9.895 0.3000000119
40066  35.447  -17.866  9.592 0.3000000119
88078  35.351  -17.178  9.419 0.3000000119
30864  44.942  -29.560  14.616 0.3000000119
38504  34.351  -19.293  3.585 0.3000000119
21679  34.687  -40.602  2.320 0.6000000238
21680  33.940  -40.751  2.829 0.6999999881
94991  33.601  -41.324  3.069 0.6999999881
24827  32.849  -36.755  13.301 0.3000000119
90309  33.066  -36.047  12.869 0.3000000119
21666  32.680  -40.786  4.872 0.6999999881
85098  36.178  -32.682  13.332 0.3000000119
20840  32.981  -41.176  3.933 0.6999999881
28377  36.876  -32.464  13.461 0.3000000119
21674  33.510  -40.527  3.484 0.6999999881
28376  37.499  -32.520  13.838 0.3000000119
100244  38.961  -32.573  14.011 0.3000000119
29220  38.320  -32.418  13.801 0.3000000119
29171  38.910  -31.979  14.527 0.3000000119
94813  39.570  -32.300  14.051 0.3000000119
25708  33.505  -35.320  12.671 0.3000000119
22486  32.831  -39.986  5.194 0.6999999881
98554  35.586  -33.013  13.307 0.3000000119
27491  35.112  -33.336  12.898 0.3000000119
21665  33.159  -40.250  4.312 0.6999999881
28350  36.546  -32.542  14.050 0.3000000119
29192  38.086  -32.361  14.241 0.3000000119
95399  39.661  -31.445  14.789 0.3000000119
22479  32.563  -39.811  6.117 0.6999999881
28378  35.086  -33.241  13.735 0.3000000119
92347  35.704  -32.831  13.964 0.3000000119
22485  33.333  -39.343  4.669 0.6999999881
28349  37.151  -32.279  14.324 0.3000000119
29170  40.204  -31.679  14.173 0.3000000119
22478  32.942  -39.253  5.586 0.6999999881
93412  33.362  -38.212  5.400 0.6999999881
29193  36.417  -32.043  14.817 0.3000000119
23297  33.583  -38.389  4.591 0.6999999881
28351  35.750  -32.422  14.645 0.3000000119
24094  33.580  -37.513  5.201 0.6999999881
31580  41.388  -28.151  11.937 0.3000000119
20855  36.100  -41.734  1.528 0.5000000000
20066  33.314  -42.748  2.479 0.6999999881
20070  34.702  -42.302  1.719 0.6000000238
88996  34.025  -42.933  1.783 0.6000000238
20851  35.221  -41.611  1.755 0.6000000238
20832  32.280  -41.329  5.460 0.6999999881
21658  32.432  -40.563  5.788 0.6999999881
26582  33.594  -34.662  13.265 0.3000000119
21651  32.134  -40.311  6.607 0.6999999881
26581  34.077  -34.154  13.037 0.4000000060
22470  32.212  -39.496  6.919 0.6999999881
88441  34.462  -33.543  14.180 0.4000000060
27492  34.519  -33.688  13.337 0.4000000060
23278  32.487  -38.630  6.802 0.6999999881
28352  35.025  -32.924  14.595 0.3000000119
28330  35.264  -32.439  15.208 0.3000000119
23291  32.650  -39.153  6.322 0.6999999881
20852  34.323  -41.432  2.360 0.6000000238
29174  35.751  -31.996  15.359 0.3000000119
21657  34.579  -40.323  5.677 0.5000000000
21672  35.805  -40.550  3.011 0.5000000000
20838  35.200  -41.072  3.660 0.5000000000
17313  31.753  -46.984  1.663 0.4000000060
17307  29.895  -47.016  1.930 0.5000000000
21663  35.132  -40.156  4.122 0.4000000060
20845  35.960  -41.346  2.672 0.5000000000
16656  28.474  -47.765  2.295 0.4000000060
17314  30.989  -47.433  1.707 0.5000000000
20071  36.517  -42.024  1.628 0.4000000060
16657  27.355  -47.971  2.905 0.4000000060
17308  28.862  -46.887  2.404 0.4000000060
97909  30.477  -46.154  1.864 0.5000000000
18644  31.468  -45.776  1.688 0.5000000000
18636  32.150  -44.378  2.235 0.4000000060
86510  35.737  -42.547  1.454 0.5000000000
19363  34.198  -43.844  1.532 0.4000000060
19360  32.766  -43.977  2.031 0.4000000060
20072  34.928  -43.232  1.396 0.4000000060
17303  23.666  -46.136  3.283 0.4000000060
18639  24.486  -45.070  3.020 0.4000000060
17938  29.340  -46.066  2.530 0.4000000060
18630  25.360  -44.903  3.290 0.4000000060
98346  27.161  -44.603  4.106 0.4000000060
18629  25.983  -44.348  3.738 0.4000000060
18637  31.420  -44.671  2.354 0.5000000000
18614  27.666  -43.940  4.515 0.4000000060
19349  26.869  -43.260  4.351 0.4000000060
19359  33.375  -43.512  1.915 0.5000000000
16653  23.829  -46.712  3.334 0.4000000060
17942  24.295  -45.753  2.756 0.4000000060
17309  27.717  -46.929  2.786 0.4000000060
17941  25.284  -45.730  2.790 0.4000000060
17926  29.700  -45.178  2.945 0.5000000000
17939  28.245  -46.215  3.032 0.4000000060
17929  26.369  -45.195  3.446 0.4000000060
18638  30.587  -44.931  2.544 0.5000000000
19355  31.744  -43.937  3.293 0.5000000000
19341  28.018  -43.260  4.821 0.4000000060
19354  32.403  -43.610  2.911 0.6000000238
20067  32.740  -42.767  3.230 0.6000000238
17311  24.718  -46.498  2.751 0.4000000060
17940  26.834  -46.129  3.059 0.4000000060
17928  27.631  -45.438  3.705 0.4000000060
18625  30.980  -44.270  3.601 0.5000000000
18628  28.376  -44.708  4.438 0.4000000060
18613  28.606  -43.965  5.011 0.4000000060
20847  33.184  -42.027  3.256 0.6000000238
19346  32.077  -42.959  4.047 0.6000000238
16658  25.606  -47.496  2.976 0.4000000060
17310  26.126  -46.748  2.882 0.4000000060
17927  28.782  -45.425  3.497 0.5000000000
18627  29.384  -44.802  4.229 0.5000000000
100838  29.184  -44.423  4.947 0.5000000000
18626  30.205  -44.586  3.926 0.5000000000
18612  29.897  -44.327  4.951 0.5000000000
19347  31.343  -43.582  4.474 0.6000000238
94877  29.392  -43.883  5.436 0.5000000000
93559  28.820  -43.370  5.339 0.4000000060
20848  32.614  -42.068  4.039 0.6000000238
19348  30.632  -44.015  4.788 0.5000000000
19338  30.985  -43.350  5.509 0.6000000238
19339  30.228  -43.670  5.738 0.5000000000
20055  32.174  -42.095  4.957 0.6000000238
20841  32.544  -41.479  4.651 0.6000000238
101249  30.695  -40.465  7.101 0.5000000000
20816  31.014  -41.126  6.978 0.6000000238
21653  30.271  -41.012  6.756 0.5000000000
91440  31.458  -41.351  6.615 0.6000000238
20827  31.107  -41.946  6.603 0.6000000238
20828  30.494  -41.785  6.632 0.5000000000
20050  29.929  -42.374  6.350 0.5000000000
20056  31.568  -42.749  5.238 0.6000000238
19329  30.655  -43.026  6.050 0.5000000000
19340  29.471  -43.040  5.833 0.5000000000
20057  29.131  -42.136  5.846 0.5000000000
21640  31.235  -40.271  7.204 0.5000000000
22472  30.727  -39.605  7.261 0.5000000000
22453  31.545  -39.513  7.286 0.6000000238
22471  31.773  -40.088  7.086 0.6000000238
20049  30.619  -42.483  6.404 0.6000000238
19330  30.188  -42.970  6.192 0.5000000000
20826  31.968  -41.052  6.288 0.6000000238
20850  36.514  -42.028  2.195 0.4000000060
90314  36.082  -42.857  1.614 0.4000000060
20849  37.122  -40.610  1.729 0.5000000000
20844  37.004  -41.021  2.089 0.4000000060
20833  31.691  -41.911  5.994 0.6000000238
22484  34.796  -39.833  5.142 0.5000000000
20065  35.044  -42.580  3.436 0.5000000000
20846  35.606  -41.965  3.082 0.5000000000
19356  24.953  -44.380  3.552 0.4000000060
101858  26.658  -43.909  4.158 0.4000000060
20048  31.145  -42.628  6.107 0.6000000238
17931  23.890  -45.418  3.105 0.3000000119
19350  25.618  -43.551  3.972 0.3000000119
19351  24.936  -43.895  4.005 0.3000000119
16646  23.775  -46.508  3.883 0.4000000060
17312  23.915  -46.275  2.874 0.4000000060
17918  23.746  -45.723  3.607 0.4000000060
20068  36.766  -41.798  1.827 0.4000000060
20853  36.887  -41.205  1.665 0.4000000060
20854  36.784  -41.311  1.587 0.6999999881
21652  31.600  -40.715  6.884 0.6000000238
21678  37.210  -40.310  1.884 0.5000000000
21683  35.554  -40.959  1.851 0.6000000238
22447  40.184  -38.675  6.731 0.6000000238
22497  37.302  -39.185  1.705 0.6999999881
22498  37.266  -39.633  1.876 0.8000000119
22503  36.494  -39.852  1.636 0.8000000119
23254  40.245  -38.291  7.059 0.6000000238
23272  40.063  -38.422  6.690 0.6000000238
24028  33.103  -37.529  12.992 0.4000000060
24033  34.334  -37.795  11.633 0.4000000060
24106  34.260  -37.465  3.336 0.8000000119
24112  37.122  -37.791  1.826 0.8999999762
24113  37.173  -37.628  2.035 0.8999999762
24909  35.757  -37.016  3.884 0.8999999762
25781  37.215  -35.342  1.910 1.0000000000
25788  36.814  -35.601  1.648 1.0000000000
25789  36.280  -35.878  1.583 1.0000000000
26622  39.067  -35.341  7.891 0.6999999881
26671  37.281  -34.431  1.943 1.0000000000
26672  37.293  -34.265  2.110 1.0000000000
26679  36.598  -34.245  1.733 1.0000000000
28475  37.652  -31.971  2.183 1.0000000000
28478  34.799  -32.350  4.138 1.0000000000
28482  37.297  -32.017  1.808 1.0000000000
30982  37.428  -30.032  4.562 1.0000000000
40821  35.392  -16.620  9.697 0.3000000119
85316  33.827  -42.088  2.426 0.6000000238
90240  37.575  -31.719  1.963 1.0000000000
91509  36.063  -31.197  3.594 1.0000000000
92572  35.361  -34.988  2.144 0.8999999762
92844  33.278  -38.751  5.255 0.6999999881
93375  36.466  -39.054  1.593 0.8000000119
93659  36.652  -36.154  2.762 0.8999999762
97084  36.932  -37.926  1.610 0.8999999762
98983  32.889  -43.312  2.482 0.6000000238
101718  36.515  -31.329  2.776 1.0000000000
