#!ascii label  , from subject sub-v1s16x0051160_ses-1 vox2ras=TkReg
1277
21565  23.705  -40.349  14.145 0.8999999762
21564  24.438  -40.661  14.371 0.8000000119
21563  25.204  -40.905  14.602 0.8000000119
20736  25.447  -41.634  14.547 0.6999999881
20735  26.342  -41.828  14.460 0.8000000119
21566  22.886  -40.113  13.944 0.8999999762
92319  24.973  -40.266  14.779 1.0000000000
89284  25.725  -40.234  14.803 1.0000000000
87264  26.185  -40.987  14.582 0.8000000119
20748  27.655  -41.361  13.708 0.8000000119
21562  27.105  -40.704  14.217 0.8999999762
20747  28.266  -41.720  13.105 0.8000000119
20759  28.668  -41.549  12.425 0.6999999881
19986  28.861  -42.244  11.879 0.6999999881
98966  21.383  -40.169  13.401 0.8000000119
22372  22.444  -39.367  14.444 0.8999999762
22383  21.084  -39.547  13.886 0.8999999762
21578  19.222  -40.388  13.019 0.8999999762
22370  24.325  -39.760  14.782 0.8999999762
22369  25.252  -39.586  15.036 1.0000000000
86714  27.346  -39.959  14.100 0.8999999762
21573  27.820  -40.410  13.610 0.8999999762
21572  28.328  -40.961  13.020 0.8000000119
88998  29.032  -42.126  11.043 0.6999999881
87876  22.861  -38.783  15.056 0.8999999762
23188  22.095  -38.649  14.844 0.8999999762
99483  20.726  -38.715  14.405 0.8999999762
22384  20.181  -39.239  14.030 0.8999999762
22386  18.618  -39.504  13.597 0.8999999762
22371  23.344  -39.550  14.599 0.8999999762
22358  24.711  -38.917  15.321 0.8999999762
22368  26.162  -39.384  14.826 1.0000000000
21585  28.766  -40.675  12.228 0.8000000119
20786  29.071  -41.471  10.707 0.8000000119
20794  29.013  -41.144  9.970 0.8000000119
90186  28.739  -41.915  9.493 0.8000000119
20805  27.961  -41.134  8.380 0.8000000119
22387  17.708  -39.254  13.365 0.8999999762
23174  22.264  -37.888  15.329 0.8999999762
23202  18.184  -38.609  13.693 0.8999999762
23203  17.434  -38.407  13.160 0.8000000119
22398  16.370  -39.218  12.402 0.8000000119
23172  24.205  -38.210  15.616 0.8999999762
24030  17.324  -37.694  12.732 0.6999999881
23213  16.801  -38.232  12.419 0.6999999881
98056  15.805  -38.485  10.896 0.6999999881
23171  25.072  -38.080  15.537 0.8999999762
24045  16.281  -37.795  10.747 0.6999999881
92802  16.307  -37.753  9.767 0.6999999881
23993  25.942  -37.701  15.194 1.0000000000
24052  16.613  -37.538  8.990 0.6000000238
23185  26.508  -38.460  14.779 1.0000000000
23184  27.247  -38.200  14.300 1.0000000000
22367  27.127  -39.172  14.359 1.0000000000
22381  27.911  -39.423  13.593 1.0000000000
22380  28.417  -40.056  12.874 0.8999999762
92070  27.658  -38.664  13.874 1.0000000000
88541  28.469  -39.147  12.719 0.8999999762
91896  28.843  -39.694  11.938 0.8000000119
21600  28.977  -40.452  11.469 0.8000000119
21620  29.027  -40.333  10.168 0.8000000119
21629  28.733  -40.384  9.498 0.8000000119
20804  28.549  -41.140  9.112 0.8000000119
21641  27.552  -40.402  8.028 0.8000000119
21630  28.227  -40.392  8.746 0.8000000119
21642  26.766  -40.415  7.153 0.8000000119
23189  21.297  -38.061  14.884 0.8999999762
23201  19.139  -38.783  14.122 0.8999999762
23190  20.276  -37.860  14.731 0.8999999762
23191  19.364  -37.829  14.471 0.8999999762
24021  17.838  -37.708  13.355 0.8999999762
23173  23.294  -38.119  15.550 0.8999999762
24037  16.555  -37.734  11.649 0.6999999881
23994  24.554  -37.580  15.761 0.8999999762
24044  16.800  -37.085  11.122 0.6000000238
24051  16.812  -37.119  9.960 0.6000000238
24074  16.824  -37.679  6.816 0.5000000000
24006  26.739  -37.579  14.639 1.0000000000
24060  17.613  -37.129  7.215 0.5000000000
24005  27.293  -37.346  14.055 1.0000000000
23212  27.990  -37.683  12.929 1.0000000000
23199  28.084  -38.534  13.240 1.0000000000
22408  28.812  -38.890  11.265 0.8999999762
22418  29.004  -39.782  10.817 0.8000000119
100128  28.684  -38.766  10.243 0.8999999762
22428  28.843  -39.644  9.875 0.8000000119
23236  28.090  -38.309  9.444 0.8999999762
93465  28.499  -39.042  9.497 0.8000000119
22438  27.826  -39.639  8.432 0.8000000119
22455  26.566  -39.410  6.965 0.8000000119
21655  26.027  -40.051  6.177 0.8000000119
88961  18.545  -37.825  14.044 0.8999999762
23997  22.107  -37.062  15.644 0.8999999762
24020  18.206  -36.905  13.567 0.6999999881
24036  17.010  -37.317  12.063 0.8000000119
24800  24.462  -36.894  15.981 0.8999999762
24801  23.502  -36.540  16.221 0.8999999762
24852  17.425  -36.541  10.523 0.6999999881
24860  17.600  -36.630  9.487 0.6000000238
101230  17.119  -37.034  9.002 0.6000000238
24851  18.152  -36.141  9.989 0.6999999881
24859  18.279  -36.311  8.963 0.6000000238
24868  17.673  -36.804  8.427 0.5000000000
23992  26.368  -37.022  14.885 1.0000000000
24867  18.275  -36.557  7.797 0.5000000000
24882  18.090  -36.794  6.501 0.5000000000
24814  26.819  -36.776  14.349 1.0000000000
99715  27.596  -37.203  13.386 1.0000000000
24029  28.107  -37.517  12.103 1.0000000000
23226  28.444  -38.083  10.861 0.8999999762
86197  27.758  -36.847  11.655 0.8999999762
24034  28.086  -37.450  11.289 0.8999999762
24048  28.112  -37.809  10.101 0.8999999762
24042  27.972  -37.405  10.635 0.8999999762
24049  27.453  -37.403  9.417 0.8999999762
89224  27.290  -38.001  8.654 0.8999999762
23247  27.379  -38.871  8.131 0.8999999762
24043  27.526  -36.968  10.085 0.8999999762
24050  26.743  -36.943  8.793 0.8999999762
23261  26.475  -38.508  6.932 0.8999999762
24059  26.745  -37.407  8.176 0.8999999762
24008  20.625  -37.086  15.002 0.8999999762
95728  19.712  -37.006  14.715 0.8999999762
24019  18.875  -36.988  14.296 0.8999999762
24818  20.074  -36.204  14.833 0.8999999762
24830  18.610  -36.116  13.762 1.0000000000
24831  18.092  -36.039  12.922 0.8000000119
24803  21.689  -36.336  15.567 0.8999999762
24837  17.829  -35.967  11.996 0.6999999881
92525  25.194  -37.247  15.623 0.8999999762
93575  24.456  -36.080  16.161 0.8999999762
25718  18.261  -35.378  11.461 0.6999999881
25733  18.691  -35.798  9.522 0.6999999881
24798  25.827  -36.762  15.298 1.0000000000
25738  19.181  -35.391  7.984 0.5000000000
99504  18.737  -35.663  6.079 0.5000000000
24815  26.313  -36.317  14.740 1.0000000000
25698  26.998  -35.805  13.221 1.0000000000
24828  27.188  -36.538  13.523 1.0000000000
24018  27.589  -36.700  12.561 1.0000000000
102418  27.181  -36.205  12.916 1.0000000000
24842  27.271  -36.121  11.544 0.8999999762
24035  27.542  -36.647  10.814 0.8999999762
24857  26.858  -36.498  9.460 0.8999999762
22488  27.048  -39.833  3.351 0.6999999881
21675  26.057  -39.791  2.889 0.8000000119
22495  25.585  -39.286  2.525 0.8000000119
23308  25.229  -38.934  2.764 0.8000000119
94100  22.912  -35.828  16.275 0.8999999762
25690  21.231  -35.478  15.323 1.0000000000
25691  20.409  -35.423  14.886 1.0000000000
25692  19.681  -35.422  14.414 1.0000000000
25701  18.558  -35.383  13.053 0.6999999881
25711  18.261  -35.466  12.318 0.6999999881
24799  25.169  -36.427  15.768 0.8999999762
25677  23.696  -35.582  16.322 0.8999999762
25717  18.658  -34.927  11.033 0.6999999881
25732  19.035  -35.307  9.128 0.6000000238
24816  25.747  -35.854  15.311 0.8999999762
98290  19.087  -35.157  5.405 0.4000000060
24829  26.719  -36.032  14.019 1.0000000000
24836  27.195  -35.933  12.433 1.0000000000
25716  27.336  -35.455  11.844 1.0000000000
94755  25.782  -38.082  5.161 0.8999999762
89960  28.182  -40.314  5.012 0.6000000238
22501  26.023  -38.959  2.076 0.8000000119
22496  24.949  -39.575  3.169 0.8999999762
24103  25.371  -38.443  4.214 0.8999999762
25679  22.151  -35.483  15.870 0.8999999762
88130  19.034  -34.804  13.071 0.8000000119
25710  18.732  -34.900  12.107 0.6999999881
26613  18.915  -34.532  10.660 0.6999999881
26620  19.078  -34.385  9.773 0.6000000238
27570  19.484  -33.776  6.769 0.4000000060
25689  25.896  -35.098  15.045 1.0000000000
98419  25.105  -35.745  15.881 0.8999999762
25688  26.314  -35.549  14.572 1.0000000000
25699  26.785  -35.325  13.905 1.0000000000
95801  27.074  -35.184  13.319 1.0000000000
25709  27.239  -35.344  12.664 1.0000000000
26593  27.554  -34.760  12.198 1.0000000000
26602  27.492  -34.860  11.201 1.0000000000
93213  26.325  -37.704  6.199 0.8999999762
89616  26.384  -37.195  5.623 0.8999999762
24111  25.460  -38.430  3.338 0.8999999762
22480  29.127  -39.428  6.111 0.6000000238
22481  28.461  -39.588  5.204 0.6000000238
22487  27.846  -39.718  4.272 0.6000000238
23299  27.683  -39.053  3.263 0.8000000119
22494  26.552  -39.162  2.334 0.8000000119
26560  21.580  -34.666  15.415 0.8999999762
26573  20.788  -34.643  14.942 0.8999999762
100648  19.709  -34.426  13.816 0.6999999881
27479  21.242  -33.867  14.989 0.8999999762
26574  20.020  -34.632  14.377 0.8999999762
26603  19.085  -34.318  11.556 0.6000000238
25676  24.575  -35.266  16.122 1.0000000000
26557  23.864  -34.690  16.271 1.0000000000
25678  22.970  -35.057  16.250 1.0000000000
27525  19.538  -33.704  11.607 0.6000000238
91919  19.218  -33.792  10.783 0.6000000238
27552  19.242  -33.742  9.038 0.5000000000
25675  25.337  -35.112  15.650 1.0000000000
26572  25.659  -34.305  15.283 1.0000000000
26571  26.394  -34.683  14.511 1.0000000000
26584  27.011  -34.598  13.790 1.0000000000
26583  27.359  -34.620  13.035 1.0000000000
27524  27.998  -34.094  11.762 1.0000000000
26612  27.386  -34.676  10.295 1.0000000000
93054  27.143  -35.311  10.398 1.0000000000
26618  27.090  -34.760  9.509 1.0000000000
26619  26.595  -35.320  9.035 1.0000000000
25737  26.298  -35.704  8.753 0.8999999762
25731  26.421  -35.762  9.150 0.8999999762
24892  26.567  -36.781  6.837 0.8999999762
24102  26.030  -37.608  4.266 0.8999999762
94658  25.750  -38.452  2.615 0.8999999762
23279  30.469  -38.673  7.244 0.6000000238
22473  29.886  -39.177  6.866 0.6000000238
23293  28.650  -38.716  5.291 0.6000000238
23306  27.224  -38.434  2.252 0.8000000119
23313  26.480  -38.550  2.149 0.8000000119
27456  22.518  -33.656  15.789 0.8999999762
26585  20.517  -33.856  14.456 0.6999999881
26594  19.187  -34.434  12.412 0.6000000238
27511  19.947  -33.244  12.134 0.6000000238
27455  24.052  -33.659  16.136 0.8999999762
28408  19.764  -33.128  11.278 0.6000000238
27539  19.227  -33.429  9.925 0.5000000000
26556  24.794  -34.423  15.974 1.0000000000
88136  26.181  -33.907  14.760 1.0000000000
27454  25.742  -33.380  15.138 0.8999999762
27496  26.791  -33.881  14.280 1.0000000000
27495  27.452  -33.717  13.570 1.0000000000
27510  27.814  -33.945  12.647 1.0000000000
27523  28.396  -33.389  11.388 1.0000000000
27538  27.879  -34.039  10.877 1.0000000000
26627  26.639  -35.095  8.480 1.0000000000
25761  26.666  -35.806  7.315 0.8999999762
90410  26.845  -36.244  6.100 0.8999999762
24901  26.606  -36.484  4.891 0.8999999762
24908  26.464  -36.655  3.543 0.8999999762
23280  29.830  -38.474  6.871 0.6000000238
23292  29.248  -38.609  6.295 0.6000000238
23298  28.293  -38.462  4.081 0.6999999881
24108  27.726  -37.648  2.369 0.6999999881
24117  26.496  -37.962  2.278 0.8000000119
24913  26.613  -36.655  2.240 0.8999999762
95676  31.195  -38.754  7.430 0.6000000238
24109  26.965  -37.744  1.896 0.8000000119
88619  26.930  -36.856  1.868 0.8999999762
27497  19.952  -33.530  13.005 0.6999999881
28407  20.075  -32.390  11.831 0.6000000238
89001  23.222  -33.371  16.034 0.8999999762
27478  21.874  -33.139  15.136 0.8000000119
28358  21.600  -32.525  14.573 0.6999999881
99072  25.034  -33.540  15.715 0.8999999762
28334  23.711  -32.672  15.826 0.8000000119
27477  26.430  -33.219  14.670 1.0000000000
28332  25.270  -32.631  15.373 0.8000000119
28354  26.706  -32.299  14.558 0.8999999762
93733  25.979  -32.697  14.926 0.8000000119
27476  27.203  -33.062  14.241 1.0000000000
99301  27.666  -32.900  13.692 1.0000000000
27494  28.028  -33.094  13.071 1.0000000000
27509  28.395  -33.224  12.193 1.0000000000
27537  28.310  -33.348  10.662 1.0000000000
90442  27.732  -33.811  9.949 1.0000000000
26626  27.017  -34.552  8.749 1.0000000000
26638  26.861  -34.681  7.899 0.8999999762
97435  26.957  -35.413  6.385 0.8999999762
25777  26.764  -35.706  4.239 0.8999999762
24095  28.883  -38.039  5.784 0.6000000238
24101  28.360  -37.565  3.633 0.6999999881
23259  30.777  -37.877  7.474 0.6000000238
24084  30.106  -38.036  7.116 0.6000000238
94309  28.221  -36.845  2.665 0.6999999881
24116  27.561  -36.880  1.933 0.6999999881
89469  20.399  -33.145  13.781 0.6999999881
28397  20.246  -32.605  12.876 0.6000000238
28356  23.152  -32.218  15.325 0.8000000119
28357  22.377  -32.238  14.850 0.8000000119
28381  21.140  -32.370  14.104 0.6999999881
28382  20.683  -32.400  13.605 0.6999999881
29175  24.534  -32.182  15.529 0.6999999881
28355  25.844  -31.956  14.903 0.6999999881
28353  27.448  -32.294  14.008 0.8000000119
28380  27.905  -32.306  13.363 0.8000000119
29221  28.166  -31.555  13.051 0.8000000119
28379  28.345  -32.379  12.659 0.8999999762
100121  28.588  -32.945  11.643 1.0000000000
92638  27.101  -34.242  8.097 1.0000000000
27550  27.729  -33.095  9.210 1.0000000000
27551  27.349  -33.942  9.143 1.0000000000
90468  27.134  -34.024  7.349 1.0000000000
26648  26.967  -34.821  7.113 0.8999999762
26656  27.012  -34.631  5.870 0.8999999762
25770  26.921  -35.566  5.390 0.8999999762
26657  26.868  -34.837  4.767 0.8999999762
24085  29.429  -37.820  6.530 0.6000000238
24096  28.578  -37.851  4.913 0.6000000238
90392  28.587  -37.118  4.735 0.6999999881
88867  26.658  -35.743  3.014 0.8999999762
24912  28.423  -36.132  2.959 0.6999999881
24918  28.114  -36.125  2.120 0.6999999881
24920  26.869  -36.031  1.880 0.8999999762
24923  26.968  -35.275  1.883 0.8999999762
29198  23.112  -31.603  14.804 0.6999999881
29199  22.419  -31.427  14.352 0.6000000238
29224  21.127  -31.678  13.644 0.6000000238
29244  20.368  -31.715  12.463 0.6000000238
29197  24.586  -31.386  15.085 0.6999999881
30067  23.060  -30.858  14.266 0.6000000238
101198  25.165  -31.825  15.189 0.6999999881
29195  26.426  -31.304  14.506 0.6999999881
29194  27.173  -31.542  14.194 0.6999999881
29242  28.610  -31.632  12.256 0.8000000119
28396  28.632  -32.442  11.876 0.8000000119
28406  28.673  -32.678  11.066 1.0000000000
27558  27.357  -33.464  8.422 1.0000000000
27569  27.241  -33.317  7.550 1.0000000000
28437  27.721  -32.485  8.536 1.0000000000
28448  27.421  -32.570  7.800 1.0000000000
88767  27.095  -33.235  6.590 1.0000000000
27583  26.976  -33.697  5.775 1.0000000000
26665  26.897  -34.102  5.096 0.8999999762
24086  28.863  -37.248  5.720 0.6000000238
91458  26.745  -34.904  3.675 0.8999999762
24071  30.028  -37.275  7.117 0.6000000238
92101  29.373  -37.059  6.500 0.6000000238
25780  26.756  -34.937  2.628 0.8999999762
24907  28.501  -36.494  3.985 0.6999999881
25779  28.373  -35.459  2.725 0.6999999881
25786  27.516  -35.171  1.862 0.8999999762
93615  21.263  -30.952  13.406 0.5000000000
86374  23.822  -31.069  14.775 0.6000000238
30086  23.360  -30.124  13.840 0.5000000000
29196  25.470  -31.070  14.697 0.6999999881
30066  24.599  -30.661  14.449 0.6999999881
88899  27.029  -30.711  14.090 0.6999999881
30064  26.172  -30.448  14.257 0.6999999881
30084  27.744  -30.697  13.536 0.6999999881
30107  28.502  -30.709  12.694 0.8000000119
30125  28.955  -30.924  11.760 0.8000000119
29252  28.841  -31.771  11.369 0.8000000119
29251  29.151  -31.014  10.726 0.8000000119
94592  28.599  -31.945  9.738 0.8999999762
28427  28.203  -32.248  9.203 1.0000000000
87784  28.519  -31.511  9.183 0.8999999762
94809  26.936  -32.997  5.687 1.0000000000
27589  26.812  -33.288  4.801 0.8999999762
26666  26.786  -34.078  4.185 0.8999999762
26670  26.740  -34.099  3.066 0.8999999762
24890  29.656  -36.481  6.837 0.6000000238
24891  29.072  -36.458  6.137 0.6000000238
25776  28.498  -35.603  3.737 0.6999999881
26676  27.850  -34.599  1.940 0.8000000119
26681  26.923  -34.591  1.991 0.8999999762
24879  30.287  -36.488  7.379 0.6000000238
25769  28.610  -35.704  4.758 0.6999999881
27600  27.503  -33.750  1.908 0.8000000119
27596  26.771  -33.252  2.372 0.8999999762
26675  28.256  -34.692  2.438 0.6999999881
88943  26.972  -32.982  1.902 0.8999999762
94920  23.852  -30.525  14.188 0.5000000000
30886  22.756  -29.579  13.561 0.5000000000
30065  25.296  -30.219  14.124 0.6999999881
30063  26.757  -29.919  13.969 0.6999999881
30883  27.565  -29.817  13.660 0.6999999881
30083  28.160  -30.118  13.181 0.6999999881
30106  28.980  -30.129  12.127 0.8000000119
30124  29.299  -30.193  11.300 0.8000000119
29272  28.906  -31.308  9.857 0.8000000119
90888  28.386  -31.150  8.604 0.8999999762
29287  28.085  -31.745  8.578 1.0000000000
29304  27.470  -31.761  7.375 1.0000000000
28456  27.200  -32.455  6.976 1.0000000000
29271  29.184  -30.661  9.924 0.8000000119
30148  28.833  -30.736  9.132 0.8000000119
29303  27.927  -31.207  7.936 0.8999999762
29313  27.237  -31.557  6.369 1.0000000000
28463  27.038  -32.390  6.041 1.0000000000
30175  27.601  -30.936  7.063 0.8999999762
29323  26.940  -31.739  5.354 1.0000000000
28472  26.837  -32.456  5.115 1.0000000000
28473  26.678  -32.475  4.054 1.0000000000
28480  26.615  -32.347  2.859 0.8999999762
24900  28.698  -36.439  5.226 0.6999999881
25760  28.893  -35.631  5.787 0.6000000238
28485  26.836  -32.230  2.164 0.8999999762
94790  28.715  -34.983  5.173 0.6999999881
92901  28.579  -35.071  4.387 0.6999999881
26669  28.480  -34.696  3.494 0.6999999881
94418  28.082  -34.054  2.132 0.6999999881
92091  27.516  -32.930  1.971 0.8000000119
93024  28.348  -33.932  2.751 0.6999999881
28484  27.182  -32.118  1.949 0.8000000119
29342  26.930  -31.538  2.141 0.8999999762
98766  27.918  -32.549  2.249 0.6999999881
30085  24.372  -29.979  13.823 0.5000000000
30869  25.928  -29.727  14.096 0.6999999881
30870  25.155  -29.489  13.921 0.5000000000
89075  27.078  -29.223  14.059 0.6999999881
30882  28.295  -29.462  13.298 0.6999999881
30902  28.625  -29.851  12.739 0.6999999881
31564  28.849  -29.156  12.860 0.6999999881
102167  29.043  -29.525  12.383 0.6999999881
30901  29.362  -29.502  11.802 0.8000000119
30134  29.389  -30.116  10.398 0.8000000119
30920  29.630  -29.349  10.935 0.8000000119
30147  29.282  -30.036  9.513 0.8000000119
30174  28.064  -30.516  7.548 0.8999999762
30943  29.417  -29.306  9.083 0.8000000119
30160  28.982  -29.941  8.621 0.8000000119
88184  26.747  -31.890  4.518 1.0000000000
89569  27.133  -31.068  5.450 1.0000000000
25759  29.331  -35.085  6.573 0.6000000238
29331  26.648  -31.688  3.500 1.0000000000
26664  28.627  -34.354  4.581 0.6999999881
29337  26.734  -31.533  2.510 0.8999999762
29336  26.761  -30.894  3.039 1.0000000000
91277  28.527  -33.731  3.760 0.6999999881
27595  28.374  -33.109  2.881 0.8000000119
31545  27.820  -29.006  13.801 0.6999999881
31529  27.342  -28.453  14.203 0.6999999881
31544  28.552  -28.713  13.437 0.6999999881
31563  29.189  -28.434  12.974 0.6999999881
31582  29.789  -28.105  12.355 0.6999999881
31583  29.706  -28.778  11.661 0.8000000119
30930  29.601  -29.385  9.960 0.8000000119
31597  29.872  -28.714  10.325 0.8000000119
31614  29.749  -28.707  9.510 0.8000000119
30951  28.534  -29.781  7.627 0.8000000119
30186  27.868  -30.122  6.832 0.8999999762
30187  27.455  -30.624  6.106 0.8999999762
95817  28.947  -34.859  5.870 0.6000000238
30967  27.677  -29.780  5.818 0.8999999762
29330  26.837  -31.125  4.354 1.0000000000
26646  29.527  -34.305  6.942 0.6000000238
84286  26.904  -30.410  3.668 0.8999999762
27588  28.564  -32.950  3.802 0.6999999881
28479  27.720  -31.709  2.279 0.8000000119
29341  27.158  -31.244  2.182 0.8999999762
84194  27.026  -30.785  2.399 0.8000000119
31528  28.163  -28.211  13.977 0.6999999881
32259  28.896  -27.932  13.601 0.6999999881
32258  29.588  -27.657  13.150 0.6999999881
97145  30.103  -28.092  11.489 0.6999999881
30950  29.141  -29.150  8.210 0.8000000119
31637  28.928  -28.915  7.308 0.8000000119
26655  28.835  -34.271  5.477 0.6000000238
30966  28.301  -29.269  6.528 0.8000000119
30200  27.256  -30.310  4.835 0.8999999762
26647  29.142  -34.323  6.231 0.6000000238
91189  28.732  -33.357  4.969 0.6999999881
84291  26.948  -30.105  2.829 0.8000000119
29335  28.152  -31.282  2.763 0.6999999881
84281  27.453  -30.431  2.428 0.8000000119
32240  29.301  -27.108  13.779 0.6999999881
32257  30.065  -26.889  13.333 0.6999999881
32276  30.146  -27.354  12.751 0.6999999881
31625  29.598  -28.582  8.705 0.8000000119
31636  29.438  -28.396  7.849 0.8000000119
30977  27.897  -29.095  5.540 0.8999999762
27576  29.019  -33.743  5.876 0.6000000238
30978  27.526  -29.394  4.636 0.8999999762
28462  28.653  -32.330  4.334 0.6999999881
83687  27.139  -29.740  3.560 0.8999999762
29340  27.634  -30.988  2.381 0.8000000119
83688  27.213  -29.444  2.798 0.8000000119
83684  28.031  -30.355  2.498 0.6999999881
83686  27.408  -29.716  2.547 0.8000000119
83685  27.713  -29.616  2.328 0.8000000119
27582  29.125  -33.084  6.045 0.6000000238
99760  28.788  -28.601  6.551 0.8000000119
31643  28.385  -28.548  5.724 0.8999999762
28461  28.965  -32.372  5.449 0.6000000238
31653  27.410  -28.823  3.278 0.8999999762
29329  28.493  -31.620  3.699 0.8000000119
84104  28.465  -30.025  3.294 0.6999999881
100501  27.659  -29.076  2.260 0.8000000119
83689  27.479  -28.875  2.456 0.8000000119
29322  28.800  -31.439  4.803 0.5000000000
30207  28.866  -30.289  4.636 0.6000000238
30199  28.465  -30.828  3.598 0.6999999881
84386  27.798  -28.970  2.113 0.6999999881
84551  27.814  -28.244  2.139 0.8000000119
96219  28.111  -29.431  2.343 0.6000000238
32363  28.417  -27.693  4.723 0.8000000119
31659  27.693  -27.822  3.434 0.8999999762
84250  27.905  -27.212  1.983 0.8000000119
88726  27.577  -27.948  2.465 0.8000000119
31661  28.234  -28.464  2.069 0.6000000238
32362  29.213  -27.224  5.401 0.8000000119
32371  27.970  -27.036  3.436 0.8000000119
30983  28.916  -29.321  3.608 0.6000000238
32372  27.780  -27.128  2.507 0.8000000119
33100  27.931  -27.029  1.957 0.6999999881
98767  28.705  -27.686  2.252 0.6000000238
33101  28.114  -26.879  1.976 0.6000000238
33099  27.937  -26.788  2.066 0.6999999881
31658  29.323  -28.389  3.164 0.6000000238
33089  29.471  -26.314  4.967 0.8000000119
32370  28.534  -26.496  4.037 0.8000000119
30976  29.373  -29.596  5.162 0.6000000238
30975  29.949  -29.116  5.769 0.5000000000
33096  28.010  -26.392  2.696 0.8000000119
31651  29.720  -28.894  4.597 0.6000000238
32376  28.556  -26.944  2.090 0.6000000238
31657  30.206  -28.167  4.066 0.6000000238
31660  29.624  -27.413  2.760 0.6000000238
32375  29.146  -26.494  2.303 0.6000000238
101311  28.776  -25.803  3.990 0.8000000119
88258  30.092  -25.655  5.258 0.8000000119
33088  29.124  -25.386  4.079 0.6999999881
31650  30.326  -28.419  5.344 0.6000000238
96771  28.415  -26.242  2.337 0.6000000238
33843  29.313  -25.288  2.773 0.6000000238
33095  28.616  -25.660  3.134 0.6999999881
32361  30.856  -27.797  4.868 0.5000000000
33098  29.519  -25.899  2.476 0.6000000238
32369  30.614  -27.406  3.693 0.5000000000
32374  30.109  -26.627  2.770 0.6000000238
33827  30.593  -24.849  5.609 0.6999999881
33836  29.704  -24.852  4.441 0.6000000238
33842  29.268  -24.968  3.432 0.6000000238
32368  31.249  -27.144  4.468 0.5000000000
33097  30.667  -25.983  2.898 0.6000000238
34635  29.835  -24.567  3.144 0.6000000238
32373  30.928  -26.785  3.473 0.6000000238
33094  31.467  -26.462  3.969 0.5000000000
33086  31.993  -26.018  4.703 0.4000000060
34634  29.760  -24.369  3.820 0.6000000238
33846  30.206  -25.232  2.737 0.6000000238
33845  30.962  -25.266  2.777 0.6000000238
33093  31.553  -25.728  3.489 0.5000000000
33841  32.258  -25.342  4.217 0.4000000060
85042  30.159  -24.705  2.855 0.6000000238
88472  30.164  -23.805  4.360 0.5000000000
34625  30.138  -24.351  4.698 0.5000000000
34638  30.476  -24.144  2.903 0.5000000000
33844  31.730  -25.002  3.114 0.5000000000
35351  30.533  -23.218  4.932 0.4000000060
34637  30.988  -24.496  2.675 0.6000000238
34636  32.072  -24.273  2.861 0.4000000060
35362  30.617  -23.377  3.053 0.4000000060
34640  31.002  -23.827  2.614 0.4000000060
34633  32.559  -24.652  3.775 0.4000000060
34639  31.646  -23.753  2.564 0.4000000060
35350  31.000  -22.601  5.485 0.4000000060
35358  30.286  -23.225  3.974 0.4000000060
35360  32.464  -23.572  2.696 0.4000000060
35363  32.068  -23.159  2.407 0.4000000060
35361  31.383  -23.281  2.559 0.4000000060
36070  30.673  -22.595  4.465 0.4000000060
36075  31.084  -21.947  3.783 0.4000000060
100547  30.641  -22.726  3.598 0.4000000060
36077  32.684  -22.986  2.526 0.3000000119
36078  31.253  -22.620  2.872 0.4000000060
36069  31.192  -21.914  5.000 0.4000000060
23300  24.916  -38.981  3.607 0.8999999762
23295  25.205  -38.872  4.728 0.8999999762
23282  25.578  -38.969  5.604 0.8999999762
98393  26.925  -35.886  10.466 1.0000000000
86688  27.226  -35.557  11.078 1.0000000000
23248  26.834  -38.193  7.799 0.8999999762
24858  26.298  -36.104  8.925 0.8999999762
25730  26.760  -35.536  9.658 1.0000000000
24087  26.348  -37.998  6.589 0.8999999762
94268  26.511  -36.622  8.197 0.8999999762
24850  26.578  -35.904  9.556 1.0000000000
24880  26.380  -36.306  7.897 0.8999999762
95442  30.126  -23.906  3.496 0.4000000060
86012  26.613  -40.082  14.525 1.0000000000
20773  28.976  -41.328  11.522 0.8000000119
21577  20.174  -40.399  12.906 0.8999999762
23186  25.629  -38.701  15.158 1.0000000000
21612  29.067  -40.754  10.776 0.8000000119
23996  22.881  -37.289  15.875 0.8999999762
23220  28.465  -38.204  11.675 0.8999999762
22437  28.413  -39.660  9.145 0.8000000119
22454  27.175  -39.607  7.714 0.8000000119
23246  28.001  -38.904  8.851 0.8999999762
23281  26.077  -38.575  6.195 0.8999999762
22474  26.031  -39.135  6.287 0.8000000119
24072  26.605  -37.586  7.472 0.8999999762
24817  20.907  -36.279  15.176 0.8999999762
24819  19.285  -36.170  14.394 1.0000000000
25724  18.817  -35.128  10.099 0.6000000238
26640  19.359  -34.589  7.402 0.4000000060
26628  19.259  -34.588  8.607 0.4000000060
99770  26.978  -36.272  10.092 0.8999999762
21676  25.279  -40.077  3.164 0.6999999881
23307  25.864  -38.775  2.280 0.8000000119
26559  22.351  -34.512  15.879 0.8999999762
21667  27.415  -40.444  4.207 0.6000000238
96589  19.973  -33.978  13.800 0.6999999881
27559  19.378  -33.850  8.023 0.4000000060
93777  26.561  -37.146  7.255 0.8999999762
24110  26.142  -37.716  2.967 0.8999999762
91202  28.217  -39.118  4.435 0.6999999881
23305  27.938  -38.275  3.012 0.6999999881
26558  23.132  -34.169  16.181 0.8999999762
24866  26.196  -36.031  8.513 0.8999999762
25750  26.244  -35.761  8.278 0.8999999762
28333  24.538  -32.927  15.811 0.8000000119
25787  26.745  -35.608  2.093 0.8999999762
24919  27.408  -35.981  1.765 0.8000000119
29225  20.596  -31.912  13.138 0.6000000238
29176  23.804  -31.792  15.321 0.8000000119
99706  22.440  -30.945  14.059 0.6000000238
101927  27.412  -31.094  13.886 0.6999999881
29222  27.654  -31.585  13.672 0.6999999881
28416  28.361  -32.730  10.038 1.0000000000
27577  27.078  -34.044  6.562 1.0000000000
26677  26.828  -34.279  2.238 0.8999999762
30087  22.432  -30.384  13.787 0.6000000238
30108  21.106  -30.515  12.899 0.5000000000
29260  28.800  -31.918  10.467 0.8999999762
30887  22.050  -29.782  13.413 0.5000000000
27590  26.681  -33.237  3.508 0.8999999762
30884  24.455  -29.126  13.684 0.5000000000
98014  26.409  -29.324  14.150 0.6999999881
100499  25.078  -28.812  13.877 0.5000000000
31530  26.540  -28.670  14.258 0.6999999881
88009  29.342  -28.928  12.350 0.6999999881
101337  29.940  -28.628  11.021 0.8000000119
30161  28.475  -30.561  8.236 0.8999999762
28471  28.352  -32.214  3.029 0.8000000119
90145  28.826  -26.489  14.319 0.6000000238
31652  27.817  -28.553  4.602 0.8999999762
31662  28.064  -27.432  1.905 0.6999999881
36080  31.814  -22.789  2.457 0.4000000060
23294  25.891  -38.399  5.720 0.8999999762
89921  20.141  -45.888  15.267 0.4000000060
86416  19.818  -44.999  15.063 0.4000000060
17813  18.141  -45.097  13.925 0.4000000060
86575  21.642  -45.201  15.396 0.4000000060
98808  19.627  -44.229  14.651 0.4000000060
18525  17.727  -44.698  13.252 0.4000000060
18510  23.036  -44.543  15.341 0.3000000119
18508  25.221  -44.589  14.883 0.4000000060
98640  25.940  -44.825  14.658 0.4000000060
19256  27.948  -44.028  13.162 0.4000000060
18531  28.135  -44.618  12.580 0.4000000060
18514  19.205  -43.773  14.036 0.5000000000
18532  18.212  -44.082  12.708 0.4000000060
18512  21.294  -44.244  15.256 0.4000000060
18513  20.367  -44.207  15.029 0.4000000060
18509  24.346  -44.400  15.098 0.5000000000
88738  25.924  -43.990  14.848 0.4000000060
18506  27.319  -44.216  13.919 0.4000000060
99172  28.668  -43.654  11.788 0.5000000000
19275  28.766  -43.435  10.351 0.6000000238
19290  28.539  -43.249  9.542 0.5000000000
19307  28.117  -43.401  8.869 0.6000000238
19247  18.944  -43.506  13.036 0.5000000000
19259  18.210  -44.088  11.583 0.5000000000
96057  18.140  -44.129  9.522 0.5000000000
19233  21.931  -43.325  15.003 0.6000000238
19235  20.026  -43.421  14.391 0.6000000238
19232  22.991  -43.572  15.162 0.5000000000
86625  23.527  -42.670  14.715 0.6000000238
87973  24.949  -43.580  14.998 0.5000000000
19230  26.305  -43.224  14.651 0.5000000000
19229  27.067  -43.328  14.252 0.4000000060
19244  28.202  -43.167  12.948 0.6000000238
19255  28.647  -43.057  12.190 0.6000000238
19998  28.948  -42.655  10.560 0.6000000238
20013  28.817  -42.656  9.872 0.6000000238
91839  28.239  -41.874  8.717 0.6000000238
91941  27.701  -41.789  8.075 0.6000000238
20029  28.409  -42.625  9.112 0.6000000238
20030  27.772  -42.630  8.248 0.6000000238
86810  27.131  -42.110  7.342 0.6000000238
19246  19.923  -42.928  13.247 0.5000000000
19258  18.889  -43.525  11.872 0.5000000000
19267  18.937  -43.498  10.708 0.5000000000
101998  21.519  -42.910  14.623 0.6000000238
99279  20.718  -42.687  13.815 0.6000000238
88736  24.386  -42.702  14.791 0.6000000238
19947  22.655  -42.633  14.579 0.6000000238
96694  25.617  -43.201  14.834 0.5000000000
88219  24.846  -42.127  14.524 0.6000000238
19943  27.330  -42.719  14.025 0.6000000238
19960  27.848  -42.376  13.474 0.6000000238
85520  29.035  -42.005  10.256 0.6000000238
20818  26.629  -41.366  6.852 0.6999999881
19266  19.705  -42.936  10.915 0.6000000238
19277  19.051  -43.296  9.714 0.5000000000
19309  18.190  -43.570  8.568 0.5000000000
19948  21.933  -42.562  14.342 0.6000000238
95548  21.404  -42.220  13.224 0.6000000238
99809  20.518  -42.457  12.066 0.6000000238
19293  18.689  -42.936  8.919 0.5000000000
19310  17.925  -43.388  8.144 0.5000000000
19962  22.371  -42.047  13.746 0.6000000238
20734  27.156  -42.020  14.137 0.6000000238
20817  27.301  -41.202  7.660 0.6999999881
89811  21.215  -41.992  11.361 0.6000000238
19988  20.539  -42.363  9.972 0.6000000238
19291  19.502  -42.654  9.490 0.6000000238
19963  21.793  -41.906  13.128 0.6000000238
19987  20.660  -41.996  9.633 0.6000000238
20795  19.749  -41.940  9.426 0.6000000238
20016  18.429  -42.624  9.313 0.6000000238
98269  17.325  -43.121  8.765 0.6000000238
19976  21.277  -41.918  12.415 0.6000000238
18567  15.585  -43.847  8.822 0.5000000000
19961  23.128  -42.051  14.076 0.6000000238
19279  15.306  -42.909  10.153 0.6000000238
85408  26.160  -40.859  6.324 0.6999999881
89980  21.106  -41.867  10.722 0.6000000238
20788  19.342  -41.768  9.847 0.6000000238
20760  21.454  -41.531  12.826 0.6000000238
21601  20.837  -41.534  11.238 0.6000000238
20787  20.264  -41.869  9.599 0.6000000238
20002  17.810  -42.398  10.056 0.6000000238
19278  16.639  -42.857  9.698 0.6000000238
20751  22.161  -41.510  13.358 0.6000000238
20004  15.711  -42.561  10.707 0.6000000238
97573  23.397  -41.571  13.873 0.6000000238
20737  24.591  -41.438  14.328 0.6000000238
21656  25.347  -40.099  5.322 0.6999999881
21574  22.504  -40.803  13.550 0.6000000238
20775  19.920  -41.552  10.390 0.6999999881
20789  18.212  -41.930  10.476 0.6999999881
20749  23.219  -40.931  13.739 0.6000000238
22482  25.118  -39.578  4.928 0.6999999881
21602  20.248  -41.308  11.187 0.6999999881
99754  21.843  -40.767  13.265 0.6999999881
21575  21.281  -40.680  13.013 0.6999999881
21603  19.212  -41.264  11.567 0.6999999881
20777  17.546  -41.623  11.549 0.6999999881
19989  17.068  -42.125  11.083 0.6000000238
20778  16.436  -41.483  11.801 0.6999999881
20764  16.319  -40.716  12.186 0.6000000238
19991  15.145  -42.117  11.227 0.5000000000
22489  24.766  -39.662  3.979 0.8000000119
21576  20.680  -40.060  13.287 0.6999999881
100157  19.535  -40.955  12.145 0.6999999881
21588  18.556  -40.830  12.590 0.6999999881
20763  17.067  -41.019  12.230 0.6999999881
21614  14.230  -40.950  10.407 0.5000000000
21590  16.696  -40.214  12.490 0.6999999881
21604  15.921  -40.043  12.100 0.6000000238
21613  14.818  -40.502  10.960 0.6000000238
31624  29.917  -28.150  9.143 0.6999999881
91903  30.378  -27.418  12.050 0.6000000238
32333  29.888  -27.761  8.418 0.6999999881
31642  29.265  -28.219  6.964 0.6999999881
32353  28.916  -27.962  6.047 0.6999999881
32992  30.647  -26.620  12.728 0.6000000238
32290  30.495  -27.424  11.135 0.6000000238
31613  30.072  -28.100  9.834 0.6999999881
32325  30.208  -27.560  9.255 0.6999999881
32344  29.743  -27.691  7.423 0.6999999881
32352  29.591  -27.599  6.461 0.6999999881
33006  30.796  -26.707  11.716 0.6000000238
33027  30.816  -26.700  10.733 0.6000000238
100402  30.489  -26.948  9.371 0.6999999881
32343  30.139  -27.025  7.808 0.6999999881
32351  30.122  -27.094  6.838 0.6999999881
33078  30.295  -26.465  6.089 0.6999999881
33005  31.139  -25.939  12.304 0.6000000238
88068  31.138  -26.021  11.272 0.5000000000
33047  30.759  -26.550  9.842 0.6000000238
97515  30.720  -26.288  8.971 0.5000000000
33058  30.533  -26.324  8.093 0.6999999881
33815  30.875  -25.712  7.476 0.6999999881
35349  33.574  -23.644  5.162 0.3000000119
34632  33.179  -24.173  4.478 0.3000000119
35357  32.943  -23.965  3.394 0.3000000119
90038  19.269  -45.765  14.940 0.4000000060
17807  17.716  -45.782  14.059 0.3000000119
17199  16.258  -45.756  13.062 0.4000000060
89923  21.954  -46.085  15.332 0.3000000119
17825  16.870  -45.041  13.007 0.4000000060
17805  24.639  -45.279  14.837 0.4000000060
18534  16.786  -44.760  12.170 0.4000000060
17803  26.270  -45.364  14.258 0.4000000060
93109  27.661  -44.907  13.280 0.4000000060
17823  28.206  -45.047  12.066 0.4000000060
19265  28.695  -43.905  11.163 0.5000000000
18574  27.790  -44.213  8.719 0.4000000060
18552  17.390  -44.700  9.956 0.4000000060
20039  27.152  -43.066  7.451 0.5000000000
17872  18.103  -44.327  7.947 0.5000000000
94369  26.391  -42.032  6.508 0.6000000238
18575  18.239  -43.769  7.143 0.5000000000
99259  18.138  -43.640  7.678 0.5000000000
18588  17.413  -43.827  6.364 0.5000000000
20830  25.815  -41.567  5.954 0.6000000238
18576  16.661  -43.905  7.588 0.5000000000
18568  14.282  -43.948  9.133 0.4000000060
21662  25.335  -40.895  5.351 0.6999999881
20005  14.370  -42.673  10.341 0.5000000000
88559  24.836  -40.472  4.377 0.6999999881
20790  14.319  -41.998  10.826 0.5000000000
21670  24.809  -40.359  3.596 0.6999999881
99537  13.622  -40.843  9.534 0.5000000000
22420  14.595  -40.060  10.036 0.6000000238
32973  30.519  -26.225  13.449 0.6000000238
33734  31.429  -25.197  12.734 0.5000000000
33747  31.427  -25.298  11.802 0.5000000000
34554  31.530  -24.627  10.227 0.5000000000
33786  31.043  -25.641  9.038 0.5000000000
33801  30.918  -25.650  8.353 0.5000000000
33814  31.146  -24.999  7.819 0.5000000000
34604  31.079  -24.989  6.831 0.5000000000
36068  33.971  -22.879  5.036 0.3000000119
35356  33.529  -23.462  4.122 0.3000000119
20738  23.888  -41.181  13.980 0.6000000238
19946  23.960  -41.951  14.238 0.6000000238
19945  25.755  -42.453  14.657 0.6000000238
22396  18.080  -40.089  13.162 0.8000000119
22475  25.615  -39.533  5.684 0.6999999881
31596  30.177  -28.070  10.659 0.6999999881
92282  30.737  -25.745  6.395 0.6000000238
21669  25.100  -40.994  3.623 0.6999999881
86574  20.709  -45.097  15.313 0.4000000060
18511  22.255  -44.365  15.337 0.4000000060
86577  23.689  -45.128  15.170 0.3000000119
98511  23.613  -44.233  15.248 0.5000000000
18539  17.436  -44.488  11.412 0.5000000000
18548  28.513  -44.329  10.509 0.3000000119
19308  27.554  -43.579  8.134 0.4000000060
17883  17.089  -45.291  8.452 0.5000000000
100592  15.210  -40.868  11.487 0.6000000238
32309  30.447  -27.349  10.123 0.6999999881
93837  30.311  -26.977  8.658 0.6999999881
33026  31.092  -26.005  10.300 0.5000000000
100208  31.001  -25.971  9.544 0.6000000238
33068  30.517  -26.425  7.158 0.6999999881
33762  31.366  -25.333  10.758 0.5000000000
33785  31.276  -25.320  9.705 0.5000000000
34492  31.546  -24.507  13.209 0.5000000000
34576  31.454  -24.586  9.382 0.5000000000
34603  31.247  -24.257  7.346 0.5000000000
92936  24.823  -41.229  4.343 0.6000000238
92337  24.724  -41.008  3.874 0.6000000238
21661  26.956  -41.174  4.157 0.5000000000
21660  27.958  -41.084  4.912 0.5000000000
21668  26.235  -40.559  3.531 0.6000000238
23237  16.068  -38.160  9.016 0.5000000000
93767  28.864  -41.238  5.743 0.5000000000
21654  29.530  -40.878  6.368 0.5000000000
23249  16.363  -37.911  7.979 0.4000000060
23262  16.095  -38.198  7.035 0.4000000060
24089  16.740  -37.504  5.887 0.4000000060
102329  28.494  -40.743  5.409 0.5000000000
21653  30.271  -41.012  6.756 0.5000000000
21659  28.919  -40.333  5.857 0.5000000000
24073  17.376  -37.195  6.093 0.4000000060
93049  29.885  -40.157  6.744 0.5000000000
24894  17.685  -36.714  5.468 0.4000000060
28417  19.673  -32.284  10.855 0.4000000060
28418  19.260  -32.614  10.042 0.4000000060
90721  19.223  -32.935  9.229 0.4000000060
88669  19.377  -33.115  7.585 0.3000000119
31549  23.011  -28.838  13.349 0.4000000060
30903  22.174  -29.084  13.202 0.4000000060
30109  20.593  -30.892  12.298 0.4000000060
94777  20.122  -31.365  11.493 0.4000000060
31566  22.471  -28.222  12.954 0.4000000060
30126  20.401  -30.503  11.662 0.4000000060
93065  19.262  -31.906  10.175 0.4000000060
30922  20.497  -29.739  11.482 0.4000000060
30135  19.903  -30.379  10.950 0.4000000060
87054  19.078  -32.033  9.318 0.4000000060
28438  19.188  -32.554  8.387 0.4000000060
30904  21.470  -29.632  12.909 0.4000000060
30905  20.917  -30.098  12.186 0.4000000060
100890  23.281  -28.213  13.209 0.4000000060
88046  21.652  -28.667  12.649 0.4000000060
30921  21.082  -29.198  12.080 0.4000000060
31585  20.646  -28.796  11.289 0.4000000060
30136  19.377  -30.546  10.180 0.4000000060
31599  20.260  -28.377  10.502 0.4000000060
31600  19.608  -28.901  9.927 0.4000000060
29273  19.001  -31.279  9.087 0.4000000060
31567  21.869  -27.803  12.375 0.4000000060
31531  25.776  -28.921  14.147 0.5000000000
31546  25.327  -28.145  13.926 0.4000000060
31547  24.610  -28.381  13.613 0.4000000060
32262  23.994  -27.821  13.286 0.4000000060
32278  22.473  -27.464  12.648 0.4000000060
32291  22.131  -26.933  12.180 0.4000000060
31584  21.269  -28.277  11.857 0.4000000060
31598  20.965  -27.863  10.937 0.4000000060
89304  26.009  -28.222  14.288 0.5000000000
32244  25.804  -27.520  14.216 0.5000000000
32260  25.155  -27.308  13.707 0.4000000060
32261  24.517  -27.155  13.293 0.4000000060
32277  23.775  -27.039  12.944 0.4000000060
31565  23.141  -27.586  12.953 0.4000000060
32292  21.524  -27.350  11.560 0.4000000060
32994  23.714  -26.422  12.607 0.4000000060
32995  22.952  -26.760  12.582 0.4000000060
32975  24.964  -26.563  13.353 0.4000000060
32993  24.331  -26.478  12.900 0.4000000060
33007  23.328  -26.073  12.280 0.4000000060
33714  26.233  -25.518  13.824 0.4000000060
34497  25.940  -24.919  12.971 0.4000000060
33735  25.076  -25.300  12.665 0.4000000060
34534  24.721  -24.219  11.740 0.4000000060
32242  27.658  -27.612  14.347 0.5000000000
98179  27.610  -26.056  14.503 0.5000000000
34515  26.102  -24.118  12.351 0.4000000060
34516  25.373  -24.550  12.230 0.4000000060
35266  24.997  -23.518  11.740 0.3000000119
32241  28.505  -27.375  14.133 0.5000000000
101832  25.973  -26.175  14.086 0.5000000000
32974  25.565  -26.703  13.896 0.4000000060
33716  24.807  -25.964  12.932 0.4000000060
34518  23.984  -24.857  11.830 0.4000000060
33715  25.476  -25.847  13.411 0.4000000060
34517  24.667  -24.911  12.152 0.4000000060
33713  27.004  -25.386  14.185 0.5000000000
34496  26.611  -24.913  13.613 0.4000000060
88993  25.511  -23.837  11.942 0.3000000119
33700  29.255  -25.819  14.376 0.5000000000
96946  27.727  -25.285  14.418 0.5000000000
99869  26.668  -24.293  13.097 0.4000000060
35247  26.080  -23.288  12.248 0.4000000060
35989  24.713  -22.814  11.802 0.3000000119
91719  29.126  -25.148  14.468 0.5000000000
32958  29.833  -26.248  13.982 0.5000000000
35231  27.351  -23.730  13.345 0.3000000119
35246  26.681  -23.534  12.685 0.4000000060
35988  25.419  -22.982  12.024 0.3000000119
89856  24.317  -22.011  11.807 0.3000000119
34482  28.297  -24.815  14.417 0.3000000119
33699  29.895  -25.402  14.235 0.4000000060
34480  30.567  -24.837  14.099 0.4000000060
32972  31.066  -25.684  13.189 0.4000000060
35245  27.244  -23.080  12.882 0.3000000119
35973  25.938  -22.358  12.241 0.3000000119
36769  25.181  -22.001  12.036 0.3000000119
37651  23.496  -20.595  11.511 0.3000000119
85818  23.191  -21.231  11.665 0.3000000119
34494  28.285  -23.904  14.028 0.3000000119
36785  24.665  -21.358  11.897 0.3000000119
86647  23.935  -21.251  11.767 0.3000000119
37663  22.989  -20.013  11.135 0.3000000119
96693  28.960  -24.451  14.392 0.3000000119
34481  29.744  -24.631  14.322 0.3000000119
89364  31.162  -24.254  13.896 0.3000000119
100219  31.339  -25.100  13.216 0.4000000060
34514  31.663  -24.545  12.290 0.4000000060
88788  31.788  -23.940  10.680 0.4000000060
33800  31.256  -24.964  8.719 0.4000000060
37652  22.516  -20.816  11.478 0.3000000119
35229  28.934  -23.103  13.818 0.3000000119
35230  27.969  -23.080  13.373 0.3000000119
35219  29.378  -23.866  14.231 0.3000000119
35227  30.945  -23.419  13.928 0.3000000119
35244  31.814  -23.675  12.671 0.4000000060
35969  31.897  -22.817  12.506 0.3000000119
35265  31.838  -23.878  11.696 0.4000000060
88170  31.685  -23.878  9.620 0.4000000060
34592  31.487  -24.128  8.739 0.4000000060
92256  31.334  -24.388  8.107 0.4000000060
35228  29.992  -23.222  13.996 0.3000000119
35243  31.957  -23.224  11.983 0.3000000119
35987  32.111  -22.515  11.630 0.3000000119
35294  31.962  -23.292  10.219 0.4000000060
86834  31.859  -23.177  9.471 0.4000000060
89320  31.403  -22.896  7.440 0.4000000060
34614  31.084  -24.153  6.330 0.4000000060
36763  31.943  -22.043  12.369 0.3000000119
94094  32.330  -21.882  10.962 0.3000000119
36010  32.087  -22.765  9.805 0.4000000060
36031  31.930  -22.572  9.021 0.4000000060
36045  31.580  -22.752  8.159 0.4000000060
35343  31.045  -23.328  5.926 0.3000000119
35344  30.604  -23.950  5.330 0.4000000060
94685  32.169  -21.756  11.721 0.3000000119
36799  32.478  -21.203  10.487 0.3000000119
36030  32.286  -22.049  9.880 0.3000000119
36815  32.165  -21.858  9.003 0.3000000119
36833  31.810  -21.992  8.304 0.3000000119
36842  31.854  -21.318  7.650 0.3000000119
36054  31.546  -22.203  7.506 0.3000000119
36062  31.319  -22.586  6.605 0.3000000119
37662  32.360  -20.436  10.957 0.3000000119
36814  32.401  -21.267  9.487 0.3000000119
36832  32.161  -21.292  8.581 0.3000000119
85742  31.568  -21.717  6.843 0.3000000119
85022  31.422  -21.929  5.981 0.3000000119
36846  31.776  -21.258  6.230 0.3000000119
36852  31.633  -21.396  5.529 0.3000000119
32243  26.677  -27.764  14.396 0.5000000000
20837  24.890  -41.678  4.059 0.5000000000
20842  26.493  -41.836  4.181 0.5000000000
20843  25.428  -41.790  3.962 0.5000000000
20057  29.131  -42.136  5.846 0.5000000000
20834  28.230  -41.885  5.167 0.5000000000
22409  15.608  -39.222  11.459 0.6000000238
22419  15.101  -39.691  10.664 0.6000000238
23228  15.471  -38.953  10.320 0.6000000238
23238  15.483  -38.738  9.232 0.5000000000
22456  14.814  -39.095  7.325 0.5000000000
23250  15.592  -38.576  7.933 0.5000000000
23263  15.365  -38.529  6.521 0.5000000000
23284  15.527  -38.111  5.778 0.4000000060
24097  16.575  -37.313  5.605 0.4000000060
24904  16.737  -36.940  5.440 0.4000000060
24903  17.516  -36.560  5.211 0.4000000060
26649  19.363  -34.515  5.970 0.3000000119
28449  19.360  -32.329  7.264 0.4000000060
30944  19.304  -29.135  8.793 0.4000000060
31615  20.115  -28.033  9.767 0.4000000060
33008  22.529  -26.058  11.897 0.4000000060
32310  20.739  -27.513  10.045 0.4000000060
90479  21.144  -26.841  9.470 0.4000000060
33009  21.766  -26.464  11.341 0.4000000060
33748  23.270  -25.432  11.903 0.4000000060
95051  21.374  -26.164  10.545 0.4000000060
35267  24.283  -23.496  11.585 0.4000000060
92976  23.791  -24.143  11.495 0.4000000060
35990  23.875  -22.704  11.651 0.3000000119
36786  23.479  -21.903  11.694 0.3000000119
36787  22.645  -21.729  11.637 0.3000000119
20829  29.698  -41.595  6.385 0.5000000000
25762  18.955  -35.054  4.514 0.4000000060
31616  19.799  -28.168  9.061 0.4000000060
95276  20.736  -27.370  9.014 0.4000000060
33028  21.950  -25.864  11.170 0.4000000060
25763  18.523  -35.556  5.158 0.4000000060
30885  23.639  -29.385  13.599 0.4000000060
33712  30.594  -25.595  13.820 0.5000000000
31548  23.840  -28.627  13.438 0.4000000060
34533  31.617  -24.611  11.254 0.4000000060
35327  31.418  -23.592  7.933 0.4000000060
86331  25.982  -41.302  3.796 0.6000000238
20835  27.432  -41.694  4.570 0.5000000000
30931  20.006  -29.324  10.790 0.4000000060
98295  19.594  -29.802  10.336 0.4000000060
30932  19.318  -29.856  9.641 0.4000000060
87704  24.747  -27.758  13.560 0.4000000060
87393  21.274  -26.869  10.436 0.4000000060
32960  26.277  -26.863  14.364 0.5000000000
33736  24.164  -25.689  12.376 0.4000000060
91784  28.017  -26.782  14.455 0.5000000000
32959  27.157  -26.872  14.475 0.5000000000
33702  26.691  -26.134  14.351 0.5000000000
33701  28.453  -25.702  14.509 0.5000000000
100222  28.240  -26.260  14.504 0.5000000000
34495  27.368  -24.580  13.922 0.4000000060
35218  30.361  -24.038  14.203 0.3000000119
34493  31.130  -25.006  13.632 0.4000000060
35264  32.002  -23.253  11.156 0.4000000060
35313  31.647  -23.347  8.803 0.4000000060
36009  32.175  -22.638  10.607 0.3000000119
35336  31.244  -23.447  6.952 0.4000000060
36783  32.295  -21.138  11.391 0.3000000119
37701  32.449  -20.591  9.093 0.3000000119
33048  21.181  -26.321  9.574 0.4000000060
100048  13.768  -43.478  9.515 0.4000000060
19297  13.710  -42.891  9.911 0.4000000060
20018  13.115  -42.345  9.760 0.4000000060
21622  12.935  -41.178  9.192 0.3000000119
100038  13.780  -41.579  10.262 0.4000000060
21631  13.280  -40.327  8.655 0.3000000119
20040  26.525  -42.716  6.656 0.5000000000
21621  13.907  -40.028  8.740 0.5000000000
22441  13.685  -39.734  7.854 0.3000000119
20051  25.611  -42.402  5.660 0.5000000000
20836  25.077  -41.750  4.854 0.5000000000
22429  15.026  -39.395  9.605 0.5000000000
22440  14.334  -39.551  8.015 0.4000000060
20060  25.125  -42.461  4.568 0.5000000000
20061  25.301  -42.733  4.346 0.3000000119
20063  26.017  -42.596  4.132 0.3000000119
20059  27.370  -42.456  4.580 0.3000000119
24099  14.959  -37.301  5.180 0.3000000119
20058  28.526  -42.682  5.284 0.4000000060
92141  15.202  -36.963  5.250 0.3000000119
25764  17.935  -35.964  4.805 0.3000000119
90749  19.215  -30.972  7.544 0.3000000119
94591  19.126  -30.089  8.844 0.3000000119
94766  19.226  -29.985  7.613 0.3000000119
31626  19.680  -28.336  8.276 0.3000000119
32326  21.199  -26.496  8.601 0.3000000119
33802  21.087  -26.047  8.923 0.3000000119
33059  21.214  -26.008  8.144 0.3000000119
33816  21.005  -25.956  7.706 0.3000000119
34535  23.135  -24.770  11.524 0.3000000119
33749  22.454  -25.380  11.446 0.3000000119
33763  21.640  -25.701  10.966 0.3000000119
33787  21.054  -26.023  10.096 0.3000000119
33765  20.912  -25.445  10.535 0.3000000119
85360  22.940  -24.097  11.418 0.3000000119
34536  22.133  -24.877  11.288 0.3000000119
96954  21.340  -24.969  11.120 0.3000000119
88882  22.167  -23.939  11.499 0.3000000119
34537  21.462  -24.159  11.443 0.3000000119
34555  20.674  -24.417  11.117 0.3000000119
35268  23.427  -23.392  11.506 0.3000000119
35269  22.560  -23.283  11.528 0.3000000119
35993  21.285  -22.485  11.579 0.3000000119
24895  15.945  -36.788  5.431 0.3000000119
22457  14.102  -39.345  7.060 0.3000000119
23264  14.444  -38.830  6.334 0.3000000119
23285  14.765  -38.248  5.628 0.3000000119
17874  16.186  -45.427  9.644 0.4000000060
89975  16.425  -45.587  7.510 0.4000000060
17892  17.636  -44.930  6.380 0.4000000060
17932  15.924  -44.786  3.962 0.4000000060
18618  15.414  -44.654  3.817 0.3000000119
17905  17.721  -44.286  5.938 0.4000000060
17919  17.087  -44.468  5.275 0.4000000060
18602  16.497  -44.192  5.459 0.4000000060
18564  28.337  -44.086  9.575 0.3000000119
18587  17.998  -43.830  6.484 0.4000000060
87318  14.170  -44.481  7.194 0.3000000119
18578  13.557  -44.301  8.322 0.3000000119
18589  15.793  -44.284  6.778 0.4000000060
19313  12.599  -43.794  8.601 0.3000000119
20031  11.753  -42.472  8.832 0.3000000119
18577  14.785  -44.264  8.194 0.4000000060
19312  13.467  -43.871  9.059 0.3000000119
19298  13.022  -43.113  9.367 0.3000000119
89711  16.405  -45.532  6.044 0.4000000060
17906  17.193  -44.843  5.348 0.4000000060
20806  12.125  -41.635  9.009 0.3000000119
17858  16.636  -45.170  10.207 0.3000000119
20807  11.175  -41.832  8.658 0.3000000119
17806  18.938  -44.796  14.499 0.4000000060
17814  17.473  -45.265  13.557 0.4000000060
17826  16.219  -45.256  12.344 0.4000000060
17840  16.569  -44.949  11.220 0.3000000119
17873  17.362  -44.969  9.213 0.5000000000
17882  18.162  -44.224  6.768 0.4000000060
17920  16.452  -44.744  4.587 0.4000000060
17921  15.734  -45.106  3.827 0.4000000060
17933  15.350  -44.885  3.549 0.4000000060
18507  26.588  -44.614  14.386 0.4000000060
18523  27.023  -45.183  13.858 0.4000000060
18524  18.469  -44.291  13.639 0.4000000060
18530  28.476  -44.391  11.818 0.4000000060
18533  17.467  -44.494  12.436 0.4000000060
18538  28.486  -44.515  11.153 0.3000000119
18550  18.652  -43.475  9.255 0.5000000000
18551  18.351  -44.008  10.328 0.5000000000
18566  17.987  -44.398  8.991 0.5000000000
18601  17.306  -44.126  5.709 0.4000000060
18617  16.370  -44.518  4.715 0.3000000119
19231  23.973  -43.495  15.086 0.5000000000
19234  20.964  -43.262  14.758 0.6000000238
19245  27.645  -43.313  13.636 0.4000000060
19257  19.726  -42.939  12.082 0.5000000000
19276  19.611  -42.919  10.033 0.5000000000
19292  19.067  -42.985  9.208 0.6000000238
19294  17.954  -42.958  8.861 0.6000000238
19295  16.073  -43.308  9.310 0.5000000000
19296  14.648  -43.389  9.718 0.4000000060
19311  17.150  -43.474  8.313 0.5000000000
19944  26.678  -42.571  14.423 0.6000000238
19949  21.347  -42.563  14.126 0.6000000238
19964  20.945  -42.324  12.649 0.6000000238
19975  28.477  -42.357  12.693 0.6999999881
19977  20.609  -42.386  10.995 0.6000000238
19990  16.033  -42.153  11.295 0.6999999881
19999  20.222  -42.005  9.342 0.6000000238
20000  20.160  -42.285  9.497 0.6000000238
20001  18.840  -42.147  9.579 0.6000000238
20003  16.749  -42.520  10.472 0.6000000238
20006  13.702  -42.211  10.257 0.4000000060
20014  19.844  -42.179  9.373 0.6000000238
20015  19.185  -42.451  9.328 0.6000000238
20017  17.547  -42.662  9.594 0.6000000238
20019  12.484  -42.386  9.293 0.3000000119
20750  22.808  -41.550  13.659 0.6000000238
20761  21.064  -41.881  11.636 0.6000000238
20762  18.065  -41.250  12.075 0.6999999881
20774  20.860  -41.752  10.205 0.6000000238
20776  18.726  -41.595  10.966 0.6999999881
20779  15.521  -41.510  11.590 0.5000000000
20780  14.804  -41.359  11.209 0.6000000238
20796  13.265  -41.686  9.838 0.4000000060
20797  12.734  -41.850  9.510 0.4000000060
21586  20.877  -40.990  12.427 0.6999999881
21587  20.218  -40.929  12.155 0.6999999881
21589  17.572  -40.564  12.660 0.8000000119
21605  15.344  -40.176  11.501 0.6000000238
22373  21.593  -39.087  14.417 0.8999999762
22382  21.986  -39.925  13.749 0.8000000119
22385  19.655  -39.721  13.560 0.8999999762
22395  28.692  -38.857  12.031 0.8999999762
22397  17.208  -39.732  12.899 0.8999999762
22430  14.463  -39.713  9.046 0.5000000000
22439  14.948  -39.189  8.491 0.4000000060
23187  23.776  -38.935  15.247 0.8999999762
23200  27.689  -37.942  13.664 1.0000000000
23211  28.358  -38.332  12.464 1.0000000000
23221  16.141  -38.395  11.665 0.6999999881
23227  15.867  -38.281  10.022 0.6999999881
23260  26.885  -38.902  7.489 0.8000000119
23283  16.145  -38.010  6.197 0.4000000060
23995  23.801  -37.465  15.937 0.8999999762
24007  21.465  -37.137  15.293 0.8999999762
24088  17.160  -37.053  5.541 0.4000000060
24090  15.218  -37.735  5.371 0.4000000060
24091  14.279  -37.467  5.235 0.3000000119
24098  15.786  -37.303  5.461 0.4000000060
24802  22.491  -36.452  16.020 0.8999999762
24838  17.583  -36.841  12.638 0.8000000119
24843  17.895  -35.960  10.987 0.6999999881
24844  17.369  -36.561  11.567 0.6999999881
24881  18.742  -36.062  7.094 0.5000000000
24893  18.315  -36.241  5.782 0.4000000060
24896  14.516  -36.882  5.276 0.3000000119
24902  18.014  -36.124  4.894 0.4000000060
25700  19.067  -35.413  13.814 1.0000000000
25725  18.429  -35.534  10.476 0.6999999881
25739  18.844  -35.996  8.474 0.5000000000
25751  19.140  -35.263  6.726 0.4000000060
25766  15.970  -36.279  5.744 0.3000000119
25771  18.473  -35.316  4.740 0.3000000119
25785  28.033  -35.387  1.994 0.8000000119
26575  19.478  -34.812  13.817 0.6999999881
26586  19.540  -34.263  13.179 0.6999999881
26639  26.513  -35.247  8.024 0.8999999762
26680  27.209  -34.540  1.875 0.8000000119
27457  21.879  -33.973  15.464 0.8999999762
27512  19.562  -33.928  12.293 0.6000000238
27599  28.048  -33.367  2.194 0.6999999881
27601  26.958  -33.883  1.963 0.8999999762
28335  22.776  -32.838  15.607 0.8000000119
28359  21.023  -33.058  14.488 0.6999999881
29200  21.737  -31.879  14.232 0.6999999881
29223  21.838  -31.074  13.868 0.6000000238
29243  20.803  -31.259  12.999 0.6000000238
29261  19.553  -31.301  10.600 0.4000000060
29262  19.154  -31.281  9.846 0.4000000060
29288  27.678  -31.927  8.052 1.0000000000
29289  19.069  -31.653  8.174 0.4000000060
30088  21.645  -30.360  13.427 0.5000000000
30149  19.121  -30.642  9.399 0.4000000060
30162  19.040  -30.778  8.499 0.3000000119
32377  28.019  -27.147  1.901 0.6999999881
33079  29.891  -27.038  5.947 0.6999999881
33764  21.393  -25.584  10.899 0.3000000119
35270  21.724  -23.274  11.573 0.3000000119
85412  28.877  -43.023  11.293 0.5000000000
85452  15.731  -40.810  11.884 0.6000000238
86576  22.674  -45.380  15.316 0.3000000119
87734  21.111  -41.942  10.265 0.6000000238
87908  17.572  -44.493  10.513 0.4000000060
88447  26.894  -41.375  14.291 0.8000000119
88589  14.131  -40.288  9.530 0.5000000000
89922  21.059  -45.955  15.392 0.4000000060
90036  26.690  -43.891  14.455 0.4000000060
92517  12.282  -43.004  8.935 0.3000000119
93222  17.039  -38.976  12.957 0.8000000119
93482  16.024  -37.675  5.698 0.4000000060
93891  28.405  -43.835  12.433 0.5000000000
94360  18.469  -45.712  14.509 0.3000000119
94887  21.801  -42.202  13.660 0.6000000238
94890  17.980  -43.531  7.272 0.5000000000
94950  26.848  -34.950  2.084 0.8999999762
95029  25.109  -42.772  14.808 0.6000000238
95524  17.777  -44.950  7.364 0.4000000060
95918  29.338  -35.874  6.538 0.6000000238
97131  25.484  -45.381  14.545 0.4000000060
99209  17.004  -37.304  8.067 0.6000000238
99590  19.473  -33.077  10.572 0.4000000060
100834  26.369  -35.493  8.473 0.8999999762
100995  14.903  -42.503  10.751 0.5000000000
101051  20.781  -32.728  14.020 0.6999999881
101952  13.948  -44.169  8.766 0.3000000119
102084  19.920  -38.488  14.405 0.8999999762
102284  19.294  -33.239  8.493 0.4000000060
102476  27.055  -35.122  9.931 1.0000000000
102537  27.268  -30.244  13.828 0.6999999881
