#!ascii label  , from subject sub-v1s16x0051160_ses-1 vox2ras=TkReg
131
50305  34.718  -5.214  2.789 0.0000000000
47690  27.270  -8.277  3.071 0.0000000000
90663  36.424  -2.180  3.418 0.0000000000
58876  36.407  6.558  3.250 0.0000000000
47692  25.965  -8.773  2.014 0.0000000000
95086  36.622  -0.815  5.287 0.0000000000
55427  36.875  1.281  5.309 0.0000000000
50308  31.243  -4.874  3.091 0.0000000000
49468  30.399  -6.415  3.273 0.0000000000
49466  33.534  -6.816  3.213 0.0000000000
50290  35.863  -4.859  3.713 0.0000000000
48516  34.700  -7.412  2.755 0.0000000000
51745  35.795  -3.861  2.901 0.0000000000
90183  36.575  -3.256  4.624 0.0000000000
84127  36.583  4.531  3.764 0.0000000000
87088  37.566  3.283  5.241 0.0000000000
47682  29.346  -8.059  4.196 0.0000000000
97669  36.341  1.008  4.610 0.0000000000
96805  36.483  1.691  4.753 0.0000000000
50307  32.313  -5.111  3.139 0.0000000000
100390  31.676  -5.608  3.172 0.0000000000
50294  33.528  -5.947  3.186 0.0000000000
47691  26.605  -8.342  2.514 0.0000000000
52523  36.321  -2.895  2.917 0.0000000000
51744  36.149  -3.675  3.123 0.0000000000
52509  36.467  -2.673  4.042 0.0000000000
53898  37.022  -0.227  5.928 0.0000000000
94108  36.993  -0.939  5.959 0.0000000000
58885  36.081  6.710  2.796 0.0000000000
101472  36.220  4.410  3.235 0.0000000000
58251  36.945  5.428  3.880 0.0000000000
58854  38.731  6.156  4.465 0.0000000000
58243  38.291  5.518  4.810 0.0000000000
57598  37.858  4.773  4.938 0.0000000000
57597  38.719  4.801  5.138 0.0000000000
56923  38.158  3.130  5.654 0.0000000000
48518  31.453  -7.461  3.845 0.0000000000
49469  29.767  -6.774  3.493 0.0000000000
46886  24.634  -9.591  1.181 0.0000000000
53219  36.449  -1.647  4.492 0.0000000000
53908  36.383  -0.657  4.376 0.0000000000
54641  37.029  0.539  5.679 0.0000000000
86795  37.441  1.183  6.044 0.0000000000
50310  29.643  -5.519  2.515 0.0000000000
50309  30.419  -5.338  2.753 0.0000000000
49467  31.332  -6.693  3.547 0.0000000000
84443  32.387  -7.094  3.387 0.0000000000
50291  35.427  -5.025  3.235 0.0000000000
49464  34.803  -6.385  3.052 0.0000000000
49463  35.159  -5.893  3.212 0.0000000000
51035  34.452  -4.490  2.579 0.0000000000
51034  35.272  -4.158  2.745 0.0000000000
51015  35.165  -4.865  2.848 0.0000000000
51013  35.906  -4.326  3.343 0.0000000000
51730  36.343  -4.095  3.716 0.0000000000
51720  36.733  -3.816  5.077 0.0000000000
52498  36.607  -2.357  5.277 0.0000000000
56952  36.795  3.865  4.202 0.0000000000
95458  37.372  6.041  4.238 0.0000000000
58244  37.573  5.496  4.560 0.0000000000
56941  37.424  3.979  4.821 0.0000000000
56942  37.008  3.226  4.618 0.0000000000
56207  37.635  2.508  5.636 0.0000000000
49480  27.568  -6.593  2.465 0.0000000000
49478  29.491  -6.231  2.833 0.0000000000
49465  34.503  -6.665  3.015 0.0000000000
48517  33.607  -7.556  2.919 0.0000000000
56222  36.507  2.439  4.512 0.0000000000
50306  33.711  -5.057  2.808 0.0000000000
50293  34.568  -5.827  2.993 0.0000000000
46047  24.206  -10.459  1.436 0.0000000000
54632  37.532  0.372  6.534 0.0000000000
58258  36.095  5.755  2.711 0.0000000000
58252  36.485  5.851  3.405 0.0000000000
57581  39.229  4.123  5.479 0.0000000000
48519  30.481  -7.156  3.891 0.0000000000
48529  26.326  -7.452  1.444 0.0000000000
54654  36.328  0.210  4.441 0.0000000000
54642  36.592  0.611  5.078 0.0000000000
55426  37.343  1.797  5.714 0.0000000000
59561  36.480  7.568  3.051 0.0000000000
49476  32.265  -6.199  3.263 0.0000000000
46883  25.517  -9.418  1.942 0.0000000000
50266  35.652  -5.494  3.857 0.0000000000
51037  32.672  -4.231  2.748 0.0000000000
51014  35.541  -4.445  3.037 0.0000000000
85101  36.426  -3.496  3.686 0.0000000000
98163  36.562  -3.873  4.262 0.0000000000
53209  36.679  -1.461  5.518 0.0000000000
96841  36.722  -3.140  5.490 0.0000000000
56956  36.248  3.650  3.550 0.0000000000
58863  38.293  6.729  4.083 0.0000000000
99702  37.153  2.707  5.018 0.0000000000
56193  38.559  2.550  6.142 0.0000000000
55425  37.911  1.833  6.196 0.0000000000
49485  27.209  -6.173  1.684 0.0000000000
92679  30.199  -5.927  2.775 0.0000000000
50311  28.871  -5.697  2.281 0.0000000000
48520  29.546  -7.345  3.854 0.0000000000
49470  28.998  -6.882  3.314 0.0000000000
48521  28.703  -7.614  3.662 0.0000000000
55437  37.002  2.071  5.162 0.0000000000
46882  26.276  -9.222  2.586 0.0000000000
46866  27.300  -9.882  4.049 0.0000000000
50265  36.274  -5.157  4.412 0.0000000000
51763  35.996  -3.115  2.552 0.0000000000
84780  36.338  5.117  3.260 0.0000000000
56940  38.221  3.967  5.390 0.0000000000
56922  38.858  3.378  5.829 0.0000000000
100888  24.757  -9.083  0.522 0.0000000000
47694  26.111  -8.166  1.702 0.0000000000
48527  26.565  -7.628  2.146 0.0000000000
53227  36.360  -1.356  3.381 0.0000000000
53899  36.616  -0.045  5.169 0.0000000000
49477  31.089  -5.972  2.926 0.0000000000
47681  32.467  -7.958  3.427 0.0000000000
50292  35.052  -5.567  2.926 0.0000000000
48514  34.916  -6.730  3.101 0.0000000000
50991  36.196  -4.550  3.891 0.0000000000
50974  36.570  -4.444  4.529 0.0000000000
84331  36.472  3.147  4.104 0.0000000000
59548  37.060  7.066  3.571 0.0000000000
58864  37.557  6.603  4.025 0.0000000000
58865  36.927  6.282  3.775 0.0000000000
57604  37.194  4.676  4.359 0.0000000000
49481  26.806  -6.909  2.048 0.0000000000
48526  27.213  -7.498  2.735 0.0000000000
49484  28.038  -5.896  2.015 0.0000000000
49479  28.502  -6.385  2.691 0.0000000000
48525  28.109  -7.112  3.099 0.0000000000
86096  34.414  -7.323  2.733 0.0000000000
