#!ascii label  , from subject sub-v1s16x0051182_ses-1 vox2ras=TkReg
2092
33469  26.725  -27.987  43.671 0.5555559993
32658  27.373  -29.349  42.324 0.4444440007
33476  27.423  -28.172  43.280 0.4444440007
31852  27.028  -29.991  42.825 0.5555559993
32645  27.111  -28.934  43.629 0.4444440007
33468  27.072  -28.078  43.724 0.5555559993
33461  26.829  -28.819  43.739 0.5555559993
31876  27.817  -29.715  41.050 0.4444440007
93577  26.876  -29.742  43.309 0.5555559993
34279  26.799  -27.268  43.218 0.4444440007
89816  26.591  -28.614  43.720 0.4444440007
33467  27.669  -27.225  43.630 0.5555559993
34278  27.470  -27.129  43.741 0.5555559993
32657  27.847  -28.664  41.673 0.4444440007
88007  27.028  -31.003  42.483 0.4444440007
32619  26.392  -29.353  43.646 0.5555559993
31122  27.125  -31.925  42.350 0.4444440007
31841  26.633  -30.477  43.426 0.5555559993
30338  27.625  -32.187  41.634 0.2222220004
30337  27.988  -32.949  41.503 0.1111110002
33477  26.100  -27.774  42.440 0.3333329856
90121  25.819  -28.482  42.688 0.3333329856
33470  26.112  -28.778  43.549 0.4444440007
34285  28.362  -26.797  43.069 0.4444440007
34277  27.823  -26.629  43.433 0.4444440007
100732  27.709  -26.538  43.465 0.4444440007
31092  26.297  -30.868  44.022 0.5555559993
31108  26.605  -31.486  43.258 0.4444440007
34284  29.026  -26.379  42.507 0.4444440007
35072  29.317  -25.920  42.506 0.4444440007
35073  28.580  -26.246  42.921 0.4444440007
35074  28.121  -26.179  43.057 0.4444440007
34286  26.362  -27.112  41.983 0.3333329856
34296  29.315  -27.177  41.260 0.3333329856
34297  28.680  -27.170  42.144 0.4444440007
96817  27.547  -26.125  42.617 0.4444440007
34299  25.749  -27.810  41.113 0.3333329856
33484  28.505  -28.027  41.027 0.3333329856
35085  26.774  -26.436  41.641 0.3333329856
34298  26.114  -27.101  40.533 0.3333329856
99978  25.439  -27.969  40.058 0.3333329856
97141  28.270  -29.129  40.491 0.2222220004
29485  27.320  -32.857  42.126 0.1111110002
35071  30.229  -25.661  41.802 0.4444440007
35949  29.801  -25.096  41.506 0.5555559993
35937  29.405  -25.593  42.170 0.4444440007
35083  31.089  -26.126  41.424 0.3333329856
35950  28.838  -25.113  41.610 0.4444440007
34283  29.820  -26.129  41.816 0.3333329856
35938  28.818  -25.797  42.597 0.4444440007
35951  28.113  -25.625  42.133 0.4444440007
33483  29.084  -27.932  40.194 0.2222220004
35084  27.295  -25.815  41.264 0.3333329856
32670  25.161  -28.583  40.563 0.2222220004
96275  30.816  -25.234  41.345 0.4444440007
36828  30.216  -24.721  40.671 0.5555559993
35964  29.298  -24.683  40.573 0.5555559993
35948  31.559  -25.764  41.533 0.3333329856
35965  28.444  -24.756  40.212 0.5555559993
34309  30.612  -27.344  39.935 0.2222220004
34295  30.323  -26.787  40.971 0.2222220004
87118  27.741  -25.086  39.486 0.4444440007
35966  27.860  -25.209  40.796 0.5555559993
34321  29.918  -27.886  38.845 0.1111110002
36827  31.727  -25.291  41.195 0.4444440007
35947  32.487  -25.973  41.436 0.3333329856
35082  32.297  -26.416  41.395 0.3333329856
101586  29.757  -24.452  39.729 0.5555559993
36841  28.932  -24.493  39.492 0.5555559993
103036  32.989  -27.292  40.918 0.3333329856
34293  32.646  -27.150  41.083 0.3333329856
34307  32.650  -27.480  39.866 0.1111110002
34294  31.544  -26.806  40.965 0.2222220004
36854  28.663  -24.532  38.553 0.3333329856
36842  28.286  -24.692  39.207 0.3333329856
34318  32.522  -27.761  38.412 0.1111110002
34319  31.720  -27.558  38.751 0.1111110002
34308  31.662  -27.329  39.947 0.1111110002
34320  30.814  -27.551  38.843 0.1111110002
33504  29.334  -28.599  38.419 0.1111110002
34331  31.062  -27.716  38.069 0.1111110002
33503  30.359  -27.949  38.011 0.1111110002
101130  29.762  -28.302  37.975 0.1111110002
32706  28.690  -29.496  37.404 0.1111110002
102671  31.015  -24.819  40.743 0.5555559993
36840  30.608  -24.481  39.880 0.5555559993
36839  31.564  -24.677  40.055 0.5555559993
36853  29.473  -24.406  38.790 0.5555559993
34292  33.374  -26.913  40.355 0.4444440007
35946  33.116  -25.862  40.994 0.5555559993
36863  30.173  -24.378  38.278 0.6666669846
36864  29.295  -24.436  37.902 0.5555559993
34306  33.619  -27.293  39.538 0.4444440007
104713  33.075  -27.414  40.020 0.4444440007
34291  34.020  -26.693  40.007 0.4444440007
98529  34.222  -28.434  38.377 0.3333329856
33501  33.364  -27.747  38.958 0.3333329856
33502  33.275  -28.192  38.026 0.3333329856
33519  29.280  -28.791  37.505 0.1111110002
35962  32.984  -25.342  40.074 0.6666669846
36838  32.323  -24.859  39.751 0.6666669846
36852  30.918  -24.374  38.988 0.6666669846
35079  33.949  -26.269  39.940 0.5555559993
35961  33.476  -25.857  40.062 0.5555559993
33491  34.298  -27.981  38.989 0.3333329856
34305  34.170  -27.102  39.288 0.4444440007
33513  34.497  -28.901  37.965 0.3333329856
36851  31.776  -24.539  38.907 0.6666669846
36862  31.093  -24.452  37.937 0.7777780294
35960  33.978  -26.115  39.346 0.5555559993
35979  32.622  -24.942  38.838 0.6666669846
35980  31.968  -24.617  38.078 0.7777780294
34304  34.676  -27.477  38.852 0.4444440007
35089  34.292  -26.619  39.167 0.5555559993
35097  34.437  -26.444  38.755 0.5555559993
35994  31.664  -24.795  37.260 0.6666669846
32705  34.878  -29.123  37.715 0.3333329856
33490  34.775  -28.195  38.648 0.3333329856
35096  34.938  -26.945  38.421 0.4444440007
32719  34.964  -29.409  36.697 0.4444440007
32690  35.256  -28.932  38.028 0.4444440007
33500  35.212  -28.356  38.191 0.4444440007
35977  33.952  -25.961  38.369 0.6666669846
101919  33.167  -25.403  38.265 0.6666669846
35993  32.526  -25.085  37.597 0.6666669846
33499  35.942  -28.017  38.045 0.4444440007
34317  35.167  -27.645  38.266 0.4444440007
32718  35.550  -29.441  36.311 0.5555559993
33512  35.834  -28.525  37.996 0.4444440007
32730  36.334  -29.329  35.976 0.5555559993
36012  33.353  -25.618  37.396 0.7777780294
35104  35.443  -26.904  37.765 0.6666669846
35105  34.776  -26.525  38.096 0.6666669846
35106  34.198  -26.133  37.249 0.6666669846
36013  32.747  -25.461  36.763 0.7777780294
34329  35.575  -27.290  37.815 0.5555559993
33511  36.169  -28.480  37.224 0.5555559993
33531  36.897  -28.798  36.738 0.5555559993
96366  37.060  -28.936  36.026 0.5555559993
35118  35.855  -26.887  36.983 0.6666669846
88876  35.341  -26.595  36.149 0.6666669846
35103  35.962  -27.093  37.182 0.6666669846
35119  35.042  -26.601  37.138 0.6666669846
88861  34.463  -26.343  36.197 0.6666669846
34328  36.127  -27.553  37.225 0.5555559993
33510  37.008  -28.088  37.003 0.5555559993
33545  37.438  -28.494  35.642 0.5555559993
33559  38.013  -27.998  35.251 0.5555559993
35133  36.205  -26.682  36.054 0.7777780294
34327  36.686  -27.178  36.731 0.6666669846
35117  36.671  -26.924  36.693 0.6666669846
33530  37.250  -28.248  36.203 0.5555559993
34340  37.341  -27.301  36.348 0.6666669846
104847  35.577  -26.434  35.405 0.7777780294
35116  37.398  -26.804  36.355 0.6666669846
35130  39.392  -26.407  35.262 0.6666669846
34349  38.413  -27.285  35.602 0.5555559993
33529  37.970  -27.881  36.021 0.6666669846
34339  38.376  -27.078  36.295 0.6666669846
34348  39.040  -27.029  35.358 0.6666669846
35149  36.164  -26.248  35.161 0.6666669846
36032  36.856  -25.654  35.060 0.6666669846
36053  35.931  -25.496  34.435 0.6666669846
35131  38.135  -26.432  36.306 0.7777780294
35132  37.137  -26.446  35.898 0.6666669846
36051  40.088  -25.394  35.647 0.7777780294
35115  38.743  -26.494  36.254 0.7777780294
35114  39.188  -26.169  35.952 0.6666669846
90006  38.075  -26.731  36.350 0.6666669846
34338  39.051  -26.858  36.130 0.6666669846
36052  37.358  -24.858  35.131 0.8888890147
95331  38.107  -25.063  35.667 0.8888890147
36874  40.141  -24.815  35.906 0.7777780294
36009  39.957  -25.109  36.117 0.7777780294
36011  38.702  -25.720  36.115 0.8888890147
36031  37.807  -25.746  35.704 0.7777780294
36882  40.254  -24.728  35.303 0.7777780294
36030  39.767  -25.822  35.834 0.7777780294
96478  40.087  -25.149  33.788 0.6666669846
36884  36.924  -23.927  34.773 0.7777780294
37746  37.381  -23.322  35.531 0.8888890147
101527  36.631  -24.811  34.641 0.6666669846
37745  38.327  -23.668  36.012 0.8888890147
36876  37.797  -24.239  35.448 0.8888890147
37744  40.398  -24.159  36.111 0.7777780294
37737  40.137  -24.118  36.665 0.8888890147
36869  39.793  -24.321  36.419 0.7777780294
91768  39.064  -23.951  36.561 0.8888890147
36875  38.664  -24.696  36.031 0.8888890147
36010  39.290  -25.756  36.047 0.8888890147
99787  40.382  -23.445  36.779 0.7777780294
36883  40.251  -24.624  34.323 0.6666669846
36891  40.052  -24.509  33.382 0.6666669846
37747  36.551  -23.020  35.324 0.7777780294
37730  40.037  -23.332  37.416 0.8888890147
104676  39.659  -23.189  37.690 0.8888890147
37738  39.708  -23.629  37.183 0.8888890147
37739  38.771  -23.199  36.848 0.8888890147
38499  36.466  -22.157  36.202 0.8888890147
38486  38.183  -22.353  37.371 0.8888890147
38493  37.253  -21.842  36.940 0.8888890147
37750  40.308  -23.924  35.017 0.6666669846
38498  40.443  -23.222  35.679 0.7777780294
37751  40.068  -23.748  33.962 0.6666669846
38501  35.035  -21.648  35.901 0.6666669846
38485  40.286  -22.592  37.492 0.8888890147
37731  39.732  -22.819  38.128 0.8888890147
37732  39.178  -22.972  37.970 0.8888890147
39176  36.373  -21.151  36.323 0.8888890147
92098  36.528  -21.603  36.495 0.7777780294
39182  35.293  -21.284  35.860 0.6666669846
38478  38.449  -22.073  38.152 0.8888890147
99864  40.598  -22.471  36.309 0.8888890147
38506  40.058  -22.981  34.536 0.7777780294
38477  39.108  -21.977  38.454 0.8888890147
39989  35.820  -20.793  35.779 0.5555559993
39990  34.914  -20.892  35.657 0.6666669846
38479  38.176  -21.259  38.364 0.8888890147
39170  37.795  -21.094  37.810 0.8888890147
93917  36.852  -20.685  36.337 0.7777780294
39174  40.687  -21.601  36.790 0.8888890147
39181  40.550  -21.512  35.614 0.8888890147
98713  40.276  -22.271  35.084 0.7777780294
38476  39.873  -21.962  38.172 0.7777780294
39163  38.416  -21.270  38.523 0.8888890147
40002  36.943  -20.371  34.797 0.5555559993
39169  40.267  -21.385  37.508 0.8888890147
39161  39.922  -20.984  38.154 0.7777780294
39972  38.118  -20.780  38.205 0.8888890147
39980  37.507  -20.816  37.140 0.8888890147
89729  36.616  -20.417  35.784 0.7777780294
40003  35.876  -20.412  35.359 0.5555559993
102743  37.342  -20.368  36.185 0.7777780294
40016  36.181  -20.397  34.121 0.2222220004
95272  40.872  -20.793  36.162 0.8888890147
39189  40.432  -21.517  34.575 0.6666669846
39196  40.328  -21.534  33.655 0.6666669846
39987  40.796  -20.835  35.078 0.7777780294
39162  39.211  -21.228  38.487 0.7777780294
39963  38.442  -20.700  38.444 0.7777780294
40015  37.316  -20.451  33.660 0.3333329856
40029  37.534  -20.513  32.678 0.2222220004
39970  40.443  -20.634  37.648 0.8888890147
39962  39.458  -20.464  38.236 0.7777780294
40807  38.792  -19.912  37.744 0.7777780294
39979  37.780  -20.437  36.877 0.6666669846
39988  37.650  -20.250  35.322 0.7777780294
39978  40.732  -20.678  37.175 0.8888890147
39977  41.373  -20.267  35.708 0.8888890147
39986  41.344  -20.341  34.575 0.7777780294
40013  40.734  -20.932  33.190 0.6666669846
40012  41.379  -20.402  32.654 0.6666669846
40864  42.169  -19.855  32.145 0.5555559993
40001  37.957  -20.271  34.221 0.2222220004
40014  38.131  -20.311  33.221 0.2222220004
39960  40.714  -19.487  38.159 0.8888890147
40806  39.522  -19.313  37.899 0.7777780294
40830  39.244  -19.393  36.554 0.7777780294
93412  41.402  -20.035  37.128 0.8888890147
99505  41.002  -19.236  38.145 0.8888890147
100271  39.939  -18.749  37.944 0.8888890147
40820  39.381  -19.285  37.574 0.7777780294
40819  41.938  -19.537  36.368 0.8888890147
40829  41.973  -19.746  35.124 0.7777780294
40840  42.114  -19.782  33.941 0.7777780294
40026  41.418  -20.431  31.723 0.4444440007
40851  42.702  -19.447  32.983 0.6666669846
40056  41.394  -20.462  30.114 0.2222220004
40887  41.866  -20.122  30.560 0.3333329856
40068  41.352  -20.368  29.339 0.2222220004
40902  41.873  -19.824  29.037 0.2222220004
40079  41.249  -20.231  28.504 0.2222220004
89500  41.734  -19.609  28.103 0.2222220004
40917  41.332  -19.084  26.107 0.2222220004
40854  38.739  -19.951  33.715 0.3333329856
40028  38.396  -20.122  31.959 0.2222220004
103806  38.795  -19.770  32.133 0.2222220004
40841  39.249  -19.461  35.364 0.6666669846
102656  38.133  -20.322  32.451 0.2222220004
41611  41.019  -18.670  37.356 0.8888890147
41630  39.877  -18.801  36.043 0.7777780294
91193  42.508  -19.093  35.638 0.8888890147
40839  42.626  -19.262  34.613 0.7777780294
40862  43.463  -19.108  32.590 0.6666669846
40875  43.409  -19.218  31.792 0.5555559993
40876  42.721  -19.598  31.461 0.5555559993
40886  42.420  -19.743  30.709 0.3333329856
102025  42.514  -19.469  29.535 0.3333329856
41689  43.046  -18.985  29.125 0.3333329856
92483  42.379  -19.275  28.664 0.2222220004
40909  41.638  -19.261  27.071 0.2222220004
90028  39.233  -19.395  32.347 0.4444440007
40865  39.342  -19.534  33.279 0.3333329856
40853  39.362  -19.539  34.248 0.4444440007
40866  38.719  -19.935  32.722 0.2222220004
41618  42.695  -18.103  36.122 0.8888890147
42370  41.315  -18.030  37.043 0.7777780294
42378  41.130  -17.752  36.616 0.7777780294
41629  40.564  -18.249  35.703 0.6666669846
42375  43.370  -17.603  36.029 0.8888890147
40817  43.045  -18.523  35.983 0.8888890147
41617  43.455  -18.143  36.021 0.8888890147
41627  43.619  -18.354  35.509 0.8888890147
40838  43.310  -18.873  34.269 0.7777780294
41626  44.043  -18.195  34.955 0.8888890147
40837  43.770  -18.470  34.572 0.8888890147
40850  43.416  -19.009  33.385 0.7777780294
40894  43.190  -19.177  29.967 0.3333329856
41652  39.921  -19.007  33.757 0.4444440007
98089  39.717  -19.015  32.938 0.4444440007
42377  41.781  -17.715  36.338 0.7777780294
41651  40.322  -18.403  33.038 0.4444440007
41662  39.748  -18.723  32.260 0.5555559993
43220  42.487  -17.057  35.999 0.8888890147
41616  43.948  -17.822  35.722 0.8888890147
41639  44.344  -18.264  34.259 0.8888890147
40861  44.022  -18.759  33.031 0.6666669846
90024  44.609  -18.502  31.946 0.6666669846
101686  44.701  -18.431  30.353 0.5555559993
41677  45.257  -18.107  30.681 0.5555559993
42434  45.862  -17.810  30.108 0.5555559993
40874  44.009  -18.818  32.266 0.6666669846
41670  43.960  -18.875  31.421 0.5555559993
41628  41.215  -17.721  35.388 0.7777780294
42398  41.233  -17.706  34.385 0.6666669846
99735  40.637  -18.334  34.334 0.5555559993
43219  43.213  -16.926  36.026 0.8888890147
41625  44.498  -17.870  34.789 0.8888890147
42385  44.919  -17.285  34.547 0.7777780294
41659  45.218  -18.135  32.349 0.7777780294
41658  45.964  -17.707  32.016 0.7777780294
41660  44.555  -18.492  32.700 0.7777780294
41669  45.285  -18.102  31.588 0.5555559993
42443  46.510  -17.664  29.497 0.5555559993
42452  48.072  -17.011  29.365 0.4444440007
42409  40.975  -17.736  33.515 0.5555559993
42397  41.780  -17.296  34.931 0.6666669846
41661  40.142  -18.013  32.037 0.5555559993
43230  43.054  -16.638  35.610 0.8888890147
42396  42.463  -16.914  35.434 0.7777780294
42374  43.773  -17.035  35.895 0.8888890147
43229  43.492  -16.533  35.387 0.8888890147
42386  44.329  -17.181  35.130 0.8888890147
43227  44.711  -16.450  34.773 0.8888890147
96389  45.125  -17.858  33.190 0.7777780294
41648  45.767  -17.703  32.605 0.7777780294
42424  46.754  -17.392  31.731 0.7777780294
101813  46.858  -17.374  31.057 0.7777780294
42432  47.486  -17.217  30.673 0.6666669846
42442  47.364  -17.335  29.819 0.5555559993
43278  48.562  -16.511  29.703 0.6666669846
43238  42.356  -16.827  34.437 0.5555559993
43237  43.020  -16.457  34.920 0.8888890147
43228  44.094  -16.428  35.222 0.8888890147
44071  43.480  -16.252  34.992 0.8888890147
44069  44.412  -16.064  34.796 0.8888890147
42407  45.049  -17.446  33.651 0.7777780294
98248  45.454  -17.260  33.088 0.7777780294
42406  46.491  -17.030  32.879 0.7777780294
43251  47.651  -16.312  32.481 0.7777780294
42423  47.974  -16.556  31.774 0.6666669846
43258  48.245  -16.182  31.317 0.6666669846
44112  48.111  -15.706  31.394 0.7777780294
43266  48.286  -16.435  30.487 0.7777780294
44111  48.141  -15.752  30.553 0.7777780294
44127  48.840  -15.638  29.695 0.8888890147
43277  49.162  -16.085  29.188 0.7777780294
44080  43.362  -16.030  34.428 0.8888890147
44070  43.976  -16.039  34.924 0.8888890147
44078  44.307  -15.878  34.356 0.8888890147
43236  45.000  -16.619  33.767 0.7777780294
43244  45.799  -16.382  33.034 0.7777780294
44087  45.140  -15.777  33.240 0.8888890147
42405  47.079  -16.801  32.628 0.7777780294
43243  46.934  -15.914  32.958 0.7777780294
44099  47.794  -15.146  32.772 0.8888890147
45112  47.182  -14.612  32.535 0.8888890147
44098  47.898  -14.927  32.012 0.7777780294
101647  46.988  -15.046  33.004 0.8888890147
44079  43.812  -15.866  34.230 0.8888890147
44088  44.182  -15.596  33.474 0.8888890147
92873  44.563  -15.668  33.420 0.8888890147
45096  45.489  -15.092  32.758 0.8888890147
44086  46.110  -15.390  33.000 0.7777780294
44085  46.532  -14.714  33.051 0.8888890147
45113  46.266  -14.618  32.464 0.7777780294
45131  47.302  -14.601  31.743 0.7777780294
44089  43.747  -15.537  33.321 0.6666669846
45098  44.070  -15.269  32.668 0.7777780294
45097  44.726  -15.303  32.757 0.8888890147
45134  45.057  -15.144  32.111 0.6666669846
45114  45.435  -15.003  32.373 0.8888890147
45133  45.978  -14.778  32.139 0.6666669846
93226  25.590  -29.568  43.383 0.4444440007
32620  26.023  -29.516  43.873 0.4444440007
33478  25.487  -28.425  41.534 0.2222220004
34312  25.677  -27.507  39.366 0.2222220004
32659  25.109  -29.130  41.685 0.2222220004
33462  26.007  -29.024  43.480 0.4444440007
32634  26.303  -29.142  43.688 0.4444440007
33475  28.088  -27.613  42.632 0.4444440007
102623  26.315  -30.023  44.009 0.5555559993
30349  28.346  -32.902  40.755 0.1111110002
102573  25.487  -29.158  42.705 0.4444440007
35066  27.129  -26.683  42.983 0.4444440007
35091  26.671  -26.315  40.501 0.3333329856
103644  25.094  -28.830  41.089 0.2222220004
35081  33.014  -26.765  41.395 0.3333329856
34330  31.709  -27.773  37.712 0.1111110002
102918  30.178  -24.393  39.083 0.6666669846
35963  32.462  -25.294  40.782 0.4444440007
35080  33.380  -26.209  40.412 0.5555559993
98937  34.767  -28.655  38.383 0.3333329856
35978  33.375  -25.587  39.182 0.6666669846
32704  35.510  -29.107  37.224 0.5555559993
32703  36.098  -29.159  36.715 0.5555559993
88753  35.326  -26.186  34.753 0.6666669846
37740  37.732  -22.694  36.437 0.8888890147
36870  39.331  -24.980  36.106 0.8888890147
103723  35.640  -21.788  36.047 0.7777780294
38487  37.813  -21.573  37.728 0.8888890147
39175  37.265  -21.344  36.940 0.8888890147
39190  40.064  -22.212  34.093 0.7777780294
38507  39.827  -22.893  33.579 0.6666669846
39971  38.204  -20.378  37.702 0.8888890147
102414  36.824  -20.585  33.051 0.2222220004
40000  40.763  -20.896  34.098 0.7777780294
40789  39.936  -19.648  38.030 0.8888890147
39969  40.971  -19.733  38.123 0.8888890147
40821  38.609  -19.920  37.213 0.7777780294
40831  38.368  -20.012  36.046 0.6666669846
39999  41.332  -20.395  33.589 0.7777780294
40852  41.961  -19.983  33.049 0.6666669846
40842  38.587  -19.917  34.766 0.3333329856
40804  41.450  -19.141  37.225 0.8888890147
41612  40.497  -18.482  37.160 0.7777780294
41620  39.897  -18.739  37.150 0.7777780294
91041  42.849  -19.280  33.810 0.7777780294
40041  41.405  -20.492  30.869 0.3333329856
40863  42.949  -19.457  32.167 0.5555559993
40877  42.017  -20.022  31.214 0.3333329856
40057  40.819  -20.969  30.426 0.3333329856
40080  40.775  -20.833  28.777 0.2222220004
40069  40.816  -20.947  29.581 0.2222220004
40895  42.011  -19.928  29.950 0.2222220004
40901  42.271  -18.991  27.762 0.2222220004
40926  40.713  -19.506  25.685 0.2222220004
40818  42.191  -18.685  36.380 0.8888890147
41619  40.402  -18.279  36.638 0.7777780294
99622  43.063  -18.760  35.088 0.8888890147
99852  42.661  -19.538  30.226 0.3333329856
40885  43.204  -19.318  30.859 0.4444440007
41640  39.942  -18.912  34.861 0.5555559993
41610  41.814  -18.014  37.007 0.7777780294
42376  42.530  -17.591  36.092 0.8888890147
40849  43.891  -18.602  33.788 0.8888890147
41679  43.975  -18.804  30.425 0.4444440007
42387  41.795  -17.319  35.895 0.7777780294
41650  44.464  -18.413  33.464 0.8888890147
41678  44.624  -18.502  31.094 0.5555559993
41687  45.181  -18.185  29.859 0.4444440007
42444  45.723  -17.941  29.300 0.4444440007
41688  43.773  -18.761  29.466 0.3333329856
41638  44.891  -18.058  33.941 0.7777780294
41649  44.993  -18.227  33.009 0.7777780294
42415  46.586  -17.274  32.321 0.7777780294
42425  46.042  -17.637  31.075 0.7777780294
42433  46.681  -17.512  30.355 0.6666669846
92236  47.161  -17.459  28.814 0.4444440007
44077  44.643  -15.991  34.293 0.7777780294
91635  47.343  -17.039  32.111 0.7777780294
92630  47.483  -17.130  31.435 0.6666669846
42431  48.045  -16.788  31.050 0.6666669846
42441  47.934  -17.005  30.146 0.6666669846
43265  48.749  -16.049  29.784 0.7777780294
92039  48.751  -16.591  28.884 0.6666669846
43250  48.114  -15.652  32.014 0.7777780294
45130  47.425  -15.482  30.576 0.7777780294
43257  48.283  -16.034  30.544 0.7777780294
45129  47.922  -15.634  29.838 0.8888890147
45153  46.978  -15.407  30.581 0.8888890147
32635  25.856  -29.611  43.877 0.4444440007
32621  25.872  -29.883  44.092 0.4444440007
31109  26.237  -31.511  44.011 0.4444440007
25090  7.917  -38.564  46.995 0.1111110002
24276  8.306  -39.213  46.475 0.1111110002
25095  9.589  -38.902  46.707 0.1111110002
24272  8.358  -38.860  47.102 0.1111110002
25091  7.110  -38.070  46.352 0.1111110002
25902  9.866  -38.106  44.354 0.1111110002
26708  12.900  -35.785  48.935 0.1111110002
25094  10.217  -38.429  46.534 0.1111110002
25088  9.300  -38.511  47.211 0.1111110002
25110  10.173  -38.252  45.139 0.1111110002
25103  9.702  -38.714  45.790 0.1111110002
25871  8.831  -37.865  47.793 0.1111110002
25901  10.637  -37.667  44.681 0.1111110002
25111  9.539  -38.603  45.023 0.1111110002
26760  11.240  -36.639  43.652 0.1111110002
101940  10.525  -37.321  43.845 0.1111110002
26767  11.730  -35.900  42.763 0.1111110002
26761  10.747  -36.719  43.151 0.1111110002
35995  30.080  -24.486  37.270 0.5555559993
91770  12.797  -34.150  50.202 0.2222220004
27634  13.153  -35.146  49.252 0.1111110002
26715  12.425  -36.251  48.544 0.1111110002
25087  10.140  -38.396  47.432 0.1111110002
25084  9.282  -38.096  47.841 0.1111110002
25102  10.343  -38.281  45.793 0.1111110002
25089  8.635  -38.200  47.365 0.1111110002
26718  8.906  -37.358  47.585 0.1111110002
29416  13.158  -33.540  50.066 0.3333329856
25900  11.292  -37.226  45.057 0.1111110002
26734  8.807  -36.308  46.332 0.1111110002
26725  8.508  -37.127  46.792 0.1111110002
26759  11.924  -35.991  43.398 0.1111110002
93914  11.326  -36.316  43.085 0.1111110002
101254  29.072  -24.595  37.073 0.3333329856
35996  28.428  -24.667  37.685 0.3333329856
36017  28.230  -24.791  36.860 0.2222220004
35997  27.670  -25.039  37.409 0.2222220004
35998  26.963  -25.504  37.038 0.2222220004
28573  12.116  -34.456  50.147 0.2222220004
26709  12.072  -36.123  49.472 0.1111110002
26723  12.709  -36.185  47.596 0.1111110002
25875  11.314  -37.439  47.611 0.1111110002
25081  10.764  -37.924  47.935 0.1111110002
25086  10.771  -38.006  47.102 0.1111110002
25083  9.867  -37.835  48.393 0.1111110002
25870  9.382  -37.530  48.065 0.1111110002
26717  9.510  -36.908  48.032 0.1111110002
93217  12.874  -33.047  50.295 0.3333329856
25883  10.800  -37.938  46.225 0.1111110002
99229  9.442  -36.088  46.942 0.1111110002
26724  9.149  -36.674  47.225 0.1111110002
30269  12.678  -32.088  50.178 0.3333329856
31050  13.123  -31.140  50.059 0.3333329856
25882  11.365  -37.444  46.693 0.1111110002
25893  11.337  -37.350  45.837 0.1111110002
87237  12.705  -36.240  45.885 0.1111110002
25892  11.987  -36.814  46.265 0.1111110002
26743  11.968  -36.720  45.469 0.1111110002
26752  12.630  -35.861  44.320 0.1111110002
87136  11.858  -36.350  44.035 0.1111110002
105288  12.298  -35.920  43.834 0.1111110002
27678  12.767  -35.668  43.581 0.1111110002
27688  12.558  -35.608  42.708 0.1111110002
91664  30.919  -24.653  37.012 0.4444440007
31848  19.841  -29.910  42.510 0.2222220004
36016  28.853  -24.675  36.301 0.2222220004
31857  20.620  -30.311  42.433 0.2222220004
36018  27.484  -25.034  36.591 0.2222220004
26710  11.366  -36.223  49.501 0.1111110002
26711  10.774  -36.277  49.409 0.1111110002
27637  10.178  -35.666  49.337 0.1111110002
31051  13.022  -31.357  50.336 0.3333329856
30270  11.985  -32.853  50.195 0.3333329856
25868  11.206  -37.433  48.608 0.1111110002
25869  10.631  -37.783  48.948 0.1111110002
25866  9.923  -37.094  48.807 0.1111110002
27642  9.743  -36.170  47.854 0.1111110002
31782  12.751  -29.538  51.068 0.3333329856
26753  11.920  -36.534  44.719 0.1111110002
32636  20.099  -29.841  44.061 0.2222220004
99758  18.753  -29.578  43.085 0.2222220004
93347  32.124  -25.178  36.750 0.6666669846
87296  19.486  -29.703  43.372 0.3333329856
87205  20.140  -30.164  41.650 0.2222220004
31868  20.799  -30.420  40.998 0.2222220004
35121  26.309  -25.719  36.364 0.1111110002
104739  12.108  -35.198  50.220 0.2222220004
28575  10.810  -34.723  50.108 0.2222220004
27636  10.335  -35.290  49.956 0.1111110002
27641  10.346  -35.373  49.138 0.1111110002
28581  10.703  -34.780  48.549 0.1111110002
26706  10.992  -35.872  50.122 0.1111110002
26707  10.722  -35.451  49.382 0.1111110002
91947  9.914  -36.267  48.678 0.1111110002
102673  10.012  -35.859  48.783 0.1111110002
31049  12.155  -30.965  51.059 0.3333329856
31788  12.555  -29.292  50.250 0.3333329856
31794  12.414  -29.782  49.010 0.3333329856
102992  12.825  -29.523  48.345 0.3333329856
31075  12.368  -30.660  45.904 0.1111110002
98226  12.719  -29.996  45.772 0.1111110002
31825  13.074  -29.701  45.295 0.1111110002
36015  30.372  -24.796  36.393 0.4444440007
31836  13.376  -29.635  44.356 0.1111110002
103740  29.600  -24.646  36.537 0.4444440007
100951  14.571  -28.866  43.772 0.1111110002
32639  14.231  -29.076  42.936 0.1111110002
32647  19.089  -29.701  42.504 0.2222220004
35120  33.439  -25.924  36.255 0.6666669846
32660  19.419  -29.868  41.924 0.2222220004
87697  16.191  -29.098  41.999 0.1111110002
31869  19.374  -29.970  41.229 0.1111110002
35122  25.792  -26.312  36.479 0.1111110002
92704  25.714  -26.887  37.260 0.1111110002
31881  20.664  -30.446  40.343 0.1111110002
34341  25.311  -27.075  36.520 0.1111110002
34342  24.709  -27.646  36.484 0.1111110002
31880  21.380  -30.543  40.422 0.1111110002
33538  24.332  -28.244  36.842 0.1111110002
33539  23.685  -28.785  36.409 0.1111110002
31894  21.985  -30.574  39.965 0.1111110002
93211  21.939  -30.535  39.268 0.1111110002
29423  10.955  -34.037  49.760 0.2222220004
29427  11.012  -34.017  48.856 0.1111110002
30274  11.563  -32.727  50.286 0.2222220004
94096  11.532  -32.599  48.306 0.2222220004
29426  11.281  -33.339  48.729 0.1111110002
103908  11.672  -31.859  48.775 0.1111110002
31067  11.849  -31.424  47.133 0.1111110002
31066  12.269  -30.533  46.785 0.1111110002
31076  11.939  -31.465  46.120 0.1111110002
31837  12.797  -30.412  44.451 0.1111110002
31826  12.571  -30.611  45.163 0.1111110002
98033  27.317  -24.915  35.968 0.2222220004
32640  13.853  -29.278  43.634 0.1111110002
36019  26.843  -25.242  36.179 0.1111110002
32638  15.018  -28.805  43.087 0.1111110002
34332  24.975  -27.584  37.135 0.1111110002
87699  15.905  -28.939  42.935 0.1111110002
87698  17.061  -29.387  42.080 0.1111110002
33521  24.637  -28.278  37.745 0.1111110002
33522  23.881  -28.983  37.322 0.1111110002
32708  23.746  -29.490  38.013 0.1111110002
32661  18.717  -29.713  41.711 0.1111110002
32662  17.792  -29.523  41.730 0.1111110002
98612  23.361  -29.585  37.454 0.1111110002
31870  18.764  -29.846  40.955 0.1111110002
87479  20.034  -30.245  40.757 0.1111110002
32672  18.240  -29.663  41.116 0.1111110002
32709  22.803  -29.925  37.167 0.1111110002
88518  21.065  -30.532  39.576 0.1111110002
32723  23.247  -29.423  36.766 0.1111110002
31906  22.377  -30.426  38.584 0.1111110002
30284  11.591  -32.508  47.327 0.1111110002
29434  11.302  -33.318  47.675 0.1111110002
31088  12.106  -31.425  45.221 0.1111110002
31849  13.180  -30.081  43.315 0.1111110002
36033  32.328  -25.573  35.935 0.4444440007
90251  27.999  -24.757  36.125 0.2222220004
34350  25.331  -26.540  35.978 0.1111110002
87700  16.805  -29.254  42.759 0.1111110002
31918  23.097  -30.060  38.034 0.1111110002
31919  22.341  -30.338  37.653 0.1111110002
30289  11.610  -32.388  46.386 0.1111110002
36014  31.353  -25.110  36.326 0.5555559993
35152  32.839  -26.111  34.261 0.4444440007
36055  32.199  -25.826  34.872 0.3333329856
36035  30.651  -25.164  35.616 0.4444440007
36038  27.693  -24.763  35.435 0.2222220004
88198  29.651  -24.843  35.726 0.4444440007
36037  28.627  -24.748  35.523 0.3333329856
36039  26.792  -24.961  35.435 0.1111110002
32649  17.596  -29.443  42.565 0.1111110002
36036  29.293  -24.927  34.875 0.2222220004
88882  28.332  -24.752  34.669 0.2222220004
87689  30.181  -25.188  34.944 0.3333329856
36059  27.324  -24.689  34.725 0.1111110002
36060  26.451  -24.759  34.618 0.1111110002
89684  29.105  -24.942  34.185 0.2222220004
36061  25.628  -24.934  34.429 0.1111110002
36075  28.557  -24.799  33.752 0.1111110002
88388  27.817  -24.638  34.067 0.2222220004
36076  27.052  -24.538  33.938 0.1111110002
36077  26.145  -24.518  33.824 0.1111110002
31905  23.112  -30.206  38.851 0.1111110002
36091  28.796  -24.819  32.942 0.1111110002
36894  27.857  -24.650  33.158 0.1111110002
36078  25.305  -24.670  33.650 0.1111110002
36909  28.584  -24.732  32.052 0.1111110002
36910  27.465  -24.588  32.154 0.1111110002
36925  27.097  -24.539  31.227 0.1111110002
31102  12.327  -31.236  44.413 0.1111110002
32650  15.340  -28.854  42.234 0.1111110002
30301  11.629  -32.348  45.342 0.1111110002
103972  15.558  -28.963  41.698 0.1111110002
32651  14.584  -28.966  42.197 0.1111110002
32663  16.871  -29.404  41.329 0.1111110002
32673  17.582  -29.573  40.814 0.1111110002
35163  33.319  -25.919  33.705 0.4444440007
35136  33.034  -26.106  35.160 0.5555559993
35137  26.292  -25.369  35.773 0.1111110002
36071  33.854  -25.376  33.431 0.3333329856
36034  31.480  -25.476  35.381 0.5555559993
36040  25.977  -25.201  35.167 0.1111110002
100127  30.894  -25.439  34.953 0.4444440007
35138  25.668  -25.816  35.721 0.1111110002
31882  19.232  -30.142  40.323 0.1111110002
36057  30.716  -25.458  34.271 0.4444440007
36074  29.505  -25.031  33.355 0.2222220004
100103  21.807  -30.508  38.068 0.1111110002
88517  20.107  -30.397  39.966 0.1111110002
36090  29.446  -24.839  32.362 0.1111110002
91585  28.076  -24.594  31.182 0.1111110002
32707  24.236  -28.995  38.028 0.1111110002
31883  18.273  -29.814  40.316 0.1111110002
36903  33.682  -23.446  33.184 0.2222220004
36904  33.136  -23.854  32.708 0.1111110002
36056  31.470  -25.660  34.498 0.3333329856
36072  31.366  -25.614  33.599 0.3333329856
31907  21.500  -30.534  38.704 0.1111110002
99671  20.229  -30.485  39.286 0.1111110002
35139  24.887  -26.464  35.310 0.1111110002
36073  30.503  -25.350  33.421 0.2222220004
36893  33.789  -24.521  33.085 0.1111110002
31895  19.501  -30.377  39.430 0.1111110002
37766  32.792  -22.810  33.150 0.2222220004
31908  20.670  -30.528  38.705 0.1111110002
37760  33.162  -22.413  33.986 0.3333329856
89908  32.179  -25.899  33.859 0.2222220004
36089  30.280  -25.010  32.567 0.1111110002
91337  29.364  -24.625  31.660 0.1111110002
36908  30.056  -24.613  31.759 0.1111110002
36924  28.947  -24.468  31.131 0.1111110002
32664  15.831  -29.169  40.985 0.1111110002
103392  32.751  -25.996  33.740 0.3333329856
38514  32.302  -21.719  34.007 0.3333329856
98195  32.690  -25.645  33.261 0.2222220004
102974  31.962  -25.619  33.149 0.3333329856
36088  31.289  -25.231  32.707 0.1111110002
102642  33.354  -25.318  33.215 0.3333329856
39205  32.001  -20.863  33.798 0.2222220004
38515  31.881  -21.169  33.744 0.2222220004
38521  31.980  -22.035  33.217 0.2222220004
40032  33.405  -20.369  32.853 0.1111110002
40033  32.444  -20.571  33.094 0.1111110002
36086  33.007  -24.815  32.807 0.1111110002
40046  35.040  -20.602  31.828 0.1111110002
40047  34.083  -20.488  31.891 0.1111110002
37767  32.321  -23.184  32.572 0.1111110002
37768  31.550  -22.296  32.577 0.1111110002
36087  32.214  -25.129  32.643 0.2222220004
40019  32.675  -20.684  33.831 0.1111110002
92555  34.355  -20.419  32.522 0.1111110002
39206  31.763  -20.868  33.219 0.1111110002
40061  35.724  -20.675  31.156 0.1111110002
39215  32.221  -20.505  32.284 0.1111110002
40060  36.476  -20.660  30.593 0.1111110002
40048  33.164  -20.431  32.243 0.1111110002
88311  32.669  -20.513  31.220 0.1111110002
88650  36.804  -20.500  29.856 0.1111110002
39226  35.506  -20.714  30.332 0.1111110002
39225  36.057  -20.671  29.768 0.1111110002
39214  33.504  -20.534  31.327 0.1111110002
40059  37.357  -20.468  30.512 0.1111110002
39227  34.640  -20.733  30.065 0.1111110002
40070  37.479  -20.200  29.823 0.1111110002
40058  37.945  -20.124  30.396 0.1111110002
89944  38.125  -19.589  29.821 0.1111110002
39239  35.293  -20.720  29.554 0.1111110002
41681  38.776  -18.996  30.324 0.2222220004
41690  39.070  -18.149  30.036 0.3333329856
44101  42.749  -15.229  32.143 0.5555559993
44118  41.823  -15.344  31.376 0.5555559993
42427  40.539  -17.123  31.498 0.4444440007
41671  39.882  -17.812  31.239 0.4444440007
43259  41.197  -16.040  31.180 0.4444440007
104074  35.768  -20.621  29.144 0.1111110002
41680  39.360  -18.486  30.899 0.3333329856
42435  40.475  -16.494  30.638 0.4444440007
42436  39.595  -17.629  30.493 0.4444440007
44100  43.564  -15.139  32.050 0.5555559993
90992  41.664  -15.888  31.835 0.4444440007
45135  44.326  -15.169  32.182 0.6666669846
44115  45.348  -15.158  31.718 0.6666669846
44145  49.396  -15.523  29.358 0.7777780294
43288  49.348  -16.198  28.218 0.7777780294
43287  49.775  -15.775  27.959 0.6666669846
43316  49.980  -16.388  26.497 0.6666669846
40896  37.432  -19.806  29.153 0.1111110002
101949  36.988  -20.254  29.308 0.1111110002
104664  40.056  -17.179  30.821 0.4444440007
43267  41.609  -15.389  30.658 0.5555559993
105476  42.924  -15.106  31.571 0.5555559993
44117  42.288  -15.125  31.528 0.5555559993
44116  44.343  -15.162  31.748 0.6666669846
45132  46.739  -14.471  32.043 0.7777780294
43276  49.675  -15.645  28.777 0.7777780294
46132  47.175  -12.059  23.775 0.6666669846
45243  47.522  -12.992  23.988 0.6666669846
46123  48.459  -12.054  24.345 0.6666669846
45218  49.064  -12.216  25.048 0.6666669846
45217  49.423  -13.636  25.801 0.6666669846
45216  50.255  -14.586  26.084 0.5555559993
46133  46.580  -12.897  23.475 0.5555559993
43332  50.554  -16.496  25.509 0.5555559993
98716  50.350  -16.082  26.149 0.5555559993
46134  46.227  -13.131  23.323 0.6666669846
46139  46.126  -13.262  22.781 0.5555559993
46149  45.324  -13.501  21.851 0.6666669846
46150  44.669  -13.516  21.297 0.3333329856
47909  46.083  -11.502  21.016 0.4444440007
46965  45.693  -12.166  21.068 0.5555559993
46966  45.004  -12.144  20.831 0.3333329856
46158  45.333  -13.093  21.049 0.6666669846
46159  44.292  -13.165  20.648 0.5555559993
45287  43.829  -14.030  20.986 0.3333329856
41691  38.517  -18.683  29.509 0.1111110002
40903  37.879  -19.084  28.987 0.1111110002
44134  40.950  -15.742  30.285 0.5555559993
91944  43.537  -15.133  31.241 0.5555559993
44114  46.329  -14.816  31.708 0.6666669846
44113  46.843  -14.798  31.516 0.7777780294
44126  49.562  -14.983  29.439 0.7777780294
88271  46.933  -12.351  23.738 0.6666669846
94903  48.229  -11.534  24.287 0.6666669846
45208  49.817  -13.138  26.535 0.6666669846
45207  50.306  -13.927  26.875 0.6666669846
43300  50.271  -15.555  26.674 0.5555559993
45195  50.377  -13.995  27.408 0.7777780294
96914  50.347  -14.942  27.172 0.6666669846
43315  50.112  -15.977  26.768 0.6666669846
46141  45.601  -13.551  22.625 0.5555559993
45274  44.733  -13.956  22.349 0.3333329856
47896  45.970  -10.689  21.108 0.3333329856
47897  45.512  -11.476  20.964 0.2222220004
45275  44.299  -14.027  21.758 0.3333329856
98313  43.342  -14.327  21.645 0.2222220004
97559  48.959  -9.458  19.528 0.3333329856
48735  44.708  -10.446  20.596 0.2222220004
46975  43.888  -12.349  20.124 0.4444440007
46167  43.485  -13.196  19.873 0.3333329856
45296  43.267  -13.901  20.179 0.1111110002
45288  42.736  -14.417  20.769 0.1111110002
100724  41.258  -14.945  20.532 0.1111110002
98631  42.429  -12.873  18.859 0.1111110002
45307  42.108  -14.229  19.147 0.1111110002
46177  42.009  -13.589  18.715 0.1111110002
40905  36.750  -19.540  28.001 0.1111110002
44130  45.690  -15.394  30.858 0.6666669846
89115  47.339  -15.210  29.636 0.7777780294
87524  47.625  -11.695  24.064 0.6666669846
46116  48.225  -11.446  24.672 0.7777780294
87158  48.759  -11.409  25.534 0.7777780294
96655  49.376  -11.588  25.839 0.7777780294
46105  50.202  -12.902  27.180 0.7777780294
44144  50.006  -14.935  29.059 0.7777780294
87564  46.674  -12.591  24.242 0.5555559993
46106  49.849  -12.024  26.503 0.7777780294
44162  50.295  -14.601  27.765 0.7777780294
46125  46.003  -13.140  23.838 0.4444440007
46126  45.375  -13.683  23.417 0.3333329856
45261  44.621  -14.096  23.005 0.3333329856
45245  44.509  -14.131  23.660 0.3333329856
48733  46.458  -9.661  21.066 0.3333329856
104082  42.980  -14.439  22.181 0.1111110002
45263  42.483  -14.463  22.700 0.1111110002
48743  48.964  -8.242  20.175 0.3333329856
49581  47.256  -8.190  20.898 0.3333329856
48734  45.572  -9.551  20.866 0.2222220004
104682  43.714  -10.734  19.990 0.4444440007
98768  43.251  -11.496  19.583 0.2222220004
46976  43.068  -12.603  19.390 0.1111110002
45276  42.474  -14.501  21.790 0.1111110002
45277  41.712  -14.702  21.224 0.1111110002
45264  41.649  -14.534  22.256 0.1111110002
88381  41.019  -14.661  21.848 0.1111110002
48745  44.534  -9.198  20.197 0.4444440007
48746  43.731  -9.882  19.790 0.4444440007
46985  42.455  -11.899  18.925 0.1111110002
47919  47.998  -11.067  18.252 0.3333329856
48758  42.621  -10.148  18.592 0.1111110002
47910  42.482  -10.912  18.886 0.1111110002
44133  41.992  -15.073  30.995 0.5555559993
40904  37.274  -19.375  28.437 0.1111110002
46108  47.768  -11.883  25.627 0.7777780294
46098  47.315  -13.043  26.580 0.7777780294
45151  49.191  -14.694  29.544 0.7777780294
45152  48.218  -14.838  29.527 0.7777780294
46117  47.243  -12.060  24.850 0.7777780294
46097  48.295  -12.212  26.612 0.7777780294
46096  49.027  -12.312  27.231 0.7777780294
45165  50.173  -14.184  28.937 0.7777780294
46107  49.231  -11.694  26.446 0.7777780294
46940  49.661  -11.890  26.620 0.7777780294
46934  49.683  -12.076  27.284 0.7777780294
46928  50.074  -12.728  27.892 0.7777780294
46076  49.992  -13.710  28.837 0.7777780294
45181  50.245  -14.347  28.440 0.7777780294
45231  44.954  -13.903  24.113 0.3333329856
45246  43.754  -14.359  23.458 0.2222220004
45224  40.958  -14.712  25.206 0.2222220004
45232  43.878  -14.316  24.224 0.1111110002
97532  43.114  -14.410  23.909 0.1111110002
45233  42.950  -14.432  24.530 0.1111110002
45234  41.516  -14.546  24.662 0.2222220004
105223  42.289  -14.446  23.336 0.1111110002
45248  41.615  -14.467  23.230 0.1111110002
49582  46.256  -8.693  20.979 0.2222220004
48742  49.611  -8.473  19.690 0.3333329856
51226  48.222  -6.652  20.523 0.2222220004
50444  45.697  -7.843  19.993 0.3333329856
49592  43.929  -9.192  19.461 0.3333329856
48756  49.116  -9.356  18.675 0.3333329856
48757  43.170  -9.644  19.042 0.2222220004
47918  49.067  -10.343  17.333 0.3333329856
49604  43.628  -9.301  18.671 0.2222220004
92577  43.035  -9.688  18.337 0.2222220004
42446  39.330  -17.271  29.742 0.4444440007
43269  39.872  -16.835  30.188 0.3333329856
44132  42.638  -15.098  30.859 0.5555559993
44131  44.526  -15.352  30.825 0.6666669846
44128  46.736  -15.446  30.228 0.7777780294
45209  46.617  -13.288  26.085 0.7777780294
46088  48.388  -13.153  27.781 0.7777780294
45166  48.559  -13.779  28.686 0.7777780294
93569  48.460  -14.310  29.207 0.7777780294
46118  46.130  -13.418  25.278 0.5555559993
46087  49.360  -12.825  28.096 0.7777780294
46078  49.248  -13.573  28.848 0.7777780294
46070  49.108  -14.042  29.290 0.7777780294
46086  49.707  -13.064  28.431 0.7777780294
46077  49.631  -13.601  28.841 0.7777780294
45219  45.532  -13.644  24.664 0.4444440007
89640  44.934  -14.135  25.660 0.4444440007
45220  44.442  -14.179  24.871 0.4444440007
99936  42.236  -14.518  24.809 0.2222220004
100592  41.323  -14.436  23.990 0.2222220004
49599  49.731  -8.083  19.843 0.3333329856
50443  46.877  -6.928  20.182 0.3333329856
49603  44.377  -8.819  19.200 0.3333329856
49591  44.749  -8.592  19.790 0.2222220004
47933  48.519  -11.037  16.874 0.3333329856
47009  46.645  -11.963  16.893 0.3333329856
47010  45.516  -13.008  16.803 0.3333329856
47023  45.743  -13.014  15.795 0.3333329856
48769  43.621  -9.697  17.711 0.1111110002
48781  43.230  -10.394  16.886 0.1111110002
47022  46.902  -12.298  15.450 0.3333329856
100032  46.212  -15.038  28.480 0.7777780294
45168  46.887  -14.927  28.880 0.7777780294
44146  46.688  -15.383  29.745 0.7777780294
44129  46.467  -15.342  30.784 0.7777780294
100702  45.655  -13.960  26.142 0.6666669846
45197  46.642  -13.954  27.122 0.7777780294
45183  46.779  -14.415  28.023 0.7777780294
45167  47.570  -14.781  29.252 0.7777780294
45198  45.792  -14.223  26.881 0.7777780294
45212  42.412  -14.878  26.202 0.4444440007
87754  42.344  -15.273  26.949 0.4444440007
93312  43.535  -14.389  24.996 0.2222220004
103611  43.348  -14.495  25.502 0.2222220004
45222  42.770  -14.556  25.380 0.3333329856
45223  41.747  -14.741  25.534 0.4444440007
49601  46.896  -8.415  18.574 0.3333329856
49602  45.253  -8.491  18.847 0.2222220004
48765  48.989  -9.944  17.137 0.3333329856
49615  44.498  -9.190  18.261 0.2222220004
49614  45.949  -9.203  17.785 0.2222220004
89713  46.713  -12.149  16.070 0.3333329856
48768  45.052  -9.738  17.264 0.2222220004
48780  44.395  -10.299  16.717 0.1111110002
43268  40.318  -16.125  29.879 0.4444440007
44164  45.288  -15.393  28.578 0.7777780294
44148  45.322  -15.552  29.846 0.7777780294
93075  45.928  -15.533  29.962 0.6666669846
44180  45.148  -14.900  27.489 0.7777780294
101744  43.526  -15.433  27.493 0.6666669846
44181  43.878  -15.580  28.090 0.5555559993
44167  42.972  -15.647  28.091 0.4444440007
88489  42.408  -15.555  29.046 0.5555559993
45199  44.256  -15.089  27.250 0.6666669846
44182  42.960  -15.426  27.261 0.4444440007
87818  42.439  -15.505  27.573 0.3333329856
87735  44.941  -14.476  26.656 0.6666669846
45210  44.109  -14.651  26.353 0.4444440007
44191  43.495  -15.087  26.847 0.4444440007
44207  41.521  -15.090  26.580 0.4444440007
45211  43.253  -14.681  26.085 0.4444440007
48766  48.685  -10.036  16.425 0.3333329856
49613  47.880  -9.419  17.435 0.3333329856
47942  48.276  -11.111  16.147 0.3333329856
95065  45.649  -10.229  16.512 0.3333329856
44151  41.407  -15.417  29.811 0.5555559993
92825  43.469  -15.283  30.290 0.5555559993
44165  44.327  -15.581  28.668 0.5555559993
101772  44.379  -15.559  29.587 0.5555559993
104397  44.599  -15.348  27.987 0.6666669846
48767  46.940  -9.865  16.727 0.2222220004
97110  48.170  -9.427  14.177 0.2222220004
44149  42.605  -15.267  29.935 0.5555559993
92516  41.987  -15.184  30.363 0.5555559993
44166  43.441  -15.596  29.115 0.4444440007
49632  47.582  -9.828  14.584 0.2222220004
29418  11.767  -33.806  50.133 0.3333329856
98399  11.833  -32.104  51.048 0.3333329856
26733  12.740  -36.282  46.693 0.1111110002
25881  11.965  -36.804  47.128 0.1111110002
32578  11.969  -29.700  50.900 0.3333329856
28574  11.682  -34.512  50.138 0.2222220004
31789  11.925  -30.120  49.965 0.3333329856
25867  11.832  -36.750  48.035 0.1111110002
26716  11.684  -36.737  49.015 0.1111110002
29419  11.183  -33.986  49.930 0.3333329856
30271  11.326  -33.431  49.948 0.3333329856
87263  12.650  -36.064  45.123 0.1111110002
31814  12.725  -29.810  46.484 0.1111110002
32587  13.048  -29.210  49.253 0.3333329856
97295  11.401  -32.114  50.895 0.2222220004
105374  11.911  -31.098  47.825 0.2222220004
90037  13.700  -29.615  42.866 0.1111110002
91843  47.744  -11.398  15.823 0.3333329856
47957  48.133  -11.103  15.616 0.3333329856
47932  49.036  -10.467  16.484 0.3333329856
48778  48.310  -10.614  16.127 0.3333329856
48779  46.982  -10.268  16.167 0.1111110002
24271  8.889  -39.038  46.804 0.1111110002
25876  8.335  -37.894  47.385 0.1111110002
27635  12.485  -35.520  49.550 0.1111110002
90461  9.850  -38.213  47.864 0.1111110002
25894  10.755  -37.827  45.427 0.1111110002
25907  11.199  -36.960  44.344 0.1111110002
27631  12.634  -34.769  50.127 0.1111110002
28577  13.269  -34.369  49.393 0.2222220004
29417  12.503  -33.622  50.258 0.3333329856
25082  10.264  -38.098  48.389 0.1111110002
25080  10.173  -37.811  49.058 0.1111110002
31053  13.605  -31.520  49.827 0.3333329856
27668  13.561  -35.696  44.021 0.1111110002
93670  10.995  -36.979  48.958 0.1111110002
25865  10.461  -37.155  48.989 0.1111110002
26712  10.210  -36.237  49.172 0.1111110002
32576  13.252  -29.131  50.937 0.3333329856
96821  11.535  -35.057  50.177 0.1111110002
26705  11.491  -35.702  50.179 0.1111110002
27632  10.874  -35.425  50.164 0.1111110002
28578  10.590  -34.722  49.723 0.1111110002
88766  12.105  -31.007  51.004 0.3333329856
31804  12.799  -29.624  47.448 0.1111110002
103830  12.243  -30.355  47.826 0.3333329856
29422  11.061  -33.390  49.878 0.1111110002
30277  11.333  -32.511  49.648 0.2222220004
31054  11.599  -31.361  49.790 0.2222220004
31060  11.775  -31.782  47.947 0.1111110002
31795  11.906  -30.879  48.648 0.3333329856
36058  29.884  -25.194  34.182 0.2222220004
35153  25.231  -25.573  34.910 0.1111110002
43302  49.795  -16.073  27.307 0.6666669846
46124  47.870  -11.683  23.947 0.6666669846
46114  49.492  -11.899  25.713 0.7777780294
101092  50.662  -15.396  25.178 0.5555559993
46140  45.772  -13.331  22.167 0.5555559993
46069  49.600  -14.020  29.254 0.7777780294
46115  48.885  -11.451  24.921 0.7777780294
45206  50.417  -14.923  26.610 0.5555559993
46094  50.271  -13.039  27.743 0.7777780294
46095  49.995  -12.303  27.341 0.7777780294
43301  50.087  -15.480  27.357 0.6666669846
47898  44.331  -11.451  20.403 0.4444440007
49590  50.019  -7.854  19.987 0.3333329856
46168  42.727  -13.616  19.344 0.1111110002
45297  42.416  -14.360  19.804 0.1111110002
45289  41.853  -14.748  20.230 0.1111110002
45180  50.386  -13.786  28.046 0.7777780294
45262  43.640  -14.351  22.556 0.2222220004
49583  45.508  -8.490  20.412 0.2222220004
45247  42.891  -14.432  23.341 0.1111110002
51234  47.532  -6.771  20.534 0.2222220004
90606  40.704  -14.610  22.676 0.2222220004
48747  43.062  -10.419  19.330 0.2222220004
46986  41.569  -12.265  18.392 0.1111110002
91886  42.229  -14.416  23.974 0.1111110002
50453  49.047  -6.916  19.698 0.3333329856
45196  47.474  -13.563  27.424 0.7777780294
45182  47.643  -14.149  28.388 0.7777780294
49600  48.795  -8.359  18.595 0.3333329856
45184  45.975  -14.696  27.733 0.6666669846
44147  46.100  -15.400  29.231 0.7777780294
44192  42.891  -15.088  26.664 0.4444440007
45221  43.921  -14.418  25.562 0.3333329856
99217  42.039  -15.594  28.182 0.4444440007
97977  48.331  -10.095  16.228 0.3333329856
44150  41.960  -15.368  29.700 0.5555559993
94391  48.415  -11.029  15.933 0.3333329856
33515  32.484  -28.028  37.414 0.1111110002
104574  33.123  -28.395  37.270 0.2222220004
89791  32.721  -28.299  36.616 0.1111110002
33516  31.705  -27.961  36.666 0.1111110002
33550  31.375  -28.043  35.679 0.1111110002
33514  33.826  -28.698  37.624 0.2222220004
32720  34.306  -29.185  37.033 0.2222220004
93779  33.482  -28.770  36.752 0.2222220004
33533  33.165  -28.705  35.940 0.2222220004
33548  32.914  -28.628  35.276 0.1111110002
33534  32.356  -28.250  35.823 0.1111110002
33532  33.879  -29.202  36.040 0.2222220004
32733  34.234  -29.490  35.287 0.1111110002
33547  33.542  -29.113  35.253 0.2222220004
33549  32.190  -28.302  34.911 0.1111110002
98355  35.091  -29.630  35.965 0.3333329856
32732  34.866  -29.651  35.372 0.3333329856
91466  34.568  -29.506  36.041 0.3333329856
32748  34.560  -29.606  34.639 0.2222220004
32749  33.848  -29.400  34.533 0.2222220004
33562  35.725  -29.366  34.239 0.3333329856
32747  35.245  -29.621  34.811 0.3333329856
32766  34.942  -29.600  34.012 0.2222220004
32731  35.494  -29.592  35.574 0.3333329856
33582  34.601  -29.329  33.136 0.2222220004
33605  34.575  -28.997  32.429 0.2222220004
32746  36.055  -29.473  35.055 0.3333329856
33546  36.852  -29.040  35.345 0.4444440007
33581  35.447  -29.169  33.454 0.2222220004
33561  36.560  -28.980  34.507 0.3333329856
33580  36.276  -28.793  33.730 0.3333329856
33579  37.124  -28.365  34.004 0.4444440007
33560  37.338  -28.492  34.837 0.4444440007
100300  40.210  -25.495  34.679 0.6666669846
36068  39.871  -25.701  33.768 0.6666669846
34365  36.866  -28.124  33.273 0.3333329856
33603  36.020  -28.526  33.000 0.2222220004
36085  39.249  -25.914  32.281 0.4444440007
34374  36.599  -27.808  32.563 0.2222220004
101467  38.742  -26.181  31.891 0.3333329856
34357  37.915  -27.919  34.324 0.4444440007
102590  40.033  -25.954  35.296 0.6666669846
34364  37.745  -27.765  33.515 0.4444440007
34363  38.618  -27.346  33.830 0.5555559993
34356  38.607  -27.488  34.769 0.5555559993
93553  39.712  -26.252  34.334 0.5555559993
94080  39.225  -26.771  33.794 0.5555559993
99480  38.895  -26.872  33.252 0.5555559993
35169  37.995  -27.019  32.481 0.4444440007
35160  39.412  -26.241  33.232 0.4444440007
35176  38.077  -26.565  31.975 0.3333329856
38500  35.766  -22.238  35.686 0.6666669846
40027  40.745  -20.969  32.282 0.5555559993
39183  34.381  -21.280  35.903 0.5555559993
103195  35.359  -20.610  35.523 0.4444440007
39991  34.085  -20.839  35.586 0.3333329856
44090  43.326  -15.728  33.593 0.6666669846
42408  41.674  -17.274  33.904 0.4444440007
91532  42.875  -16.207  33.955 0.5555559993
40888  38.957  -19.182  31.018 0.2222220004
43246  42.169  -16.582  33.433 0.5555559993
42417  40.764  -17.514  32.524 0.3333329856
42416  41.484  -17.076  32.975 0.3333329856
42426  41.254  -16.665  32.090 0.3333329856
43245  42.656  -15.729  32.882 0.3333329856
43252  41.889  -16.213  32.543 0.3333329856
42453  46.228  -17.800  28.700 0.4444440007
88293  41.568  -15.479  29.035 0.4444440007
44183  41.757  -15.386  27.436 0.2222220004
98020  48.886  -16.686  27.293 0.4444440007
43317  49.343  -16.693  26.632 0.5555559993
43318  48.383  -16.931  26.722 0.4444440007
48787  46.641  -10.476  15.601 0.1111110002
90189  46.728  -10.444  15.248 0.1111110002
48800  47.191  -10.083  14.859 0.1111110002
95287  47.278  -9.490  13.751 0.1111110002
58796  47.472  2.902  4.013 0.1111110002
88017  47.015  2.143  4.217 0.1111110002
91581  38.720  -26.605  32.561 0.4444440007
34387  36.288  -27.488  31.827 0.2222220004
34388  35.425  -27.827  31.604 0.2222220004
35161  38.315  -27.247  33.029 0.4444440007
34373  37.499  -27.535  32.807 0.2222220004
35148  39.211  -26.981  34.515 0.5555559993
40030  36.030  -20.543  32.924 0.1111110002
40878  39.300  -18.982  31.618 0.3333329856
96556  43.327  -15.345  32.752 0.4444440007
44102  42.125  -15.398  32.048 0.3333329856
43303  49.418  -16.412  27.329 0.4444440007
35170  37.249  -27.095  32.084 0.3333329856
40017  35.013  -20.336  33.869 0.1111110002
43289  48.843  -16.674  28.004 0.4444440007
95129  19.369  -30.419  46.729 0.2222220004
31072  19.084  -30.742  46.862 0.3333329856
31084  19.286  -31.488  45.779 0.3333329856
31071  19.725  -30.369  46.353 0.2222220004
97040  19.738  -31.201  46.077 0.2222220004
31098  18.336  -31.511  44.796 0.2222220004
31113  17.378  -31.623  43.801 0.2222220004
100583  20.301  -30.227  46.109 0.2222220004
31083  20.372  -31.020  45.957 0.2222220004
31082  20.919  -31.175  45.938 0.2222220004
30298  20.750  -31.785  45.710 0.1111110002
30311  20.148  -32.007  45.515 0.1111110002
31097  19.343  -32.071  44.666 0.2222220004
30297  21.527  -32.479  45.024 0.2222220004
30310  20.829  -32.222  45.109 0.2222220004
91304  20.328  -32.401  44.312 0.1111110002
29475  21.045  -32.838  43.675 0.1111110002
30309  21.648  -33.069  44.392 0.1111110002
31821  18.527  -30.227  47.580 0.3333329856
31085  18.384  -31.012  46.252 0.3333329856
31809  19.134  -29.988  47.967 0.3333329856
31799  19.928  -29.720  46.797 0.2222220004
95402  21.405  -31.909  45.093 0.2222220004
29459  22.297  -33.093  45.072 0.2222220004
30295  22.721  -32.940  45.074 0.2222220004
91587  22.128  -33.469  44.041 0.2222220004
32608  18.673  -30.069  47.760 0.3333329856
90467  18.772  -29.845  48.206 0.3333329856
32596  19.089  -29.807  48.038 0.3333329856
31822  17.552  -30.615  46.959 0.3333329856
31800  19.471  -29.833  47.263 0.3333329856
31820  20.636  -30.351  45.766 0.1111110002
31819  21.102  -30.886  45.403 0.2222220004
32606  20.167  -29.822  46.420 0.2222220004
98438  21.351  -31.378  45.070 0.2222220004
31081  22.132  -31.785  45.022 0.2222220004
101605  22.831  -32.590  45.011 0.1111110002
30296  22.430  -32.582  44.994 0.2222220004
30307  24.123  -32.590  44.073 0.2222220004
29456  24.686  -33.015  44.061 0.2222220004
90550  23.756  -33.122  44.057 0.2222220004
31810  17.563  -29.801  48.139 0.3333329856
92506  19.268  -29.636  47.461 0.2222220004
32595  19.525  -29.657  47.145 0.3333329856
88869  18.884  -29.351  46.632 0.2222220004
32607  19.625  -29.542  46.473 0.2222220004
32622  20.213  -29.873  45.243 0.2222220004
91313  19.555  -29.655  44.359 0.2222220004
99958  20.997  -30.484  45.038 0.1111110002
31833  20.812  -30.271  44.151 0.2222220004
31096  22.465  -31.736  44.633 0.1111110002
103109  21.261  -30.631  44.441 0.1111110002
30294  23.371  -32.224  44.305 0.1111110002
30306  25.208  -32.386  44.069 0.2222220004
29470  25.754  -33.170  43.213 0.2222220004
95793  27.841  -31.644  41.145 0.3333329856
32597  17.588  -29.571  48.101 0.3333329856
32598  16.544  -29.039  47.916 0.3333329856
88220  17.959  -29.250  46.919 0.2222220004
31111  23.305  -31.833  44.116 0.1111110002
31845  22.476  -31.335  43.832 0.1111110002
31095  24.481  -31.928  43.834 0.2222220004
30305  25.845  -31.861  44.075 0.4444440007
30318  26.277  -32.111  43.514 0.4444440007
29469  26.322  -32.812  43.099 0.3333329856
31864  27.498  -30.599  41.518 0.3333329856
31131  27.402  -31.481  41.784 0.3333329856
32609  16.774  -29.012  46.828 0.2222220004
99423  16.223  -28.906  47.048 0.3333329856
31110  24.361  -31.582  43.562 0.2222220004
31844  23.475  -31.486  43.334 0.2222220004
31854  23.510  -31.138  42.568 0.3333329856
31832  25.163  -31.160  43.699 0.3333329856
31094  25.493  -31.293  43.936 0.3333329856
31093  25.992  -31.210  44.068 0.3333329856
35981  27.851  -24.940  38.400 0.2222220004
91737  37.500  -26.506  31.543 0.2222220004
31123  24.345  -31.201  43.041 0.3333329856
31843  25.161  -30.811  43.583 0.3333329856
31866  23.447  -30.853  41.771 0.2222220004
31830  25.946  -30.529  44.066 0.3333329856
36099  38.166  -25.989  31.319 0.2222220004
31853  25.038  -30.456  43.056 0.3333329856
31842  25.542  -30.096  43.775 0.3333329856
87415  24.289  -30.802  42.283 0.3333329856
31831  25.652  -30.344  43.948 0.3333329856
35090  27.046  -25.745  39.827 0.2222220004
31865  24.155  -30.510  41.464 0.2222220004
35982  27.188  -25.488  38.671 0.2222220004
35098  26.571  -26.212  38.697 0.1111110002
34322  25.890  -27.062  38.519 0.2222220004
36108  38.586  -25.268  30.860 0.1111110002
32646  24.863  -29.951  42.207 0.3333329856
36084  39.745  -25.317  32.945 0.3333329856
36097  39.445  -25.115  31.970 0.2222220004
36098  38.969  -25.608  31.544 0.2222220004
35135  33.961  -26.280  35.286 0.5555559993
35150  34.482  -26.209  34.576 0.5555559993
36070  34.600  -24.901  33.522 0.3333329856
35162  34.156  -25.861  33.885 0.2222220004
35151  33.616  -26.194  34.455 0.4444440007
36892  34.417  -23.929  33.316 0.3333329856
35134  34.856  -26.405  35.310 0.5555559993
36054  34.998  -25.715  34.097 0.5555559993
36069  35.391  -24.855  33.904 0.5555559993
103162  35.597  -23.572  34.159 0.5555559993
37758  35.161  -23.888  33.716 0.4444440007
38509  33.551  -21.988  35.074 0.3333329856
37759  34.276  -23.150  33.758 0.3333329856
38510  32.775  -21.559  34.597 0.3333329856
39198  32.383  -21.107  34.350 0.2222220004
38522  31.505  -21.313  33.044 0.1111110002
36885  36.011  -24.251  34.209 0.5555559993
94747  34.332  -22.182  35.261 0.4444440007
37753  34.944  -22.924  34.429 0.3333329856
39192  32.968  -21.173  35.089 0.3333329856
39191  33.695  -21.277  35.569 0.2222220004
105457  33.366  -20.943  35.289 0.2222220004
39203  40.204  -21.529  32.777 0.4444440007
40004  34.987  -20.417  35.160 0.2222220004
42644  47.068  -16.838  17.047 0.1111110002
42656  45.656  -17.013  14.867 0.1111110002
40043  38.045  -20.267  31.161 0.1111110002
44283  49.203  -15.434  20.498 0.2222220004
44261  50.450  -15.378  21.182 0.2222220004
44302  48.698  -15.475  19.605 0.2222220004
44282  50.182  -15.461  20.213 0.2222220004
44337  47.320  -15.692  17.951 0.1111110002
44319  48.418  -15.572  18.885 0.2222220004
44301  49.571  -15.560  19.641 0.2222220004
43434  48.135  -15.890  18.226 0.1111110002
42653  45.745  -16.806  15.817 0.1111110002
43447  48.470  -16.571  17.917 0.1111110002
42655  46.058  -17.611  15.507 0.1111110002
42652  46.431  -17.307  16.352 0.1111110002
43468  45.841  -16.706  14.189 0.1111110002
40879  38.776  -19.660  31.552 0.1111110002
45230  48.943  -14.105  24.970 0.4444440007
44206  50.208  -14.963  25.243 0.4444440007
89881  49.032  -15.283  23.136 0.4444440007
44222  50.190  -15.274  24.363 0.4444440007
44247  48.157  -15.098  22.428 0.4444440007
44235  50.012  -15.300  23.632 0.4444440007
101488  51.391  -15.868  24.507 0.4444440007
97784  51.168  -16.222  24.903 0.4444440007
44263  48.341  -15.298  21.382 0.4444440007
44285  47.083  -15.033  20.168 0.3333329856
44262  49.489  -15.354  22.067 0.3333329856
45294  46.398  -14.612  19.920 0.2222220004
44284  48.037  -15.309  20.364 0.2222220004
97227  45.310  -14.019  17.974 0.1111110002
45305  46.085  -14.573  19.152 0.2222220004
44303  47.783  -15.345  19.498 0.2222220004
44339  45.573  -15.124  17.280 0.1111110002
44322  45.714  -14.644  18.069 0.1111110002
45330  45.071  -14.630  16.375 0.1111110002
43450  45.247  -15.230  16.600 0.1111110002
44338  46.364  -15.443  17.683 0.1111110002
89808  45.274  -15.435  14.869 0.2222220004
93117  45.109  -15.352  15.793 0.1111110002
45242  48.206  -13.879  24.228 0.4444440007
44190  50.574  -15.458  25.650 0.4444440007
45257  47.895  -14.396  23.415 0.4444440007
44223  48.952  -14.864  24.016 0.4444440007
43331  50.866  -16.002  25.561 0.4444440007
95528  47.364  -14.739  21.906 0.4444440007
44205  51.046  -15.763  24.952 0.4444440007
43333  49.891  -16.824  25.846 0.3333329856
45272  46.587  -14.251  21.692 0.4444440007
42501  50.718  -17.186  24.340 0.3333329856
42484  49.386  -17.121  25.163 0.3333329856
45285  46.323  -14.324  20.854 0.4444440007
46166  45.579  -13.431  19.942 0.2222220004
46176  45.462  -13.580  18.786 0.1111110002
46189  45.127  -13.946  17.059 0.2222220004
45339  45.139  -14.642  15.536 0.2222220004
42454  45.559  -18.023  28.628 0.2222220004
42463  45.799  -17.921  27.924 0.3333329856
42472  47.349  -17.238  26.815 0.3333329856
42462  46.425  -17.617  27.286 0.3333329856
45258  47.237  -14.240  22.675 0.4444440007
45244  47.048  -13.253  23.268 0.4444440007
43334  48.762  -17.028  25.877 0.3333329856
104730  46.755  -14.106  22.264 0.4444440007
45295  45.776  -13.989  20.185 0.4444440007
45286  45.791  -13.526  21.206 0.4444440007
46984  45.681  -12.712  19.191 0.3333329856
46999  46.552  -11.918  18.052 0.2222220004
47000  45.356  -13.358  17.911 0.2222220004
42461  47.270  -17.377  27.832 0.3333329856
45259  46.570  -13.432  22.789 0.4444440007
43304  48.113  -16.946  27.531 0.3333329856
45260  46.186  -13.465  22.265 0.4444440007
45273  45.954  -13.454  21.725 0.4444440007
46148  45.563  -13.241  21.689 0.4444440007
46974  45.666  -12.595  20.691 0.4444440007
52058  50.762  -6.465  8.702 0.1111110002
52057  51.539  -6.511  8.671 0.1111110002
31099  17.420  -31.119  45.154 0.2222220004
31100  16.644  -31.411  44.391 0.2222220004
30317  26.762  -32.431  42.871 0.3333329856
37752  35.948  -23.164  34.710 0.4444440007
38502  34.193  -21.692  35.699 0.4444440007
38508  34.991  -22.271  35.388 0.5555559993
98353  37.732  -20.481  31.898 0.1111110002
43290  48.037  -16.992  28.421 0.4444440007
101005  46.589  -17.699  28.113 0.3333329856
40889  38.492  -19.704  30.695 0.1111110002
99865  50.466  -15.647  26.090 0.4444440007
103794  21.083  -32.581  44.503 0.1111110002
105200  21.697  -31.087  44.720 0.1111110002
31080  22.802  -32.131  44.961 0.1111110002
30308  23.259  -32.713  44.474 0.2222220004
32623  19.211  -29.498  45.284 0.2222220004
31846  21.582  -30.750  43.879 0.1111110002
29455  25.366  -32.923  44.008 0.2222220004
29454  25.760  -32.593  43.870 0.2222220004
100861  22.835  -31.192  42.939 0.3333329856
36109  37.795  -25.575  30.543 0.1111110002
34311  26.342  -26.673  39.526 0.1111110002
36902  39.766  -24.453  32.477 0.4444440007
42651  47.203  -17.742  16.731 0.1111110002
41835  46.314  -18.356  15.205 0.1111110002
103060  49.334  -15.390  21.268 0.2222220004
96754  50.855  -15.312  22.187 0.3333329856
44300  50.578  -15.631  19.710 0.2222220004
44321  46.648  -15.211  18.459 0.1111110002
44320  47.561  -15.465  18.692 0.2222220004
43412  49.110  -15.625  19.080 0.2222220004
43411  49.812  -15.809  19.143 0.2222220004
94317  46.812  -16.092  17.352 0.1111110002
43448  47.687  -16.312  17.637 0.1111110002
43433  49.005  -16.019  18.588 0.1111110002
43449  46.226  -16.483  16.663 0.1111110002
43459  45.483  -15.985  16.186 0.1111110002
43461  45.364  -16.154  15.331 0.1111110002
42643  47.875  -17.180  17.348 0.1111110002
44221  51.010  -15.526  24.460 0.4444440007
91624  50.472  -15.284  22.901 0.3333329856
44234  51.143  -15.447  23.509 0.4444440007
43351  51.112  -16.700  24.765 0.4444440007
45271  47.242  -14.944  21.064 0.4444440007
44304  46.872  -15.099  19.329 0.2222220004
45306  45.557  -14.059  19.020 0.1111110002
95350  45.241  -14.574  17.175 0.1111110002
46197  45.205  -13.862  16.151 0.2222220004
100760  45.935  -15.747  16.970 0.1111110002
42483  50.392  -17.049  25.072 0.4444440007
101390  48.511  -17.166  25.116 0.3333329856
42503  48.797  -17.261  24.513 0.2222220004
46209  45.500  -13.790  15.323 0.2222220004
37757  39.912  -23.706  33.000 0.4444440007
38513  39.669  -22.848  32.666 0.3333329856
37765  39.657  -23.656  32.109 0.4444440007
38520  39.538  -22.837  31.748 0.3333329856
39197  39.870  -22.167  33.195 0.3333329856
39204  39.714  -22.119  32.300 0.3333329856
92257  49.908  -24.748  21.048 0.1111110002
37038  49.867  -24.786  21.890 0.1111110002
38644  50.059  -22.523  18.650 0.1111110002
94915  49.178  -22.691  18.608 0.1111110002
39373  50.140  -21.729  18.693 0.1111110002
37091  50.382  -24.031  19.007 0.1111110002
37072  49.594  -24.052  19.379 0.1111110002
37912  49.600  -23.389  18.836 0.1111110002
96459  49.294  -21.900  18.543 0.1111110002
91154  48.974  -21.222  18.547 0.1111110002
37054  49.523  -24.513  20.240 0.1111110002
37053  50.559  -24.780  20.611 0.1111110002
95475  48.503  -22.294  18.525 0.1111110002
39374  48.550  -21.607  18.454 0.1111110002
39211  40.145  -21.510  31.858 0.3333329856
40206  49.749  -21.156  18.728 0.1111110002
40190  50.170  -20.343  19.188 0.1111110002
40191  49.078  -20.628  18.725 0.1111110002
95915  49.189  -20.008  19.112 0.1111110002
41005  50.924  -19.492  19.554 0.1111110002
41793  50.376  -18.877  20.055 0.1111110002
98152  50.923  -21.092  18.887 0.1111110002
41006  49.732  -19.490  19.568 0.1111110002
41794  49.285  -18.828  20.031 0.1111110002
41763  49.469  -18.108  21.423 0.1111110002
40189  51.627  -20.137  19.144 0.1111110002
41007  48.832  -19.374  19.395 0.1111110002
41795  48.451  -18.709  19.872 0.1111110002
41779  48.796  -18.316  20.728 0.1111110002
98710  51.479  -18.895  19.736 0.1111110002
96916  51.445  -18.522  20.209 0.1111110002
42585  51.518  -18.059  21.024 0.1111110002
42542  52.100  -16.857  22.558 0.1111110002
97694  50.623  -18.493  20.717 0.1111110002
42564  51.152  -17.736  21.984 0.1111110002
42565  49.987  -17.901  22.117 0.1111110002
41778  49.773  -18.498  20.758 0.1111110002
87165  49.029  -17.712  22.026 0.1111110002
43377  52.294  -15.889  22.702 0.1111110002
43365  51.821  -16.055  23.624 0.1111110002
42584  52.690  -17.360  20.546 0.1111110002
42563  52.297  -17.199  21.557 0.1111110002
42541  52.716  -16.201  21.891 0.1111110002
42521  51.811  -16.596  23.411 0.2222220004
95092  52.329  -18.043  20.207 0.1111110002
42543  50.801  -17.475  22.911 0.1111110002
42583  53.199  -16.620  19.882 0.1111110002
42523  49.992  -17.487  23.643 0.2222220004
41004  52.160  -19.286  19.255 0.1111110002
42609  53.209  -17.317  18.846 0.1111110002
42544  49.478  -17.618  22.770 0.1111110002
43350  51.459  -16.214  24.329 0.2222220004
43376  52.538  -15.710  21.848 0.1111110002
42502  49.770  -17.312  24.456 0.2222220004
43395  52.913  -15.857  21.031 0.1111110002
94596  53.003  -15.891  20.187 0.1111110002
105032  49.149  -17.385  23.942 0.1111110002
44279  52.608  -15.615  20.600 0.1111110002
43408  53.058  -16.440  19.476 0.1111110002
44299  51.833  -15.660  19.836 0.1111110002
43409  52.416  -16.281  19.345 0.1111110002
43429  53.345  -17.056  18.881 0.1111110002
43410  50.952  -16.017  19.319 0.1111110002
44220  51.446  -15.800  23.882 0.3333329856
44245  52.249  -15.518  22.107 0.1111110002
44260  51.748  -15.365  21.819 0.1111110002
98078  47.922  -17.237  24.622 0.2222220004
98429  51.733  -15.361  21.055 0.1111110002
44281  51.194  -15.417  20.377 0.1111110002
41706  42.288  -18.759  27.039 0.2222220004
43335  47.853  -17.130  26.117 0.2222220004
42486  47.044  -17.319  25.780 0.1111110002
42485  47.846  -17.190  25.398 0.2222220004
104539  46.506  -17.323  25.129 0.1111110002
42505  46.414  -17.301  24.411 0.1111110002
92789  45.842  -17.356  24.955 0.1111110002
96786  43.735  -17.681  24.640 0.1111110002
88604  42.426  -17.857  23.904 0.1111110002
102509  41.743  -18.100  23.783 0.1111110002
42508  43.253  -17.663  23.936 0.1111110002
41698  42.921  -18.745  28.239 0.2222220004
41705  42.866  -18.595  27.385 0.2222220004
41713  42.746  -18.476  26.601 0.2222220004
42487  46.161  -17.450  25.737 0.1111110002
42488  45.337  -17.564  25.623 0.1111110002
42491  42.755  -17.969  24.775 0.1111110002
42489  44.406  -17.685  25.362 0.1111110002
42490  43.407  -17.954  25.511 0.1111110002
41697  43.647  -18.626  28.594 0.2222220004
94636  44.196  -18.274  27.425 0.1111110002
41712  43.536  -18.331  26.905 0.2222220004
42473  46.534  -17.475  26.432 0.2222220004
42474  45.715  -17.688  26.557 0.1111110002
42475  44.773  -17.814  26.306 0.1111110002
41719  43.224  -18.233  26.197 0.1111110002
92238  44.499  -18.488  29.682 0.2222220004
42445  45.043  -18.207  29.085 0.2222220004
42455  44.958  -18.196  28.211 0.1111110002
41704  43.554  -18.472  27.767 0.2222220004
105356  44.615  -18.241  27.735 0.1111110002
105584  46.140  -12.034  20.736 0.2222220004
47908  46.622  -11.290  20.566 0.2222220004
48744  47.558  -10.436  20.040 0.2222220004
46983  46.627  -11.720  19.512 0.2222220004
98856  47.409  -11.015  19.466 0.2222220004
104971  45.718  -12.660  17.765 0.2222220004
47035  49.722  -11.812  14.035 0.2222220004
98800  52.987  -8.930  14.817 0.2222220004
47895  46.520  -10.633  20.913 0.2222220004
47974  50.333  -11.097  14.252 0.2222220004
90316  49.478  -12.712  13.875 0.1111110002
47034  50.805  -12.123  13.612 0.2222220004
48794  52.329  -9.247  14.872 0.2222220004
49627  52.517  -9.014  15.022 0.2222220004
50503  53.450  -8.482  13.907 0.2222220004
88425  53.230  -8.157  12.897 0.2222220004
50537  54.011  -8.240  12.046 0.1111110002
50538  52.705  -8.144  11.555 0.2222220004
47907  48.861  -10.276  18.711 0.2222220004
44362  45.822  -15.098  14.151 0.1111110002
43469  45.525  -16.240  14.666 0.1111110002
46216  48.793  -13.159  13.886 0.1111110002
97744  47.244  -14.118  13.824 0.1111110002
98476  46.319  -15.559  13.795 0.1111110002
94760  51.068  -9.233  15.070 0.2222220004
47973  51.265  -10.990  13.878 0.2222220004
49628  51.863  -9.003  15.115 0.2222220004
48795  51.454  -9.622  14.696 0.2222220004
50487  52.345  -8.518  14.395 0.2222220004
50481  52.132  -8.940  15.045 0.2222220004
50505  51.384  -8.338  13.644 0.2222220004
50504  52.344  -8.236  13.333 0.2222220004
50539  51.622  -8.187  11.295 0.2222220004
50521  52.207  -8.217  12.262 0.2222220004
51312  50.628  -7.538  9.645 0.1111110002
46208  46.037  -13.122  15.188 0.2222220004
45348  45.523  -14.491  14.732 0.1111110002
46219  46.044  -13.648  14.695 0.1111110002
47975  49.665  -10.601  14.753 0.2222220004
92241  48.869  -12.143  14.290 0.1111110002
46217  47.762  -13.322  14.047 0.1111110002
45347  46.300  -14.280  14.166 0.1111110002
90721  45.744  -15.906  14.158 0.1111110002
94851  46.716  -14.900  13.746 0.1111110002
48796  50.514  -10.032  14.765 0.2222220004
50482  51.358  -8.983  15.151 0.2222220004
50522  51.251  -8.245  12.376 0.1111110002
50540  50.612  -8.190  11.177 0.1111110002
50541  49.646  -8.097  11.056 0.1111110002
51293  52.096  -7.992  10.516 0.1111110002
51294  51.081  -8.007  10.357 0.1111110002
51295  50.123  -7.884  10.300 0.1111110002
51311  51.569  -7.623  9.710 0.1111110002
47038  46.658  -12.866  14.816 0.2222220004
47036  48.116  -12.483  14.390 0.1111110002
46218  46.842  -13.477  14.278 0.1111110002
48797  49.776  -9.841  14.945 0.2222220004
49630  50.005  -9.259  14.884 0.2222220004
50488  51.409  -8.664  14.669 0.2222220004
50483  50.650  -8.871  14.854 0.2222220004
51282  47.913  -7.812  11.034 0.1111110002
89796  50.575  -8.330  12.964 0.1111110002
50523  50.161  -8.313  12.024 0.1111110002
92335  49.237  -8.309  11.822 0.1111110002
89715  47.829  -11.989  14.806 0.2222220004
47021  47.455  -12.030  15.110 0.2222220004
92018  48.337  -11.558  14.766 0.2222220004
47976  48.969  -11.127  14.792 0.2222220004
47037  47.388  -12.701  14.546 0.1111110002
49640  49.897  -8.846  14.419 0.2222220004
50524  48.365  -8.250  11.736 0.1111110002
50525  47.479  -8.237  11.693 0.1111110002
50489  50.417  -8.524  13.919 0.2222220004
50490  49.403  -8.704  13.620 0.2222220004
50507  48.854  -8.521  12.623 0.1111110002
50506  49.759  -8.443  12.825 0.1111110002
47977  48.207  -11.170  15.323 0.2222220004
48786  47.935  -10.520  15.821 0.1111110002
47978  48.062  -10.393  15.539 0.2222220004
48799  48.567  -10.592  15.193 0.2222220004
99161  48.098  -10.174  15.221 0.2222220004
48798  49.043  -10.254  15.080 0.2222220004
49631  48.467  -9.971  15.035 0.2222220004
89779  49.208  -9.737  14.884 0.2222220004
105121  48.740  -9.603  14.677 0.2222220004
49641  49.124  -9.190  14.369 0.2222220004
50508  47.971  -8.589  12.466 0.1111110002
50491  48.505  -8.883  13.403 0.1111110002
40042  40.783  -20.977  31.331 0.2222220004
41696  44.364  -18.455  28.851 0.2222220004
98391  47.479  -9.526  20.596 0.2222220004
104330  45.745  -17.841  27.267 0.2222220004
46157  45.433  -13.064  21.078 0.3333329856
44246  51.618  -15.375  22.615 0.1111110002
102757  50.735  -21.896  18.683 0.1111110002
37911  50.617  -23.349  18.707 0.1111110002
38643  51.093  -22.483  18.662 0.1111110002
41762  50.365  -18.215  21.399 0.1111110002
41792  52.554  -18.449  19.487 0.1111110002
44233  51.867  -15.585  23.033 0.1111110002
42562  52.995  -16.517  20.897 0.1111110002
42522  51.063  -17.220  23.713 0.2222220004
42500  51.450  -16.647  24.114 0.2222220004
41777  53.119  -17.603  19.534 0.1111110002
104820  53.124  -16.132  20.405 0.1111110002
42524  49.032  -17.477  23.367 0.1111110002
42622  53.576  -17.802  18.842 0.1111110002
44258  52.464  -15.595  21.246 0.1111110002
104818  52.655  -15.691  20.671 0.1111110002
44298  52.834  -15.737  19.972 0.1111110002
44259  52.324  -15.455  21.264 0.1111110002
44280  52.253  -15.481  20.516 0.1111110002
43432  49.996  -16.338  18.778 0.1111110002
90621  47.130  -17.271  24.883 0.2222220004
94121  45.138  -17.478  24.865 0.1111110002
42507  44.593  -17.506  24.357 0.1111110002
42509  41.952  -18.216  24.445 0.1111110002
41720  42.562  -18.323  25.741 0.2222220004
41726  42.102  -18.351  25.089 0.2222220004
42464  45.020  -18.045  27.276 0.1111110002
42465  44.271  -18.113  26.828 0.1111110002
42476  43.912  -18.012  26.199 0.1111110002
41703  44.223  -18.378  28.088 0.2222220004
52042  50.267  -6.923  9.132 0.1111110002
51310  52.607  -7.590  9.867 0.1111110002
102725  50.754  -9.133  15.068 0.2222220004
49629  50.418  -9.467  14.960 0.2222220004
103233  48.157  -10.556  15.464 0.2222220004
27645  14.736  -35.669  47.519 0.1111110002
28599  16.089  -34.915  45.802 0.2222220004
28593  15.479  -34.459  46.240 0.2222220004
27644  15.153  -35.334  47.347 0.1111110002
28585  15.316  -34.802  47.219 0.1111110002
25874  16.142  -36.961  47.020 0.1111110002
26730  15.397  -36.540  46.822 0.1111110002
27638  14.568  -35.061  47.945 0.1111110002
27639  14.189  -35.112  48.217 0.1111110002
26721  15.374  -36.277  47.064 0.1111110002
88870  14.664  -36.071  47.286 0.1111110002
105333  13.361  -35.850  47.656 0.1111110002
29425  14.384  -34.036  48.293 0.1111110002
28579  14.753  -34.664  47.865 0.1111110002
28576  13.933  -34.371  48.950 0.1111110002
29424  14.730  -34.053  47.563 0.1111110002
28580  14.292  -34.583  48.446 0.1111110002
29440  14.580  -33.158  46.156 0.2222220004
29432  14.955  -33.900  46.697 0.2222220004
27640  13.610  -35.362  48.604 0.1111110002
29439  15.013  -33.688  45.775 0.2222220004
29421  13.516  -33.854  49.163 0.1111110002
90665  14.139  -33.210  47.702 0.2222220004
30272  13.759  -33.035  48.478 0.2222220004
30288  14.493  -32.420  46.509 0.2222220004
29433  14.413  -33.199  46.942 0.2222220004
29447  14.714  -33.007  45.448 0.2222220004
31813  14.829  -30.523  47.438 0.2222220004
30276  13.960  -32.390  47.969 0.2222220004
101218  13.575  -32.408  49.487 0.2222220004
31074  14.604  -31.450  46.852 0.2222220004
30283  14.252  -32.203  47.313 0.2222220004
31073  15.102  -30.854  46.653 0.2222220004
30299  15.300  -31.891  44.930 0.2222220004
31065  14.390  -30.978  47.631 0.2222220004
94003  14.098  -31.578  47.975 0.2222220004
31824  15.781  -30.497  46.837 0.2222220004
31101  15.937  -31.359  44.851 0.2222220004
31834  16.631  -30.866  45.601 0.2222220004
31793  14.045  -29.892  49.385 0.2222220004
31784  13.265  -29.924  50.482 0.2222220004
31058  14.161  -30.481  48.559 0.2222220004
31812  15.626  -29.929  47.815 0.2222220004
31823  16.689  -30.363  47.290 0.2222220004
92756  13.598  -29.159  48.400 0.2222220004
32601  13.514  -29.196  47.087 0.2222220004
32586  13.766  -28.969  49.333 0.2222220004
32580  13.404  -28.999  50.256 0.2222220004
32590  15.027  -29.264  47.746 0.2222220004
32591  14.279  -29.079  48.050 0.2222220004
87170  14.076  -29.147  48.871 0.2222220004
89535  14.228  -29.384  48.893 0.2222220004
101874  14.335  -29.322  48.394 0.2222220004
31801  17.008  -29.461  48.399 0.2222220004
31802  16.165  -29.457  47.879 0.2222220004
31803  14.769  -29.690  48.081 0.2222220004
31811  16.617  -29.828  48.131 0.2222220004
88620  22.025  -30.837  42.896 0.2222220004
88353  21.123  -30.489  43.154 0.1111110002
32600  14.368  -28.845  47.054 0.2222220004
32599  15.139  -28.782  46.967 0.2222220004
98367  15.868  -29.020  47.654 0.2222220004
31856  21.341  -30.596  42.409 0.1111110002
31847  20.328  -30.061  43.257 0.1111110002
87589  21.050  -30.503  41.742 0.1111110002
32613  13.661  -29.094  46.099 0.1111110002
32624  18.257  -29.345  45.276 0.1111110002
32612  14.347  -28.774  45.959 0.1111110002
88430  18.718  -29.521  44.030 0.1111110002
32610  15.874  -28.794  45.971 0.2222220004
87702  17.711  -29.381  44.064 0.1111110002
32625  17.235  -29.178  45.227 0.1111110002
32626  16.211  -28.927  44.980 0.1111110002
31855  22.710  -30.944  42.212 0.1111110002
87481  18.092  -29.490  43.205 0.1111110002
34310  29.706  -27.609  40.032 0.1111110002
33492  29.294  -28.264  39.308 0.1111110002
33505  28.871  -29.091  38.989 0.1111110002
92082  23.405  -30.642  40.972 0.1111110002
31130  28.061  -32.346  41.106 0.1111110002
99953  28.260  -32.049  40.435 0.1111110002
31890  28.447  -29.997  38.839 0.1111110002
92482  28.581  -32.764  40.009 0.1111110002
33493  28.759  -28.677  39.868 0.1111110002
32680  28.471  -29.528  39.618 0.1111110002
99324  28.315  -30.176  39.549 0.1111110002
96886  28.310  -30.805  39.293 0.1111110002
30357  28.418  -32.096  39.705 0.1111110002
31148  28.331  -31.632  39.185 0.1111110002
31904  28.241  -30.960  38.477 0.1111110002
104370  27.973  -30.422  40.615 0.1111110002
31138  28.056  -31.142  40.559 0.1111110002
32669  28.139  -29.945  40.155 0.1111110002
31875  28.270  -30.662  39.993 0.1111110002
31144  28.341  -31.412  39.844 0.1111110002
30364  28.520  -32.564  39.216 0.1111110002
36918  39.530  -24.351  31.611 0.2222220004
36919  39.163  -24.870  31.197 0.2222220004
36932  39.349  -24.187  30.832 0.1111110002
37780  39.084  -23.931  30.149 0.1111110002
37772  39.525  -23.639  31.238 0.2222220004
37779  39.355  -23.489  30.481 0.1111110002
37786  39.228  -23.292  29.797 0.1111110002
37795  38.557  -23.360  28.729 0.1111110002
38526  39.478  -22.819  30.867 0.1111110002
38533  39.476  -22.802  30.085 0.1111110002
38541  39.098  -23.040  29.113 0.1111110002
38549  39.518  -22.380  28.827 0.1111110002
38550  38.968  -22.841  28.352 0.1111110002
38559  38.713  -22.615  27.602 0.1111110002
38560  38.062  -22.906  27.191 0.1111110002
39212  39.663  -22.091  31.359 0.1111110002
39238  39.760  -22.194  29.602 0.1111110002
105067  39.410  -22.748  29.478 0.1111110002
38558  39.320  -22.281  27.991 0.1111110002
39268  39.027  -22.006  27.264 0.1111110002
39283  38.752  -21.755  26.505 0.1111110002
38567  38.393  -22.326  26.870 0.1111110002
39284  38.054  -22.027  26.159 0.1111110002
38576  37.402  -22.325  25.789 0.1111110002
39223  40.212  -21.512  30.883 0.1111110002
39224  39.737  -22.119  30.431 0.1111110002
39237  40.310  -21.566  29.946 0.1111110002
39253  39.797  -21.854  28.314 0.1111110002
39267  39.652  -21.672  27.636 0.1111110002
39299  37.763  -21.788  25.434 0.1111110002
39298  38.475  -21.512  25.741 0.1111110002
39313  38.187  -21.270  24.992 0.1111110002
40131  37.904  -20.983  24.271 0.1111110002
40143  38.330  -20.529  23.955 0.1111110002
41739  40.574  -18.792  23.896 0.1111110002
40954  39.893  -19.237  23.701 0.1111110002
40956  38.477  -20.183  23.457 0.1111110002
39252  40.231  -21.607  28.994 0.1111110002
39266  40.285  -21.246  28.092 0.1111110002
39282  39.427  -21.457  26.862 0.1111110002
39297  39.190  -21.212  26.064 0.1111110002
40113  38.868  -20.895  25.306 0.1111110002
40111  40.258  -20.153  26.052 0.1111110002
40112  39.581  -20.529  25.632 0.1111110002
41714  42.011  -18.679  26.376 0.1111110002
102791  40.070  -19.853  25.100 0.1111110002
40129  39.278  -20.316  24.805 0.1111110002
40130  38.572  -20.683  24.565 0.1111110002
40925  41.098  -18.945  25.330 0.1111110002
91491  40.598  -19.280  25.028 0.1111110002
40941  39.605  -19.763  24.237 0.1111110002
41721  41.742  -18.622  25.598 0.1111110002
40942  38.935  -20.221  24.039 0.1111110002
41727  41.494  -18.568  24.878 0.1111110002
40940  40.266  -19.291  24.425 0.1111110002
40089  40.735  -20.611  28.126 0.1111110002
40090  40.022  -21.085  27.267 0.1111110002
102730  40.479  -20.702  27.606 0.1111110002
40099  40.413  -20.446  26.924 0.1111110002
40100  39.812  -20.819  26.474 0.1111110002
40910  41.008  -20.088  27.564 0.1111110002
40918  40.898  -19.756  26.559 0.1111110002
87439  40.907  -15.438  29.012 0.2222220004
87908  41.082  -15.367  28.142 0.2222220004
89958  21.891  -30.724  41.928 0.1111110002
30268  13.304  -32.474  50.103 0.2222220004
30273  13.539  -33.205  49.241 0.1111110002
98293  13.792  -31.761  48.742 0.2222220004
31059  13.859  -30.803  49.235 0.2222220004
32585  13.844  -29.128  49.465 0.2222220004
92202  15.802  -28.836  46.970 0.2222220004
26713  13.895  -35.569  47.761 0.1111110002
29420  14.067  -33.914  48.810 0.1111110002
27633  13.882  -34.896  48.864 0.1111110002
31087  14.812  -31.775  46.095 0.2222220004
31086  15.406  -31.259  45.673 0.2222220004
31835  16.011  -30.786  45.854 0.2222220004
37787  38.793  -23.610  29.476 0.1111110002
41728  40.856  -18.852  24.630 0.1111110002
44184  40.365  -15.274  27.578 0.2222220004
99590  27.257  -25.322  37.878 0.1111110002
103513  23.987  -30.325  40.775 0.1111110002
93535  24.640  -29.168  39.936 0.1111110002
104434  24.986  -28.604  39.773 0.1111110002
32671  24.746  -29.236  40.739 0.1111110002
31877  24.471  -29.867  41.147 0.1111110002
87432  33.950  -20.545  34.775 0.1111110002
99477  32.947  -20.808  34.710 0.1111110002
42456  39.049  -16.851  28.981 0.1111110002
43291  39.495  -16.006  28.567 0.1111110002
43305  39.046  -15.906  27.896 0.1111110002
44169  39.629  -15.523  27.804 0.1111110002
44168  40.296  -15.480  28.369 0.1111110002
87208  39.718  -15.227  27.045 0.1111110002
44193  40.528  -15.112  26.778 0.1111110002
87490  39.883  -14.973  26.242 0.1111110002
87678  41.038  -15.271  27.287 0.1111110002
44208  40.781  -14.876  25.957 0.1111110002
44224  40.177  -14.822  25.392 0.1111110002
45235  40.582  -14.620  24.519 0.1111110002
43280  39.692  -16.446  29.426 0.1111110002
44152  40.791  -15.641  29.603 0.1111110002
42457  38.492  -17.359  28.512 0.1111110002
47033  51.979  -12.419  13.571 0.1111110002
47971  53.569  -11.784  13.417 0.1111110002
47031  54.459  -12.683  13.385 0.1111110002
97666  55.602  -12.223  12.737 0.1111110002
47044  55.564  -13.140  12.722 0.1111110002
47972  52.365  -11.354  13.579 0.1111110002
90295  54.731  -11.897  13.192 0.1111110002
47041  55.238  -13.061  13.144 0.1111110002
49698  55.177  -9.346  7.293 0.1111110002
49639  53.092  -8.873  14.820 0.1111110002
48809  53.921  -9.432  13.783 0.1111110002
48808  54.798  -10.454  12.939 0.1111110002
49667  55.302  -9.068  12.570 0.1111110002
49637  55.156  -9.503  12.739 0.1111110002
92077  55.758  -9.433  11.638 0.1111110002
50518  56.159  -8.834  11.064 0.1111110002
49674  56.384  -8.853  10.284 0.1111110002
49678  56.805  -8.602  9.395 0.1111110002
49683  56.629  -9.064  8.590 0.1111110002
50560  57.242  -8.773  7.027 0.1111110002
49696  57.141  -8.934  7.955 0.1111110002
50561  55.885  -9.118  6.729 0.1111110002
50486  53.846  -8.814  14.157 0.1111110002
49638  54.784  -8.966  13.643 0.1111110002
50519  55.275  -8.828  11.963 0.1111110002
102856  55.023  -8.729  13.017 0.1111110002
50536  55.826  -8.394  11.073 0.1111110002
50535  56.371  -8.276  10.421 0.1111110002
50548  57.255  -8.005  9.156 0.1111110002
50551  57.493  -8.219  8.021 0.1111110002
50575  57.508  -7.975  6.426 0.1111110002
50576  56.512  -8.539  6.191 0.1111110002
51341  55.654  -7.894  5.452 0.1111110002
51373  56.003  -6.641  4.013 0.1111110002
88765  55.082  -7.478  4.659 0.1111110002
88431  54.131  -8.338  13.264 0.1111110002
50520  54.772  -8.485  12.818 0.1111110002
50502  54.526  -8.659  13.558 0.1111110002
102799  55.523  -8.043  10.889 0.1111110002
51290  56.189  -7.856  10.436 0.1111110002
51307  56.467  -7.400  9.761 0.1111110002
51317  56.823  -6.987  8.952 0.1111110002
51306  57.017  -7.531  9.263 0.1111110002
51316  57.384  -7.369  8.203 0.1111110002
52064  57.089  -6.439  7.234 0.1111110002
51324  57.803  -7.500  7.017 0.1111110002
52063  57.703  -6.773  7.075 0.1111110002
51339  57.840  -7.208  6.312 0.1111110002
52072  57.749  -6.760  6.451 0.1111110002
51361  57.628  -6.489  5.946 0.1111110002
102686  57.423  -6.558  5.363 0.1111110002
51374  54.753  -7.142  3.914 0.1111110002
51362  56.677  -6.805  4.812 0.1111110002
52118  54.934  -6.384  3.521 0.1111110002
52842  53.680  -5.919  3.791 0.1111110002
52120  52.674  -6.557  4.339 0.1111110002
52815  51.686  -6.666  4.794 0.1111110002
93201  55.037  -8.387  11.683 0.1111110002
51291  54.541  -7.995  10.933 0.1111110002
51319  54.377  -6.953  9.330 0.1111110002
51318  55.740  -6.893  9.302 0.1111110002
52052  57.176  -6.827  7.982 0.1111110002
52054  54.808  -6.557  8.538 0.1111110002
52073  57.673  -6.291  6.041 0.1111110002
52793  56.070  -6.053  6.252 0.1111110002
52094  57.606  -5.841  5.129 0.1111110002
52813  57.610  -5.663  5.043 0.1111110002
52117  57.086  -5.731  4.196 0.1111110002
93853  56.195  -6.076  3.416 0.1111110002
52865  54.560  -5.253  3.193 0.1111110002
53555  52.722  -5.186  3.812 0.1111110002
52816  50.966  -6.001  4.864 0.1111110002
52817  49.983  -6.125  5.136 0.1111110002
52841  55.962  -5.539  3.021 0.1111110002
52843  52.082  -5.881  4.457 0.1111110002
92598  51.319  -5.354  4.369 0.1111110002
97595  56.630  -5.211  5.240 0.1111110002
100321  57.281  -5.397  4.490 0.1111110002
52840  56.802  -5.276  3.772 0.1111110002
94770  56.633  -4.669  3.577 0.1111110002
52844  50.273  -5.478  4.635 0.1111110002
53557  49.688  -5.074  4.271 0.1111110002
53558  48.857  -4.976  4.233 0.1111110002
52864  56.060  -4.823  2.846 0.1111110002
53556  51.575  -4.830  3.912 0.1111110002
98608  50.556  -4.829  4.018 0.1111110002
53578  49.594  -4.496  3.630 0.1111110002
54368  56.277  -3.557  3.178 0.1111110002
54369  55.548  -3.908  2.356 0.1111110002
94812  54.393  -4.605  2.950 0.1111110002
53576  52.407  -4.482  3.462 0.1111110002
53554  56.501  -4.028  4.283 0.1111110002
53574  56.390  -4.132  3.521 0.1111110002
53577  51.256  -4.383  3.575 0.1111110002
94457  50.463  -4.307  3.488 0.1111110002
54370  53.322  -3.948  2.815 0.1111110002
54383  52.217  -3.474  2.433 0.1111110002
54372  51.051  -3.903  3.072 0.1111110002
54380  56.204  -3.400  2.425 0.1111110002
54382  54.176  -3.258  2.060 0.1111110002
54381  55.816  -3.041  1.789 0.1111110002
55146  55.015  -2.591  1.273 0.1111110002
55107  56.179  -3.526  4.105 0.1111110002
55123  55.940  -2.861  3.856 0.1111110002
55900  55.561  -2.157  3.335 0.1111110002
97518  53.998  -1.647  3.543 0.1111110002
55136  56.208  -2.790  2.863 0.1111110002
55912  56.045  -2.033  2.464 0.1111110002
55913  55.501  -1.374  2.623 0.1111110002
55144  56.099  -2.408  1.855 0.1111110002
55147  53.300  -2.690  1.464 0.1111110002
55914  53.199  -0.949  3.090 0.1111110002
55925  56.069  -1.483  1.726 0.1111110002
56656  54.635  -0.832  2.652 0.1111110002
55152  56.073  -1.570  1.101 0.1111110002
55153  55.755  -1.282  0.377 0.1111110002
55161  54.229  -1.503  -0.682 0.1111110002
55940  55.363  -0.839  -0.330 0.1111110002
55941  54.751  -0.994  -0.920 0.1111110002
56685  54.683  -0.514  -0.773 0.1111110002
56675  55.617  -0.689  0.734 0.1111110002
56677  53.136  -0.033  0.179 0.1111110002
56686  53.766  -0.033  -1.270 0.1111110002
98184  51.980  -10.219  14.019 0.1111110002
47032  53.059  -12.659  13.600 0.1111110002
47990  53.905  -10.698  13.315 0.1111110002
48807  55.710  -11.110  12.290 0.1111110002
47991  52.912  -10.183  13.726 0.1111110002
49652  55.046  -8.827  13.299 0.1111110002
48823  55.569  -10.133  12.031 0.1111110002
92731  56.077  -9.607  10.995 0.1111110002
50534  56.742  -8.240  9.856 0.1111110002
49682  57.173  -8.560  8.655 0.1111110002
50549  56.755  -7.840  9.872 0.1111110002
51340  57.128  -7.391  5.742 0.1111110002
51308  55.343  -7.455  10.170 0.1111110002
52053  56.205  -6.607  8.349 0.1111110002
52119  53.711  -6.999  3.979 0.1111110002
52065  55.355  -6.294  7.571 0.1111110002
52814  56.802  -4.577  4.476 0.1111110002
53575  56.135  -4.232  2.742 0.1111110002
54371  51.941  -4.033  3.156 0.1111110002
104120  56.207  -3.866  2.619 0.1111110002
55145  55.843  -2.096  1.027 0.1111110002
55154  54.896  -1.892  0.261 0.1111110002
55901  52.241  -1.702  3.787 0.1111110002
55926  55.599  -0.812  1.765 0.1111110002
102709  56.072  -1.105  1.060 0.1111110002
55934  55.184  -1.231  -0.414 0.1111110002
56676  54.672  -0.313  0.363 0.1111110002
28592  15.970  -35.152  46.688 0.1111110002
28584  16.156  -35.747  47.032 0.1111110002
27643  17.001  -36.193  46.885 0.1111110002
28600  15.570  -34.193  45.321 0.1111110002
29446  15.120  -33.413  44.918 0.1111110002
102828  14.638  -32.562  45.904 0.1111110002
30300  14.903  -32.205  45.426 0.1111110002
29461  15.023  -32.678  44.797 0.1111110002
31125  16.963  -32.081  42.944 0.1111110002
99782  16.416  -32.360  42.983 0.1111110002
29460  15.281  -33.051  44.031 0.1111110002
31115  16.104  -31.825  44.054 0.1111110002
30322  15.851  -32.486  43.496 0.1111110002
30321  18.462  -32.199  42.774 0.1111110002
29473  22.686  -33.843  43.499 0.1111110002
31124  17.697  -32.066  42.886 0.1111110002
95029  17.221  -32.279  42.337 0.1111110002
28614  25.639  -33.842  42.790 0.1111110002
29471  24.970  -33.424  43.184 0.1111110002
28616  23.574  -34.036  43.189 0.1111110002
103768  25.135  -34.018  42.860 0.1111110002
28615  24.535  -34.117  42.919 0.1111110002
96174  23.877  -34.338  42.327 0.1111110002
28617  22.916  -34.191  42.579 0.1111110002
32611  15.091  -28.675  45.793 0.1111110002
29458  22.710  -33.265  44.313 0.1111110002
29457  23.378  -33.615  44.003 0.1111110002
29472  24.140  -33.625  43.600 0.1111110002
33563  33.378  -29.156  33.675 0.1111110002
32767  34.202  -29.520  33.853 0.1111110002
33583  33.904  -29.374  33.146 0.1111110002
33604  35.216  -28.846  32.708 0.1111110002
34376  34.946  -28.510  32.044 0.1111110002
34375  35.731  -28.159  32.308 0.1111110002
35178  35.942  -27.155  31.090 0.1111110002
35177  36.746  -26.772  31.368 0.1111110002
35190  36.403  -26.449  30.653 0.1111110002
35191  35.608  -26.761  30.378 0.1111110002
36100  37.247  -26.178  30.941 0.1111110002
33606  34.025  -29.205  32.481 0.1111110002
105216  23.143  -33.119  44.419 0.1111110002
27659  16.691  -35.359  45.375 0.1111110002
27651  16.578  -35.543  46.352 0.1111110002
104448  15.586  -33.465  43.757 0.1111110002
30331  16.641  -32.516  42.351 0.1111110002
31114  16.556  -31.913  43.553 0.1111110002
29489  16.054  -32.789  42.673 0.1111110002
30267  12.033  -31.870  51.184 0.3333329856
31052  11.880  -31.414  51.197 0.3333329856
31783  12.268  -30.196  51.039 0.3333329856
31785  12.788  -30.556  50.494 0.3333329856
31786  11.935  -30.398  51.129 0.3333329856
31787  13.717  -30.397  50.041 0.2222220004
32575  12.269  -29.685  51.082 0.3333329856
32577  12.700  -29.174  51.055 0.3333329856
32579  13.580  -29.445  50.128 0.3333329856
37725  38.967  -22.439  38.299 0.8888890147
38494  35.777  -21.614  36.080 0.7777780294
39961  40.350  -20.086  38.178 0.8888890147
39964  38.217  -20.975  38.492 0.8888890147
40790  38.904  -19.996  37.971 0.7777780294
40805  40.426  -19.055  37.999 0.8888890147
41672  39.710  -18.433  31.608 0.3333329856
43279  40.250  -15.766  29.135 0.1111110002
44163  50.042  -15.177  28.230 0.7777780294
45115  44.731  -15.197  32.365 0.8888890147
45150  49.790  -14.372  29.252 0.7777780294
45164  50.233  -13.808  28.480 0.7777780294
46085  50.194  -13.297  28.210 0.7777780294
46922  49.948  -13.080  28.351 0.7777780294
46929  49.930  -12.485  27.937 0.7777780294
49580  49.770  -7.196  20.359 0.3333329856
50430  49.107  -6.788  20.379 0.2222220004
50431  48.432  -7.129  20.613 0.2222220004
50432  47.574  -7.041  20.751 0.2222220004
50433  46.657  -7.573  20.597 0.2222220004
50440  49.486  -6.997  20.364 0.3333329856
50441  49.107  -6.675  20.337 0.2222220004
50442  48.050  -6.373  20.210 0.2222220004
50452  49.777  -7.304  20.264 0.3333329856
50454  47.717  -7.098  19.536 0.3333329856
50455  46.063  -7.723  19.613 0.2222220004
50456  45.093  -8.278  19.587 0.3333329856
52783  51.171  -6.077  8.407 0.1111110002
96805  47.280  -15.529  29.880 0.7777780294
98312  38.398  -20.371  38.042 0.8888890147
102899  38.536  -21.804  38.416 0.8888890147
103269  57.400  -5.540  4.704 0.1111110002
103719  43.456  -18.593  34.866 0.8888890147
