#!ascii label  , from subject sub-v1s16x0051164_ses-1 vox2ras=TkReg
2257
43845  3.288  -1.410  75.266 0.6250000000
44734  4.024  -0.654  75.295 0.6250000000
44735  2.951  -0.751  74.885 0.6250000000
45537  3.767  -0.336  74.799 0.5000000000
45538  2.547  -0.244  74.213 0.5000000000
89811  2.750  -2.227  75.062 0.6250000000
43846  2.245  -1.517  74.918 0.5000000000
44736  1.823  -0.735  74.427 0.5000000000
45539  1.696  -0.198  73.880 0.2500000000
84942  1.780  -2.576  74.891 0.5000000000
100210  1.243  -0.359  73.902 0.2500000000
45555  1.229  0.007  73.415 0.2500000000
87759  1.346  -1.733  74.672 0.5000000000
44737  1.017  -1.028  74.237 0.3750000000
44751  0.759  -0.468  73.565 0.2500000000
96899  0.571  -1.422  73.956 0.2500000000
44752  0.410  -0.847  73.221 0.2500000000
42952  7.227  -3.488  75.201 0.6250000000
42953  6.183  -3.225  74.952 0.6250000000
43842  6.398  -2.603  75.797 0.6250000000
43843  5.485  -2.341  75.494 0.6250000000
43833  5.555  -1.444  76.045 0.6250000000
42965  6.865  -3.939  74.382 0.7500000000
42954  5.080  -2.848  74.815 0.6250000000
42955  3.901  -2.654  74.837 0.6250000000
43844  4.503  -1.541  75.512 0.6250000000
42966  5.736  -3.786  74.237 0.6250000000
42967  4.790  -3.510  74.317 0.6250000000
42968  4.048  -3.744  74.284 0.6250000000
44771  2.114  -0.952  71.881 0.2500000000
44763  1.582  -0.067  72.931 0.2500000000
44750  1.858  -0.092  73.585 0.2500000000
44749  2.555  -0.065  73.655 0.3750000000
42084  5.102  -4.306  73.667 0.6250000000
91528  3.008  -3.214  74.755 0.6250000000
43872  1.387  -1.275  71.172 0.2500000000
43859  0.496  -0.769  72.513 0.2500000000
99894  0.824  -1.903  74.438 0.5000000000
43850  0.268  -1.881  73.768 0.3750000000
43860  0.073  -1.491  73.016 0.2500000000
41093  2.032  -5.163  76.193 0.2500000000
41091  0.787  -4.606  76.583 0.3750000000
40181  2.545  -5.989  75.565 0.2500000000
41094  1.335  -4.367  76.268 0.3750000000
41101  -0.609  -4.698  75.389 0.3750000000
42069  8.641  -3.964  74.634 0.6250000000
42070  7.806  -4.000  74.558 0.6250000000
42082  7.368  -4.430  73.943 0.7500000000
42083  6.443  -4.591  73.646 0.7500000000
43882  1.740  -1.769  70.122 0.2500000000
98113  2.089  -1.368  70.825 0.2500000000
42071  3.269  -4.167  74.626 0.7500000000
92235  2.154  -3.532  74.990 0.5000000000
86428  1.159  -1.715  70.597 0.2500000000
43873  0.847  -1.223  71.624 0.2500000000
41110  4.713  -5.206  73.336 0.8750000000
100159  3.536  -4.770  74.250 0.7500000000
95667  0.857  -2.597  74.753 0.6250000000
42969  -0.046  -2.737  74.423 0.3750000000
43874  0.326  -1.633  72.188 0.2500000000
41111  3.806  -5.287  73.848 0.5000000000
84590  2.481  -4.246  75.203 0.6250000000
42073  0.994  -3.190  75.187 0.5000000000
40185  3.454  -6.083  74.146 0.5000000000
41099  3.094  -5.007  74.726 0.3750000000
42060  0.584  -3.553  75.808 0.5000000000
42072  1.546  -3.862  75.593 0.5000000000
41100  2.265  -4.853  75.612 0.3750000000
42068  9.463  -3.946  74.624 0.6250000000
42081  8.087  -4.540  73.874 0.6250000000
41108  7.253  -5.040  73.414 0.7500000000
43888  2.460  -2.202  69.504 0.2500000000
99051  6.555  -5.314  73.109 1.0000000000
43006  1.111  -2.498  68.697 0.2500000000
43883  1.331  -2.262  69.648 0.2500000000
41109  5.754  -5.209  73.166 1.0000000000
40191  5.696  -6.254  72.248 0.8750000000
41122  5.262  -5.863  72.809 0.5000000000
83762  1.066  -2.893  69.371 0.2500000000
42995  0.978  -2.420  70.236 0.2500000000
40204  5.432  -6.989  71.960 0.3750000000
38290  6.266  -8.725  69.227 0.3750000000
38291  5.803  -8.321  70.107 0.1250000000
39266  5.579  -7.902  70.918 0.3750000000
40193  4.014  -6.899  73.477 0.2500000000
39278  6.492  -7.965  69.872 0.5000000000
38301  6.911  -8.662  68.537 0.5000000000
42095  9.949  -4.548  73.514 0.5000000000
41117  9.202  -5.150  72.955 0.5000000000
89115  8.861  -4.332  74.123 0.6250000000
41106  8.603  -4.870  73.472 0.7500000000
41107  7.837  -5.318  73.149 0.8750000000
41121  6.151  -5.690  72.620 1.0000000000
41118  8.378  -5.474  72.863 0.8750000000
41120  7.010  -5.696  72.705 1.0000000000
40190  6.429  -6.026  72.228 1.0000000000
40218  6.742  -6.898  71.320 0.7500000000
40217  7.583  -6.864  71.016 0.7500000000
39300  8.006  -8.164  67.964 0.3750000000
38300  7.493  -8.646  67.959 0.5000000000
39253  5.894  -7.219  71.360 0.5000000000
39264  6.952  -7.368  70.482 0.7500000000
38311  8.228  -8.638  67.250 0.2500000000
39288  7.520  -8.166  68.610 0.5000000000
39277  7.676  -7.696  69.396 0.5000000000
39265  6.206  -7.587  70.655 0.5000000000
39289  6.912  -8.141  69.178 0.3750000000
42094  10.616  -4.467  73.232 0.5000000000
41128  10.974  -4.883  72.343 0.5000000000
41116  10.126  -5.175  72.550 0.7500000000
88571  9.417  -5.701  72.197 0.7500000000
41130  8.656  -5.885  72.263 0.8750000000
41119  7.765  -5.986  72.356 1.0000000000
40216  8.520  -6.814  70.763 0.7500000000
40202  7.445  -6.488  71.696 0.8750000000
39263  7.716  -7.294  70.231 0.8750000000
38310  9.148  -8.408  66.771 0.5000000000
99751  9.680  -7.699  68.007 0.6250000000
39287  8.420  -7.707  68.783 0.6250000000
39276  8.464  -7.273  69.820 0.8750000000
41138  11.663  -5.294  71.073 0.6250000000
41129  10.591  -5.458  71.836 0.6250000000
84070  11.105  -5.416  71.496 0.7500000000
41139  11.192  -5.887  70.706 0.7500000000
88077  9.981  -5.834  71.679 0.7500000000
40214  10.698  -6.270  70.453 0.8750000000
40215  9.917  -6.370  70.888 0.8750000000
40229  9.360  -6.815  70.243 1.0000000000
39275  9.136  -7.248  69.428 0.8750000000
39311  10.772  -8.014  66.964 0.3750000000
38318  11.677  -8.364  66.004 0.1250000000
88632  11.305  -7.983  66.579 0.5000000000
88643  12.076  -5.453  70.442 0.6250000000
42114  12.308  -4.811  70.975 0.5000000000
86140  11.663  -5.879  70.195 0.7500000000
41158  11.668  -6.154  69.486 0.7500000000
40226  11.258  -6.226  69.950 0.8750000000
83963  10.159  -6.563  70.199 1.0000000000
40227  10.690  -6.536  69.748 0.8750000000
40228  9.947  -6.925  69.575 1.0000000000
40239  11.025  -6.897  68.515 1.0000000000
39298  10.878  -7.443  67.758 0.7500000000
40240  10.519  -6.948  69.017 0.8750000000
40256  11.660  -6.986  66.963 0.7500000000
39285  10.339  -7.409  68.255 0.7500000000
39286  9.565  -7.447  68.689 0.8750000000
38330  12.141  -8.480  65.506 0.2500000000
39310  11.646  -7.565  66.511 0.6250000000
39297  11.332  -7.385  67.213 0.7500000000
42123  12.604  -5.055  70.196 0.5000000000
41156  12.810  -5.330  69.355 0.8750000000
94450  12.473  -5.741  68.799 0.8750000000
41178  12.085  -5.969  69.142 1.0000000000
41177  12.032  -6.015  68.639 0.8750000000
40238  11.588  -6.370  68.758 1.0000000000
40247  11.827  -6.210  67.972 1.0000000000
40249  11.349  -6.821  67.988 1.0000000000
40248  11.593  -6.746  67.483 0.7500000000
40265  12.265  -6.930  65.586 0.7500000000
39320  12.025  -7.721  65.902 0.7500000000
42138  13.693  -4.658  69.098 0.6250000000
41176  13.173  -5.326  68.566 0.7500000000
41195  12.465  -5.690  68.191 0.8750000000
41204  13.090  -5.305  66.642 0.8750000000
41205  12.387  -5.697  67.293 1.0000000000
41217  12.390  -5.967  66.247 1.0000000000
40264  12.717  -6.087  65.146 0.8750000000
40255  11.900  -6.359  67.083 1.0000000000
40273  12.491  -7.014  64.673 0.8750000000
36776  17.273  -10.104  60.411 0.1250000000
37561  16.762  -9.667  60.762 0.5000000000
36789  17.469  -10.191  59.441 0.3750000000
99298  16.466  -8.749  59.923 0.7500000000
41194  13.332  -5.310  67.630 0.7500000000
94460  13.933  -5.162  66.932 0.8750000000
85468  13.969  -5.073  66.180 0.8750000000
41216  13.226  -5.395  65.685 0.8750000000
40272  12.912  -6.143  64.158 0.8750000000
40294  13.488  -6.397  62.425 0.7500000000
40283  13.150  -6.214  63.237 0.8750000000
36800  17.793  -10.342  58.512 0.2500000000
91007  17.902  -10.778  59.094 0.2500000000
37588  17.341  -9.582  58.862 0.5000000000
38414  16.917  -8.774  59.174 0.6250000000
38401  15.951  -8.394  60.330 0.7500000000
41215  14.124  -5.048  65.305 0.8750000000
41233  13.471  -5.457  64.708 0.8750000000
41275  13.889  -5.644  62.898 0.8750000000
41253  13.668  -5.534  63.779 0.8750000000
40308  14.610  -6.476  61.324 0.7500000000
40293  14.174  -5.918  62.044 0.7500000000
39368  14.886  -7.255  60.876 0.7500000000
39381  16.139  -7.192  59.726 0.7500000000
40341  16.044  -6.585  59.982 0.7500000000
39367  15.481  -7.077  60.324 0.7500000000
37604  17.745  -9.718  57.954 0.7500000000
38427  17.082  -7.963  58.532 0.8750000000
39380  16.688  -7.193  58.984 0.7500000000
38416  15.841  -7.750  60.133 0.7500000000
41232  14.464  -5.022  64.377 0.8750000000
87248  14.928  -4.808  65.142 0.8750000000
41252  14.399  -5.233  63.491 0.8750000000
41274  14.832  -5.244  62.751 0.8750000000
41294  14.962  -5.631  61.818 0.7500000000
40325  15.733  -6.134  60.452 0.7500000000
40326  15.161  -6.562  60.818 0.7500000000
39404  18.179  -7.553  57.376 0.8750000000
39392  17.225  -7.145  58.343 0.8750000000
40340  16.575  -6.387  59.368 0.8750000000
93206  24.995  -9.504  63.796 0.3750000000
38341  23.908  -8.896  63.979 0.6250000000
38355  23.122  -8.476  63.788 0.6250000000
97033  25.761  -9.279  63.027 0.5000000000
37528  25.506  -9.449  62.844 0.6250000000
37517  24.662  -9.529  63.118 0.6250000000
38354  23.737  -9.210  62.976 0.7500000000
93185  22.866  -8.596  63.028 0.8750000000
39337  21.763  -7.520  63.130 0.7500000000
39327  21.752  -7.412  64.076 0.6250000000
40292  20.479  -6.426  62.982 0.8750000000
40281  20.120  -6.232  63.746 0.8750000000
41248  19.273  -5.765  63.777 0.8750000000
96603  25.444  -9.148  62.419 0.7500000000
38381  24.966  -9.325  61.719 0.7500000000
37545  24.167  -9.734  61.522 0.6250000000
100718  22.969  -9.265  61.584 1.0000000000
39345  22.393  -8.248  62.622 1.0000000000
39346  21.842  -7.728  62.180 1.0000000000
40291  21.195  -6.983  62.665 0.8750000000
41247  19.754  -5.987  63.071 0.8750000000
41249  18.525  -5.487  63.328 0.8750000000
41231  15.605  -4.756  64.673 0.8750000000
93245  25.216  -8.833  61.748 0.7500000000
38396  24.806  -8.965  61.024 0.8750000000
38383  23.822  -9.810  60.909 0.8750000000
38384  23.039  -9.546  60.868 0.8750000000
39353  22.464  -8.722  61.607 1.0000000000
87818  20.702  -6.532  61.392 0.8750000000
41268  20.106  -6.107  62.501 0.8750000000
41269  19.423  -5.778  62.363 0.8750000000
41271  17.829  -5.273  62.757 0.8750000000
89040  16.911  -5.111  62.984 0.8750000000
41273  15.902  -4.899  63.141 0.8750000000
93931  24.490  -8.863  60.314 0.8750000000
38398  23.597  -9.717  60.104 0.8750000000
38385  22.286  -8.924  60.572 1.0000000000
40321  21.213  -7.233  60.898 1.0000000000
41290  19.339  -5.719  61.515 0.8750000000
93568  18.803  -5.556  61.945 0.8750000000
41272  16.212  -5.114  62.276 0.8750000000
39377  23.758  -8.722  58.623 1.0000000000
38412  22.642  -9.347  58.987 0.8750000000
38400  21.992  -9.041  59.694 0.8750000000
39378  21.196  -8.419  59.518 1.0000000000
39366  20.845  -7.320  60.065 1.0000000000
40323  20.255  -6.500  60.250 1.0000000000
41311  19.590  -5.932  60.045 1.0000000000
41312  18.111  -5.352  60.423 0.8750000000
85386  17.617  -5.267  61.147 0.7500000000
41292  16.785  -5.251  61.039 0.7500000000
89255  15.489  -5.187  62.311 0.7500000000
96682  23.594  -8.255  57.997 1.0000000000
38423  23.259  -9.104  58.373 1.0000000000
38413  21.650  -9.196  58.897 1.0000000000
39379  20.613  -7.735  59.308 1.0000000000
40338  20.062  -6.730  59.455 1.0000000000
88709  18.694  -5.508  59.759 0.8750000000
97614  16.344  -5.235  61.570 0.7500000000
88834  15.669  -5.390  61.670 0.7500000000
41372  23.079  -6.135  55.688 1.0000000000
39399  23.277  -7.685  57.172 1.0000000000
39389  23.124  -8.980  57.551 1.0000000000
38424  22.458  -9.429  58.168 0.8750000000
38425  21.482  -9.396  58.038 1.0000000000
90049  20.201  -8.042  58.037 1.0000000000
40352  19.578  -6.532  58.536 1.0000000000
41328  19.269  -5.856  59.136 0.8750000000
41329  18.471  -5.540  58.883 0.8750000000
41330  17.783  -5.436  59.490 0.7500000000
41313  17.263  -5.366  60.342 0.7500000000
41315  15.990  -5.485  61.002 0.7500000000
40386  22.557  -6.977  55.406 1.0000000000
39414  22.288  -8.822  56.126 0.8750000000
38456  22.175  -9.307  56.687 0.8750000000
38442  21.435  -9.414  57.138 0.8750000000
38426  20.630  -8.954  57.720 0.8750000000
40351  19.676  -7.180  57.884 0.8750000000
41361  18.799  -6.238  57.875 0.8750000000
41346  18.352  -5.807  58.282 0.8750000000
40339  17.326  -5.809  58.983 0.8750000000
41314  16.473  -5.590  60.392 0.7500000000
39432  21.458  -8.279  54.906 1.0000000000
39415  21.747  -8.748  55.599 0.8750000000
38458  20.578  -9.268  56.034 0.8750000000
39416  20.399  -8.967  56.803 0.8750000000
39417  19.535  -7.973  57.053 0.8750000000
40364  18.672  -6.878  57.459 0.8750000000
40353  18.271  -6.210  57.899 0.8750000000
40354  17.770  -5.965  58.307 0.8750000000
39403  19.016  -7.793  56.875 0.8750000000
38369  25.938  -8.801  62.919 0.7500000000
98245  25.752  -7.480  61.745 0.7500000000
39352  25.313  -8.168  61.417 0.7500000000
39363  24.946  -7.940  60.640 0.8750000000
40336  24.871  -7.276  60.066 1.0000000000
91759  24.570  -7.189  59.311 1.0000000000
39388  24.023  -7.662  58.600 1.0000000000
40349  24.482  -6.548  58.478 1.0000000000
41360  24.136  -6.003  57.144 1.0000000000
40350  23.841  -6.877  57.808 1.0000000000
96744  23.726  -5.910  56.266 1.0000000000
40320  25.386  -6.718  60.512 0.8750000000
40335  25.279  -6.332  59.747 1.0000000000
41344  25.191  -5.885  58.013 1.0000000000
41371  24.888  -5.817  56.410 1.0000000000
41400  23.541  -5.872  54.333 1.0000000000
41415  24.154  -6.077  53.675 0.8750000000
97420  23.999  -6.690  52.512 0.8750000000
91879  25.003  -6.892  52.207 0.7500000000
39462  25.867  -7.838  51.118 0.7500000000
40319  26.106  -6.101  60.883 0.8750000000
41309  26.115  -5.836  60.060 0.8750000000
41326  26.096  -5.699  59.157 1.0000000000
41359  25.079  -5.833  57.216 1.0000000000
41383  25.982  -6.214  55.641 1.0000000000
41370  26.031  -6.052  56.506 1.0000000000
41398  26.094  -6.522  54.611 1.0000000000
41384  24.761  -5.890  55.474 1.0000000000
41399  24.559  -5.996  54.499 1.0000000000
41414  25.505  -6.598  53.574 1.0000000000
94392  24.575  -6.492  52.945 1.0000000000
40415  25.666  -6.913  52.668 1.0000000000
40435  25.513  -7.402  51.655 0.7500000000
40434  27.014  -7.208  51.134 0.6250000000
38498  25.664  -8.586  50.898 0.6250000000
38506  26.161  -8.764  50.577 0.7500000000
39472  26.481  -8.135  50.663 0.6250000000
39461  27.172  -7.342  50.698 0.6250000000
41308  27.070  -5.639  60.242 0.6250000000
41342  27.106  -5.709  58.400 0.8750000000
41325  27.112  -5.613  59.311 0.7500000000
41357  27.089  -5.918  57.538 1.0000000000
41343  26.082  -5.708  58.240 1.0000000000
85163  27.159  -6.177  56.629 1.0000000000
85318  27.152  -6.448  55.724 1.0000000000
41358  26.074  -5.858  57.356 1.0000000000
96990  27.049  -6.694  55.034 1.0000000000
41397  27.691  -6.885  54.253 1.0000000000
40414  26.958  -7.085  52.747 1.0000000000
40401  27.227  -7.037  53.549 1.0000000000
40427  26.791  -7.027  51.865 1.0000000000
40426  27.972  -6.723  52.162 0.7500000000
87068  27.855  -6.493  51.356 0.7500000000
41434  27.600  -6.362  50.610 0.6250000000
85834  27.959  -5.959  57.717 0.8750000000
41356  28.229  -6.163  56.855 0.8750000000
41382  28.049  -6.613  54.884 1.0000000000
40413  27.988  -6.995  52.835 1.0000000000
88028  27.804  -5.947  51.205 0.6250000000
41369  28.400  -6.342  55.732 0.8750000000
42303  28.935  -5.781  54.227 1.0000000000
41381  28.802  -6.215  54.808 1.0000000000
41396  28.603  -6.489  54.104 1.0000000000
42321  28.796  -5.999  53.467 1.0000000000
40400  28.417  -6.755  53.319 1.0000000000
41412  28.755  -6.104  52.817 1.0000000000
41413  28.128  -5.569  52.372 1.0000000000
40425  28.451  -6.463  52.503 1.0000000000
41423  28.231  -6.123  51.812 0.8750000000
41435  26.830  -5.424  51.325 0.7500000000
42342  25.573  -4.617  51.345 0.6250000000
42322  28.175  -5.217  53.105 1.0000000000
41424  27.573  -5.495  51.788 1.0000000000
99714  26.417  -4.920  51.858 0.8750000000
42304  28.086  -4.720  53.883 1.0000000000
43158  27.228  -4.281  53.497 1.0000000000
42323  27.005  -4.502  52.955 1.0000000000
42335  26.732  -4.737  52.361 1.0000000000
43184  25.637  -4.198  52.132 0.8750000000
43146  26.747  -3.669  54.085 1.0000000000
43159  26.043  -3.600  53.519 1.0000000000
43173  25.828  -3.883  52.802 1.0000000000
43185  24.973  -3.702  51.652 0.8750000000
44045  24.693  -2.809  51.441 0.8750000000
44044  25.030  -1.856  51.084 0.8750000000
44052  25.140  -1.918  50.112 0.8750000000
44981  25.436  -1.486  48.435 0.6250000000
44009  26.871  -2.922  55.277 0.8750000000
43139  27.408  -3.734  54.608 1.0000000000
44017  26.323  -2.943  54.718 1.0000000000
44018  25.773  -2.900  54.119 1.0000000000
44908  25.999  -2.078  54.259 1.0000000000
93142  25.377  -2.846  53.564 1.0000000000
43160  25.236  -3.230  53.149 1.0000000000
44926  25.667  -1.850  53.475 1.0000000000
44024  25.161  -2.409  52.885 1.0000000000
43174  24.867  -3.211  52.398 1.0000000000
44955  25.473  -1.108  51.633 1.0000000000
44036  24.960  -2.066  52.003 1.0000000000
44961  25.485  -0.886  50.808 0.8750000000
89600  25.429  -1.024  49.906 1.0000000000
45781  25.444  -0.668  48.669 0.7500000000
45771  25.482  -0.355  49.528 0.8750000000
44008  27.396  -2.768  55.729 0.7500000000
44895  27.272  -1.727  55.768 0.7500000000
44896  26.896  -2.086  55.451 0.7500000000
44907  26.484  -1.795  54.812 0.8750000000
45723  27.100  -0.614  54.285 0.8750000000
44925  26.287  -1.096  53.861 0.8750000000
44944  26.148  -0.767  52.923 1.0000000000
44945  25.522  -1.385  52.503 1.0000000000
45761  25.657  -0.212  50.406 1.0000000000
45753  25.937  -0.320  51.467 1.0000000000
46549  25.461  0.268  48.802 0.8750000000
85748  25.426  -1.066  49.182 0.7500000000
43991  28.200  -2.065  56.805 0.7500000000
44884  27.754  -1.336  56.152 0.7500000000
44906  26.964  -1.285  55.169 0.8750000000
45709  27.595  -0.675  55.216 0.8750000000
45722  28.054  -0.020  54.212 0.8750000000
45733  26.910  -0.327  53.255 0.8750000000
46522  27.891  0.847  52.386 0.8750000000
45732  27.463  0.295  52.712 1.0000000000
45742  26.025  -0.526  52.112 1.0000000000
45740  27.068  0.483  51.974 1.0000000000
45752  26.410  0.246  51.430 1.0000000000
46540  26.170  0.393  50.860 1.0000000000
92081  25.881  -0.101  51.028 1.0000000000
47282  26.180  1.319  50.086 1.0000000000
46539  26.513  0.993  50.698 1.0000000000
46531  26.837  0.761  51.326 1.0000000000
95383  25.603  1.139  48.818 0.8750000000
47283  25.766  1.022  49.455 0.8750000000
44883  28.254  -0.937  56.638 0.6250000000
45690  28.271  -0.422  55.696 0.7500000000
85086  29.604  0.713  54.409 0.8750000000
46497  29.072  0.327  55.104 0.8750000000
47244  30.112  1.062  54.334 0.8750000000
46508  28.922  0.440  54.133 0.8750000000
46507  29.555  0.882  53.861 0.7500000000
98783  28.434  0.393  53.592 0.8750000000
47257  29.973  1.766  53.590 0.5000000000
47258  29.420  1.284  53.295 0.7500000000
46512  28.936  0.759  53.409 0.8750000000
87390  27.747  0.086  53.452 0.8750000000
47264  29.420  1.946  52.881 0.7500000000
46513  28.253  0.583  53.010 0.8750000000
98570  29.125  1.505  52.835 0.8750000000
47265  28.836  1.753  52.480 0.8750000000
47989  29.364  2.621  52.655 0.8750000000
47990  28.995  2.296  52.413 1.0000000000
47266  28.193  1.455  52.161 1.0000000000
47272  28.381  2.209  52.000 1.0000000000
47273  27.715  1.759  51.617 1.0000000000
46530  27.509  1.095  51.760 1.0000000000
47996  27.753  2.414  51.485 1.0000000000
47279  27.267  2.014  51.064 1.0000000000
47274  27.126  1.364  51.185 1.0000000000
47285  25.922  1.741  49.414 1.0000000000
48005  25.625  1.684  48.352 1.0000000000
89898  25.421  0.590  47.066 0.7500000000
89566  25.344  0.825  46.292 0.7500000000
44873  28.614  -1.547  57.361 0.5000000000
93956  28.827  -0.107  56.194 0.6250000000
45689  29.362  0.240  56.746 0.5000000000
47979  30.526  2.284  54.070 0.5000000000
48681  30.181  2.773  53.607 0.5000000000
48691  29.718  2.977  52.989 0.5000000000
47980  29.861  2.412  53.287 0.5000000000
47995  28.815  2.776  52.197 1.0000000000
99835  27.719  2.797  51.365 1.0000000000
48000  26.844  2.236  50.502 1.0000000000
48004  25.916  2.499  48.902 1.0000000000
45018  26.553  -1.495  43.589 0.1250000000
45789  25.785  -0.623  44.294 0.2500000000
46557  25.475  0.687  44.776 0.5000000000
92868  25.326  1.569  45.990 0.5000000000
48010  25.483  2.330  46.540 0.8750000000
45796  25.618  0.083  44.238 0.2500000000
46480  30.039  0.843  56.187 0.5000000000
46481  29.448  0.479  55.853 0.6250000000
46479  30.833  1.210  55.681 0.3750000000
47953  31.984  2.308  55.224 0.2500000000
47235  30.728  1.391  54.904 0.3750000000
46496  30.034  0.852  55.089 0.3750000000
48659  32.595  2.764  55.146 0.2500000000
47954  31.188  2.026  54.799 0.3750000000
47243  30.431  1.594  54.273 0.3750000000
47964  31.949  2.710  54.812 0.2500000000
100616  31.635  2.453  54.877 0.3750000000
48670  31.557  3.148  54.534 0.3750000000
48680  30.726  2.888  54.138 0.5000000000
93019  30.065  3.404  53.588 0.5000000000
48693  29.183  3.164  52.441 0.7500000000
48694  28.631  3.333  51.990 1.0000000000
94973  26.847  2.731  50.323 1.0000000000
48002  26.392  2.427  49.824 1.0000000000
100459  26.266  2.809  49.410 1.0000000000
48706  26.172  3.659  47.898 0.8750000000
48705  26.274  3.255  48.924 1.0000000000
48707  25.771  3.219  47.096 0.8750000000
48008  25.654  2.369  47.720 0.8750000000
45017  27.061  -1.492  42.925 0.1250000000
45809  26.544  -0.772  43.145 0.1250000000
47295  25.678  1.403  44.311 0.5000000000
47290  25.358  0.986  45.530 0.5000000000
44147  27.669  -2.287  42.917 0.1250000000
46461  30.124  0.602  57.267 0.2500000000
47931  36.391  2.208  59.103 0.2500000000
47924  36.107  1.421  59.613 0.2500000000
84864  30.727  0.988  56.481 0.1250000000
47932  35.591  1.739  58.435 0.2500000000
47934  33.713  1.603  57.210 0.2500000000
95447  32.169  1.627  56.256 0.2500000000
47224  31.551  1.272  56.403 0.2500000000
47941  34.960  2.237  57.322 0.2500000000
47943  33.117  2.015  56.294 0.2500000000
47222  32.854  1.673  56.691 0.2500000000
47234  31.549  1.708  55.560 0.2500000000
48646  35.310  3.006  57.097 0.2500000000
47942  34.013  2.059  56.741 0.2500000000
47223  32.348  1.975  55.919 0.2500000000
48647  34.436  2.739  56.438 0.2500000000
47952  32.655  2.330  55.644 0.2500000000
48657  34.055  3.380  55.916 0.2500000000
48648  33.450  2.590  55.820 0.2500000000
48658  33.213  3.349  55.409 0.2500000000
49398  29.446  3.622  52.800 0.7500000000
49404  28.491  4.020  51.693 1.0000000000
49408  27.631  3.742  50.762 1.0000000000
49410  27.285  4.062  49.904 1.0000000000
49413  26.589  4.061  48.466 1.0000000000
47303  25.985  1.303  43.733 0.5000000000
48018  25.674  2.184  44.615 0.5000000000
48713  25.633  3.099  45.906 0.8750000000
45808  27.223  -0.645  42.637 0.1250000000
46561  26.268  0.758  43.374 0.5000000000
46572  27.489  0.278  42.573 0.1250000000
47199  35.367  1.075  58.978 0.2500000000
86092  35.890  2.531  57.976 0.2500000000
47933  34.652  1.542  57.792 0.2500000000
96336  34.775  3.447  56.527 0.2500000000
49372  32.793  4.163  55.358 0.2500000000
48669  32.207  3.080  54.790 0.2500000000
49380  31.984  3.921  54.937 0.3750000000
93785  30.712  3.453  54.204 0.5000000000
49403  28.950  3.843  52.222 0.8750000000
50126  27.695  4.598  50.300 1.0000000000
49412  27.028  4.517  48.959 1.0000000000
84266  26.120  3.979  47.063 1.0000000000
48725  25.731  2.979  44.949 0.7500000000
48709  25.994  3.893  46.237 0.8750000000
47302  26.605  1.580  43.411 0.3750000000
48017  26.194  2.793  44.206 0.6250000000
100451  36.169  3.273  57.806 0.2500000000
49362  35.716  3.969  57.213 0.2500000000
49371  33.634  4.222  55.807 0.2500000000
49389  30.281  4.213  53.994 0.5000000000
50113  29.253  4.539  52.519 0.7500000000
50121  28.842  4.878  51.796 1.0000000000
50129  27.437  4.973  49.426 1.0000000000
49419  26.438  4.550  46.507 1.0000000000
100431  26.298  3.400  44.614 0.8750000000
49431  26.556  4.390  45.559 1.0000000000
48029  26.980  2.507  43.595 0.7500000000
48736  26.927  3.349  44.123 0.8750000000
49363  34.567  4.217  56.362 0.2500000000
50089  32.367  5.158  55.185 0.5000000000
50097  30.720  5.143  54.210 0.5000000000
50105  30.039  5.234  53.694 0.5000000000
50907  29.350  5.631  52.189 1.0000000000
50122  28.412  4.748  51.294 1.0000000000
50125  28.157  5.183  50.646 1.0000000000
49407  28.042  4.249  51.089 1.0000000000
50128  27.873  5.677  49.717 1.0000000000
50139  26.862  5.150  46.884 1.0000000000
50138  27.366  5.636  47.375 1.0000000000
48724  26.783  3.982  44.743 1.0000000000
49418  27.082  5.040  45.848 1.0000000000
48028  28.026  2.508  43.255 0.8750000000
50096  31.556  5.133  54.661 0.5000000000
50894  30.149  6.138  53.373 0.5000000000
50917  29.204  6.038  51.432 1.0000000000
50925  28.543  6.147  50.193 1.0000000000
50918  28.658  5.629  51.031 1.0000000000
50933  28.585  6.475  49.200 1.0000000000
50934  27.875  6.169  48.740 1.0000000000
100603  27.574  5.625  49.113 1.0000000000
50150  27.759  5.530  46.312 1.0000000000
48723  27.695  3.939  44.285 1.0000000000
49443  27.392  4.615  44.962 1.0000000000
97609  28.594  3.024  43.419 0.6250000000
48735  27.825  3.200  43.706 0.7500000000
48027  28.876  2.561  42.981 0.3750000000
48054  29.612  1.903  41.272 0.1250000000
48041  29.369  2.174  41.965 0.3750000000
50882  31.223  6.024  54.237 0.5000000000
50923  30.060  6.598  50.913 1.0000000000
50916  29.936  6.428  51.771 1.0000000000
83348  31.059  6.839  50.490 1.0000000000
50931  30.234  6.740  50.016 1.0000000000
50924  29.289  6.407  50.543 1.0000000000
83435  32.150  6.619  49.042 1.0000000000
50940  31.299  6.689  48.662 1.0000000000
89012  31.201  6.798  49.567 1.0000000000
84076  30.386  6.760  49.115 1.0000000000
50942  29.603  6.719  48.638 1.0000000000
84636  32.141  6.527  48.068 1.0000000000
50941  30.594  6.685  48.190 1.0000000000
86257  29.947  6.639  47.596 1.0000000000
50943  28.789  6.549  48.025 1.0000000000
50954  30.958  6.473  47.233 1.0000000000
50962  30.333  6.258  46.531 1.0000000000
50955  29.395  6.490  47.085 1.0000000000
50956  28.631  6.310  47.066 1.0000000000
50944  27.899  6.171  47.756 1.0000000000
50148  30.071  5.759  45.776 1.0000000000
88149  29.296  5.700  45.882 1.0000000000
50164  28.744  5.450  45.646 1.0000000000
49430  29.124  4.988  44.864 1.0000000000
49442  28.441  4.512  44.533 1.0000000000
89892  28.051  5.148  45.271 1.0000000000
48721  29.910  3.725  43.702 0.8750000000
48722  28.807  3.721  43.853 0.8750000000
48746  29.655  3.076  42.390 0.3750000000
48733  29.969  3.411  43.067 0.5000000000
48734  29.353  3.196  43.265 0.5000000000
48040  29.687  2.659  41.377 0.1250000000
48026  29.401  2.769  42.644 0.3750000000
50906  29.942  6.301  52.601 0.8750000000
50922  30.859  6.767  51.349 1.0000000000
50930  32.169  6.729  50.070 1.0000000000
50953  31.913  6.286  47.177 1.0000000000
50961  31.474  5.929  46.447 1.0000000000
50147  31.037  5.513  45.831 1.0000000000
50162  30.672  5.045  45.261 1.0000000000
49429  30.203  4.628  44.759 1.0000000000
48720  30.605  3.838  43.577 0.8750000000
49441  29.587  4.236  44.308 1.0000000000
48732  30.304  3.687  42.955 0.6250000000
49466  30.071  4.191  41.778 0.3750000000
48759  29.928  3.466  40.882 0.2500000000
48745  29.846  3.521  42.113 0.6250000000
51763  34.631  6.823  50.426 0.7500000000
51764  33.776  6.725  50.652 0.8750000000
85744  34.945  6.647  49.658 0.8750000000
51773  34.173  6.525  49.846 0.8750000000
50928  34.536  6.415  49.050 0.8750000000
50929  33.723  6.406  49.189 0.8750000000
92504  34.898  6.305  48.274 0.8750000000
50938  34.155  6.277  48.348 0.8750000000
51766  31.830  6.838  51.024 0.8750000000
50939  33.160  6.398  48.410 0.8750000000
100712  32.907  6.505  49.356 1.0000000000
50952  32.890  6.216  47.324 1.0000000000
50146  31.847  5.359  45.869 1.0000000000
50161  31.593  4.955  45.292 1.0000000000
49427  32.024  4.677  44.802 1.0000000000
49428  31.236  4.404  44.688 1.0000000000
49439  31.775  4.341  44.334 1.0000000000
49440  31.276  4.023  44.053 1.0000000000
87482  30.585  4.020  44.226 1.0000000000
49451  31.050  4.050  43.448 0.8750000000
49457  31.358  4.391  43.195 0.7500000000
49475  30.149  4.399  40.688 0.3750000000
49488  30.440  4.658  39.930 0.1250000000
48771  30.409  3.878  39.852 0.2500000000
50950  34.585  6.127  47.535 0.8750000000
50951  33.820  6.154  47.499 0.8750000000
50144  33.980  5.686  46.219 1.0000000000
50136  33.490  5.870  46.651 0.8750000000
50159  33.693  5.496  45.590 1.0000000000
50145  33.210  5.483  45.906 1.0000000000
50171  33.292  5.248  44.949 1.0000000000
50160  32.436  5.163  45.443 1.0000000000
97285  32.666  4.977  44.526 1.0000000000
50180  32.022  4.711  43.465 1.0000000000
49450  31.790  4.344  43.857 1.0000000000
50192  31.606  5.000  42.754 0.7500000000
50201  31.129  5.371  41.894 0.6250000000
49465  30.814  4.647  42.372 0.7500000000
51045  33.419  6.768  38.467 0.8750000000
51046  32.587  6.497  38.752 0.7500000000
50222  31.760  6.204  39.216 0.3750000000
50223  31.038  5.753  39.835 0.6250000000
50202  30.430  4.963  41.377 0.5000000000
51064  34.644  6.303  36.922 0.3750000000
96480  33.618  6.433  37.705 0.7500000000
51058  32.791  6.228  37.923 0.6250000000
86898  30.759  5.134  39.621 0.3750000000
51063  35.341  6.272  36.591 0.2500000000
50261  35.869  5.843  35.987 0.2500000000
50275  36.373  5.457  35.606 0.2500000000
51072  36.587  6.157  35.692 0.5000000000
50143  34.924  5.953  46.906 0.8750000000
50142  35.163  5.921  46.331 0.7500000000
50158  34.458  5.681  45.929 0.8750000000
50178  33.097  5.195  44.330 1.0000000000
50179  32.445  4.758  44.020 1.0000000000
50190  32.857  5.313  43.646 1.0000000000
100290  32.418  4.989  43.577 1.0000000000
50191  32.353  5.430  43.007 0.8750000000
51020  32.551  6.956  40.556 0.8750000000
51008  32.067  6.534  41.376 0.6250000000
51847  34.971  7.605  38.917 1.0000000000
51848  34.109  7.352  39.102 1.0000000000
51030  33.274  7.045  39.301 0.8750000000
51019  33.104  7.211  39.994 0.8750000000
51021  31.642  6.414  40.375 0.6250000000
50211  30.890  5.726  40.876 0.5000000000
51043  35.099  7.255  38.142 0.8750000000
51044  34.272  6.986  38.295 0.8750000000
51056  35.208  6.819  37.346 0.6250000000
51055  35.998  7.027  37.122 0.6250000000
51062  36.247  6.562  36.388 0.8750000000
51061  37.040  6.821  36.128 0.8750000000
51071  37.268  6.445  35.349 0.5000000000
51081  37.564  6.076  34.603 0.3750000000
50949  35.569  6.194  46.928 0.7500000000
50974  34.961  5.834  45.614 0.8750000000
50981  33.867  5.554  44.617 1.0000000000
50979  35.376  6.202  45.177 1.0000000000
50980  34.685  5.829  44.888 1.0000000000
50988  33.586  5.748  43.832 1.0000000000
51811  33.649  7.189  42.441 1.0000000000
93727  33.144  6.199  42.976 1.0000000000
100821  36.397  8.964  41.189 1.0000000000
90042  36.042  8.637  40.706 1.0000000000
52461  35.401  8.551  41.358 1.0000000000
51818  34.935  8.206  41.006 1.0000000000
51820  33.535  7.492  41.501 1.0000000000
94445  33.106  6.893  42.156 1.0000000000
50997  32.522  6.351  42.247 0.8750000000
53156  36.989  9.237  41.190 1.0000000000
51829  35.358  8.159  40.085 1.0000000000
51830  34.319  7.849  40.617 1.0000000000
51831  33.372  7.417  40.652 1.0000000000
51007  32.831  7.030  41.426 0.8750000000
89290  36.423  8.553  40.014 1.0000000000
51828  36.008  8.292  39.592 1.0000000000
51837  34.770  7.793  39.701 1.0000000000
51838  33.857  7.504  39.897 1.0000000000
52474  36.473  8.417  39.545 0.8750000000
51835  36.390  8.218  39.125 0.8750000000
51855  35.879  7.516  37.949 0.8750000000
51862  36.842  7.206  36.932 0.8750000000
51070  37.872  6.831  34.972 0.7500000000
50972  36.558  6.689  46.464 0.6250000000
50973  35.767  6.249  45.897 0.7500000000
51795  36.469  6.840  45.717 0.6250000000
51800  35.607  6.959  44.755 0.8750000000
50986  34.983  6.568  44.470 1.0000000000
50987  34.322  6.146  44.141 1.0000000000
53151  37.315  9.531  42.726 0.5000000000
51804  35.203  7.517  43.995 1.0000000000
51805  34.576  7.112  43.655 1.0000000000
50996  33.932  6.644  43.323 1.0000000000
53152  36.581  9.244  42.085 1.0000000000
52454  35.940  8.943  42.776 1.0000000000
52455  35.321  8.656  42.395 1.0000000000
51809  34.860  8.055  43.073 1.0000000000
51810  34.270  7.598  42.754 1.0000000000
53155  37.359  9.507  41.942 0.6250000000
52460  35.921  8.861  41.725 1.0000000000
52456  34.708  8.361  42.032 1.0000000000
51819  34.160  7.932  41.710 1.0000000000
52459  36.666  8.817  40.479 0.8750000000
53161  37.377  9.074  40.396 0.7500000000
52464  37.750  8.776  39.705 0.7500000000
88216  37.429  8.460  39.276 0.7500000000
51844  37.255  7.930  38.361 0.7500000000
51854  36.695  7.593  37.793 0.8750000000
51861  37.733  7.242  36.785 1.0000000000
51874  38.463  7.317  34.631 0.6250000000
51867  38.532  7.369  35.637 0.7500000000
51868  37.806  7.037  35.890 1.0000000000
53838  39.151  9.926  44.329 0.5000000000
51799  36.248  7.256  45.034 0.8750000000
52447  37.318  8.297  44.978 0.5000000000
52448  36.546  8.071  44.645 0.5000000000
51803  35.849  7.829  44.321 0.8750000000
53150  38.070  9.856  43.199 0.5000000000
53145  38.232  9.702  44.037 0.5000000000
53146  37.389  9.431  43.659 0.5000000000
52450  36.870  8.863  44.181 0.5000000000
52451  36.173  8.593  43.788 0.7500000000
52452  35.510  8.344  43.431 0.8750000000
94264  38.046  9.841  42.334 0.3750000000
53147  36.615  9.211  43.211 0.7500000000
84518  37.967  9.608  41.328 0.5000000000
52472  38.084  8.463  39.169 0.7500000000
52482  38.372  8.167  38.592 0.7500000000
52488  38.732  7.880  38.026 0.7500000000
51843  38.002  7.839  38.183 0.7500000000
52487  39.094  7.725  37.519 0.8750000000
51852  38.440  7.531  37.434 0.8750000000
51853  37.543  7.564  37.639 1.0000000000
51851  39.085  7.510  37.050 0.8750000000
51858  40.062  8.111  35.751 0.8750000000
51859  39.357  7.698  36.343 0.8750000000
51860  38.544  7.348  36.577 0.8750000000
51865  39.867  8.180  34.832 1.0000000000
51866  39.210  7.807  35.289 1.0000000000
51873  39.046  7.848  34.280 0.8750000000
51885  38.599  7.112  33.738 0.3750000000
53841  38.871  10.200  43.625 0.3750000000
53840  39.712  10.783  43.388 0.3750000000
53844  38.750  10.341  42.857 0.3750000000
53849  38.782  10.232  41.980 0.3750000000
53855  38.986  9.946  41.075 0.5000000000
53160  38.284  9.373  40.348 0.5000000000
53159  39.221  9.629  40.186 0.6250000000
53168  38.608  9.021  39.601 0.6250000000
52471  38.995  8.572  38.952 0.6250000000
52481  39.481  8.480  38.427 0.6250000000
85055  39.009  8.207  38.397 0.7500000000
86256  40.333  8.405  37.308 0.7500000000
87400  39.489  8.133  37.850 0.7500000000
52490  41.432  8.723  36.324 0.8750000000
52491  40.189  8.145  36.557 0.8750000000
83433  40.838  8.399  36.018 0.8750000000
52503  40.508  8.389  34.222 0.8750000000
52497  40.744  8.368  35.213 0.8750000000
54552  40.168  11.162  42.779 0.3750000000
53843  39.362  10.709  42.551 0.3750000000
53848  39.683  10.725  41.761 0.3750000000
53854  39.821  10.254  40.741 0.5000000000
53870  40.085  9.864  39.973 0.6250000000
53167  39.503  9.282  39.440 0.6250000000
53175  39.831  8.979  38.778 0.6250000000
53174  40.590  9.328  38.509 0.6250000000
52480  40.123  8.670  38.121 0.6250000000
52486  40.846  9.054  37.764 0.7500000000
53173  41.351  9.635  38.245 0.6250000000
83525  41.897  9.166  36.740 0.7500000000
90054  41.610  8.648  35.508 0.8750000000
52496  42.128  8.819  34.722 0.8750000000
54557  40.722  11.373  42.088 0.3750000000
53853  40.560  10.520  40.432 0.5000000000
53883  41.102  9.912  38.992 0.3750000000
53166  40.331  9.595  39.235 0.6250000000
97418  42.385  9.659  37.224 0.3750000000
94122  41.617  9.384  37.491 0.6250000000
53181  43.393  9.597  36.214 0.3750000000
53188  43.583  9.425  35.504 0.5000000000
53189  42.352  8.970  35.416 0.7500000000
83474  42.953  9.147  35.088 0.7500000000
53196  42.902  9.144  34.308 0.6250000000
52501  42.139  8.893  33.780 0.8750000000
53882  41.843  10.212  38.717 0.2500000000
54616  43.898  11.047  37.802 0.1250000000
53880  43.247  10.746  38.121 0.1250000000
53177  42.120  9.918  37.986 0.2500000000
53895  44.203  10.701  37.023 0.1250000000
53897  42.857  10.165  37.699 0.1250000000
53923  44.117  9.766  35.921 0.2500000000
53195  43.813  9.335  34.719 0.6250000000
53868  41.571  10.511  39.439 0.2500000000
53867  42.296  10.792  39.146 0.1250000000
54604  42.992  11.039  38.857 0.1250000000
53881  42.566  10.485  38.425 0.2500000000
54603  43.658  11.303  38.580 0.1250000000
54615  44.634  11.409  37.505 0.1250000000
84433  45.104  11.864  37.606 0.1250000000
53910  44.547  10.300  36.281 0.2500000000
44764  0.684  -0.099  72.901 0.2500000000
44722  4.873  -0.454  75.833 0.6250000000
44772  1.018  -0.585  72.182 0.2500000000
42085  4.054  -4.567  73.890 0.7500000000
42938  0.268  -3.081  75.191 0.5000000000
43847  0.455  -2.378  74.434 0.3750000000
100212  -0.007  -2.263  73.596 0.3750000000
42976  -0.151  -2.309  72.855 0.2500000000
41089  1.790  -5.162  76.515 0.2500000000
41095  0.277  -3.942  76.258 0.3750000000
41092  0.154  -4.538  76.523 0.3750000000
93942  2.855  -5.689  74.993 0.3750000000
42086  -0.638  -3.982  74.977 0.3750000000
42985  0.723  -2.028  71.225 0.2500000000
42986  0.290  -2.681  71.951 0.2500000000
97188  1.641  -2.259  69.274 0.2500000000
100147  1.093  -2.380  68.131 0.2500000000
43005  1.881  -2.507  68.590 0.2500000000
40203  6.178  -6.554  71.817 0.5000000000
40192  4.834  -6.774  72.675 0.3750000000
40184  4.341  -6.059  73.325 0.3750000000
42115  0.989  -3.468  70.239 0.2500000000
42106  0.758  -3.106  71.070 0.2500000000
37476  6.154  -9.641  69.191 0.1250000000
37477  5.633  -9.182  69.809 0.1250000000
38281  5.182  -8.746  70.652 0.1250000000
85991  5.384  -7.567  71.533 0.5000000000
39267  5.132  -8.099  71.317 0.2500000000
39254  4.860  -7.730  72.063 0.2500000000
99238  7.122  -7.692  69.822 0.6250000000
40189  6.948  -6.284  72.041 1.0000000000
84824  8.909  -7.946  67.729 0.6250000000
40201  8.182  -6.427  71.623 0.7500000000
40200  9.130  -6.281  71.471 0.8750000000
99654  9.249  -6.578  70.862 0.8750000000
39299  9.956  -7.934  67.415 0.6250000000
41127  11.438  -4.908  71.847 0.5000000000
98108  10.616  -5.925  71.166 0.8750000000
38319  10.682  -8.559  66.194 0.3750000000
39312  9.960  -8.346  66.597 0.3750000000
41157  12.143  -5.736  69.776 0.6250000000
85109  11.184  -6.486  69.246 1.0000000000
39328  12.268  -7.834  65.172 0.5000000000
39309  11.957  -6.932  66.399 0.7500000000
41175  14.066  -4.913  68.272 0.7500000000
36788  17.796  -10.752  59.926 0.1250000000
96702  16.930  -9.431  59.899 0.5000000000
91929  17.117  -10.097  61.431 0.1250000000
86448  12.897  -7.060  62.781 0.7500000000
85871  17.392  -8.914  58.226 0.5000000000
38415  16.369  -8.025  59.511 0.7500000000
41293  15.286  -5.924  61.141 0.6250000000
40309  13.861  -6.768  61.736 0.7500000000
37603  17.864  -9.077  57.405 0.7500000000
38444  17.693  -8.239  57.676 0.8750000000
39391  17.570  -7.504  57.892 0.8750000000
41251  15.199  -4.904  63.732 0.8750000000
40324  16.292  -6.038  59.942 0.7500000000
40355  17.202  -6.482  58.609 0.8750000000
37508  24.594  -9.336  63.762 0.3750000000
39336  22.404  -7.987  63.503 0.7500000000
37543  25.156  -9.456  62.246 0.7500000000
37529  24.981  -9.581  62.569 0.6250000000
37516  25.302  -9.526  63.298 0.6250000000
37544  24.716  -9.648  61.842 0.7500000000
38370  23.558  -9.530  61.719 0.6250000000
38371  22.966  -8.936  62.249 0.7500000000
40280  20.990  -6.849  63.678 0.8750000000
92866  19.133  -5.671  63.027 0.8750000000
38382  24.479  -9.613  61.165 0.8750000000
39354  21.804  -7.971  61.222 1.0000000000
40306  21.287  -7.104  61.765 1.0000000000
40307  20.662  -6.500  62.203 0.8750000000
38397  24.239  -9.503  60.463 0.7500000000
38399  22.857  -9.472  59.866 0.8750000000
41289  20.107  -6.014  61.827 0.8750000000
41270  18.634  -5.510  62.566 0.8750000000
89039  17.109  -5.162  61.946 0.8750000000
41250  16.765  -5.048  63.906 0.8750000000
39376  24.092  -8.514  59.188 1.0000000000
38410  24.095  -9.169  59.790 1.0000000000
39364  24.496  -8.234  59.865 1.0000000000
38411  23.520  -9.313  59.210 0.8750000000
39365  21.561  -8.167  60.330 1.0000000000
40322  20.663  -6.661  60.696 1.0000000000
41310  20.053  -5.982  60.913 0.8750000000
41291  18.496  -5.464  61.281 0.8750000000
89462  18.084  -5.303  61.939 0.8750000000
87294  19.048  -5.619  60.666 0.8750000000
38441  22.339  -9.412  57.360 1.0000000000
39390  20.735  -8.639  58.658 1.0000000000
40337  20.133  -7.465  58.649 1.0000000000
94028  23.051  -6.876  56.374 1.0000000000
40373  23.540  -6.555  56.986 1.0000000000
87703  22.668  -7.946  56.140 1.0000000000
39400  22.824  -8.767  56.737 1.0000000000
39401  19.931  -8.011  57.430 0.8750000000
87993  19.258  -6.436  57.975 1.0000000000
41345  19.007  -5.894  58.341 0.8750000000
41347  17.909  -5.583  58.716 0.8750000000
41331  16.904  -5.670  59.709 0.7500000000
91963  22.141  -8.087  55.494 1.0000000000
38457  21.495  -9.275  56.151 0.8750000000
40363  19.184  -6.833  57.587 0.8750000000
39402  19.448  -7.401  57.430 0.8750000000
40374  19.180  -7.311  57.258 0.8750000000
40365  17.791  -6.729  57.857 0.8750000000
39431  21.870  -7.459  54.686 1.0000000000
38470  21.008  -8.994  55.315 0.8750000000
38443  18.315  -8.409  56.997 0.7500000000
40304  26.172  -6.540  61.578 0.8750000000
40305  25.524  -7.155  61.191 0.7500000000
40362  24.489  -6.126  57.769 1.0000000000
41385  23.675  -5.799  55.228 1.0000000000
41386  22.903  -6.058  54.883 1.0000000000
41327  25.194  -6.048  58.889 1.0000000000
41416  23.376  -6.053  53.651 0.8750000000
39463  24.806  -7.795  51.595 0.7500000000
46547  25.798  0.532  50.037 1.0000000000
45708  28.402  -0.037  54.821 0.8750000000
45741  26.716  -0.095  52.427 1.0000000000
46521  28.713  1.133  52.765 0.8750000000
89802  26.467  0.012  51.849 1.0000000000
47280  26.743  1.637  50.622 1.0000000000
100190  26.419  1.887  50.118 1.0000000000
47286  25.477  0.840  47.959 0.8750000000
46551  25.439  -0.151  47.534 0.7500000000
85046  29.950  1.253  53.850 0.5000000000
48695  28.151  2.895  51.715 1.0000000000
47288  25.452  1.454  47.140 0.8750000000
45673  28.813  -0.575  57.130 0.3750000000
89489  31.293  2.577  54.583 0.3750000000
48699  27.651  3.138  51.165 1.0000000000
47999  27.325  2.662  50.920 1.0000000000
97828  27.026  -2.029  43.408 0.1250000000
100332  26.146  -0.907  43.762 0.2500000000
46562  25.737  0.687  43.938 0.2500000000
47292  25.434  1.521  45.090 0.6250000000
48698  28.076  3.524  51.477 1.0000000000
48701  27.142  3.267  50.374 1.0000000000
48702  26.585  3.030  49.777 1.0000000000
48704  26.804  3.668  49.443 1.0000000000
93563  25.959  -0.109  43.551 0.3750000000
46573  26.656  0.071  42.915 0.1250000000
48030  26.082  1.998  43.895 0.6250000000
50106  29.691  4.333  53.266 0.6250000000
49381  31.102  4.093  54.465 0.5000000000
49415  26.867  4.946  47.935 1.0000000000
48712  26.081  3.709  45.297 1.0000000000
50883  30.514  5.915  53.911 0.5000000000
50895  29.593  5.397  52.980 0.7500000000
50132  27.335  5.523  48.484 1.0000000000
50932  29.406  6.628  49.625 1.0000000000
50149  28.619  5.857  46.370 1.0000000000
50137  28.022  5.942  46.961 1.0000000000
48042  28.960  2.059  42.423 0.3750000000
96504  31.385  6.564  47.863 1.0000000000
50963  29.383  6.126  46.406 1.0000000000
50163  29.687  5.309  45.310 1.0000000000
51754  35.102  7.338  50.982 0.6250000000
50960  32.502  5.691  46.380 1.0000000000
50172  32.601  4.991  44.863 1.0000000000
49449  32.227  4.636  44.382 1.0000000000
49458  30.562  4.054  42.770 0.6250000000
50212  30.502  5.150  40.364 0.5000000000
49487  30.887  4.562  39.267 0.1250000000
50135  34.283  5.942  46.837 0.8750000000
84410  33.051  5.263  45.313 1.0000000000
50170  34.162  5.580  45.298 0.8750000000
50200  31.818  5.812  42.187 0.6250000000
51009  31.424  6.070  41.374 0.6250000000
50235  32.090  5.810  38.360 0.3750000000
51031  32.452  6.772  39.655 0.6250000000
51057  34.432  6.618  37.517 0.5000000000
50251  33.892  5.943  37.005 0.3750000000
50263  34.565  5.636  36.568 0.3750000000
97142  35.846  6.292  46.524 0.7500000000
51836  35.606  8.042  39.387 1.0000000000
51846  35.789  7.844  38.728 0.8750000000
52467  35.554  8.386  40.558 1.0000000000
52466  35.992  8.409  40.005 1.0000000000
52465  36.984  8.587  39.732 0.7500000000
52473  36.961  8.362  39.177 0.7500000000
51845  36.552  7.962  38.537 0.8750000000
51834  36.967  8.189  38.831 0.8750000000
99427  35.918  6.615  45.342 0.7500000000
52483  37.561  8.202  38.803 0.7500000000
52492  39.620  7.863  37.130 0.8750000000
53178  41.171  8.824  37.043 0.7500000000
99872  40.800  8.490  36.651 0.8750000000
96837  41.333  8.526  34.757 0.8750000000
53183  42.154  8.991  36.020 0.7500000000
53912  43.125  9.887  36.935 0.2500000000
53182  42.643  9.416  36.471 0.3750000000
53911  43.831  10.088  36.620 0.1250000000
90174  42.862  9.239  35.772 0.6250000000
53896  43.529  10.430  37.366 0.1250000000
39338  12.669  -8.054  63.231 0.6250000000
36745  16.687  -10.478  62.541 0.1250000000
36761  16.686  -10.117  61.965 0.1250000000
36763  14.184  -9.848  61.912 0.1250000000
40284  12.668  -7.065  63.706 0.6250000000
37546  16.369  -9.740  61.365 0.2500000000
37531  16.062  -10.017  61.872 0.2500000000
38372  13.075  -8.659  62.384 0.6250000000
39347  13.074  -7.781  62.296 0.6250000000
37562  16.246  -9.105  60.689 0.2500000000
37613  18.989  -9.537  56.291 0.7500000000
38459  18.973  -8.713  56.488 0.7500000000
36815  19.109  -10.342  56.112 0.6250000000
35912  15.696  -11.830  63.217 0.1250000000
36732  16.341  -10.974  62.871 0.1250000000
35923  15.204  -11.267  62.518 0.1250000000
36746  15.778  -10.523  62.206 0.1250000000
36747  14.681  -10.591  62.156 0.1250000000
36762  15.176  -9.958  61.767 0.1250000000
37548  14.641  -9.211  61.513 0.2500000000
37549  13.733  -9.043  61.764 0.2500000000
37547  15.586  -9.334  61.347 0.2500000000
38388  13.487  -8.299  61.832 0.6250000000
37563  15.594  -8.693  60.855 0.3750000000
38386  15.011  -8.587  61.131 0.2500000000
38387  14.187  -8.322  61.385 0.5000000000
38402  15.270  -7.989  60.610 0.6250000000
39355  14.277  -7.388  61.275 0.6250000000
96347  19.515  -10.551  55.624 0.6250000000
37623  19.617  -9.795  55.709 0.6250000000
98933  19.519  -9.153  56.149 0.7500000000
89806  19.729  -11.300  55.387 0.6250000000
88240  19.718  -8.740  56.469 0.7500000000
37622  20.138  -9.700  55.181 0.7500000000
36828  19.939  -10.386  55.060 0.6250000000
97024  20.201  -9.300  55.688 0.7500000000
36838  20.933  -10.930  53.854 0.5000000000
91373  20.149  -11.134  54.812 0.3750000000
37630  20.399  -9.872  54.569 0.7500000000
36839  20.437  -10.632  54.420 0.5000000000
40416  23.633  -6.295  53.040 0.7500000000
40428  23.149  -6.860  52.559 0.7500000000
99174  22.621  -7.303  52.495 0.6250000000
39456  22.213  -7.921  52.495 0.6250000000
38471  20.625  -9.324  54.874 0.7500000000
94301  23.134  -7.603  52.214 0.7500000000
38491  23.039  -8.426  52.144 0.6250000000
38492  22.330  -8.970  52.493 0.6250000000
37636  21.793  -9.642  52.934 0.5000000000
36851  21.356  -10.317  53.405 0.5000000000
36852  20.705  -10.075  53.873 0.6250000000
38493  21.523  -8.692  52.914 0.6250000000
37637  21.103  -9.415  53.423 0.6250000000
37657  23.654  -8.791  51.947 0.5000000000
40417  22.861  -6.382  53.231 0.7500000000
39448  22.196  -6.992  52.920 0.6250000000
37629  20.740  -9.271  54.101 0.7500000000
92995  22.330  -6.584  53.629 0.6250000000
39449  21.469  -7.755  53.223 0.6250000000
42156  15.002  -4.480  68.065 0.6250000000
41193  14.419  -4.967  67.468 0.6250000000
41203  14.859  -4.923  66.700 0.7500000000
40282  19.718  -6.077  64.375 0.6250000000
41401  22.829  -6.112  54.009 0.7500000000
38477  20.954  -8.652  54.436 0.6250000000
39441  21.734  -7.097  53.786 0.6250000000
39442  21.237  -7.850  54.098 0.6250000000
38484  21.020  -8.532  53.660 0.6250000000
41227  19.007  -5.746  64.818 0.5000000000
41212  17.294  -4.843  65.554 0.5000000000
41214  15.638  -4.747  65.543 0.7500000000
41228  18.166  -5.344  64.531 0.5000000000
41229  17.466  -5.054  64.638 0.6250000000
41213  16.349  -4.711  65.299 0.6250000000
87000  18.553  -5.487  64.048 0.6250000000
85967  17.723  -5.274  63.766 0.7500000000
40402  22.321  -6.655  54.415 0.8750000000
42175  15.979  -4.612  66.952 0.6250000000
41341  28.234  -5.800  58.473 0.7500000000
87098  28.810  -5.700  58.886 0.6250000000
41340  29.279  -5.905  58.284 0.6250000000
96781  29.063  -6.126  57.421 0.6250000000
93997  29.089  -6.033  55.425 0.8750000000
93530  29.383  -5.593  58.920 0.6250000000
41339  29.811  -5.503  58.573 0.6250000000
41355  29.750  -5.855  57.739 0.6250000000
96468  29.629  -5.954  56.979 0.7500000000
41368  29.249  -6.121  56.293 0.7500000000
42283  29.293  -5.453  55.725 0.7500000000
95964  29.126  -5.081  55.350 0.6250000000
43138  28.466  -4.625  54.611 0.7500000000
42284  29.042  -5.538  55.000 0.8750000000
42267  30.139  -5.232  58.244 0.5000000000
42275  29.908  -5.453  57.275 0.6250000000
42276  29.629  -5.493  56.504 0.6250000000
43120  29.485  -4.538  56.210 0.6250000000
43128  29.076  -4.390  55.681 0.6250000000
90634  28.731  -4.468  55.193 0.6250000000
92278  27.882  -3.659  55.178 0.7500000000
86726  25.328  -1.700  49.266 0.6250000000
84042  25.341  -2.189  48.629 0.6250000000
98906  25.449  -0.381  48.213 0.6250000000
43113  30.222  -4.642  57.640 0.3750000000
89877  29.586  -3.763  56.695 0.6250000000
43119  29.906  -4.658  56.868 0.6250000000
43129  28.297  -3.512  55.717 0.7500000000
43112  30.365  -4.534  58.398 0.2500000000
91263  30.360  -3.764  58.053 0.1250000000
43989  29.995  -3.705  57.287 0.5000000000
43990  29.167  -2.737  57.189 0.5000000000
43999  28.849  -3.347  56.320 0.5000000000
44000  27.815  -2.487  56.214 0.6250000000
43979  30.414  -2.891  58.541 0.1250000000
43980  29.902  -2.825  57.844 0.1250000000
52419  40.326  8.458  48.514 0.2500000000
52413  40.174  8.676  49.201 0.2500000000
52421  38.108  8.119  48.717 0.2500000000
52415  37.332  7.991  49.203 0.3750000000
52425  40.272  8.330  47.924 0.2500000000
84168  39.438  8.163  48.058 0.2500000000
52420  39.068  8.184  48.450 0.2500000000
51778  37.922  7.811  48.068 0.3750000000
51779  36.502  6.947  48.163 0.3750000000
89348  35.630  6.510  48.185 0.6250000000
52426  39.171  8.119  47.547 0.2500000000
50947  37.538  7.407  47.448 0.2500000000
50948  36.786  6.876  47.466 0.3750000000
50937  36.029  6.491  47.502 0.6250000000
83665  35.263  6.214  47.521 0.6250000000
51783  38.196  7.750  47.199 0.2500000000
52432  37.949  7.713  46.532 0.2500000000
87817  37.178  7.229  46.131 0.2500000000
44858  29.711  -2.133  58.471 0.2500000000
44859  29.185  -1.948  57.949 0.3750000000
53103  40.313  9.277  49.874 0.2500000000
52414  39.289  8.827  49.726 0.2500000000
88616  37.417  8.269  50.084 0.3750000000
87370  38.225  8.404  49.518 0.2500000000
52416  36.746  7.877  49.742 0.3750000000
51772  35.635  7.008  49.420 0.6250000000
52424  41.483  8.885  48.381 0.2500000000
52430  40.061  8.352  47.254 0.2500000000
51771  36.464  7.407  49.081 0.3750000000
51780  35.235  6.567  48.907 0.7500000000
52431  38.937  8.101  46.893 0.2500000000
52443  37.680  7.890  45.768 0.3750000000
51798  36.933  7.536  45.387 0.3750000000
45658  29.496  -1.213  58.447 0.2500000000
52412  41.488  8.997  49.075 0.2500000000
53102  41.307  9.450  49.710 0.2500000000
51762  35.371  7.147  50.178 0.5000000000
51761  36.070  7.575  49.923 0.3750000000
87771  40.951  8.802  47.058 0.2500000000
52441  39.947  8.605  46.442 0.3750000000
52442  38.613  8.260  46.103 0.3750000000
53138  39.211  8.946  45.574 0.3750000000
52446  38.172  8.594  45.299 0.3750000000
52429  41.257  8.799  47.690 0.2500000000
53127  41.504  9.355  46.543 0.2500000000
53137  40.507  9.379  45.764 0.3750000000
53142  38.629  9.348  44.799 0.3750000000
53143  37.705  9.086  44.520 0.3750000000
50915  30.739  6.691  52.138 0.7500000000
51758  31.601  6.808  51.805 0.7500000000
50905  30.818  6.581  52.882 0.6250000000
91368  13.324  -7.089  62.143 0.6250000000
88156  14.848  -4.891  65.845 0.7500000000
38403  14.709  -7.933  61.010 0.6250000000
84389  16.020  -4.820  64.026 0.7500000000
41324  28.048  -5.602  59.459 0.6250000000
45783  25.474  -0.884  47.925 0.6250000000
51774  33.264  6.553  50.024 0.8750000000
89812  36.309  6.507  46.968 0.5000000000
50959  36.954  6.843  47.029 0.3750000000
39356  13.655  -7.596  61.717 0.6250000000
38500  23.944  -8.107  51.756 0.7500000000
51787  37.380  7.214  46.825 0.3750000000
36816  18.897  -10.928  56.523 0.6250000000
36850  22.212  -10.524  53.133 0.3750000000
41202  15.567  -4.774  66.210 0.7500000000
41211  18.154  -5.325  65.297 0.5000000000
41230  16.607  -4.814  64.679 0.6250000000
87718  38.987  8.352  49.067 0.2500000000
51770  37.260  7.585  48.460 0.3750000000
51777  38.500  7.984  47.782 0.2500000000
51784  37.215  7.306  47.882 0.3750000000
99356  35.876  6.861  48.753 0.6250000000
38293  2.576  -8.658  69.643 0.1250000000
38303  2.547  -8.079  68.701 0.1250000000
38292  3.059  -9.108  69.050 0.1250000000
38313  2.477  -8.041  67.720 0.1250000000
38323  2.413  -8.055  66.797 0.1250000000
38283  1.701  -8.826  71.158 0.1250000000
38282  2.106  -8.284  70.284 0.1250000000
39279  2.190  -7.730  69.419 0.1250000000
39290  1.973  -7.346  68.697 0.1250000000
39301  1.743  -7.455  67.173 0.1250000000
38273  0.161  -8.777  72.806 0.1250000000
39252  0.230  -7.862  72.726 0.1250000000
40195  0.294  -6.920  72.590 0.1250000000
39251  0.894  -7.544  72.151 0.1250000000
40194  0.943  -6.665  71.959 0.1250000000
39255  1.313  -7.284  71.424 0.1250000000
39268  1.910  -7.374  70.042 0.1250000000
40205  1.276  -6.415  71.168 0.1250000000
40230  1.750  -6.792  69.153 0.1250000000
92352  1.084  -5.846  67.735 0.1250000000
94021  1.480  -6.713  68.262 0.1250000000
40250  1.148  -5.867  66.956 0.1250000000
39291  1.361  -6.722  67.474 0.1250000000
39302  1.304  -6.660  66.647 0.1250000000
38335  2.365  -7.994  65.898 0.1250000000
39248  -0.344  -7.746  73.935 0.1250000000
38268  -0.157  -8.255  73.328 0.1250000000
39247  -0.240  -7.179  73.305 0.1250000000
90683  -0.390  -3.954  73.445 0.1250000000
91568  -0.513  -4.307  74.120 0.1250000000
98402  -0.307  -2.937  73.634 0.1250000000
91177  0.953  -5.885  71.678 0.1250000000
40231  1.392  -5.883  69.434 0.1250000000
40219  1.459  -6.098  70.306 0.1250000000
98966  0.703  -4.962  68.001 0.1250000000
40241  1.190  -5.828  68.555 0.1250000000
94296  1.169  -5.245  66.533 0.1250000000
40266  0.809  -5.964  65.322 0.1250000000
39314  1.132  -6.571  65.838 0.1250000000
39322  0.642  -6.594  65.128 0.1250000000
39321  1.444  -7.346  65.574 0.1250000000
40174  -0.016  -6.030  77.030 0.2500000000
38266  -0.348  -8.480  75.262 0.1250000000
91242  -0.575  -6.642  75.312 0.1250000000
41096  -0.248  -4.462  76.160 0.2500000000
42062  -0.287  -3.830  75.731 0.2500000000
93127  -0.474  -6.887  74.303 0.2500000000
40182  -0.611  -5.822  74.848 0.2500000000
42074  -0.257  -3.306  75.218 0.2500000000
40187  -0.378  -6.090  73.850 0.2500000000
41112  -0.345  -5.173  73.340 0.2500000000
88954  -0.428  -3.454  74.391 0.1250000000
41123  0.046  -4.549  72.570 0.1250000000
42096  -0.203  -3.343  72.694 0.1250000000
41140  0.955  -4.244  71.068 0.1250000000
98985  0.796  -4.650  68.821 0.1250000000
98886  1.104  -4.441  70.353 0.1250000000
41196  0.890  -4.797  67.232 0.1250000000
42144  0.627  -3.748  67.759 0.1250000000
42201  1.446  -5.288  65.492 0.1250000000
90252  1.305  -5.366  65.832 0.1250000000
41223  0.872  -5.678  65.001 0.1250000000
40274  0.318  -5.992  64.637 0.1250000000
39330  0.200  -6.710  64.433 0.1250000000
40177  -0.156  -5.223  76.544 0.2500000000
42061  0.078  -3.477  75.747 0.2500000000
43016  0.802  -2.691  67.912 0.1250000000
42127  0.738  -3.250  68.571 0.1250000000
42163  0.884  -3.799  67.049 0.1250000000
42185  1.518  -4.540  66.085 0.1250000000
42200  1.863  -4.748  65.564 0.1250000000
41221  2.430  -4.955  64.953 0.1250000000
41222  1.379  -5.389  64.924 0.1250000000
41239  1.459  -5.395  64.212 0.1250000000
41240  0.595  -5.646  64.334 0.1250000000
40285  0.118  -6.032  64.060 0.1250000000
40298  0.311  -6.369  63.337 0.1250000000
39340  0.441  -7.459  64.114 0.1250000000
40297  0.962  -5.885  62.796 0.1250000000
39341  0.197  -6.969  63.832 0.1250000000
99929  0.290  -7.281  63.154 0.1250000000
43028  0.916  -2.985  67.203 0.1250000000
42162  1.357  -3.546  66.598 0.1250000000
43037  2.205  -3.268  66.502 0.1250000000
41238  2.799  -5.253  64.178 0.1250000000
95552  1.417  -5.552  63.008 0.1250000000
41260  0.775  -5.575  63.596 0.1250000000
40315  0.505  -6.953  62.348 0.1250000000
88566  0.602  -8.022  62.463 0.1250000000
39357  0.957  -7.298  61.247 0.1250000000
39358  0.706  -8.162  61.544 0.1250000000
39383  0.692  -8.485  59.567 0.1250000000
43026  2.477  -2.999  67.162 0.1250000000
43015  1.473  -2.605  67.643 0.1250000000
43004  3.265  -2.685  68.931 0.1250000000
42199  2.653  -4.283  65.642 0.1250000000
43025  3.666  -3.437  67.575 0.1250000000
43013  4.080  -3.219  68.377 0.1250000000
42161  3.348  -3.634  66.739 0.1250000000
100590  4.238  -3.731  67.150 0.1250000000
41257  4.482  -5.450  63.341 0.1250000000
41259  1.883  -5.433  63.519 0.1250000000
41280  2.469  -5.547  62.875 0.1250000000
40296  1.807  -5.712  62.336 0.1250000000
40313  2.454  -5.997  61.336 0.1250000000
40314  1.287  -6.268  61.834 0.1250000000
40331  1.645  -6.707  60.847 0.1250000000
40330  2.526  -6.456  60.403 0.1250000000
86285  1.962  -7.007  59.797 0.1250000000
39369  1.204  -7.673  60.163 0.1250000000
39370  0.688  -8.392  60.535 0.1250000000
39382  1.192  -7.780  59.097 0.1250000000
40343  2.258  -6.920  58.999 0.1250000000
43887  3.803  -2.411  69.884 0.1250000000
43880  3.868  -1.968  70.770 0.1250000000
43003  4.518  -3.013  69.191 0.1250000000
94430  3.390  -4.471  65.298 0.1250000000
97640  4.241  -3.919  66.631 0.1250000000
92121  4.952  -3.841  66.940 0.1250000000
42198  4.389  -4.504  65.436 0.1250000000
41237  4.142  -5.204  64.066 0.1250000000
41258  3.257  -5.419  63.471 0.1250000000
86670  3.734  -5.577  62.787 0.1250000000
97237  4.118  -5.725  62.215 0.1250000000
40295  3.086  -5.752  62.185 0.1250000000
40312  3.895  -5.927  61.538 0.1250000000
40329  3.708  -6.264  60.528 0.1250000000
86186  3.034  -6.564  59.659 0.1250000000
84500  3.482  -6.495  58.858 0.1250000000
40357  2.462  -6.685  58.314 0.1250000000
40358  1.406  -7.325  58.328 0.1250000000
44748  3.601  -0.072  73.733 0.3750000000
43858  4.099  -0.828  72.596 0.3750000000
43870  4.018  -1.505  71.564 0.2500000000
43012  5.168  -3.373  68.603 0.1250000000
42994  4.983  -2.897  69.977 0.1250000000
42181  5.668  -3.992  66.489 0.1250000000
98847  5.719  -3.523  68.123 0.1250000000
90530  6.081  -3.527  68.756 0.1250000000
41219  4.919  -4.947  64.776 0.1250000000
42197  5.564  -4.563  65.665 0.1250000000
85820  5.864  -3.628  67.353 0.1250000000
41279  4.754  -5.623  62.648 0.1250000000
40311  4.948  -6.021  61.014 0.1250000000
39339  12.436  -7.923  64.308 0.5000000000
87812  4.037  -6.410  59.632 0.1250000000
45524  4.716  -0.162  75.381 0.3750000000
45549  4.393  -0.050  74.711 0.3750000000
85007  4.726  -0.317  73.675 0.3750000000
43857  5.265  -1.097  72.569 0.2500000000
43879  5.415  -2.480  70.675 0.1250000000
43869  5.696  -1.903  71.566 0.1250000000
42993  5.930  -3.030  70.076 0.1250000000
42126  7.008  -3.616  68.808 0.1250000000
42180  6.499  -3.819  66.727 0.1250000000
42160  6.753  -3.688  67.422 0.1250000000
42153  16.860  -4.737  67.002 0.5000000000
84348  7.012  -4.069  66.155 0.1250000000
42159  7.402  -3.815  66.934 0.1250000000
41236  5.413  -5.346  63.934 0.1250000000
41218  6.054  -5.121  64.857 0.1250000000
42196  6.611  -4.577  65.533 0.1250000000
42179  7.697  -4.006  66.258 0.1250000000
97172  5.327  -5.530  63.134 0.1250000000
41235  6.546  -5.336  64.037 0.1250000000
41299  4.943  -5.818  61.916 0.1250000000
40328  4.929  -6.253  60.053 0.1250000000
43832  6.703  -1.785  76.519 0.5000000000
44721  5.820  -0.420  76.236 0.5000000000
87102  5.780  0.216  75.797 0.5000000000
44732  5.954  0.266  75.459 0.3750000000
44746  6.383  -0.065  74.421 0.3750000000
43856  6.298  -1.488  72.490 0.3750000000
43868  6.762  -2.180  71.641 0.1250000000
41192  17.013  -5.320  68.395 0.2500000000
42135  16.447  -4.876  68.548 0.2500000000
83735  16.327  -4.829  69.383 0.2500000000
42984  7.228  -2.752  70.946 0.1250000000
42991  7.655  -3.140  70.238 0.1250000000
42154  16.655  -4.833  67.728 0.5000000000
42155  15.877  -4.499  67.864 0.3750000000
42136  15.629  -4.467  68.733 0.3750000000
42141  7.436  -3.741  67.952 0.1250000000
98750  7.522  -3.548  69.099 0.1250000000
42176  15.257  -4.703  67.380 0.5000000000
42158  8.253  -3.821  67.376 0.1250000000
41201  16.476  -4.706  66.133 0.5000000000
42214  7.040  -4.958  64.781 0.1250000000
90203  7.588  -4.337  65.498 0.1250000000
41255  7.054  -5.388  63.281 0.1250000000
41278  5.686  -5.662  62.488 0.1250000000
41256  6.145  -5.523  63.229 0.1250000000
41298  6.061  -5.832  61.547 0.1250000000
34261  21.621  -13.057  57.507 0.1250000000
43831  7.803  -2.349  76.527 0.5000000000
43823  7.417  -1.510  76.882 0.5000000000
45515  7.244  -0.363  76.226 0.5000000000
42936  8.484  -3.089  75.788 0.5000000000
45536  6.474  0.118  75.659 0.3750000000
44745  7.406  -0.405  74.245 0.3750000000
44759  7.805  -1.214  73.242 0.2500000000
41155  16.945  -5.367  69.096 0.2500000000
41154  17.447  -5.395  69.454 0.2500000000
42990  8.496  -3.138  70.290 0.1250000000
42137  14.658  -4.296  68.897 0.5000000000
83592  17.432  -5.022  66.633 0.3750000000
35959  18.378  -11.142  58.342 0.1250000000
35958  19.119  -11.836  57.971 0.1250000000
35080  20.188  -12.577  57.198 0.1250000000
86774  20.348  -12.650  58.156 0.1250000000
89757  19.729  -12.314  57.793 0.1250000000
35079  21.072  -12.828  56.907 0.1250000000
84260  22.740  -12.715  55.986 0.2500000000
34268  21.896  -12.943  56.836 0.1250000000
35105  23.933  -12.058  55.796 0.1250000000
35106  23.118  -12.400  55.461 0.2500000000
35117  23.574  -11.711  54.912 0.1250000000
36837  24.448  -10.429  54.302 0.1250000000
35993  23.595  -10.992  54.080 0.1250000000
42949  9.767  -3.594  75.251 0.5000000000
42935  9.294  -3.205  75.757 0.3750000000
42950  9.066  -3.570  75.225 0.5000000000
42118  17.979  -5.336  70.272 0.2500000000
42119  17.073  -5.013  69.890 0.2500000000
84189  15.788  -4.365  70.439 0.2500000000
41153  18.198  -5.648  69.538 0.2500000000
42120  15.403  -4.403  69.681 0.3750000000
87995  14.910  -4.239  70.326 0.5000000000
41174  17.544  -5.628  68.704 0.2500000000
41173  18.331  -5.896  68.666 0.3750000000
86703  17.898  -5.873  68.025 0.3750000000
83283  18.006  -5.678  67.232 0.3750000000
36807  18.166  -10.445  57.647 0.2500000000
35966  18.732  -11.225  57.258 0.1250000000
35081  19.386  -12.022  57.190 0.1250000000
35095  21.368  -12.738  55.969 0.1250000000
35096  20.440  -12.569  56.226 0.1250000000
35107  22.158  -12.585  55.396 0.2500000000
88454  22.969  -11.659  54.218 0.2500000000
36848  24.005  -10.221  53.537 0.2500000000
36861  25.236  -9.789  52.758 0.2500000000
36862  24.385  -9.761  52.864 0.2500000000
36872  26.484  -9.811  51.715 0.2500000000
36873  25.623  -9.676  51.867 0.2500000000
42067  10.107  -3.826  74.712 0.5000000000
41115  19.921  -6.705  74.068 0.2500000000
41104  19.083  -6.037  74.274 0.2500000000
42088  18.170  -5.447  73.324 0.2500000000
41125  19.861  -6.934  72.934 0.2500000000
97769  18.875  -6.151  72.855 0.2500000000
42089  17.447  -4.777  72.717 0.2500000000
41136  19.708  -6.998  71.864 0.2500000000
41126  19.044  -6.501  71.907 0.2500000000
42099  17.894  -5.305  72.149 0.2500000000
42100  17.172  -4.512  71.589 0.2500000000
97475  16.256  -4.049  71.145 0.2500000000
41137  18.780  -6.206  70.714 0.2500000000
42110  17.587  -5.000  70.946 0.2500000000
42111  16.780  -4.494  70.555 0.2500000000
42101  15.024  -4.081  71.007 0.5000000000
41152  19.039  -6.135  69.643 0.2500000000
42122  13.331  -4.482  69.924 0.5000000000
41172  19.171  -6.233  68.657 0.3750000000
42121  14.290  -4.225  69.745 0.5000000000
84161  18.086  -5.444  66.255 0.3750000000
92199  18.542  -10.245  56.784 0.3750000000
35973  19.224  -11.555  56.566 0.2500000000
35097  19.703  -12.186  56.432 0.1250000000
35109  20.668  -12.399  55.390 0.1250000000
35980  19.926  -12.160  55.645 0.1250000000
35119  21.748  -12.241  54.609 0.2500000000
35120  20.938  -12.148  54.684 0.2500000000
35994  22.684  -11.219  53.619 0.2500000000
37644  23.966  -9.375  52.257 0.3750000000
37643  24.763  -9.494  52.046 0.3750000000
37666  25.808  -9.104  50.811 0.5000000000
37655  25.244  -9.169  51.315 0.3750000000
36879  27.643  -9.761  50.940 0.3750000000
37665  26.415  -9.177  50.617 0.3750000000
42064  19.695  -5.432  75.046 0.2500000000
42076  18.355  -5.165  74.302 0.2500000000
41102  20.453  -6.060  75.084 0.2500000000
41098  19.432  -5.693  75.068 0.2500000000
42090  17.086  -4.325  73.206 0.2500000000
96276  16.879  -3.994  73.553 0.2500000000
95518  17.684  -4.898  73.482 0.2500000000
42979  15.654  -3.708  71.675 0.2500000000
41190  18.504  -6.100  67.827 0.3750000000
40246  18.636  -6.060  66.893 0.3750000000
39325  26.591  -8.499  64.528 0.3750000000
37505  25.730  -9.425  63.467 0.3750000000
38353  25.987  -9.068  63.735 0.3750000000
37614  18.386  -9.288  56.782 0.3750000000
92396  18.099  -9.781  57.274 0.5000000000
95762  19.501  -11.713  55.969 0.1250000000
35988  20.643  -11.439  54.429 0.2500000000
35986  22.201  -11.789  54.052 0.2500000000
36864  22.699  -9.839  52.754 0.3750000000
39455  24.123  -7.275  52.022 0.7500000000
37645  23.189  -9.237  52.341 0.2500000000
36863  23.587  -9.857  52.822 0.2500000000
38499  24.929  -8.390  51.375 0.5000000000
37673  27.988  -9.056  49.899 0.2500000000
37664  27.311  -9.240  50.324 0.2500000000
42066  17.917  -4.379  74.521 0.2500000000
40254  19.339  -6.359  66.521 0.3750000000
41210  18.761  -5.925  65.887 0.3750000000
39324  27.304  -8.125  65.274 0.3750000000
39323  27.969  -7.892  65.938 0.3750000000
39335  26.422  -8.215  63.505 0.3750000000
40268  28.003  -7.159  64.953 0.3750000000
39334  27.188  -7.401  64.087 0.3750000000
39343  26.185  -7.944  62.768 0.6250000000
39344  25.713  -8.268  62.168 0.6250000000
40279  26.737  -7.221  63.057 0.3750000000
39351  26.277  -7.132  62.262 0.6250000000
40303  26.939  -6.145  61.883 0.3750000000
41288  27.006  -5.831  61.093 0.5000000000
38504  27.697  -8.585  49.919 0.1250000000
38505  26.946  -8.504  50.320 0.2500000000
40263  19.506  -6.208  65.638 0.3750000000
40267  28.903  -6.397  64.736 0.3750000000
98298  29.854  -6.019  64.476 0.2500000000
89445  28.217  -6.436  63.914 0.2500000000
41245  30.578  -5.601  63.635 0.2500000000
40289  28.795  -5.953  62.728 0.2500000000
40278  27.584  -6.498  63.112 0.2500000000
40290  27.800  -6.022  62.231 0.2500000000
98025  27.005  -6.498  62.531 0.3750000000
39471  27.289  -7.563  50.365 0.5000000000
40262  20.195  -6.544  65.496 0.3750000000
40271  19.778  -6.187  64.973 0.3750000000
41323  28.917  -5.504  59.535 0.3750000000
39326  22.516  -7.889  64.460 0.3750000000
40269  21.167  -6.992  64.555 0.5000000000
40270  20.425  -6.513  64.590 0.5000000000
42259  30.201  -5.005  59.158 0.2500000000
41322  29.799  -5.255  59.501 0.2500000000
100144  26.035  -5.281  50.784 0.5000000000
42343  24.876  -3.614  50.776 0.5000000000
43192  25.003  -3.870  49.944 0.6250000000
44053  24.806  -2.604  50.664 0.6250000000
43200  24.860  -3.005  49.967 0.6250000000
45659  28.997  -1.112  57.790 0.2500000000
45672  29.354  -0.303  57.696 0.2500000000
51765  32.824  6.759  50.823 0.7500000000
49547  39.117  4.410  33.830 0.1250000000
49548  38.283  4.651  34.281 0.1250000000
50288  37.649  5.283  34.566 0.2500000000
87092  39.438  4.967  33.218 0.1250000000
50307  38.708  5.264  33.572 0.1250000000
49571  40.996  4.613  32.851 0.1250000000
51095  38.472  6.209  33.470 0.2500000000
49561  40.201  4.735  32.992 0.1250000000
50305  39.789  5.467  32.673 0.1250000000
50322  41.248  5.145  32.326 0.1250000000
50323  40.519  5.239  32.499 0.1250000000
50336  41.366  5.679  31.764 0.1250000000
50337  40.779  5.624  32.069 0.1250000000
51080  38.098  6.556  34.163 0.2500000000
50306  39.039  5.801  32.944 0.1250000000
89111  40.143  5.919  32.143 0.1250000000
51105  39.490  6.314  32.487 0.1250000000
51115  40.697  6.230  31.727 0.1250000000
51113  42.381  6.386  30.925 0.1250000000
51872  39.613  8.206  33.995 0.6250000000
51884  39.181  7.730  33.304 0.2500000000
51094  38.910  6.752  32.988 0.2500000000
51104  39.949  6.919  32.003 0.1250000000
51889  39.380  7.188  32.608 0.2500000000
51114  41.448  6.477  31.275 0.2500000000
83769  42.501  6.963  30.409 0.1250000000
52502  41.397  8.574  33.970 0.7500000000
51883  39.836  8.270  33.417 0.2500000000
51888  39.785  7.955  32.562 0.3750000000
51892  40.660  7.119  31.527 0.3750000000
51145  43.023  7.314  29.929 0.1250000000
51126  43.307  6.442  30.544 0.1250000000
52512  40.539  8.445  33.209 0.5000000000
53212  41.867  9.067  32.134 0.6250000000
52511  41.380  8.735  32.902 0.5000000000
52521  41.843  8.496  30.696 0.1250000000
52514  41.193  8.618  31.862 0.3750000000
52518  40.748  7.994  31.576 0.3750000000
52517  41.312  8.252  31.169 0.3750000000
51903  42.688  8.135  29.826 0.1250000000
51894  42.210  7.784  30.299 0.1250000000
51891  41.207  7.439  31.111 0.2500000000
44733  5.245  0.133  75.541 0.3750000000
45550  3.384  -0.103  74.235 0.3750000000
42937  7.524  -2.912  75.891 0.5000000000
44762  2.840  -0.511  72.865 0.1250000000
40179  -0.498  -5.514  75.786 0.2500000000
41113  -0.597  -5.015  74.413 0.1250000000
42951  8.193  -3.570  75.256 0.5000000000
43871  3.027  -1.496  71.213 0.1250000000
43881  2.794  -1.817  70.338 0.1250000000
41105  9.358  -4.464  73.848 0.5000000000
40441  27.596  -6.672  50.196 0.5000000000
88598  25.328  -4.635  50.412 0.5000000000
46442  29.969  -0.064  58.343 0.1250000000
40176  0.412  -5.190  76.857 0.2500000000
41132  0.512  -3.854  71.872 0.1250000000
43014  2.818  -2.916  68.058 0.1250000000
36829  19.277  -11.081  55.997 0.5000000000
35987  21.332  -11.688  54.113 0.2500000000
35995  21.741  -11.158  53.572 0.2500000000
38302  3.154  -8.739  68.202 0.1250000000
93748  1.864  -7.427  68.010 0.1250000000
90671  1.642  -7.830  70.852 0.1250000000
39313  1.678  -7.397  66.295 0.1250000000
40186  -0.239  -6.283  73.000 0.2500000000
38272  0.777  -8.379  72.289 0.1250000000
87756  1.549  -6.983  70.602 0.1250000000
96131  1.684  -6.649  69.889 0.1250000000
90395  1.192  -5.348  70.921 0.1250000000
40257  1.134  -5.906  66.161 0.1250000000
89212  0.329  -5.815  72.415 0.1250000000
41131  0.778  -4.986  71.795 0.1250000000
93634  1.207  -5.078  69.908 0.1250000000
39246  -0.473  -7.671  74.780 0.2500000000
39243  -0.482  -7.475  75.806 0.1250000000
85058  0.928  -3.929  69.537 0.1250000000
41206  1.186  -4.459  66.614 0.1250000000
42184  1.971  -3.910  66.099 0.1250000000
43027  1.594  -2.888  66.927 0.1250000000
38389  0.564  -9.046  60.815 0.1250000000
42183  2.745  -3.762  66.147 0.1250000000
42143  4.842  -3.557  67.758 0.1250000000
89236  3.688  -4.078  65.993 0.1250000000
41220  3.716  -4.816  64.745 0.1250000000
44770  3.248  -1.148  72.024 0.1250000000
42182  4.784  -4.189  66.205 0.1250000000
97125  4.601  -2.384  70.498 0.1250000000
93501  4.778  -1.961  71.131 0.1250000000
99810  4.817  -1.442  71.833 0.2500000000
43002  5.544  -3.290  69.352 0.1250000000
94925  5.258  0.093  75.791 0.5000000000
44747  5.360  0.061  74.643 0.3750000000
44761  5.810  -0.614  73.499 0.3750000000
43878  6.326  -2.593  70.841 0.1250000000
42992  6.819  -3.090  70.186 0.1250000000
43001  6.444  -3.400  69.448 0.1250000000
43000  7.246  -3.414  69.520 0.1250000000
42142  6.496  -3.620  68.083 0.1250000000
42125  7.816  -3.641  68.692 0.1250000000
85836  6.279  -4.189  66.118 0.1250000000
40310  5.967  -6.028  60.496 0.1250000000
45523  6.457  -0.058  75.966 0.5000000000
43824  6.825  -0.756  76.663 0.5000000000
44760  6.839  -0.996  73.379 0.3750000000
43855  7.269  -1.756  72.445 0.2500000000
94603  8.045  -3.455  69.439 0.1250000000
41191  17.359  -5.359  67.690 0.3750000000
34262  21.003  -12.917  57.788 0.1250000000
43822  8.137  -1.679  76.898 0.3750000000
98192  6.989  -0.095  75.742 0.5000000000
44731  6.924  -0.031  75.191 0.3750000000
43854  8.166  -1.861  72.387 0.2500000000
100207  16.285  -4.701  69.997 0.2500000000
42989  9.334  -3.050  70.351 0.1250000000
42999  8.973  -3.429  69.617 0.1250000000
34267  22.794  -12.966  56.792 0.2500000000
35093  23.442  -12.609  56.249 0.2500000000
35094  22.178  -12.805  56.174 0.2500000000
35118  22.660  -12.166  54.711 0.2500000000
43830  8.685  -2.494  76.371 0.3750000000
42109  18.315  -5.761  71.422 0.2500000000
35108  21.349  -12.486  55.166 0.1250000000
36849  23.167  -10.529  53.261 0.2500000000
41103  20.020  -6.252  75.031 0.2500000000
42112  14.032  -4.146  70.530 0.5000000000
35979  20.268  -11.859  54.977 0.1250000000
37656  24.356  -8.927  51.669 0.5000000000
42063  20.159  -5.726  75.170 0.2500000000
41097  20.047  -5.925  75.312 0.2500000000
42065  18.876  -4.901  74.961 0.2500000000
42077  17.488  -4.495  73.832 0.2500000000
42971  16.231  -3.620  73.212 0.2500000000
42978  16.581  -3.916  72.247 0.2500000000
42957  17.077  -3.893  74.033 0.2500000000
40277  29.398  -6.022  63.678 0.2500000000
41267  28.756  -5.680  61.664 0.2500000000
50287  38.034  5.686  34.008 0.2500000000
90624  42.040  5.188  32.091 0.1250000000
51127  41.823  7.097  30.702 0.1250000000
93666  40.228  7.742  31.900 0.3750000000
52515  40.555  8.331  32.288 0.3750000000
53207  42.151  9.083  32.984 0.7500000000
51895  41.619  7.822  30.754 0.1250000000
53216  41.729  8.877  31.270 0.2500000000
45535  7.534  -0.211  75.557 0.2500000000
44730  8.023  -0.318  75.011 0.2500000000
45522  7.598  -0.244  75.885 0.2500000000
45533  9.823  -0.359  75.527 0.2500000000
44729  9.093  -0.398  74.970 0.2500000000
43820  9.673  -1.610  76.557 0.2500000000
96814  9.148  -1.199  76.713 0.2500000000
45521  8.375  -0.337  75.937 0.2500000000
42934  10.004  -3.228  75.869 0.2500000000
43821  8.904  -1.730  76.721 0.2500000000
44714  8.466  -1.082  76.936 0.2500000000
44723  17.699  -1.262  74.386 0.1250000000
44725  16.445  -1.304  74.407 0.1250000000
45527  15.427  -0.390  74.743 0.1250000000
45528  14.569  -0.204  75.211 0.1250000000
44716  13.169  -0.556  76.021 0.1250000000
42956  20.227  -4.383  74.417 0.1250000000
43834  19.645  -3.475  74.695 0.1250000000
86114  18.623  -3.317  74.917 0.1250000000
43835  17.883  -2.413  74.691 0.1250000000
43836  16.885  -2.200  74.408 0.1250000000
43838  15.256  -2.448  74.563 0.1250000000
43839  14.326  -2.380  74.883 0.1250000000
43840  13.358  -2.397  75.237 0.1250000000
43825  12.956  -1.462  75.900 0.1250000000
43826  12.235  -1.451  76.142 0.1250000000
86657  10.983  -1.588  76.350 0.2500000000
45518  11.333  -0.105  75.839 0.2500000000
45548  10.044  -0.330  74.916 0.2500000000
42970  20.411  -3.807  73.606 0.1250000000
42939  19.919  -4.932  74.906 0.1250000000
42940  19.226  -4.428  74.999 0.1250000000
42941  17.517  -3.438  74.620 0.1250000000
42942  16.498  -3.195  74.150 0.1250000000
43837  16.060  -2.415  74.408 0.1250000000
42945  13.656  -2.973  74.400 0.1250000000
43841  12.378  -2.513  75.529 0.1250000000
43827  11.653  -2.091  76.107 0.2500000000
44720  9.706  -0.910  76.371 0.2500000000
42943  15.706  -3.078  74.023 0.1250000000
42946  12.723  -3.110  74.683 0.2500000000
91317  11.143  -3.481  75.047 0.3750000000
42958  16.341  -3.527  73.672 0.1250000000
42964  10.705  -3.713  74.560 0.3750000000
42948  10.403  -3.553  75.223 0.3750000000
92796  9.885  -4.141  74.216 0.3750000000
38325  26.798  -8.619  65.555 0.2500000000
42075  20.464  -5.484  74.811 0.1250000000
42944  14.759  -3.038  74.105 0.1250000000
83443  11.904  -3.377  74.898 0.3750000000
42947  11.598  -3.045  75.480 0.2500000000
98174  20.791  -5.045  74.040 0.1250000000
96873  15.632  -3.264  73.662 0.1250000000
42959  15.079  -3.222  73.393 0.1250000000
42960  13.983  -3.144  73.665 0.2500000000
42961  12.978  -3.250  73.909 0.2500000000
42962  12.098  -3.410  74.172 0.2500000000
42963  11.375  -3.590  74.395 0.3750000000
84958  21.001  -6.047  74.505 0.1250000000
42974  13.256  -3.363  73.014 0.3750000000
42975  12.347  -3.627  73.325 0.3750000000
42080  10.358  -4.054  74.049 0.3750000000
42087  21.365  -5.810  73.713 0.1250000000
41114  21.280  -6.708  74.018 0.1250000000
40183  20.699  -6.563  74.527 0.1250000000
42972  15.465  -3.457  72.507 0.1250000000
42980  14.662  -3.654  71.849 0.3750000000
42973  14.333  -3.309  72.749 0.3750000000
42981  13.595  -3.757  72.136 0.3750000000
42092  11.809  -4.177  72.759 0.3750000000
42093  11.236  -4.338  73.029 0.3750000000
41197  32.483  -5.807  67.382 0.1250000000
41198  31.956  -6.192  67.688 0.1250000000
41181  31.727  -6.589  68.389 0.1250000000
42105  11.478  -4.562  72.382 0.3750000000
95732  31.397  -6.163  67.104 0.1250000000
40251  31.127  -6.738  67.935 0.1250000000
40198  21.421  -7.355  73.586 0.1250000000
40188  20.779  -7.121  73.808 0.1250000000
92375  32.896  -5.311  66.718 0.1250000000
41208  32.148  -5.721  66.660 0.1250000000
40258  30.406  -6.486  66.812 0.1250000000
40252  29.882  -7.037  67.629 0.1250000000
98948  29.037  -7.488  67.344 0.1250000000
40199  20.667  -7.491  73.053 0.1250000000
40259  29.779  -6.289  65.601 0.1250000000
92259  29.321  -6.944  66.615 0.2500000000
40213  20.472  -7.429  72.043 0.1250000000
40260  28.513  -7.646  66.651 0.2500000000
39305  27.747  -8.466  67.051 0.1250000000
38314  27.118  -8.600  66.556 0.1250000000
90164  19.559  -6.986  70.795 0.1250000000
85343  28.672  -6.987  65.749 0.2500000000
85159  26.641  -8.680  66.535 0.1250000000
83797  26.651  -8.769  67.424 0.1250000000
38326  26.410  -8.678  65.615 0.2500000000
90639  25.803  -9.176  64.064 0.2500000000
38340  25.867  -8.877  64.699 0.2500000000
37493  25.498  -8.919  64.608 0.2500000000
42097  21.346  -5.448  72.608 0.1250000000
42091  12.606  -3.956  72.434 0.3750000000
41124  21.738  -6.646  73.510 0.1250000000
42102  13.849  -4.025  71.300 0.3750000000
42103  12.836  -4.218  71.577 0.3750000000
42104  11.956  -4.545  71.867 0.3750000000
42186  32.980  -4.519  65.849 0.1250000000
40242  31.223  -6.996  68.863 0.1250000000
85598  31.912  -4.717  64.713 0.1250000000
41207  32.455  -5.034  65.824 0.1250000000
41209  30.985  -5.889  66.075 0.1250000000
40234  30.505  -7.377  69.412 0.1250000000
40243  30.348  -7.281  68.604 0.1250000000
39303  29.346  -7.656  68.222 0.1250000000
41225  31.318  -5.157  64.174 0.1250000000
89643  31.636  -5.394  65.373 0.1250000000
41226  30.696  -5.749  64.851 0.1250000000
39280  29.894  -7.761  70.030 0.1250000000
39293  28.954  -8.083  68.478 0.1250000000
39281  29.297  -8.137  69.544 0.1250000000
92664  27.560  -8.556  67.367 0.1250000000
86121  27.162  -8.669  67.344 0.1250000000
94251  20.282  -7.474  71.192 0.1250000000
40225  19.796  -6.899  69.811 0.1250000000
38295  28.100  -8.466  69.117 0.1250000000
38296  27.392  -8.648  69.065 0.1250000000
38315  26.020  -8.815  66.848 0.2500000000
41246  30.145  -5.643  62.673 0.1250000000
38297  26.496  -8.860  69.322 0.2500000000
38316  25.204  -8.849  66.136 0.2500000000
38308  25.125  -8.967  67.324 0.2500000000
38328  25.151  -8.907  65.048 0.2500000000
41287  27.864  -5.747  61.364 0.3750000000
94002  24.226  -8.902  66.668 0.2500000000
84527  24.540  -8.998  64.564 0.2500000000
41307  28.107  -5.575  60.406 0.3750000000
38329  24.401  -8.863  65.552 0.2500000000
84633  23.499  -8.505  64.844 0.2500000000
41135  21.901  -6.167  72.712 0.1250000000
41224  31.632  -4.576  63.624 0.1250000000
92258  21.233  -7.731  73.121 0.1250000000
40197  21.931  -7.503  73.520 0.1250000000
97676  31.312  -4.984  63.261 0.1250000000
40212  21.182  -7.821  72.461 0.1250000000
41244  31.103  -5.138  62.622 0.1250000000
40224  20.627  -7.658  70.904 0.1250000000
39271  29.254  -8.048  70.602 0.1250000000
38277  27.382  -7.997  70.587 0.1250000000
41286  29.569  -5.312  61.004 0.1250000000
38278  26.434  -8.269  70.651 0.1250000000
94123  19.329  -6.464  67.624 0.2500000000
95701  28.697  -5.519  60.932 0.2500000000
38287  25.836  -8.821  70.614 0.1250000000
97995  24.854  -9.083  68.425 0.1250000000
39317  23.423  -8.444  66.018 0.1250000000
39318  22.645  -7.911  65.479 0.2500000000
41264  31.425  -4.702  62.003 0.1250000000
41134  22.206  -6.594  72.676 0.1250000000
98756  21.751  -7.940  73.112 0.1250000000
41243  31.532  -4.629  62.740 0.1250000000
41265  30.862  -5.167  61.841 0.1250000000
90008  22.174  -7.722  73.280 0.1250000000
40223  21.474  -8.013  72.153 0.1250000000
40235  20.941  -7.934  70.224 0.1250000000
40236  20.349  -7.178  69.338 0.1250000000
41285  30.497  -4.998  61.116 0.1250000000
40207  26.561  -7.660  70.954 0.1250000000
39274  21.717  -8.202  70.843 0.1250000000
40244  20.796  -7.388  68.685 0.1250000000
40237  19.812  -6.628  68.645 0.2500000000
38280  24.856  -8.931  71.681 0.1250000000
94410  21.233  -7.497  68.041 0.2500000000
89098  20.722  -7.099  67.490 0.2500000000
40245  20.196  -6.853  68.088 0.2500000000
38288  24.897  -9.204  70.960 0.1250000000
87536  20.639  -6.930  66.334 0.2500000000
40253  19.990  -6.760  67.009 0.2500000000
38317  24.078  -8.917  67.856 0.1250000000
39307  22.688  -8.014  66.361 0.1250000000
40261  20.913  -6.927  65.336 0.2500000000
100597  21.347  -7.218  65.966 0.2500000000
39319  21.762  -7.372  65.129 0.1250000000
42241  31.460  -4.425  61.600 0.1250000000
41304  30.755  -4.608  60.661 0.1250000000
41284  31.115  -4.633  61.331 0.1250000000
97553  30.771  -4.475  60.313 0.1250000000
41305  30.174  -5.025  60.382 0.1250000000
39262  22.162  -8.278  72.558 0.1250000000
41321  30.414  -4.742  59.930 0.1250000000
39272  23.204  -9.168  71.872 0.1250000000
39273  22.462  -8.619  71.396 0.1250000000
39283  22.237  -8.335  69.441 0.1250000000
39282  23.160  -8.706  70.217 0.1250000000
98375  22.501  -8.191  68.020 0.1250000000
39295  21.816  -7.874  68.070 0.1250000000
39296  21.460  -7.364  66.989 0.2500000000
94053  22.278  -7.850  67.091 0.1250000000
39308  22.051  -7.540  66.143 0.1250000000
43215  26.282  -3.454  47.222 0.1250000000
44078  25.715  -2.128  47.133 0.1250000000
43216  25.696  -3.512  47.828 0.1250000000
88719  25.330  -2.977  48.372 0.2500000000
43206  25.465  -3.953  48.476 0.3750000000
85485  25.737  -2.848  47.513 0.1250000000
44992  25.526  -1.548  47.554 0.2500000000
45790  25.527  -0.195  44.936 0.2500000000
45787  25.506  -0.483  45.778 0.2500000000
45785  25.492  -0.725  46.619 0.2500000000
99274  25.484  -0.966  47.262 0.2500000000
46555  25.393  0.311  45.615 0.2500000000
44060  25.119  -2.532  49.240 0.5000000000
47315  28.614  1.285  42.384 0.2500000000
47300  28.336  1.917  42.783 0.3750000000
47314  29.130  1.380  42.020 0.2500000000
52410  35.860  7.689  50.748 0.3750000000
53112  42.600  9.668  48.659 0.1250000000
53120  42.689  9.485  48.082 0.1250000000
53088  41.800  10.403  50.141 0.1250000000
53089  41.015  9.928  50.451 0.1250000000
53101  42.247  9.853  49.369 0.1250000000
53074  40.452  10.322  51.193 0.1250000000
53075  39.222  9.651  51.326 0.1250000000
53076  38.063  9.185  51.578 0.1250000000
52407  38.406  8.922  50.522 0.1250000000
52408  37.311  8.527  51.027 0.2500000000
52401  36.446  8.144  51.374 0.2500000000
53126  42.306  9.401  47.341 0.1250000000
51755  34.294  7.059  51.237 0.5000000000
53136  42.298  9.946  45.862 0.2500000000
52409  36.619  8.022  50.477 0.2500000000
54542  40.956  10.893  44.288 0.2500000000
53834  40.827  9.927  45.215 0.2500000000
53837  40.250  10.229  44.600 0.2500000000
53141  39.686  9.613  45.025 0.2500000000
87592  39.697  10.456  44.035 0.2500000000
53779  39.923  10.409  51.994 0.1250000000
53061  37.937  9.389  52.525 0.1250000000
52390  37.068  8.743  52.071 0.1250000000
91067  36.156  8.249  52.279 0.1250000000
52402  35.627  7.807  51.617 0.5000000000
51745  34.790  7.505  51.846 0.5000000000
84234  33.967  7.248  52.037 0.6250000000
51747  32.199  6.857  52.344 0.6250000000
89849  33.114  7.002  52.318 0.6250000000
51756  33.429  6.912  51.451 0.6250000000
51757  32.509  6.842  51.619 0.6250000000
54547  40.800  11.249  43.588 0.2500000000
53062  37.234  9.163  52.916 0.1250000000
85381  35.882  8.396  53.021 0.1250000000
52378  35.395  8.252  53.549 0.1250000000
51731  33.933  7.650  53.469 0.3750000000
52391  36.529  8.747  52.936 0.1250000000
52392  35.288  7.976  52.613 0.5000000000
92367  33.201  7.252  53.160 0.6250000000
97673  32.600  6.947  52.887 0.6250000000
86162  33.716  7.403  52.725 0.6250000000
51734  31.799  6.746  53.096 0.6250000000
51746  34.390  7.671  52.665 0.5000000000
53847  40.312  10.851  41.183 0.2500000000
54451  40.670  11.901  53.776 0.1250000000
51732  33.283  7.345  53.933 0.5000000000
51733  32.613  6.931  53.554 0.5000000000
50892  31.901  6.571  53.939 0.3750000000
50893  31.023  6.379  53.598 0.3750000000
53869  40.844  10.185  39.716 0.2500000000
50881  32.172  6.205  54.700 0.2500000000
51720  32.733  6.858  54.278 0.3750000000
53206  42.788  9.227  33.438 0.6250000000
53210  43.327  9.445  33.003 0.5000000000
97552  43.420  9.657  32.370 0.5000000000
53211  42.686  9.412  32.421 0.5000000000
42113  13.072  -4.346  70.743 0.3750000000
37507  25.100  -9.275  64.255 0.2500000000
37506  25.518  -9.312  63.986 0.2500000000
44067  25.483  -2.224  47.918 0.2500000000
47301  27.486  1.801  43.094 0.2500000000
46553  25.401  0.056  46.475 0.3750000000
53090  39.757  9.507  50.502 0.1250000000
44715  7.668  -0.898  76.964 0.2500000000
43829  9.476  -2.496  76.310 0.2500000000
86936  18.436  -4.154  74.915 0.1250000000
93359  19.921  -6.569  66.183 0.2500000000
41306  29.247  -5.354  60.271 0.2500000000
38339  26.159  -8.854  64.724 0.2500000000
41266  29.812  -5.485  61.796 0.1250000000
45534  8.727  -0.349  75.546 0.2500000000
45514  8.045  -0.510  76.474 0.2500000000
45520  9.387  -0.412  75.983 0.2500000000
44719  10.397  -1.201  76.399 0.2500000000
43828  10.263  -2.233  76.377 0.2500000000
45513  8.893  -0.690  76.469 0.2500000000
44726  15.809  -1.472  74.696 0.1250000000
44727  14.958  -1.448  75.067 0.1250000000
44728  13.965  -1.213  75.619 0.1250000000
43849  18.919  -1.952  74.475 0.1250000000
44718  11.693  -0.822  76.300 0.2500000000
87891  11.032  -0.783  76.264 0.2500000000
45519  10.434  -0.537  75.941 0.2500000000
45532  10.714  -0.128  75.412 0.2500000000
42933  10.894  -2.941  75.930 0.2500000000
39316  27.442  -8.461  66.253 0.2500000000
42078  11.577  -3.809  73.602 0.3750000000
42079  10.942  -3.915  73.817 0.3750000000
39304  28.461  -8.114  67.508 0.1250000000
39315  27.952  -8.278  66.736 0.1250000000
38304  28.153  -8.423  67.840 0.1250000000
38306  26.945  -8.805  68.210 0.1250000000
38327  25.897  -8.793  65.599 0.2500000000
39292  29.792  -7.789  69.122 0.1250000000
38284  28.674  -8.275  69.869 0.1250000000
38294  28.520  -8.344  68.793 0.1250000000
38305  27.708  -8.604  68.166 0.1250000000
38285  27.895  -8.282  69.945 0.1250000000
38307  25.950  -8.982  68.351 0.1250000000
39256  28.420  -8.042  70.753 0.1250000000
38286  26.933  -8.461  70.049 0.1250000000
39257  26.518  -7.987  70.850 0.1250000000
38279  25.708  -8.509  71.073 0.1250000000
38298  24.973  -9.174  69.623 0.1250000000
87627  25.702  -9.069  69.827 0.1250000000
38309  24.026  -8.868  69.218 0.1250000000
94315  21.561  -5.578  71.138 0.1250000000
40211  22.567  -7.754  73.015 0.1250000000
40208  25.873  -7.021  71.114 0.1250000000
39258  25.551  -8.144  71.413 0.1250000000
39284  21.367  -7.972  69.171 0.2500000000
38289  23.949  -9.193  71.932 0.1250000000
92409  24.925  -7.634  71.661 0.1250000000
38299  23.995  -9.247  70.827 0.1250000000
39306  23.171  -8.395  67.198 0.1250000000
39294  23.183  -8.489  68.607 0.1250000000
39261  22.824  -8.620  72.579 0.1250000000
38274  23.929  -8.956  72.310 0.1250000000
39260  23.373  -8.971  72.543 0.1250000000
53060  38.886  9.751  52.205 0.1250000000
53836  41.729  10.484  45.090 0.2500000000
51707  32.981  6.716  54.865 0.3750000000
37654  26.009  -9.480  51.147 0.2500000000
37653  26.793  -9.637  50.956 0.3750000000
53205  43.597  9.329  33.787 0.5000000000
53214  43.102  9.778  31.618 0.3750000000
53948  43.941  9.961  31.905 0.3750000000
53209  44.142  9.591  32.954 0.3750000000
44743  9.345  -0.645  73.980 0.1250000000
44757  9.562  -1.113  72.951 0.1250000000
44758  8.708  -1.225  73.087 0.1250000000
45547  10.792  0.077  74.786 0.1250000000
43853  9.007  -1.805  72.274 0.1250000000
43866  8.508  -2.320  71.648 0.1250000000
44742  10.191  -0.555  73.921 0.1250000000
45517  12.078  0.103  76.097 0.1250000000
38357  12.629  -8.780  64.120 0.2500000000
36847  25.738  -9.988  53.544 0.1250000000
83616  25.830  -10.395  55.288 0.1250000000
36836  25.299  -10.172  54.420 0.1250000000
36860  26.161  -9.931  52.587 0.1250000000
36859  27.197  -10.030  52.422 0.1250000000
98223  27.379  -6.094  50.090 0.3750000000
41442  26.775  -5.891  49.782 0.3750000000
41443  25.919  -5.448  50.057 0.3750000000
40450  27.441  -6.307  49.353 0.1250000000
41453  26.829  -5.947  49.098 0.2500000000
41454  26.027  -5.511  49.226 0.3750000000
41469  26.367  -5.455  48.609 0.1250000000
97726  25.090  -3.492  49.212 0.3750000000
44999  25.625  -1.441  46.784 0.1250000000
45004  25.723  -1.249  45.975 0.1250000000
85256  33.426  1.287  57.685 0.1250000000
47211  32.432  1.282  57.152 0.1250000000
47187  35.765  0.949  59.969 0.1250000000
48631  36.807  2.942  59.679 0.1250000000
48640  36.678  3.048  58.722 0.1250000000
50088  33.203  5.192  55.668 0.1250000000
50873  32.940  6.159  55.334 0.1250000000
97715  33.989  7.625  54.345 0.2500000000
51919  45.433  8.513  27.431 0.1250000000
100486  44.849  9.341  27.846 0.1250000000
52545  46.219  8.182  27.069 0.1250000000
52552  45.867  8.985  26.806 0.1250000000
52551  46.597  8.650  26.454 0.1250000000
53952  43.645  10.065  30.946 0.1250000000
94073  44.307  10.134  29.572 0.1250000000
53218  42.857  9.652  30.718 0.1250000000
53244  44.995  9.815  27.968 0.1250000000
53986  45.730  10.084  27.474 0.1250000000
52546  45.323  9.381  27.433 0.1250000000
53251  46.026  9.765  26.885 0.1250000000
53250  46.506  9.393  26.378 0.1250000000
53951  45.565  10.259  31.857 0.2500000000
53947  44.885  9.945  32.324 0.2500000000
53960  45.919  10.649  29.619 0.1250000000
96643  45.543  10.428  31.072 0.1250000000
53961  45.047  10.416  29.168 0.1250000000
53215  42.350  9.381  31.432 0.1250000000
53971  45.121  10.215  28.462 0.1250000000
52560  47.029  9.038  25.887 0.1250000000
53994  46.664  10.141  26.408 0.1250000000
53946  45.799  9.980  32.719 0.1250000000
53942  45.180  9.662  33.304 0.1250000000
53204  44.514  9.445  34.003 0.2500000000
54704  47.031  10.812  29.996 0.1250000000
53950  46.301  10.492  31.498 0.1250000000
53955  46.171  10.607  30.576 0.1250000000
100817  46.528  10.805  29.203 0.1250000000
98859  46.011  10.667  28.179 0.1250000000
54713  46.631  10.946  28.491 0.1250000000
53985  46.273  10.713  27.682 0.1250000000
54725  47.000  11.159  27.152 0.1250000000
100572  47.190  10.425  25.979 0.1250000000
53260  47.042  9.766  25.889 0.1250000000
94279  46.848  10.191  33.601 0.1250000000
53194  44.747  9.558  34.812 0.3750000000
53949  47.125  10.625  32.154 0.1250000000
53941  46.146  9.858  33.659 0.1250000000
53954  47.193  10.853  31.063 0.1250000000
90239  46.274  10.310  32.245 0.1250000000
54711  49.239  11.617  28.641 0.1250000000
54712  47.796  11.316  28.562 0.1250000000
54724  48.160  11.626  27.683 0.1250000000
54709  47.417  11.012  29.253 0.1250000000
55490  50.028  12.142  26.673 0.1250000000
54734  49.092  11.936  27.094 0.1250000000
54735  47.838  11.446  26.638 0.1250000000
99290  47.918  11.169  31.042 0.1250000000
54702  49.200  11.291  30.099 0.1250000000
54703  47.982  11.132  30.496 0.1250000000
98717  50.831  11.967  28.263 0.1250000000
54708  48.621  11.296  29.312 0.1250000000
90007  48.036  11.097  29.825 0.1250000000
55477  50.602  12.194  27.668 0.1250000000
54723  49.846  11.923  28.026 0.1250000000
97540  51.028  12.490  27.141 0.1250000000
54707  50.063  11.511  29.349 0.1250000000
54706  50.802  11.790  28.754 0.1250000000
94011  27.070  -5.843  50.544 0.3750000000
46460  30.982  0.951  57.086 0.1250000000
47210  34.414  1.143  58.348 0.1250000000
50236  31.338  5.339  38.918 0.2500000000
53187  44.258  9.564  35.306 0.3750000000
99160  33.177  5.853  37.405 0.1250000000
38356  12.832  -9.081  63.220 0.1250000000
92642  24.836  -9.989  53.622 0.1250000000
44744  8.409  -0.603  74.069 0.1250000000
36835  26.265  -10.151  54.340 0.1250000000
36846  26.695  -10.092  53.387 0.1250000000
92160  27.372  -6.209  49.675 0.2500000000
42356  25.372  -4.598  49.386 0.3750000000
42363  25.839  -4.855  48.509 0.3750000000
53957  44.192  10.233  30.352 0.1250000000
53956  45.082  10.470  30.201 0.1250000000
53219  42.251  9.132  30.657 0.1250000000
88134  45.582  10.360  28.015 0.1250000000
86242  46.390  10.504  26.966 0.1250000000
88970  44.665  10.251  31.233 0.1250000000
53970  45.782  10.611  28.692 0.1250000000
86204  47.058  11.235  27.876 0.1250000000
53993  47.087  10.830  26.467 0.1250000000
53945  46.623  10.183  32.946 0.1250000000
85397  48.732  11.703  26.102 0.1250000000
55498  49.740  11.988  25.680 0.1250000000
38270  4.327  -8.534  72.309 0.2500000000
39249  4.342  -7.657  72.934 0.2500000000
37487  8.815  -9.000  66.425 0.1250000000
38342  12.398  -8.634  64.919 0.1250000000
37663  28.135  -9.454  50.376 0.1250000000
51719  33.460  7.222  54.656 0.1250000000
47317  27.026  0.972  42.938 0.1250000000
47316  27.886  1.164  42.668 0.1250000000
45807  28.128  -0.393  42.234 0.1250000000
90289  28.226  0.580  42.357 0.1250000000
83559  41.626  11.912  42.810 0.1250000000
54556  41.584  11.740  41.816 0.1250000000
54571  40.997  11.161  41.014 0.1250000000
53922  44.900  9.925  35.517 0.2500000000
38320  9.641  -8.799  66.192 0.1250000000
39470  27.641  -7.841  50.018 0.2500000000
40171  2.288  -6.470  77.538 0.1250000000
40172  1.646  -6.115  77.515 0.1250000000
40173  0.722  -5.953  77.357 0.1250000000
40178  2.210  -5.893  76.439 0.1250000000
41090  1.460  -4.950  76.589 0.1250000000
39241  3.257  -7.592  75.499 0.1250000000
39245  3.186  -6.890  75.149 0.1250000000
83801  3.365  -8.557  74.852 0.1250000000
39244  3.458  -7.674  74.553 0.1250000000
40180  3.102  -6.366  74.825 0.1250000000
39250  3.808  -7.669  73.702 0.1250000000
38271  4.032  -8.445  73.166 0.1250000000
38275  4.705  -8.650  71.465 0.1250000000
35078  23.723  -12.876  57.039 0.1250000000
35092  24.254  -12.356  56.573 0.1250000000
39482  27.695  -6.886  49.871 0.1250000000
48786  31.903  3.648  38.445 0.1250000000
49501  31.521  4.477  38.564 0.1250000000
49500  32.139  4.395  37.905 0.1250000000
92998  31.855  5.085  38.190 0.1250000000
50253  32.537  5.306  37.656 0.1250000000
50274  37.016  5.524  35.117 0.1250000000
40175  2.010  -5.656  77.067 0.1250000000
37473  4.750  -9.390  70.996 0.1250000000
48770  31.204  3.755  39.042 0.1250000000
39237  0.254  -6.711  77.458 0.1250000000
91305  -0.371  -6.350  76.272 0.1250000000
41088  1.198  -5.304  77.037 0.1250000000
39239  2.645  -6.657  77.151 0.1250000000
39242  2.809  -6.756  76.051 0.1250000000
38267  3.654  -8.436  73.934 0.1250000000
84455  3.479  -6.965  74.288 0.1250000000
48785  32.636  3.552  37.912 0.1250000000
37530  24.283  -9.614  62.260 0.6250000000
48007  25.914  3.012  48.161 0.8750000000
48013  25.477  2.285  45.481 0.8750000000
48622  36.612  3.086  60.167 0.1250000000
48668  32.582  3.354  55.038 0.2500000000
49416  26.462  4.429  47.465 1.0000000000
95857  34.588  5.825  46.441 0.8750000000
97294  31.443  6.756  52.438 0.7500000000
99193  22.982  -7.834  56.615 1.0000000000
