#!ascii label  , from subject sub-v1s16x0051181_ses-1 vox2ras=TkReg
1994
5035  -43.639  -69.001  16.852 0.1000000015
116245  -42.302  -68.154  17.164 0.1000000015
4068  -39.830  -69.310  18.685 0.1000000015
4594  -40.529  -68.314  17.729 0.1000000015
4576  -39.794  -68.682  18.204 0.1000000015
5046  -40.586  -67.400  16.642 0.1000000015
4592  -39.047  -68.832  17.788 0.1000000015
4624  -39.605  -68.421  15.808 0.1000000015
4625  -40.180  -67.986  15.008 0.1000000015
4098  -39.154  -69.143  16.109 0.1000000015
122713  -39.486  -69.202  15.297 0.1000000015
4636  -39.968  -68.865  14.720 0.1000000015
4118  -39.831  -69.743  14.560 0.1000000015
3616  -38.747  -70.570  15.470 0.1000000015
4651  -41.417  -69.206  12.232 0.1000000015
4130  -40.420  -70.398  13.666 0.1000000015
3617  -39.575  -70.712  14.504 0.1000000015
6048  -44.956  -66.346  15.732 0.1000000015
5534  -43.116  -67.798  16.740 0.1000000015
5543  -43.787  -67.010  16.370 0.1000000015
125678  -41.085  -67.817  17.309 0.1000000015
6062  -43.654  -65.743  15.306 0.1000000015
5542  -42.207  -66.657  16.397 0.1000000015
5047  -41.607  -67.268  16.870 0.1000000015
5550  -41.941  -66.225  15.770 0.1000000015
5057  -40.050  -67.714  15.961 0.1000000015
5556  -41.312  -66.624  15.136 0.1000000015
4637  -40.707  -68.554  13.991 0.1000000015
7398  -37.411  -63.500  10.247 0.1000000015
6687  -39.068  -64.169  9.876 0.1000000015
6097  -40.163  -64.471  10.054 0.1000000015
5076  -41.004  -67.223  11.024 0.1000000015
5077  -41.580  -67.531  11.599 0.1000000015
4652  -41.737  -68.178  12.170 0.1000000015
4131  -40.943  -69.988  12.803 0.1000000015
114673  -41.262  -69.253  13.089 0.1000000015
6635  -46.328  -65.555  17.167 0.1000000015
7332  -45.518  -64.170  16.016 0.2000000030
6634  -45.819  -64.611  16.736 0.2000000030
6050  -46.118  -65.955  16.180 0.1000000015
7350  -45.424  -64.292  15.184 0.1000000015
6663  -45.456  -64.721  15.085 0.1000000015
6651  -45.908  -64.960  15.715 0.1000000015
6662  -45.143  -64.198  14.376 0.1000000015
9781  -33.060  -59.637  17.965 0.1000000015
9246  -33.118  -60.737  16.969 0.1000000015
6072  -44.602  -64.176  13.441 0.1000000015
6071  -43.678  -65.480  14.074 0.1000000015
6070  -42.676  -65.862  15.340 0.1000000015
8646  -33.550  -61.797  15.795 0.1000000015
8647  -34.298  -62.184  15.903 0.1000000015
7341  -35.887  -63.281  14.935 0.1000000015
7362  -36.469  -63.512  14.095 0.1000000015
124559  -37.192  -63.560  13.522 0.1000000015
133233  -44.448  -64.794  13.261 0.1000000015
5558  -42.931  -66.049  13.351 0.1000000015
5065  -41.000  -67.506  14.230 0.1000000015
8046  -35.124  -63.042  14.770 0.1000000015
7361  -35.600  -63.380  14.117 0.1000000015
7376  -37.598  -63.486  12.493 0.1000000015
7377  -38.512  -63.502  12.559 0.1000000015
117697  -39.765  -63.571  12.705 0.1000000015
6681  -40.470  -63.746  11.532 0.1000000015
5066  -41.888  -66.733  13.874 0.1000000015
5071  -41.841  -67.523  12.981 0.1000000015
129293  -35.982  -63.503  13.428 0.1000000015
116870  -37.105  -63.426  11.296 0.1000000015
7388  -38.185  -63.413  11.135 0.1000000015
120450  -39.311  -63.537  11.600 0.1000000015
6099  -42.133  -65.282  10.942 0.1000000015
5570  -42.038  -66.491  11.319 0.1000000015
7400  -38.987  -63.677  10.454 0.1000000015
7389  -39.925  -63.870  10.406 0.1000000015
6688  -40.921  -64.321  10.669 0.1000000015
5569  -41.192  -66.067  10.727 0.1000000015
5074  -42.141  -67.223  12.058 0.1000000015
4647  -41.540  -68.493  13.041 0.1000000015
7312  -44.165  -63.271  17.527 0.1000000015
7313  -45.002  -63.826  16.914 0.2000000030
118374  -45.990  -64.885  17.694 0.1000000015
6619  -45.795  -64.627  18.604 0.2000000030
6610  -45.666  -64.478  19.590 0.2000000030
7331  -44.347  -63.523  16.311 0.1000000015
7349  -44.926  -63.829  14.746 0.1000000015
10963  -32.882  -57.934  18.328 0.1000000015
9780  -32.587  -59.247  17.666 0.1000000015
7369  -44.807  -63.840  13.751 0.1000000015
6671  -44.381  -63.976  12.999 0.1000000015
8635  -33.975  -61.746  16.517 0.1000000015
8032  -35.384  -62.809  15.528 0.1000000015
8033  -36.121  -63.035  15.767 0.1000000015
6080  -44.260  -64.433  12.726 0.1000000015
7342  -36.704  -63.394  15.119 0.1000000015
7363  -37.332  -63.574  14.422 0.1000000015
119344  -37.948  -63.623  13.605 0.1000000015
111674  -39.959  -63.603  13.786 0.1000000015
6677  -41.787  -64.071  11.657 0.1000000015
6682  -42.880  -64.687  11.623 0.1000000015
5562  -43.227  -65.815  12.245 0.1000000015
6089  -42.859  -65.528  11.629 0.1000000015
8597  -42.271  -61.205  18.916 0.1000000015
7960  -42.794  -61.940  19.341 0.1000000015
7978  -42.770  -61.787  18.318 0.1000000015
115014  -43.401  -62.438  18.930 0.1000000015
7299  -44.122  -63.099  18.517 0.2000000030
7291  -43.977  -63.058  19.484 0.2000000030
7283  -44.646  -63.638  20.023 0.2000000030
7995  -43.201  -62.721  16.698 0.1000000015
8015  -42.645  -62.789  16.339 0.1000000015
7348  -43.881  -63.508  14.760 0.1000000015
10339  -32.795  -58.715  18.161 0.1000000015
9222  -33.716  -60.124  18.303 0.1000000015
9223  -34.401  -60.525  18.602 0.1000000015
131574  -34.655  -60.993  18.235 0.1000000015
7330  -43.514  -63.267  15.838 0.1000000015
7368  -43.842  -63.619  13.699 0.1000000015
10980  -32.962  -57.355  17.881 0.1000000015
11556  -33.688  -56.737  18.118 0.1000000015
9238  -33.391  -60.466  17.584 0.1000000015
8622  -34.423  -61.649  17.209 0.1000000015
8010  -36.389  -62.779  16.545 0.1000000015
7343  -37.563  -63.473  15.349 0.1000000015
7345  -39.382  -63.546  15.703 0.1000000015
7366  -40.995  -63.632  13.950 0.1000000015
7367  -42.309  -63.517  13.923 0.1000000015
7381  -43.510  -63.783  12.790 0.1000000015
11570  -33.451  -56.733  17.357 0.1000000015
7364  -38.202  -63.632  14.625 0.1000000015
127024  -39.469  -63.611  14.363 0.1000000015
7379  -40.839  -63.642  12.711 0.1000000015
7380  -42.164  -63.684  12.747 0.1000000015
6678  -43.858  -64.287  12.380 0.1000000015
11586  -34.007  -56.391  16.699 0.1000000015
115460  -34.499  -56.356  15.850 0.1000000015
111589  -32.927  -56.341  16.012 0.1000000015
11600  -35.208  -56.441  15.162 0.1000000015
9211  -41.056  -60.404  18.845 0.1000000015
127572  -42.165  -61.125  18.175 0.1000000015
120859  -40.376  -60.125  19.088 0.1000000015
9226  -41.071  -60.764  18.316 0.1000000015
8577  -42.250  -61.641  19.870 0.1000000015
7961  -43.343  -62.470  19.858 0.1000000015
8612  -40.525  -61.304  18.080 0.1000000015
8613  -41.457  -61.222  17.815 0.1000000015
7977  -42.262  -61.599  17.573 0.1000000015
7282  -43.830  -63.085  20.359 0.2000000030
8611  -39.719  -61.279  18.441 0.1000000015
7993  -40.608  -62.106  17.472 0.1000000015
12229  -36.054  -55.260  17.043 0.1000000015
12227  -35.061  -55.916  17.115 0.1000000015
11557  -34.297  -56.264  18.273 0.1000000015
10965  -34.019  -56.694  18.813 0.1000000015
10340  -33.289  -58.343  18.769 0.1000000015
9769  -33.403  -59.250  18.622 0.1000000015
9770  -34.037  -59.740  19.015 0.1000000015
8610  -38.889  -61.169  18.774 0.1000000015
7992  -39.762  -62.610  17.471 0.1000000015
7994  -41.598  -62.035  17.170 0.1000000015
7329  -42.585  -63.192  15.720 0.1000000015
8623  -35.511  -61.644  17.980 0.1000000015
7990  -36.050  -62.107  17.685 0.1000000015
114165  -36.628  -62.547  17.302 0.1000000015
7327  -39.771  -63.366  16.432 0.1000000015
7328  -40.766  -63.279  16.251 0.1000000015
7347  -42.468  -63.479  14.929 0.1000000015
12243  -37.078  -55.209  15.990 0.1000000015
7989  -35.262  -62.065  17.271 0.1000000015
112419  -35.959  -62.419  17.037 0.1000000015
8011  -37.215  -62.991  16.847 0.1000000015
7326  -38.825  -63.365  16.423 0.1000000015
7346  -41.117  -63.565  15.163 0.1000000015
114216  -41.665  -63.304  15.728 0.1000000015
12241  -35.623  -55.864  16.575 0.1000000015
11587  -34.853  -56.202  16.563 0.1000000015
12251  -36.001  -56.082  15.915 0.1000000015
11588  -35.393  -56.289  15.883 0.1000000015
11601  -35.943  -56.366  15.330 0.1000000015
126949  -35.794  -56.465  14.598 0.1000000015
11607  -35.030  -56.364  14.308 0.1000000015
9195  -41.590  -60.837  19.496 0.1000000015
9224  -39.730  -60.500  18.856 0.1000000015
132574  -39.732  -59.433  19.791 0.1000000015
9745  -40.425  -59.936  20.251 0.1000000015
122824  -42.786  -62.133  20.119 0.1000000015
8595  -38.947  -60.403  19.239 0.1000000015
125744  -38.590  -59.454  19.918 0.1000000015
8575  -41.008  -60.833  20.538 0.1000000015
7948  -42.402  -62.075  20.691 0.1000000015
8594  -37.916  -61.054  19.208 0.1000000015
9208  -38.242  -60.165  19.654 0.1000000015
7949  -43.194  -62.514  20.774 0.2000000030
117885  -33.931  -57.242  19.231 0.1000000015
10948  -33.751  -57.962  19.309 0.1000000015
8609  -37.217  -61.733  18.692 0.1000000015
115523  -39.027  -62.600  17.729 0.1000000015
7940  -42.713  -62.360  21.486 0.1000000015
7932  -42.229  -62.265  22.170 0.2000000030
12228  -35.667  -55.141  17.819 0.1000000015
9205  -35.528  -60.407  19.577 0.1000000015
7973  -36.828  -62.212  18.058 0.1000000015
7974  -37.561  -62.231  18.266 0.1000000015
7310  -39.307  -63.082  17.093 0.1000000015
129190  -37.333  -55.517  15.361 0.1000000015
12252  -36.626  -55.931  15.500 0.1000000015
12259  -37.211  -56.019  14.833 0.1000000015
11609  -37.826  -56.079  14.219 0.1000000015
11602  -36.500  -56.326  14.756 0.1000000015
112119  -37.067  -56.364  14.111 0.1000000015
11608  -36.318  -56.475  14.001 0.1000000015
10315  -38.332  -58.363  20.673 0.1000000015
10316  -39.065  -58.341  20.691 0.1000000015
10317  -39.497  -58.753  20.654 0.1000000015
10300  -37.712  -58.074  20.962 0.1000000015
125938  -39.136  -59.659  19.634 0.1000000015
9758  -37.763  -59.658  20.051 0.1000000015
9733  -39.736  -59.049  21.087 0.1000000015
116980  -41.336  -61.532  21.197 0.1000000015
9206  -36.356  -60.456  19.694 0.1000000015
9742  -37.397  -58.966  20.555 0.1000000015
9182  -40.392  -60.438  21.130 0.1000000015
12895  -36.744  -54.842  16.744 0.1000000015
12878  -36.449  -54.591  17.663 0.1000000015
12210  -35.258  -55.217  18.639 0.1000000015
12196  -34.587  -55.912  18.991 0.1000000015
10949  -34.274  -57.528  19.786 0.1000000015
9755  -34.432  -59.339  19.671 0.1000000015
116710  -35.134  -59.729  19.997 0.1000000015
9756  -35.882  -59.911  20.199 0.1000000015
9207  -37.289  -60.401  19.670 0.1000000015
8559  -40.798  -61.214  21.577 0.1000000015
7939  -41.931  -62.017  21.342 0.1000000015
12903  -37.525  -54.501  16.442 0.1000000015
10327  -34.265  -58.430  19.832 0.1000000015
9204  -34.752  -60.179  19.333 0.1000000015
8593  -36.818  -61.060  19.187 0.1000000015
8549  -41.584  -62.111  22.903 0.1000000015
12253  -37.884  -54.849  15.572 0.1000000015
12254  -38.455  -54.985  14.977 0.1000000015
112653  -37.886  -55.488  14.879 0.1000000015
12260  -38.674  -55.582  14.316 0.1000000015
11610  -38.444  -56.258  13.550 0.1000000015
11628  -39.739  -56.678  11.779 0.1000000015
10919  -37.966  -57.518  21.512 0.1000000015
10936  -38.641  -57.923  20.999 0.1000000015
10920  -38.704  -57.769  21.484 0.1000000015
118581  -37.027  -57.191  21.713 0.1000000015
10903  -39.041  -58.014  21.521 0.1000000015
10314  -36.639  -58.425  20.926 0.1000000015
11519  -36.566  -56.499  21.753 0.1000000015
10287  -39.283  -58.694  21.775 0.1000000015
9181  -39.941  -59.988  21.471 0.1000000015
9741  -36.274  -59.211  20.570 0.1000000015
10935  -36.135  -57.887  21.085 0.1000000015
12904  -38.315  -54.146  16.154 0.1000000015
11543  -34.377  -56.682  19.527 0.1000000015
10933  -34.796  -57.972  20.405 0.1000000015
129601  -35.526  -59.281  20.400 0.1000000015
10934  -35.497  -57.404  20.888 0.1000000015
9164  -39.533  -59.768  22.238 0.1000000015
8548  -40.816  -61.517  22.491 0.1000000015
12913  -38.746  -54.481  15.464 0.1000000015
12896  -37.193  -54.198  17.226 0.1000000015
131736  -36.963  -53.962  17.893 0.1000000015
12876  -35.936  -54.674  18.468 0.1000000015
12197  -35.081  -55.350  19.420 0.1000000015
11532  -34.788  -56.973  20.293 0.1000000015
128470  -39.755  -60.458  22.933 0.1000000015
12261  -39.676  -55.458  14.165 0.1000000015
12920  -39.161  -54.856  14.805 0.1000000015
12277  -41.331  -56.190  13.243 0.1000000015
12275  -39.352  -56.079  13.507 0.1000000015
116915  -39.044  -56.520  12.760 0.1000000015
11618  -41.123  -56.588  12.391 0.1000000015
12827  -36.282  -54.448  21.293 0.1000000015
12177  -36.436  -55.606  21.795 0.1000000015
12178  -37.097  -55.932  22.318 0.1000000015
11506  -38.087  -56.837  22.660 0.1000000015
125352  -35.992  -55.213  21.312 0.1000000015
10902  -38.548  -57.617  22.234 0.1000000015
12840  -35.381  -55.082  20.057 0.1000000015
12185  -35.501  -55.569  20.767 0.1000000015
10917  -35.869  -56.729  21.245 0.1000000015
10893  -38.260  -57.125  23.198 0.1000000015
13525  -39.101  -53.845  15.904 0.1000000015
13512  -38.717  -53.518  16.641 0.1000000015
12877  -36.532  -54.101  18.476 0.1000000015
11544  -34.907  -55.953  20.044 0.1000000015
9709  -38.567  -58.716  23.372 0.1000000015
12914  -39.532  -54.303  15.316 0.1000000015
9165  -40.161  -60.690  22.136 0.1000000015
9150  -40.335  -61.042  23.113 0.1000000015
12921  -39.996  -54.750  14.710 0.1000000015
12262  -40.619  -55.444  14.084 0.1000000015
12276  -40.352  -56.086  13.402 0.1000000015
11619  -42.292  -56.676  12.236 0.1000000015
12291  -42.555  -56.568  11.691 0.1000000015
11630  -41.782  -57.020  11.256 0.1000000015
11520  -37.653  -56.818  22.162 0.1000000015
11505  -37.639  -56.221  22.664 0.1000000015
12166  -37.729  -55.868  23.096 0.1000000015
11492  -37.928  -56.330  23.514 0.1000000015
13513  -39.548  -53.329  16.410 0.1000000015
131588  -37.179  -53.556  18.470 0.1000000015
13474  -36.615  -53.696  19.391 0.1000000015
12186  -35.853  -54.719  20.668 0.1000000015
127713  -40.240  -54.218  15.203 0.1000000015
13526  -39.928  -53.735  15.717 0.1000000015
13511  -37.909  -53.786  16.892 0.1000000015
13500  -37.570  -53.594  17.693 0.1000000015
12859  -36.097  -54.292  19.061 0.1000000015
9723  -38.801  -58.341  22.449 0.1000000015
12915  -40.945  -54.653  14.755 0.1000000015
12263  -41.562  -55.520  13.929 0.1000000015
123917  -42.509  -55.794  13.738 0.1000000015
126424  -42.184  -56.282  13.146 0.1000000015
12278  -43.237  -56.752  12.589 0.1000000015
11632  -44.155  -57.410  11.909 0.1000000015
11631  -43.405  -57.094  11.886 0.1000000015
12938  -43.764  -56.616  11.747 0.1000000015
13464  -37.142  -53.203  21.035 0.1000000015
13437  -36.938  -53.845  22.157 0.1000000015
12815  -37.233  -54.401  22.616 0.1000000015
12165  -37.412  -55.368  22.739 0.1000000015
12801  -37.761  -53.975  23.326 0.1000000015
13463  -36.432  -53.843  20.578 0.1000000015
12841  -35.928  -54.348  19.837 0.1000000015
12922  -41.942  -54.867  14.519 0.1000000015
12916  -41.580  -54.221  15.070 0.1000000015
12264  -43.513  -56.172  13.540 0.1000000015
12279  -44.311  -57.325  12.474 0.1000000015
12931  -43.791  -54.621  12.490 0.1000000015
12814  -36.653  -54.363  21.934 0.1000000015
13438  -37.456  -53.611  22.600 0.1000000015
13475  -37.236  -53.173  20.079 0.1000000015
13527  -40.869  -53.798  15.482 0.1000000015
13514  -40.406  -53.226  16.187 0.1000000015
13501  -38.365  -53.255  17.472 0.1000000015
13485  -37.970  -53.106  18.293 0.1000000015
115567  -37.569  -53.141  19.154 0.1000000015
12923  -42.825  -55.047  14.400 0.1000000015
11620  -44.877  -57.631  11.974 0.1000000015
127512  -44.775  -56.305  11.858 0.1000000015
14048  -37.704  -52.592  20.621 0.1000000015
14073  -38.317  -52.594  18.949 0.1000000015
14059  -37.918  -52.604  19.767 0.1000000015
13528  -41.821  -53.651  15.472 0.1000000015
14105  -39.994  -52.757  16.849 0.1000000015
13502  -39.192  -52.990  17.194 0.1000000015
14091  -38.838  -52.607  18.070 0.1000000015
13540  -42.307  -54.257  14.977 0.1000000015
116035  -45.906  -55.999  11.756 0.1000000015
132108  -44.761  -54.811  12.378 0.1000000015
13551  -45.435  -54.239  12.416 0.1000000015
113139  -44.302  -53.779  12.909 0.1000000015
14074  -39.496  -52.089  18.243 0.1000000015
13515  -41.306  -53.131  16.019 0.1000000015
119231  -40.830  -52.600  16.608 0.1000000015
14092  -39.668  -52.385  17.588 0.1000000015
12924  -43.790  -55.064  14.359 0.1000000015
12280  -45.192  -57.577  12.185 0.1000000015
12939  -45.715  -57.337  11.849 0.1000000015
14152  -45.544  -53.005  12.911 0.1000000015
13541  -43.016  -54.313  14.880 0.1000000015
12265  -44.557  -56.568  13.244 0.1000000015
12266  -45.712  -56.769  12.708 0.1000000015
12281  -46.095  -57.221  11.875 0.1000000015
12940  -46.773  -56.547  11.751 0.1000000015
13559  -47.073  -55.599  11.440 0.1000000015
14166  -46.783  -54.303  11.605 0.1000000015
12925  -44.900  -55.378  13.862 0.1000000015
12282  -47.089  -56.472  11.848 0.1000000015
12941  -47.594  -55.849  11.577 0.1000000015
4577  -40.948  -69.027  18.221 0.1000000015
5034  -40.348  -67.917  17.224 0.1000000015
4593  -39.780  -68.307  17.484 0.1000000015
5549  -41.255  -66.766  16.200 0.1000000015
4613  -39.328  -68.565  16.852 0.1000000015
4612  -38.838  -69.110  16.935 0.1000000015
5058  -40.561  -67.232  15.524 0.1000000015
133350  -43.548  -66.105  15.904 0.1000000015
6049  -45.567  -65.580  15.668 0.1000000015
5557  -42.260  -66.048  14.761 0.1000000015
7399  -38.218  -63.676  10.063 0.1000000015
5568  -40.064  -65.794  10.380 0.1000000015
6098  -41.192  -64.919  10.446 0.1000000015
123165  -40.292  -66.810  10.696 0.1000000015
6652  -46.165  -65.437  16.435 0.1000000015
7300  -45.086  -63.924  17.897 0.2000000030
6063  -44.884  -64.941  14.508 0.1000000015
8008  -34.718  -62.153  16.564 0.1000000015
7375  -36.631  -63.514  12.754 0.1000000015
128503  -39.133  -63.527  12.685 0.1000000015
7378  -38.985  -63.601  13.707 0.1000000015
5561  -42.471  -66.685  12.665 0.1000000015
5566  -42.674  -66.440  11.879 0.1000000015
7979  -43.490  -62.508  18.006 0.1000000015
7292  -44.851  -63.714  19.059 0.2000000030
132325  -43.553  -62.813  17.232 0.1000000015
8009  -35.536  -62.525  16.379 0.1000000015
7365  -39.987  -63.613  14.872 0.1000000015
117306  -42.957  -64.099  12.185 0.1000000015
6090  -43.690  -64.864  12.104 0.1000000015
117891  -42.404  -62.250  16.929 0.1000000015
122131  -34.867  -61.407  17.857 0.1000000015
11571  -34.333  -56.272  17.451 0.1000000015
7325  -37.850  -63.303  16.247 0.1000000015
7344  -38.465  -63.527  15.565 0.1000000015
117703  -40.176  -63.513  15.749 0.1000000015
126703  -33.668  -56.384  16.179 0.1000000015
9760  -40.213  -59.694  19.666 0.1000000015
8596  -41.675  -60.752  18.540 0.1000000015
7941  -43.293  -62.729  21.577 0.2000000030
8013  -40.979  -62.662  16.886 0.1000000015
118191  -38.120  -61.843  18.627 0.1000000015
7311  -40.187  -62.974  16.998 0.1000000015
8592  -36.013  -60.923  19.156 0.1000000015
8012  -38.246  -63.031  17.196 0.1000000015
116566  -38.214  -62.472  18.023 0.1000000015
11616  -37.662  -56.489  13.425 0.1000000015
9757  -36.785  -59.822  20.166 0.1000000015
117571  -38.248  -56.606  12.855 0.1000000015
11533  -35.344  -56.433  20.802 0.1000000015
12176  -35.866  -56.013  21.351 0.1000000015
12937  -42.924  -56.482  11.724 0.1000000015
11386  -49.645  -56.023  32.303 0.5000000000
9031  -42.936  -61.285  31.845 0.5000000000
113903  -49.184  -54.908  31.182 0.5000000000
10762  -49.226  -56.606  32.487 0.5000000000
10734  -48.118  -57.612  33.625 0.5000000000
9040  -43.517  -60.482  31.917 0.5000000000
12064  -48.214  -54.935  29.822 0.5000000000
12047  -49.656  -55.467  31.523 0.5000000000
9602  -44.378  -59.286  32.543 0.5000000000
128187  -49.055  -54.963  30.556 0.5000000000
12059  -49.779  -55.388  30.775 0.5000000000
12065  -49.385  -55.308  29.941 0.4000000060
12060  -50.055  -55.688  30.201 0.4000000060
7844  -45.514  -62.205  30.008 0.5000000000
7851  -45.125  -62.572  29.628 0.5000000000
8476  -45.802  -61.898  30.001 0.5000000000
122904  -45.678  -61.831  29.792 0.5000000000
9646  -45.364  -60.235  29.501 0.5000000000
9072  -45.143  -61.027  29.405 0.5000000000
10198  -44.849  -58.614  29.252 0.4000000060
10797  -45.378  -57.767  28.822 0.4000000060
7049  -43.461  -64.828  33.636 0.1000000015
121539  -43.527  -61.226  33.153 0.5000000000
12046  -49.041  -54.889  31.912 0.5000000000
11381  -49.699  -55.864  32.788 0.5000000000
10753  -49.371  -56.741  33.157 0.5000000000
10146  -47.116  -58.104  34.188 0.4000000060
9023  -43.734  -60.159  32.732 0.5000000000
12063  -47.228  -54.757  29.766 0.5000000000
12058  -47.879  -54.770  30.575 0.5000000000
12722  -46.383  -54.719  29.226 0.5000000000
12721  -45.453  -54.589  29.478 0.5000000000
12072  -47.340  -54.866  29.072 0.5000000000
12733  -45.582  -54.569  28.575 0.4000000060
12734  -46.534  -54.681  28.366 0.3000000119
12073  -48.350  -55.158  29.014 0.5000000000
12066  -50.026  -55.713  29.600 0.4000000060
12085  -47.472  -54.847  28.284 0.3000000119
11405  -50.086  -56.066  30.497 0.6999999881
10770  -48.442  -57.320  31.131 0.5000000000
12745  -45.822  -54.401  27.675 0.3000000119
12746  -46.802  -54.521  27.484 0.3000000119
12086  -48.315  -55.133  28.126 0.3000000119
12074  -49.393  -55.462  28.826 0.4000000060
129148  -50.305  -55.968  29.707 0.5000000000
10783  -49.642  -57.225  30.114 0.6000000238
10179  -47.422  -58.461  30.832 0.6000000238
10167  -45.553  -58.124  32.126 0.6000000238
9614  -44.166  -59.786  31.847 0.5000000000
7843  -44.694  -62.520  30.060 0.3000000119
125133  -47.611  -54.751  27.662 0.3000000119
12076  -50.957  -56.038  28.425 0.4000000060
11408  -50.662  -56.596  29.319 0.5000000000
10781  -48.270  -58.549  30.338 0.6000000238
10178  -47.654  -60.108  30.276 0.6000000238
9042  -45.851  -60.823  30.586 0.5000000000
9054  -46.162  -61.437  30.011 0.5000000000
12087  -48.993  -55.361  27.665 0.4000000060
115642  -50.022  -55.681  28.068 0.4000000060
11413  -51.203  -56.477  28.801 0.5000000000
10792  -50.454  -57.660  29.113 0.5000000000
10201  -48.379  -59.964  29.968 0.5000000000
9633  -47.809  -60.205  30.014 0.5000000000
9055  -46.764  -60.693  30.156 0.5000000000
12106  -49.668  -55.386  26.991 0.4000000060
12088  -50.837  -55.765  27.237 0.4000000060
12089  -51.885  -56.221  27.748 0.5000000000
10802  -50.945  -58.162  28.340 0.5000000000
10800  -49.411  -58.373  28.760 0.4000000060
10200  -47.739  -59.931  29.772 0.5000000000
9647  -46.535  -60.598  29.843 0.5000000000
132114  -51.847  -55.981  26.908 0.4000000060
11428  -53.156  -57.429  27.367 0.5000000000
10788  -47.308  -58.551  29.190 0.4000000060
10199  -46.612  -59.724  29.592 0.5000000000
10243  -52.762  -58.629  26.638 0.5000000000
10852  -50.237  -58.047  26.743 0.4000000060
10824  -48.282  -57.589  28.035 0.4000000060
130005  -51.325  -58.541  26.712 0.3000000119
119871  -48.255  -57.319  26.948 0.3000000119
10849  -46.718  -57.306  26.680 0.3000000119
10848  -46.020  -57.338  27.189 0.3000000119
118086  -44.467  -66.997  34.034 0.1000000015
6394  -43.897  -65.886  33.863 0.1000000015
5809  -45.562  -67.676  34.448 0.1000000015
6395  -45.406  -66.110  34.433 0.1000000015
7010  -46.084  -63.973  35.009 0.4000000060
7768  -45.229  -63.162  34.685 0.4000000060
7767  -44.366  -62.456  34.251 0.4000000060
8441  -44.127  -61.294  33.824 0.5000000000
8406  -45.461  -62.104  34.855 0.4000000060
8424  -44.907  -61.242  34.503 0.5000000000
11382  -49.748  -56.302  33.639 0.5000000000
10754  -50.015  -56.671  33.619 0.5000000000
10735  -49.395  -57.320  33.700 0.5000000000
10147  -48.188  -58.059  34.296 0.4000000060
133092  -45.300  -60.543  34.675 0.5000000000
9015  -44.602  -60.230  34.137 0.5000000000
12716  -46.423  -54.652  30.197 0.5000000000
12705  -48.017  -54.648  31.459 0.5000000000
12035  -48.885  -54.822  32.662 0.5000000000
9586  -45.647  -59.002  34.318 0.6000000238
12744  -44.959  -54.225  27.963 0.4000000060
128475  -44.765  -53.242  26.834 0.2000000030
121798  -47.411  -54.549  27.087 0.4000000060
13364  -45.293  -53.820  27.072 0.3000000119
122356  -46.900  -54.285  26.645 0.3000000119
13374  -45.296  -53.202  26.369 0.3000000119
13376  -46.433  -53.802  26.238 0.4000000060
12760  -47.786  -54.489  26.437 0.4000000060
12777  -47.191  -54.033  25.915 0.3000000119
130941  -48.517  -54.589  25.992 0.4000000060
12107  -51.323  -55.704  26.192 0.4000000060
12108  -52.267  -56.153  26.135 0.4000000060
113966  -48.054  -54.178  25.613 0.3000000119
12779  -50.063  -54.843  25.317 0.3000000119
12124  -51.778  -55.873  25.491 0.3000000119
11445  -53.351  -57.347  26.625 0.4000000060
11480  -52.182  -57.312  24.439 0.3000000119
10268  -52.296  -59.337  24.417 0.3000000119
10853  -51.082  -58.705  25.573 0.4000000060
10851  -48.937  -57.632  26.257 0.3000000119
10885  -51.643  -58.508  23.731 0.2000000030
10254  -50.975  -59.388  24.150 0.3000000119
132058  -47.545  -57.408  25.926 0.3000000119
11497  -50.584  -57.583  23.479 0.1000000015
128630  -50.561  -59.294  23.556 0.2000000030
10870  -48.703  -58.149  24.946 0.4000000060
11509  -49.222  -57.392  22.212 0.1000000015
6386  -46.660  -65.460  35.073 0.1000000015
7753  -46.237  -63.025  35.250 0.5000000000
10755  -50.370  -56.613  33.964 0.5000000000
10148  -49.566  -57.925  34.421 0.4000000060
10135  -49.067  -59.052  35.251 0.4000000060
9576  -47.833  -59.579  35.552 0.4000000060
9005  -46.911  -60.141  35.562 0.5000000000
119220  -45.725  -61.192  35.063 0.5000000000
12717  -46.985  -54.659  31.009 0.5000000000
12690  -47.929  -54.540  32.251 0.5000000000
122557  -49.669  -55.685  33.252 0.4000000060
9004  -45.948  -60.348  35.146 0.4000000060
12720  -44.561  -54.339  29.820 0.4000000060
12715  -45.368  -54.554  30.292 0.4000000060
119367  -44.147  -54.029  29.102 0.4000000060
12732  -44.764  -54.374  28.864 0.5000000000
13351  -44.258  -53.860  28.339 0.4000000060
13362  -43.806  -53.267  27.851 0.3000000119
13948  -44.167  -52.935  27.066 0.3000000119
13961  -43.907  -52.176  26.696 0.2000000030
13962  -44.690  -52.556  26.344 0.3000000119
13975  -44.988  -51.921  25.691 0.1000000015
13976  -45.464  -52.567  25.766 0.3000000119
13391  -46.779  -53.330  25.576 0.3000000119
14600  -45.640  -51.849  25.197 0.2000000030
13408  -48.082  -53.132  24.442 0.2000000030
12791  -49.342  -53.933  24.461 0.2000000030
12793  -50.493  -54.963  24.702 0.2000000030
13425  -49.705  -53.917  23.863 0.1000000015
11479  -51.275  -56.742  24.114 0.2000000030
13424  -49.127  -53.323  23.399 0.1000000015
12806  -49.773  -54.607  23.366 0.1000000015
11496  -49.866  -56.779  23.192 0.1000000015
10895  -49.800  -58.339  23.069 0.1000000015
12819  -49.276  -54.661  22.535 0.1000000015
130803  -49.512  -56.017  22.770 0.1000000015
11510  -49.454  -57.622  22.663 0.1000000015
12181  -49.088  -57.396  21.550 0.1000000015
12189  -49.198  -57.162  20.802 0.1000000015
7011  -47.392  -64.372  35.489 0.3000000119
7754  -47.417  -63.190  35.627 0.3000000119
8392  -50.380  -61.180  37.076 0.3000000119
8390  -49.258  -62.255  36.700 0.3000000119
8408  -47.489  -62.142  35.793 0.3000000119
8407  -46.414  -62.054  35.395 0.4000000060
9566  -50.678  -60.231  36.047 0.3000000119
8990  -48.770  -61.093  36.255 0.3000000119
8989  -47.600  -61.109  35.940 0.5000000000
121234  -46.620  -61.113  35.514 0.5000000000
10714  -52.364  -56.962  35.019 0.4000000060
118783  -52.078  -58.058  35.040 0.5000000000
9577  -50.059  -59.623  35.574 0.4000000060
12703  -45.228  -54.441  31.860 0.4000000060
116955  -46.116  -54.448  32.023 0.4000000060
12031  -48.594  -54.847  33.393 0.5000000000
12021  -49.211  -55.299  33.571 0.5000000000
119916  -43.429  -53.707  30.256 0.4000000060
12714  -44.714  -54.443  30.900 0.4000000060
13340  -43.043  -53.274  29.679 0.4000000060
13350  -43.574  -53.443  28.835 0.4000000060
13923  -42.390  -52.582  29.279 0.4000000060
13936  -43.159  -52.870  28.210 0.3000000119
13946  -42.757  -52.085  27.874 0.3000000119
13947  -43.490  -52.548  27.431 0.3000000119
14573  -42.507  -51.238  27.349 0.3000000119
14574  -43.193  -51.781  27.055 0.2000000030
15217  -43.007  -50.580  26.354 0.1000000015
15230  -43.567  -50.597  25.839 0.1000000015
14599  -44.650  -51.256  25.412 0.1000000015
133967  -45.125  -51.568  25.310 0.1000000015
14601  -46.338  -51.857  24.779 0.2000000030
15245  -44.705  -50.514  24.765 0.1000000015
14613  -45.251  -51.219  24.922 0.1000000015
14614  -45.977  -51.321  24.606 0.2000000030
13991  -46.963  -52.140  24.559 0.2000000030
14009  -47.893  -52.171  23.592 0.1000000015
126944  -48.818  -52.816  22.996 0.1000000015
12805  -49.474  -53.850  23.184 0.1000000015
13454  -48.590  -53.455  21.563 0.1000000015
12830  -48.786  -54.564  21.663 0.1000000015
12844  -48.771  -55.756  21.127 0.1000000015
13467  -48.678  -54.268  20.784 0.1000000015
12200  -49.096  -55.476  20.284 0.1000000015
12201  -49.619  -55.804  19.695 0.1000000015
12202  -50.242  -56.941  19.383 0.1000000015
12214  -50.916  -56.075  18.749 0.1000000015
8391  -49.686  -62.011  37.016 0.3000000119
7729  -49.171  -62.951  37.265 0.2000000030
8992  -51.618  -60.186  37.061 0.3000000119
9579  -52.566  -58.391  35.631 0.4000000060
10098  -52.827  -57.705  36.289 0.3000000119
12688  -45.744  -54.410  32.804 0.3000000119
12030  -47.451  -54.738  33.786 0.4000000060
11353  -50.030  -56.221  34.615 0.4000000060
10117  -52.710  -57.216  36.088 0.3000000119
12701  -43.580  -54.041  31.613 0.3000000119
12702  -44.310  -54.316  31.746 0.3000000119
11369  -48.797  -55.982  34.764 0.4000000060
10712  -50.455  -56.416  35.339 0.4000000060
10116  -51.460  -57.469  36.645 0.3000000119
13922  -41.887  -52.329  29.859 0.3000000119
13336  -42.905  -53.436  30.577 0.3000000119
13915  -42.361  -52.884  30.184 0.3000000119
14555  -41.246  -51.723  30.026 0.3000000119
14556  -41.753  -51.866  29.213 0.3000000119
14561  -41.739  -51.374  28.477 0.3000000119
14562  -42.247  -52.000  28.573 0.3000000119
117662  -42.208  -51.535  28.004 0.3000000119
15216  -42.572  -50.676  26.829 0.2000000030
15829  -42.426  -49.962  26.548 0.1000000015
112749  -42.521  -49.121  26.054 0.1000000015
16555  -43.331  -48.544  24.957 0.1000000015
15852  -44.014  -49.933  24.941 0.1000000015
16576  -43.915  -49.199  24.594 0.1000000015
15864  -45.083  -49.967  24.114 0.1000000015
15247  -46.316  -50.899  24.035 0.2000000030
15259  -45.833  -50.266  23.721 0.2000000030
115667  -46.516  -50.634  23.327 0.2000000030
14632  -47.597  -51.657  23.254 0.1000000015
14643  -47.118  -51.069  22.887 0.1000000015
123626  -47.751  -51.527  22.408 0.1000000015
14025  -48.579  -52.723  22.304 0.1000000015
14038  -48.261  -52.091  22.189 0.1000000015
14039  -48.324  -52.533  21.411 0.1000000015
127652  -48.474  -53.252  20.863 0.1000000015
12863  -49.500  -54.792  19.562 0.1000000015
118301  -49.511  -53.890  19.328 0.1000000015
12213  -50.152  -55.380  19.167 0.1000000015
12881  -50.064  -54.385  18.924 0.1000000015
12882  -50.788  -54.928  18.665 0.1000000015
114351  -51.639  -55.524  18.565 0.1000000015
116430  -52.840  -55.611  18.376 0.1000000015
7709  -49.276  -62.619  38.178 0.2000000030
6976  -48.590  -64.053  37.104 0.2000000030
8364  -50.010  -61.975  39.028 0.2000000030
8375  -50.624  -60.976  38.033 0.3000000119
8941  -51.602  -60.600  40.946 0.2000000030
8970  -51.661  -60.036  38.203 0.3000000119
8971  -52.102  -59.420  37.328 0.3000000119
125344  -47.171  -55.098  34.399 0.3000000119
10097  -52.307  -57.959  36.920 0.3000000119
12686  -43.851  -54.136  32.505 0.3000000119
12687  -44.703  -54.347  32.570 0.3000000119
11368  -47.623  -55.652  34.818 0.3000000119
11352  -48.906  -56.468  35.537 0.3000000119
10694  -50.310  -57.078  36.245 0.3000000119
13914  -41.714  -52.461  30.611 0.3000000119
125735  -42.560  -53.425  31.843 0.3000000119
117053  -47.701  -56.325  35.510 0.3000000119
127379  -49.336  -56.879  36.061 0.3000000119
10096  -51.116  -58.324  37.640 0.2000000030
14546  -41.054  -51.911  31.009 0.2000000030
15184  -41.093  -51.119  29.102 0.3000000119
15190  -41.443  -50.643  28.317 0.3000000119
14572  -41.900  -50.941  27.794 0.3000000119
15200  -41.684  -50.167  27.644 0.2000000030
15814  -41.549  -49.176  27.478 0.2000000030
16529  -41.699  -48.505  26.993 0.1000000015
16530  -42.130  -48.274  26.362 0.1000000015
128721  -42.623  -46.893  25.472 0.1000000015
18979  -42.810  -45.891  26.298 0.1000000015
19910  -44.454  -45.121  26.374 0.1000000015
17309  -42.929  -47.542  25.073 0.1000000015
17328  -42.931  -46.620  24.922 0.1000000015
18099  -43.117  -45.951  24.978 0.1000000015
19932  -45.212  -44.715  25.381 0.1000000015
19912  -45.925  -45.068  25.973 0.1000000015
18985  -48.034  -46.036  26.045 0.1000000015
17329  -43.431  -47.828  24.516 0.1000000015
19038  -43.819  -45.674  23.903 0.1000000015
19957  -44.471  -44.800  24.746 0.1000000015
19934  -46.966  -44.700  24.969 0.1000000015
19006  -47.515  -45.417  25.488 0.1000000015
16577  -44.540  -49.105  23.913 0.1000000015
16594  -44.300  -48.162  23.527 0.1000000015
15872  -46.071  -49.926  23.005 0.2000000030
15268  -46.678  -50.369  22.569 0.1000000015
122466  -47.630  -51.150  21.685 0.1000000015
14656  -48.017  -51.716  21.582 0.1000000015
118265  -48.732  -53.394  20.229 0.1000000015
14064  -48.901  -52.678  19.582 0.1000000015
126879  -49.099  -53.442  19.662 0.1000000015
13479  -49.521  -53.116  19.096 0.1000000015
13489  -50.055  -53.563  18.726 0.1000000015
13490  -50.792  -54.007  18.525 0.1000000015
9526  -49.897  -59.477  40.895 0.2000000030
9527  -51.802  -59.811  40.761 0.2000000030
9536  -51.750  -59.438  38.013 0.3000000119
9554  -52.482  -58.544  36.973 0.3000000119
10081  -47.856  -58.794  39.577 0.2000000030
9535  -51.417  -59.687  39.073 0.2000000030
9553  -51.800  -58.869  37.738 0.3000000119
12679  -43.905  -54.108  33.501 0.3000000119
12018  -45.547  -55.123  34.728 0.3000000119
11351  -46.662  -56.158  35.550 0.3000000119
13316  -42.572  -53.415  32.577 0.3000000119
12674  -43.610  -54.031  34.264 0.3000000119
12003  -45.221  -55.575  35.409 0.3000000119
111836  -45.977  -56.481  36.180 0.3000000119
10693  -48.210  -57.226  36.417 0.3000000119
13911  -40.911  -52.011  31.891 0.2000000030
13899  -41.455  -52.565  32.427 0.3000000119
10681  -48.891  -57.596  36.830 0.2000000030
10115  -49.848  -57.939  37.260 0.2000000030
14543  -40.349  -51.441  31.405 0.2000000030
14545  -40.508  -51.293  30.569 0.2000000030
15174  -40.262  -50.610  30.274 0.2000000030
14554  -40.667  -51.056  29.856 0.3000000119
15183  -40.599  -50.281  29.497 0.3000000119
15189  -41.026  -50.288  28.777 0.3000000119
15805  -41.264  -49.760  28.211 0.2000000030
15804  -40.811  -49.464  28.900 0.3000000119
16507  -41.041  -48.675  28.257 0.2000000030
16517  -41.364  -48.234  27.531 0.2000000030
18084  -42.002  -46.936  27.095 0.1000000015
18129  -44.273  -46.423  23.001 0.1000000015
19039  -44.353  -45.252  23.495 0.1000000015
19974  -44.829  -44.710  23.756 0.1000000015
19975  -45.669  -44.491  23.631 0.1000000015
16610  -44.702  -47.853  22.832 0.1000000015
17364  -44.616  -47.030  22.553 0.1000000015
18141  -44.720  -46.170  22.384 0.1000000015
19989  -45.440  -44.754  22.517 0.1000000015
16595  -44.953  -48.688  23.123 0.1000000015
130102  -45.071  -47.582  22.265 0.1000000015
16619  -45.590  -47.832  21.679 0.1000000015
17382  -45.622  -47.100  21.290 0.1000000015
129100  -45.661  -45.642  21.460 0.1000000015
15880  -45.662  -49.143  22.697 0.1000000015
15892  -45.949  -48.780  21.969 0.1000000015
16620  -46.202  -48.445  21.202 0.1000000015
15907  -46.710  -48.964  20.708 0.1000000015
15881  -46.284  -49.613  22.256 0.1000000015
15281  -46.801  -50.098  21.771 0.1000000015
15282  -47.318  -50.556  21.310 0.1000000015
15292  -47.527  -50.313  20.431 0.1000000015
14671  -48.186  -51.907  20.756 0.1000000015
14053  -48.456  -52.622  20.453 0.1000000015
10648  -47.614  -58.081  42.060 0.3000000119
10672  -46.436  -57.890  38.840 0.3000000119
10080  -47.085  -58.285  38.821 0.3000000119
10082  -48.341  -58.731  38.578 0.2000000030
9551  -49.547  -58.807  38.269 0.2000000030
9552  -51.043  -59.021  38.420 0.2000000030
10094  -47.603  -58.355  38.246 0.3000000119
10095  -48.523  -58.312  37.701 0.3000000119
13313  -43.181  -53.748  33.830 0.3000000119
12002  -44.600  -55.696  36.112 0.3000000119
120452  -46.065  -57.069  36.997 0.3000000119
10680  -47.759  -57.839  37.274 0.3000000119
13898  -40.845  -52.045  32.799 0.2000000030
121111  -42.639  -53.488  34.149 0.3000000119
12667  -42.882  -53.919  35.313 0.3000000119
115797  -40.256  -51.528  32.268 0.2000000030
14542  -39.780  -50.984  31.816 0.2000000030
15165  -39.944  -50.846  31.001 0.2000000030
120970  -40.192  -49.884  30.085 0.2000000030
15797  -40.382  -49.279  29.620 0.3000000119
16506  -40.615  -48.564  29.091 0.2000000030
17275  -40.823  -47.884  28.647 0.2000000030
16625  -47.000  -48.584  19.949 0.1000000015
119577  -48.164  -51.401  20.270 0.1000000015
115862  -48.466  -51.933  19.927 0.1000000015
11285  -48.076  -56.911  42.898 0.1000000015
11913  -46.889  -55.795  42.352 0.2000000030
11298  -46.953  -57.036  42.163 0.3000000119
117418  -46.213  -56.932  41.249 0.3000000119
11309  -45.680  -56.884  40.303 0.3000000119
11314  -45.393  -56.810  39.379 0.3000000119
11986  -44.220  -55.652  36.738 0.3000000119
11975  -44.317  -55.882  37.546 0.3000000119
133732  -41.737  -52.952  34.788 0.3000000119
13303  -42.359  -53.600  35.651 0.3000000119
12656  -43.091  -54.562  36.713 0.3000000119
11974  -43.686  -55.234  37.153 0.3000000119
13876  -40.653  -51.961  34.674 0.2000000030
14538  -39.681  -51.080  32.670 0.2000000030
15157  -39.413  -50.415  32.277 0.1000000015
15173  -39.886  -50.034  30.707 0.2000000030
15781  -39.350  -49.590  31.955 0.1000000015
15790  -39.628  -49.336  31.183 0.2000000030
15791  -39.963  -49.098  30.383 0.2000000030
16493  -40.096  -48.187  30.494 0.2000000030
120393  -40.444  -47.790  30.041 0.3000000119
11308  -45.096  -56.215  40.711 0.3000000119
11313  -44.841  -56.292  39.814 0.3000000119
11954  -44.246  -55.778  39.373 0.3000000119
11967  -44.196  -55.817  38.496 0.3000000119
13857  -41.521  -52.814  36.460 0.3000000119
13282  -42.528  -54.003  36.754 0.3000000119
13868  -41.288  -52.526  35.851 0.2000000030
14489  -40.324  -51.581  35.328 0.2000000030
15137  -39.219  -50.428  34.053 0.1000000015
15767  -39.108  -49.798  32.710 0.1000000015
118659  -39.163  -49.070  32.443 0.1000000015
16485  -39.488  -48.592  31.748 0.1000000015
17247  -39.881  -47.906  31.197 0.1000000015
129489  -44.128  -55.161  40.590 0.3000000119
12612  -43.661  -54.572  40.601 0.2000000030
116755  -43.700  -55.246  39.042 0.3000000119
11966  -43.662  -55.284  38.105 0.3000000119
12635  -43.109  -54.672  38.769 0.3000000119
13281  -41.702  -53.103  37.374 0.3000000119
12645  -43.115  -54.677  37.758 0.3000000119
14480  -40.391  -51.557  36.075 0.2000000030
13856  -40.953  -52.135  36.482 0.2000000030
15736  -38.997  -49.575  36.174 0.1000000015
15121  -39.370  -50.355  36.103 0.1000000015
16437  -38.944  -48.927  36.639 0.1000000015
15744  -38.917  -49.786  35.414 0.1000000015
15762  -38.807  -49.592  33.995 0.1000000015
123470  -38.874  -49.103  33.201 0.1000000015
15753  -38.685  -49.260  34.748 0.1000000015
16460  -38.718  -48.771  34.011 0.1000000015
16471  -39.244  -48.232  32.684 0.1000000015
12611  -43.144  -53.899  40.446 0.2000000030
12625  -42.601  -53.919  39.472 0.2000000030
13844  -41.220  -52.459  37.943 0.2000000030
128555  -42.178  -53.550  38.806 0.2000000030
118096  -40.328  -51.354  37.740 0.1000000015
14469  -40.373  -51.515  36.919 0.2000000030
15728  -39.356  -49.770  36.984 0.1000000015
15743  -38.669  -48.887  35.654 0.1000000015
16455  -38.570  -48.409  34.762 0.1000000015
17201  -38.769  -47.937  34.019 0.1000000015
113666  -39.195  -47.655  33.401 0.1000000015
17208  -39.676  -47.462  32.782 0.1000000015
117843  -38.610  -48.153  36.313 0.1000000015
117639  -38.509  -47.958  35.473 0.1000000015
131045  -38.604  -47.274  35.326 0.1000000015
17196  -39.028  -47.164  34.087 0.1000000015
17175  -38.636  -47.495  36.826 0.1000000015
17942  -38.656  -46.740  36.500 0.1000000015
17953  -38.736  -46.678  35.630 0.1000000015
10760  -46.964  -57.545  32.236 0.4000000060
10761  -48.453  -56.999  31.923 0.5000000000
11385  -49.666  -56.051  31.772 0.5000000000
10752  -47.908  -57.309  32.858 0.4000000060
11404  -49.754  -56.269  30.901 0.5000000000
10145  -46.118  -58.184  33.838 0.5000000000
10133  -47.337  -58.602  34.655 0.4000000060
134280  -43.574  -60.826  31.358 0.5000000000
9587  -46.507  -58.759  34.587 0.4000000060
114072  -47.383  -57.622  31.596 0.5000000000
9594  -44.331  -59.632  33.387 0.5000000000
10751  -46.465  -57.705  33.031 0.6000000238
10176  -44.852  -59.270  31.697 0.5000000000
9053  -44.471  -61.219  30.679 0.3000000119
130651  -44.621  -62.913  29.667 0.5000000000
9585  -44.913  -59.303  33.922 0.5000000000
7107  -41.984  -63.312  30.795 0.5000000000
10158  -44.780  -58.832  33.193 0.5000000000
132143  -45.560  -61.313  30.411 0.4000000060
9073  -46.117  -61.441  29.978 0.5000000000
113043  -45.470  -59.363  29.471 0.4000000060
9645  -44.074  -59.818  29.325 0.4000000060
10787  -46.406  -58.492  29.239 0.4000000060
126747  -46.742  -57.356  27.406 0.3000000119
10823  -47.278  -57.478  27.925 0.4000000060
7028  -45.005  -64.551  34.457 0.2000000030
10733  -47.037  -57.756  33.585 0.4000000060
12075  -50.235  -55.815  28.946 0.3000000119
11407  -50.174  -56.664  29.850 0.4000000060
10782  -48.859  -57.823  30.286 0.6000000238
12759  -46.114  -54.181  26.876 0.3000000119
12747  -48.141  -54.837  27.305 0.4000000060
12067  -50.506  -56.041  29.171 0.5000000000
10791  -49.669  -58.008  29.399 0.6000000238
10750  -46.032  -57.811  32.405 0.6000000238
112918  -45.305  -58.639  33.674 0.6000000238
10166  -44.963  -58.598  32.331 0.5000000000
119325  -44.956  -59.989  31.254 0.5000000000
12077  -51.731  -56.474  28.310 0.4000000060
10793  -51.226  -57.319  28.766 0.5000000000
10192  -48.606  -59.346  29.890 0.6000000238
10790  -49.031  -58.628  29.597 0.5000000000
9616  -46.879  -60.208  30.562 0.5000000000
114574  -46.752  -59.083  30.968 0.5000000000
9631  -46.694  -60.760  30.266 0.5000000000
9615  -45.920  -60.091  31.001 0.5000000000
12761  -48.725  -54.908  26.755 0.4000000060
11414  -51.989  -57.040  28.477 0.5000000000
10801  -49.926  -58.377  28.825 0.5000000000
10789  -48.223  -59.248  29.601 0.4000000060
10209  -48.594  -59.180  29.719 0.5000000000
9648  -47.384  -60.506  30.040 0.5000000000
12762  -49.371  -54.901  26.071 0.3000000119
11444  -52.853  -56.559  27.048 0.5000000000
10804  -52.607  -57.608  27.890 0.5000000000
10210  -51.651  -58.391  27.766 0.5000000000
10799  -48.674  -58.704  29.185 0.4000000060
10828  -52.982  -58.116  27.296 0.5000000000
10827  -51.190  -58.475  27.644 0.4000000060
10798  -47.679  -57.988  28.737 0.4000000060
121669  -52.046  -58.839  26.015 0.4000000060
10872  -53.332  -57.885  25.917 0.4000000060
10242  -51.984  -58.653  27.191 0.4000000060
10825  -49.228  -57.670  27.462 0.4000000060
10149  -50.962  -57.243  34.272 0.5000000000
10134  -48.092  -58.775  34.917 0.4000000060
9016  -45.373  -59.803  34.562 0.5000000000
114023  -45.930  -54.565  31.135 0.5000000000
9574  -46.165  -59.535  34.980 0.5000000000
13363  -44.524  -53.566  27.503 0.3000000119
13390  -45.980  -53.204  25.910 0.3000000119
117369  -50.361  -55.318  26.169 0.3000000119
11464  -53.187  -56.878  25.976 0.3000000119
12123  -51.020  -55.357  25.269 0.3000000119
12778  -49.074  -54.386  25.258 0.2000000030
11481  -52.923  -57.667  25.101 0.3000000119
10886  -52.415  -58.871  24.248 0.3000000119
12140  -51.734  -56.000  24.792 0.2000000030
10267  -51.663  -59.520  23.852 0.3000000119
10255  -51.983  -59.439  24.548 0.4000000060
10871  -49.925  -58.321  25.288 0.4000000060
10896  -50.749  -59.041  23.429 0.2000000030
10884  -49.734  -58.948  24.097 0.2000000030
127304  -50.058  -59.009  23.234 0.2000000030
10906  -48.928  -58.323  22.339 0.1000000015
12170  -49.099  -55.923  21.927 0.1000000015
10150  -52.040  -57.267  34.494 0.4000000060
126414  -50.414  -56.472  34.145 0.4000000060
10136  -50.821  -58.325  34.840 0.5000000000
9006  -47.854  -60.345  35.892 0.4000000060
9575  -47.058  -59.246  35.131 0.5000000000
12704  -46.935  -54.542  31.739 0.5000000000
13341  -43.774  -53.831  29.700 0.4000000060
14587  -44.323  -51.746  26.060 0.2000000030
14598  -44.046  -51.126  25.792 0.1000000015
14586  -43.568  -51.317  26.350 0.1000000015
13977  -46.342  -52.529  25.248 0.2000000030
13392  -47.631  -53.537  25.238 0.2000000030
13978  -47.229  -52.853  24.869 0.2000000030
13393  -48.551  -53.746  24.840 0.2000000030
12792  -49.881  -54.473  24.547 0.2000000030
13992  -47.676  -52.464  24.180 0.2000000030
13409  -49.035  -53.362  24.063 0.1000000015
12139  -50.955  -55.517  24.469 0.2000000030
12138  -50.327  -54.817  24.062 0.2000000030
12156  -50.534  -56.016  23.774 0.2000000030
12155  -49.984  -55.523  23.425 0.1000000015
10907  -49.224  -58.422  22.754 0.1000000015
12190  -49.536  -57.009  20.072 0.1000000015
134238  -48.125  -64.977  35.892 0.3000000119
7755  -48.378  -63.407  36.094 0.3000000119
7742  -48.798  -63.354  36.683 0.3000000119
119845  -50.888  -60.552  36.542 0.3000000119
8991  -49.939  -61.201  36.515 0.3000000119
8389  -48.525  -62.273  36.261 0.3000000119
9565  -49.689  -60.509  36.074 0.3000000119
9578  -51.441  -59.194  35.471 0.3000000119
125237  -51.745  -59.698  36.175 0.3000000119
9007  -48.798  -60.013  35.871 0.3000000119
11370  -49.598  -55.939  33.870 0.4000000060
10713  -51.242  -56.473  34.716 0.4000000060
10696  -53.006  -57.355  35.658 0.4000000060
10137  -52.740  -57.540  35.099 0.4000000060
13338  -43.959  -54.130  30.440 0.4000000060
12683  -47.745  -54.523  33.050 0.4000000060
12713  -43.968  -54.230  31.104 0.4000000060
13935  -42.666  -52.530  28.566 0.3000000119
14585  -42.942  -51.123  26.771 0.2000000030
15830  -43.050  -49.840  25.812 0.1000000015
15231  -44.110  -50.588  25.366 0.1000000015
15863  -44.448  -49.745  24.459 0.1000000015
15246  -45.548  -50.685  24.366 0.2000000030
14615  -46.682  -51.525  24.269 0.1000000015
14616  -47.344  -51.822  23.942 0.1000000015
14010  -48.463  -52.759  23.645 0.1000000015
14024  -48.312  -52.178  22.959 0.1000000015
13442  -48.990  -53.552  22.497 0.1000000015
13478  -49.020  -54.184  19.978 0.1000000015
8374  -49.759  -62.027  37.699 0.2000000030
113621  -48.321  -64.768  36.985 0.2000000030
8993  -52.437  -59.040  36.521 0.3000000119
12029  -46.312  -54.846  34.175 0.3000000119
12020  -48.172  -55.089  34.079 0.4000000060
13330  -42.952  -53.640  31.354 0.3000000119
125918  -42.261  -53.117  31.143 0.3000000119
15201  -42.149  -50.473  27.195 0.1000000015
15850  -43.006  -49.057  25.510 0.1000000015
15828  -42.025  -49.161  26.721 0.1000000015
17308  -42.445  -47.530  25.833 0.1000000015
16554  -42.711  -48.351  25.608 0.1000000015
15851  -43.468  -49.438  25.189 0.1000000015
16593  -43.856  -48.410  24.226 0.1000000015
14631  -46.941  -51.274  23.625 0.1000000015
15269  -47.240  -50.792  22.123 0.1000000015
8940  -50.609  -61.468  40.423 0.2000000030
8365  -51.002  -60.766  39.445 0.2000000030
8953  -51.565  -59.950  39.758 0.2000000030
13317  -43.215  -53.742  33.008 0.3000000119
132085  -44.322  -54.250  33.015 0.3000000119
12676  -45.263  -54.686  34.235 0.3000000119
12019  -46.314  -55.506  34.949 0.3000000119
13912  -41.555  -52.562  31.506 0.3000000119
13900  -42.041  -53.055  32.062 0.3000000119
15815  -41.938  -49.810  27.084 0.1000000015
129848  -42.110  -47.447  26.495 0.1000000015
18085  -42.416  -46.683  26.214 0.1000000015
18098  -42.802  -46.227  25.550 0.1000000015
19909  -43.883  -45.163  26.042 0.1000000015
19004  -43.339  -45.544  25.623 0.1000000015
19911  -45.134  -45.059  26.243 0.1000000015
19931  -44.466  -44.914  25.670 0.1000000015
122634  -43.294  -47.057  24.373 0.1000000015
18113  -43.361  -46.210  24.373 0.1000000015
19956  -43.925  -45.065  25.341 0.1000000015
19020  -43.677  -45.392  24.691 0.1000000015
19933  -46.079  -44.652  25.153 0.1000000015
19005  -46.704  -45.188  25.704 0.1000000015
18984  -47.228  -45.763  26.257 0.1000000015
17348  -43.747  -47.565  23.898 0.1000000015
18128  -43.749  -46.578  23.687 0.1000000015
19021  -44.169  -45.052  24.090 0.1000000015
134273  -44.086  -45.896  23.363 0.1000000015
19958  -45.389  -44.551  24.470 0.1000000015
19959  -46.302  -44.465  24.304 0.1000000015
19007  -48.354  -45.699  25.283 0.1000000015
17349  -44.190  -47.272  23.233 0.1000000015
15871  -45.352  -49.522  23.422 0.1000000015
10071  -47.983  -59.093  41.172 0.2000000030
9533  -48.874  -59.196  39.512 0.2000000030
129155  -51.153  -59.604  40.259 0.2000000030
10070  -47.267  -58.445  40.073 0.3000000119
9534  -50.308  -59.320  39.313 0.2000000030
12675  -44.289  -54.419  34.403 0.3000000119
10692  -47.134  -57.332  36.761 0.3000000119
13312  -42.600  -53.417  33.433 0.3000000119
12001  -44.048  -54.740  35.307 0.3000000119
11350  -45.276  -56.122  36.109 0.3000000119
133301  -44.471  -55.258  35.577 0.3000000119
13884  -41.410  -52.550  33.372 0.3000000119
13877  -42.001  -53.072  33.990 0.3000000119
17296  -41.697  -47.802  26.973 0.1000000015
17282  -41.491  -47.481  27.640 0.2000000030
19051  -44.504  -45.622  22.918 0.1000000015
19988  -44.845  -44.917  23.003 0.1000000015
19960  -47.236  -44.503  24.134 0.1000000015
19052  -44.975  -45.314  22.385 0.1000000015
18142  -45.202  -45.863  21.832 0.1000000015
16611  -45.315  -48.318  22.420 0.1000000015
15893  -46.482  -49.303  21.483 0.1000000015
15894  -46.964  -49.813  20.970 0.1000000015
14670  -47.821  -51.147  20.901 0.1000000015
10661  -46.502  -57.911  39.660 0.3000000119
125018  -47.193  -58.252  40.835 0.3000000119
10660  -46.112  -57.536  39.951 0.3000000119
10671  -45.800  -57.454  39.004 0.3000000119
10679  -46.732  -57.804  37.833 0.3000000119
10678  -45.801  -57.363  38.070 0.3000000119
12668  -43.553  -54.194  34.941 0.3000000119
11336  -44.797  -56.119  36.771 0.3000000119
11985  -43.873  -55.148  36.167 0.3000000119
11331  -45.192  -56.555  37.522 0.3000000119
121057  -41.314  -52.531  34.292 0.3000000119
14539  -40.206  -51.577  33.143 0.2000000030
13308  -42.353  -53.420  34.870 0.3000000119
15164  -39.620  -50.235  31.473 0.2000000030
16498  -40.325  -48.448  29.828 0.2000000030
124980  -41.286  -47.320  28.355 0.2000000030
11274  -49.543  -57.163  44.238 0.1000000015
11297  -45.606  -56.076  41.617 0.2000000030
11324  -45.258  -56.753  38.482 0.3000000119
11323  -44.734  -56.295  38.927 0.3000000119
13307  -41.278  -52.525  35.143 0.3000000119
13302  -41.794  -53.074  35.592 0.3000000119
14519  -40.209  -51.599  33.938 0.2000000030
14518  -39.686  -51.105  33.567 0.2000000030
16492  -39.766  -48.598  30.980 0.2000000030
119020  -44.680  -55.538  41.085 0.3000000119
11941  -44.391  -55.730  40.227 0.3000000119
130701  -42.224  -53.657  37.175 0.3000000119
13867  -40.840  -52.048  35.599 0.2000000030
14499  -39.864  -51.209  34.614 0.2000000030
15148  -39.286  -50.508  33.097 0.1000000015
15754  -38.911  -49.948  34.656 0.1000000015
14488  -39.832  -51.063  35.622 0.1000000015
17226  -39.713  -47.730  31.995 0.1000000015
12626  -43.269  -54.614  39.739 0.3000000119
12634  -42.557  -54.132  38.404 0.3000000119
120225  -41.260  -52.500  37.123 0.2000000030
14479  -39.873  -51.026  36.492 0.1000000015
128834  -39.627  -50.518  36.892 0.1000000015
16461  -38.929  -48.309  33.435 0.1000000015
13259  -42.082  -53.106  39.436 0.2000000030
13269  -41.660  -52.976  38.565 0.2000000030
126938  -40.014  -50.818  37.871 0.1000000015
17195  -38.641  -47.573  34.725 0.1000000015
17184  -38.571  -47.387  36.018 0.1000000015
6468  -44.522  -64.188  29.099 0.3000000119
5885  -42.631  -66.251  28.766 0.3000000119
122281  -43.308  -65.000  29.036 0.3000000119
5894  -41.212  -66.312  27.025 0.2000000030
5901  -40.786  -65.357  26.723 0.2000000030
5386  -42.217  -67.685  28.423 0.4000000060
4910  -42.127  -68.416  27.831 0.3000000119
6481  -44.584  -65.200  28.650 0.4000000060
4911  -43.149  -68.245  27.905 0.3000000119
4925  -41.946  -68.481  27.837 0.3000000119
7125  -44.881  -63.246  29.252 0.4000000060
5388  -44.284  -67.182  28.219 0.4000000060
5400  -42.319  -68.109  27.382 0.3000000119
5903  -42.445  -66.473  26.023 0.2000000030
6482  -45.073  -64.507  28.546 0.4000000060
5887  -44.909  -66.182  28.332 0.4000000060
5411  -44.111  -68.102  26.668 0.4000000060
7133  -45.042  -63.693  28.781 0.4000000060
7860  -45.068  -63.029  29.054 0.4000000060
4937  -44.398  -68.213  27.090 0.4000000060
5410  -43.021  -67.938  26.832 0.3000000119
131109  -45.416  -64.717  27.901 0.4000000060
5389  -44.968  -66.954  27.845 0.4000000060
5412  -45.113  -67.709  26.289 0.3000000119
5427  -43.507  -67.382  26.098 0.4000000060
8499  -45.087  -62.459  29.236 0.4000000060
5402  -46.136  -66.462  26.864 0.4000000060
5428  -44.524  -67.599  25.873 0.3000000119
8481  -44.894  -61.693  29.183 0.4000000060
133728  -45.577  -65.411  27.915 0.4000000060
5413  -45.826  -67.109  26.324 0.4000000060
7859  -44.740  -62.643  28.519 0.4000000060
5430  -46.001  -67.249  25.431 0.3000000119
7169  -45.223  -64.054  27.081 0.4000000060
6488  -45.876  -65.300  27.313 0.4000000060
5921  -46.365  -66.577  25.905 0.4000000060
7145  -44.604  -63.371  27.454 0.4000000060
7168  -44.133  -63.440  26.591 0.4000000060
6500  -45.636  -64.712  26.486 0.4000000060
6501  -46.392  -65.842  26.459 0.4000000060
111253  -46.809  -67.089  24.655 0.3000000119
7858  -43.888  -62.178  28.063 0.4000000060
6520  -44.740  -63.976  26.020 0.4000000060
5920  -46.671  -66.125  25.540 0.4000000060
110108  -46.919  -68.125  23.637 0.2000000030
9071  -43.806  -60.528  29.100 0.3000000119
7896  -43.702  -62.969  26.996 0.4000000060
8497  -43.033  -61.659  28.187 0.4000000060
115457  -42.898  -62.488  27.073 0.4000000060
119022  -44.860  -64.243  25.274 0.4000000060
6537  -45.909  -65.014  24.907 0.4000000060
110812  -47.358  -67.456  23.728 0.2000000030
126201  -47.270  -66.604  23.488 0.2000000030
110110  -47.331  -67.779  21.851 0.3000000119
9644  -43.148  -59.727  29.100 0.3000000119
9088  -43.451  -61.116  28.630 0.3000000119
7879  -42.870  -62.120  27.673 0.3000000119
111015  -46.966  -66.408  24.511 0.2000000030
110112  -47.628  -67.627  23.006 0.2000000030
111091  -46.602  -67.539  21.190 0.2000000030
10208  -44.503  -58.055  28.998 0.3000000119
9087  -42.508  -60.239  28.751 0.3000000119
124616  -43.720  -63.465  25.920 0.4000000060
110114  -45.938  -65.113  23.848 0.1000000015
10207  -43.537  -58.257  28.857 0.3000000119
8496  -42.230  -61.013  28.272 0.3000000119
7894  -42.156  -62.375  26.506 0.2000000030
6536  -44.404  -64.009  24.507 0.2000000030
110115  -47.415  -66.699  22.568 0.1000000015
111154  -47.224  -67.428  20.550 0.2000000030
8521  -41.351  -61.756  26.548 0.2000000030
115417  -42.346  -62.606  25.679 0.2000000030
131074  -43.279  -63.258  24.483 0.1000000015
110835  -45.287  -64.580  22.986 0.1000000015
111003  -47.525  -66.644  21.447 0.1000000015
5482  -47.522  -67.229  21.024 0.1000000015
126917  -44.635  -57.540  28.397 0.2000000030
9651  -42.457  -59.256  28.788 0.3000000119
9086  -41.514  -60.349  28.199 0.3000000119
10796  -43.784  -57.626  28.257 0.1000000015
10206  -42.665  -58.474  28.604 0.3000000119
9092  -40.773  -60.323  27.665 0.2000000030
7907  -42.487  -62.687  24.829 0.1000000015
6586  -46.727  -65.325  21.047 0.1000000015
5991  -47.705  -66.433  20.435 0.1000000015
112655  -45.125  -57.424  26.810 0.2000000030
10795  -42.904  -57.878  28.253 0.2000000030
9655  -41.085  -59.093  28.007 0.2000000030
8514  -40.703  -60.976  27.056 0.1000000015
131370  -41.709  -62.194  25.885 0.1000000015
117823  -43.105  -62.947  23.617 0.1000000015
7244  -43.381  -63.101  22.936 0.1000000015
6585  -45.478  -64.457  21.523 0.1000000015
6602  -47.172  -65.470  19.862 0.1000000015
5528  -47.142  -66.326  18.650 0.1000000015
10222  -42.076  -58.051  28.097 0.1000000015
9654  -40.505  -59.541  27.602 0.2000000030
8530  -40.655  -61.171  26.059 0.1000000015
7919  -41.898  -62.307  24.306 0.1000000015
6601  -45.467  -64.320  20.641 0.1000000015
6004  -47.630  -65.993  19.095 0.1000000015
5527  -46.275  -66.718  18.010 0.1000000015
8537  -41.214  -61.856  24.626 0.1000000015
7933  -43.047  -62.623  22.232 0.1000000015
7261  -43.793  -63.371  22.058 0.1000000015
6018  -46.575  -66.183  17.583 0.1000000015
117119  -44.402  -63.571  20.745 0.1000000015
17262  -40.817  -47.231  29.882 0.2000000030
118493  -46.027  -57.499  26.022 0.1000000015
133079  -43.121  -57.583  27.678 0.1000000015
10819  -42.417  -57.633  27.598 0.1000000015
9653  -40.066  -60.072  27.005 0.1000000015
10818  -41.572  -57.704  27.508 0.1000000015
122308  -40.172  -60.612  26.430 0.1000000015
8543  -41.351  -61.998  23.784 0.1000000015
6611  -46.746  -65.284  19.033 0.1000000015
7272  -44.605  -63.758  21.417 0.1000000015
5387  -43.384  -67.436  28.318 0.3000000119
5886  -43.862  -66.150  28.546 0.4000000060
5409  -42.023  -67.005  26.816 0.3000000119
4936  -43.675  -68.334  27.234 0.3000000119
4927  -43.744  -68.323  27.581 0.3000000119
5895  -45.643  -66.242  27.804 0.4000000060
7146  -45.174  -63.925  28.078 0.4000000060
5401  -45.317  -67.367  27.102 0.4000000060
7881  -44.973  -63.275  28.370 0.4000000060
111318  -47.396  -68.058  23.233 0.2000000030
7895  -43.115  -62.891  26.310 0.3000000119
7196  -43.915  -63.705  25.277 0.2000000030
111163  -47.485  -67.567  22.143 0.2000000030
10196  -43.304  -59.018  29.096 0.3000000119
131066  -42.071  -61.620  27.808 0.3000000119
133590  -45.107  -64.531  24.227 0.2000000030
126984  -46.594  -65.517  23.036 0.1000000015
7195  -43.101  -63.112  25.418 0.4000000060
8515  -41.435  -61.511  27.322 0.2000000030
110973  -44.682  -64.198  23.705 0.1000000015
5492  -47.603  -66.883  20.198 0.1000000015
7245  -43.751  -63.576  23.711 0.1000000015
110946  -46.258  -65.201  22.140 0.1000000015
9650  -41.663  -59.582  28.404 0.3000000119
7906  -41.763  -62.280  25.137 0.1000000015
124999  -44.896  -64.068  22.206 0.1000000015
5513  -47.549  -66.562  19.553 0.1000000015
10847  -44.288  -57.419  26.573 0.1000000015
10221  -41.291  -58.336  27.827 0.1000000015
8531  -41.199  -61.748  25.541 0.1000000015
7920  -42.583  -62.637  23.961 0.1000000015
7926  -42.602  -62.532  23.059 0.1000000015
5537  -46.120  -66.519  16.933 0.1000000015
8536  -40.601  -61.254  25.104 0.1000000015
10220  -40.550  -58.690  27.551 0.1000000015
5860  -41.287  -66.070  31.874 0.3000000119
5861  -41.277  -65.434  31.531 0.2000000030
115289  -40.904  -67.344  31.100 0.3000000119
5374  -40.871  -66.627  30.580 0.2000000030
8440  -43.400  -62.574  33.449 0.4000000060
7106  -42.180  -64.686  32.741 0.2000000030
8470  -42.439  -62.431  31.812 0.4000000060
4413  -40.659  -68.449  30.610 0.2000000030
9032  -43.154  -61.216  32.428 0.4000000060
5871  -41.007  -65.749  30.149 0.2000000030
120123  -40.685  -67.859  29.569 0.2000000030
3911  -41.205  -69.541  31.819 0.1000000015
3925  -40.350  -69.771  30.215 0.1000000015
5872  -41.849  -65.281  29.432 0.3000000119
120803  -41.252  -70.591  31.993 0.1000000015
3446  -40.244  -71.052  30.784 0.1000000015
3939  -39.883  -70.004  29.137 0.1000000015
4426  -40.287  -69.451  29.178 0.1000000015
4438  -40.285  -69.082  28.620 0.1000000015
4424  -39.092  -69.262  28.625 0.1000000015
3938  -39.392  -70.065  29.198 0.1000000015
4437  -39.956  -68.986  28.407 0.1000000015
5384  -38.663  -67.172  28.393 0.1000000015
4907  -39.335  -68.301  28.259 0.1000000015
7123  -42.575  -63.516  29.850 0.3000000119
5375  -41.090  -67.189  29.170 0.2000000030
4899  -41.328  -68.355  28.286 0.2000000030
111732  -40.530  -68.575  29.545 0.2000000030
5385  -39.508  -67.207  27.982 0.1000000015
7850  -43.193  -62.759  30.043 0.2000000030
6467  -42.164  -64.291  29.638 0.3000000119
4909  -40.730  -68.587  28.245 0.2000000030
130853  -40.296  -67.575  27.719 0.1000000015
5882  -38.702  -65.457  28.193 0.1000000015
5883  -39.332  -65.960  27.926 0.1000000015
8474  -44.686  -62.015  30.341 0.2000000030
115525  -41.592  -67.702  27.396 0.2000000030
5399  -40.784  -67.039  27.413 0.1000000015
5892  -39.739  -65.367  27.529 0.1000000015
5398  -40.011  -66.438  27.646 0.1000000015
6497  -39.717  -64.102  26.636 0.1000000015
114809  -43.375  -64.073  29.409 0.2000000030
6499  -41.071  -65.054  25.984 0.1000000015
5902  -41.527  -65.839  26.422 0.1000000015
7167  -39.937  -63.959  25.827 0.1000000015
6518  -40.612  -64.390  25.488 0.1000000015
7124  -44.023  -63.470  29.542 0.2000000030
5919  -42.247  -65.622  25.216 0.1000000015
6519  -41.385  -64.881  25.107 0.1000000015
5940  -42.716  -65.660  24.529 0.1000000015
7241  -38.695  -63.817  23.687 0.1000000015
7222  -40.030  -63.901  24.330 0.1000000015
118183  -40.695  -64.204  24.647 0.1000000015
6535  -41.984  -65.104  24.546 0.1000000015
129175  -43.344  -66.651  25.262 0.3000000119
6551  -40.918  -64.193  23.056 0.1000000015
8473  -43.058  -62.050  30.608 0.3000000119
7842  -42.128  -62.934  31.312 0.3000000119
7122  -41.642  -64.014  30.818 0.2000000030
5893  -40.459  -65.785  27.272 0.1000000015
6487  -40.098  -64.868  27.031 0.1000000015
115736  -41.489  -68.554  27.996 0.2000000030
4908  -40.189  -68.377  28.014 0.1000000015
130666  -39.435  -63.648  25.327 0.1000000015
7242  -39.579  -63.876  23.654 0.1000000015
115454  -41.388  -64.468  24.043 0.1000000015
7220  -38.310  -63.626  24.500 0.1000000015
7243  -40.463  -64.035  23.776 0.1000000015
114725  -42.002  -64.797  21.849 0.1000000015
6599  -41.734  -64.881  20.937 0.1000000015
120940  -42.746  -65.009  21.238 0.2000000030
124804  -40.630  -65.494  20.332 0.1000000015
111107  -43.682  -66.068  23.573 0.2000000030
5977  -43.111  -65.190  22.275 0.2000000030
5987  -41.481  -65.242  20.240 0.2000000030
5978  -43.823  -65.416  21.447 0.1000000015
5508  -40.875  -66.280  19.852 0.1000000015
5988  -42.493  -65.172  20.213 0.2000000030
5941  -43.618  -66.426  24.358 0.2000000030
110111  -43.687  -65.686  22.886 0.1000000015
115528  -42.070  -65.481  19.648 0.1000000015
6600  -43.380  -65.373  19.904 0.1000000015
5448  -44.728  -67.313  24.937 0.2000000030
114400  -44.296  -65.970  22.220 0.1000000015
123303  -44.344  -65.724  20.809 0.1000000015
111035  -44.639  -66.668  23.054 0.1000000015
111017  -45.083  -66.504  21.358 0.1000000015
5429  -45.557  -67.450  25.244 0.2000000030
5459  -44.759  -67.002  23.993 0.2000000030
110106  -46.108  -67.880  23.462 0.2000000030
5990  -45.626  -66.778  20.394 0.1000000015
110857  -46.031  -67.499  22.263 0.1000000015
111032  -45.944  -67.764  24.304 0.2000000030
5989  -44.253  -65.729  20.154 0.1000000015
5955  -43.025  -65.593  23.924 0.1000000015
5964  -42.957  -65.339  23.236 0.1000000015
8456  -42.960  -62.539  32.840 0.2000000030
5359  -41.794  -66.485  32.715 0.1000000015
6992  -48.430  -64.314  36.521 0.2000000030
5282  -46.879  -67.378  35.571 0.1000000015
9525  -48.504  -59.376  41.340 0.1000000015
8363  -49.018  -62.292  39.497 0.1000000015
7708  -48.858  -62.635  38.538 0.1000000015
9513  -52.173  -59.817  41.997 0.1000000015
120316  -49.359  -62.441  39.041 0.1000000015
10060  -47.719  -59.034  41.813 0.2000000030
9511  -49.402  -59.829  42.253 0.1000000015
8351  -48.292  -61.576  39.966 0.1000000015
10656  -47.832  -58.709  42.096 0.2000000030
9512  -50.509  -59.594  42.071 0.1000000015
9502  -50.187  -60.174  42.694 0.1000000015
8927  -51.168  -60.860  42.007 0.1000000015
8337  -50.306  -61.502  41.027 0.1000000015
6387  -47.109  -66.702  35.468 0.1000000015
8353  -49.778  -62.143  39.956 0.1000000015
114775  -51.197  -61.101  41.431 0.1000000015
115110  -51.382  -59.586  41.479 0.1000000015
7012  -48.195  -65.217  36.298 0.1000000015
7727  -48.458  -62.940  38.021 0.1000000015
7707  -48.181  -62.198  38.903 0.1000000015
8919  -51.523  -60.122  42.955 0.1000000015
9510  -48.455  -59.808  41.914 0.1000000015
7802  -42.545  -64.172  32.956 0.1000000015
132211  -41.845  -65.241  32.704 0.1000000015
13218  -43.851  -53.886  41.222 0.1000000015
131992  -44.805  -53.918  41.532 0.1000000015
12595  -45.946  -54.215  41.751 0.1000000015
11912  -47.812  -54.203  41.890 0.1000000015
12568  -48.493  -55.200  43.910 0.1000000015
11940  -44.468  -54.596  41.344 0.1000000015
11928  -45.523  -55.140  41.864 0.1000000015
13800  -47.017  -53.450  41.093 0.1000000015
13220  -47.831  -53.514  41.284 0.1000000015
123771  -47.850  -53.532  41.652 0.1000000015
13186  -47.010  -53.722  43.264 0.1000000015
13799  -44.810  -53.478  41.357 0.1000000015
13219  -46.665  -53.697  41.476 0.1000000015
12580  -48.107  -54.061  42.015 0.1000000015
13202  -47.978  -54.550  42.714 0.1000000015
12556  -46.417  -54.739  44.434 0.1000000015
13243  -43.656  -53.149  40.910 0.1000000015
13785  -45.694  -52.455  42.857 0.1000000015
13811  -47.485  -53.274  40.711 0.1000000015
13801  -48.070  -53.348  40.940 0.1000000015
13786  -47.531  -53.164  41.712 0.1000000015
13772  -46.686  -53.126  42.740 0.1000000015
13810  -44.969  -52.802  41.109 0.1000000015
13771  -44.986  -52.781  43.759 0.1000000015
13809  -43.391  -52.417  40.477 0.1000000015
13821  -42.331  -52.367  39.978 0.1000000015
118975  -47.162  -52.025  41.446 0.1000000015
14419  -48.047  -52.924  41.128 0.1000000015
14407  -46.585  -52.285  42.129 0.1000000015
13802  -48.187  -53.009  40.410 0.1000000015
13834  -41.309  -52.271  38.685 0.1000000015
17274  -40.607  -47.830  29.399 0.1000000015
17263  -41.071  -47.239  29.119 0.1000000015
18046  -42.323  -46.105  28.481 0.1000000015
14431  -42.815  -51.572  40.135 0.1000000015
14446  -41.282  -51.731  39.135 0.1000000015
13833  -40.824  -51.721  38.374 0.1000000015
17248  -40.470  -47.393  30.663 0.1000000015
127323  -41.101  -47.896  28.040 0.1000000015
18064  -41.771  -46.713  27.976 0.1000000015
18028  -41.460  -46.590  29.751 0.1000000015
18949  -43.580  -45.740  28.082 0.1000000015
18948  -42.872  -45.827  27.820 0.1000000015
14418  -45.507  -51.476  42.140 0.1000000015
18065  -42.377  -46.195  27.565 0.1000000015
12581  -48.632  -55.558  43.361 0.1000000015
12569  -49.241  -56.041  44.157 0.1000000015
13242  -42.711  -53.140  40.206 0.1000000015
18045  -41.619  -46.630  28.817 0.1000000015
12596  -47.661  -53.546  42.014 0.1000000015
112795  -48.070  -54.611  42.610 0.1000000015
12557  -47.780  -55.250  44.378 0.1000000015
13172  -47.313  -54.485  43.871 0.1000000015
14432  -44.206  -51.981  40.514 0.1000000015
10869  -47.760  -58.024  24.593 0.1000000015
10883  -48.736  -58.609  24.022 0.1000000015
5346  -40.267  -66.481  32.267 0.1000000015
4863  -41.639  -67.632  32.567 0.1000000015
6436  -39.973  -65.155  31.996 0.1000000015
4874  -39.255  -67.197  32.122 0.1000000015
4402  -39.939  -67.993  32.501 0.1000000015
122659  -41.317  -65.693  32.891 0.1000000015
7084  -39.278  -64.090  31.725 0.1000000015
7086  -41.279  -64.455  32.979 0.1000000015
125130  -41.030  -65.000  32.740 0.1000000015
6435  -38.681  -64.733  31.695 0.1000000015
7824  -39.184  -63.092  31.664 0.1000000015
121517  -40.185  -63.993  32.041 0.1000000015
121960  -38.411  -63.290  31.594 0.1000000015
7825  -40.002  -62.931  31.926 0.1000000015
118009  -36.463  -58.621  39.708 0.1000000015
10066  -36.043  -58.009  39.179 0.1000000015
9562  -36.030  -59.378  36.177 0.1000000015
9570  -35.692  -59.262  35.403 0.1000000015
9012  -35.143  -59.821  34.123 0.1000000015
5347  -41.695  -66.378  33.110 0.1000000015
131290  -34.796  -60.115  34.702 0.1000000015
9589  -35.682  -59.586  33.352 0.1000000015
126822  -37.833  -64.543  31.752 0.1000000015
6434  -37.252  -64.069  31.903 0.1000000015
4403  -42.188  -68.317  32.966 0.1000000015
8437  -34.566  -61.045  33.980 0.1000000015
7781  -35.261  -62.043  33.018 0.1000000015
7798  -35.771  -63.014  32.687 0.1000000015
7082  -37.447  -63.126  31.707 0.1000000015
7823  -38.207  -62.374  31.567 0.1000000015
117212  -41.095  -68.560  31.584 0.1000000015
8421  -33.690  -61.660  34.991 0.1000000015
7047  -35.356  -63.900  33.336 0.1000000015
7822  -37.202  -62.092  31.672 0.1000000015
8467  -38.558  -61.438  31.589 0.1000000015
10076  -36.417  -58.213  38.100 0.1000000015
10091  -36.567  -58.496  37.129 0.1000000015
10130  -36.309  -58.121  35.645 0.1000000015
7782  -42.159  -64.018  33.866 0.1000000015
7801  -41.973  -64.490  33.741 0.1000000015
6437  -41.532  -65.499  33.024 0.1000000015
10111  -36.110  -58.812  35.780 0.1000000015
9581  -35.675  -59.174  34.590 0.1000000015
10141  -36.236  -58.480  34.251 0.1000000015
131153  -41.982  -66.989  33.047 0.1000000015
128782  -35.575  -61.335  32.713 0.1000000015
113870  -35.946  -61.975  32.390 0.1000000015
7799  -36.552  -62.617  32.038 0.1000000015
8468  -39.508  -61.782  31.757 0.1000000015
9035  -36.754  -60.579  31.910 0.1000000015
8465  -36.947  -61.263  31.737 0.1000000015
8466  -37.705  -61.451  31.596 0.1000000015
9038  -39.170  -60.828  31.715 0.1000000015
10668  -35.778  -57.244  38.626 0.1000000015
10674  -35.943  -56.821  37.692 0.1000000015
11320  -35.715  -56.260  38.553 0.1000000015
113902  -35.432  -55.964  40.072 0.1000000015
111272  -43.051  -64.297  33.375 0.1000000015
10675  -36.276  -57.600  36.988 0.1000000015
11333  -36.570  -56.666  35.932 0.1000000015
122217  -41.752  -63.926  33.551 0.1000000015
115913  -36.585  -57.274  35.370 0.1000000015
7826  -40.931  -63.434  32.793 0.1000000015
7803  -42.675  -63.939  33.152 0.1000000015
10142  -36.490  -57.863  34.786 0.1000000015
10153  -36.500  -58.520  33.461 0.1000000015
118613  -36.164  -59.496  32.799 0.1000000015
9027  -36.271  -60.129  32.370 0.1000000015
9026  -35.723  -59.950  32.869 0.1000000015
9597  -36.685  -59.494  32.390 0.1000000015
9037  -38.306  -60.543  31.621 0.1000000015
9611  -37.025  -59.898  31.924 0.1000000015
9612  -37.884  -59.670  31.763 0.1000000015
11961  -35.909  -55.446  38.580 0.1000000015
111100  -42.323  -66.198  33.584 0.1000000015
133992  -36.134  -56.378  37.338 0.1000000015
11326  -36.015  -55.878  37.786 0.1000000015
11962  -36.337  -54.858  38.604 0.1000000015
11950  -35.955  -54.944  39.267 0.1000000015
123972  -41.801  -62.603  33.703 0.1000000015
111109  -42.123  -64.513  34.037 0.1000000015
110102  -43.123  -67.251  33.505 0.1000000015
131176  -36.597  -56.170  36.376 0.1000000015
111454  -36.429  -55.877  36.978 0.1000000015
8453  -40.852  -62.346  32.717 0.1000000015
131766  -42.130  -65.011  33.259 0.1000000015
10728  -36.972  -57.083  34.566 0.1000000015
11345  -36.996  -56.505  35.182 0.1000000015
9028  -39.717  -60.277  31.993 0.1000000015
9039  -39.989  -61.324  32.025 0.1000000015
10744  -36.869  -57.702  33.848 0.1000000015
9599  -39.409  -59.332  32.130 0.1000000015
10154  -37.127  -58.022  33.012 0.1000000015
10162  -37.509  -58.473  32.494 0.1000000015
132543  -37.886  -58.904  32.082 0.1000000015
117200  -36.248  -55.193  38.056 0.1000000015
129092  -36.977  -55.119  36.771 0.1000000015
9030  -41.221  -61.684  33.063 0.1000000015
7785  -43.424  -63.888  33.642 0.1000000015
9600  -40.262  -59.743  32.417 0.1000000015
9601  -40.992  -60.291  32.868 0.1000000015
10759  -38.718  -57.752  32.690 0.1000000015
10729  -37.416  -56.994  33.939 0.1000000015
10745  -37.602  -57.342  33.346 0.1000000015
10758  -37.877  -57.762  32.742 0.1000000015
8423  -42.433  -62.096  34.327 0.1000000015
7008  -43.260  -64.112  34.946 0.1000000015
9021  -41.578  -61.000  33.458 0.1000000015
11981  -37.364  -55.287  36.137 0.1000000015
9591  -40.770  -59.207  32.895 0.1000000015
9593  -42.055  -60.332  33.913 0.1000000015
11346  -37.480  -56.004  35.160 0.1000000015
10164  -39.083  -58.487  32.371 0.1000000015
10165  -39.951  -58.781  32.557 0.1000000015
11363  -37.582  -56.384  34.462 0.1000000015
10747  -39.189  -57.198  33.148 0.1000000015
10155  -39.596  -57.917  32.782 0.1000000015
11378  -37.956  -56.652  33.678 0.1000000015
7009  -43.835  -64.873  35.432 0.1000000015
9583  -42.512  -59.701  34.518 0.1000000015
9014  -43.009  -61.193  34.842 0.1000000015
12653  -37.852  -54.801  36.641 0.1000000015
10143  -41.678  -58.248  34.155 0.1000000015
9582  -41.928  -59.213  34.017 0.1000000015
10156  -40.455  -58.253  33.065 0.1000000015
10157  -41.231  -58.696  33.493 0.1000000015
11364  -38.331  -56.182  34.243 0.1000000015
121005  -44.234  -63.730  35.640 0.1000000015
8405  -43.516  -62.329  35.197 0.1000000015
9584  -43.055  -60.110  34.981 0.1000000015
122311  -43.606  -61.472  35.324 0.1000000015
11971  -37.255  -54.739  37.392 0.1000000015
11380  -39.674  -56.753  33.762 0.1000000015
12015  -37.999  -55.760  34.864 0.1000000015
7740  -44.898  -63.167  36.249 0.1000000015
11998  -38.344  -55.345  35.419 0.1000000015
12619  -35.667  -55.145  40.022 0.1000000015
13214  -36.220  -53.221  41.213 0.1000000015
13236  -35.958  -53.866  40.716 0.1000000015
12607  -36.146  -54.304  39.981 0.1000000015
121768  -35.659  -54.608  40.780 0.1000000015
10112  -36.373  -58.479  36.376 0.1000000015
10152  -35.885  -59.115  33.824 0.1000000015
9019  -34.866  -60.482  33.879 0.1000000015
8438  -35.074  -61.071  33.358 0.1000000015
7780  -34.517  -61.946  33.797 0.1000000015
7068  -36.585  -63.560  32.225 0.1000000015
6415  -36.598  -64.468  32.425 0.1000000015
115824  -36.690  -66.408  32.824 0.1000000015
10690  -36.349  -57.507  36.196 0.1000000015
9029  -40.485  -60.867  32.473 0.1000000015
11327  -36.257  -56.746  36.792 0.1000000015
9598  -38.544  -59.058  31.998 0.1000000015
7751  -42.846  -63.411  34.559 0.1000000015
116903  -42.930  -62.271  34.701 0.1000000015
10749  -40.949  -57.769  33.682 0.1000000015
7752  -43.966  -62.926  35.487 0.1000000015
111451  -35.650  -53.918  41.366 0.1000000015
133755  -36.882  -77.244  26.097 0.1000000015
1312  -36.992  -77.427  27.074 0.1000000015
2346  -32.420  -74.251  22.987 0.1000000015
1983  -32.724  -74.996  23.660 0.1000000015
1661  -33.492  -75.879  23.081 0.1000000015
120220  -34.031  -76.217  23.829 0.1000000015
1055  -35.179  -77.188  25.246 0.1000000015
114368  -32.357  -73.932  22.125 0.1000000015
2372  -32.264  -73.532  20.443 0.1000000015
2383  -31.934  -73.544  19.630 0.1000000015
1313  -37.054  -76.550  25.771 0.1000000015
1637  -36.888  -75.972  26.315 0.1000000015
123617  -36.356  -75.189  25.909 0.1000000015
1057  -36.795  -77.089  25.254 0.1000000015
112589  -34.773  -76.631  23.774 0.1000000015
123282  -35.362  -76.997  24.402 0.1000000015
1056  -36.131  -77.332  25.392 0.1000000015
1620  -36.784  -76.734  27.197 0.1000000015
1998  -33.302  -75.756  22.232 0.1000000015
1342  -34.461  -76.602  24.789 0.1000000015
1997  -32.787  -74.867  22.207 0.1000000015
2033  -32.905  -74.497  20.594 0.1000000015
2384  -32.644  -74.167  19.828 0.1000000015
2049  -33.003  -74.828  19.245 0.1000000015
119850  -34.633  -67.549  24.623 0.1000000015
112591  -34.671  -69.869  24.086 0.1000000015
4473  -35.195  -67.830  24.086 0.1000000015
1958  -37.366  -75.318  25.541 0.1000000015
1970  -36.551  -74.484  25.029 0.1000000015
132376  -35.808  -73.983  24.816 0.1000000015
2648  -35.139  -72.618  24.371 0.1000000015
3040  -34.689  -72.024  24.362 0.1000000015
3510  -35.145  -70.452  23.743 0.1000000015
1638  -37.392  -75.725  25.552 0.1000000015
2322  -35.326  -73.372  24.782 0.1000000015
1345  -37.756  -75.861  25.015 0.1000000015
1957  -35.566  -74.860  26.266 0.1000000015
1356  -36.276  -76.689  23.599 0.1000000015
1343  -36.190  -77.027  24.324 0.1000000015
2014  -32.820  -74.592  21.450 0.1000000015
4960  -35.356  -66.975  24.294 0.1000000015
3999  -34.896  -69.130  23.946 0.1000000015
5446  -35.136  -66.161  24.760 0.1000000015
2334  -35.766  -72.931  24.047 0.1000000015
2660  -35.493  -72.060  23.793 0.1000000015
3054  -34.953  -71.296  23.964 0.1000000015
121205  -36.141  -73.687  24.405 0.1000000015
2323  -37.109  -74.031  24.373 0.1000000015
1355  -35.445  -76.734  23.406 0.1000000015
1369  -35.072  -76.496  22.595 0.1000000015
1368  -34.387  -76.396  22.027 0.1000000015
1681  -33.793  -76.189  21.647 0.1000000015
1689  -33.713  -75.903  21.007 0.1000000015
115458  -37.404  -76.308  24.522 0.1000000015
4472  -34.570  -68.421  24.399 0.1000000015
124002  -35.229  -69.730  23.652 0.1000000015
1357  -37.132  -76.310  23.716 0.1000000015
3985  -34.298  -69.256  24.495 0.1000000015
1971  -37.907  -74.777  25.165 0.1000000015
1639  -38.448  -75.129  25.125 0.1000000015
4460  -34.013  -68.068  24.933 0.1000000015
1653  -39.358  -75.073  24.143 0.1000000015
1985  -39.749  -74.001  23.394 0.1000000015
1986  -40.149  -73.522  22.763 0.1000000015
3511  -35.894  -70.099  23.284 0.1000000015
130595  -36.248  -72.477  23.688 0.1000000015
2661  -37.096  -72.557  23.592 0.1000000015
2325  -39.053  -74.534  24.395 0.1000000015
2662  -38.194  -72.767  23.574 0.1000000015
1973  -39.123  -74.970  24.710 0.1000000015
2338  -39.445  -73.959  23.750 0.1000000015
3056  -37.666  -71.903  23.303 0.1000000015
131597  -36.458  -70.802  23.257 0.1000000015
3055  -36.540  -71.681  23.444 0.1000000015
3067  -38.164  -71.361  23.006 0.1000000015
2336  -37.642  -73.429  23.941 0.1000000015
2001  -39.304  -74.607  22.735 0.1000000015
2337  -38.754  -73.717  23.952 0.1000000015
1032  -36.976  -77.402  27.289 0.1000000015
1033  -37.044  -77.470  26.759 0.1000000015
1042  -36.765  -77.463  26.636 0.1000000015
1043  -36.926  -77.128  26.005 0.1000000015
1058  -37.142  -76.658  25.192 0.1000000015
1344  -36.843  -76.717  24.425 0.1000000015
1354  -34.463  -76.533  22.866 0.1000000015
1621  -36.906  -76.651  26.435 0.1000000015
1663  -38.797  -75.462  23.804 0.1000000015
1664  -39.479  -74.528  23.516 0.1000000015
1673  -33.892  -76.347  22.257 0.1000000015
1956  -35.526  -74.239  25.468 0.1000000015
1959  -38.148  -75.130  25.307 0.1000000015
1972  -38.671  -74.908  25.045 0.1000000015
1974  -39.415  -74.584  24.061 0.1000000015
1984  -32.889  -75.127  22.853 0.1000000015
2002  -39.893  -74.064  22.840 0.1000000015
2015  -33.232  -75.555  21.537 0.1000000015
2324  -38.214  -74.253  24.493 0.1000000015
2335  -36.621  -73.208  23.921 0.1000000015
2663  -39.287  -73.075  23.516 0.1000000015
3502  -34.510  -70.663  24.283 0.1000000015
4097  -38.635  -69.758  16.268 0.1000000015
4110  -39.183  -69.841  15.356 0.1000000015
4119  -40.610  -69.527  13.788 0.1000000015
4388  -41.005  -68.560  33.268 0.1000000015
4425  -39.837  -69.557  28.731 0.1000000015
4471  -33.986  -68.753  24.823 0.1000000015
4875  -41.424  -66.895  33.067 0.1000000015
4876  -41.774  -66.826  32.846 0.1000000015
4897  -38.418  -68.081  28.691 0.1000000015
4898  -40.644  -68.586  28.590 0.2000000030
4912  -43.844  -68.062  27.992 0.3000000119
4913  -44.440  -67.880  27.666 0.4000000060
4924  -41.047  -68.344  27.853 0.2000000030
4926  -42.890  -68.313  27.622 0.3000000119
4959  -34.707  -66.840  24.838 0.1000000015
5045  -39.893  -67.972  16.711 0.1000000015
5281  -46.523  -67.677  35.522 0.1000000015
5344  -38.126  -66.133  31.859 0.1000000015
5491  -47.267  -67.102  19.891 0.1000000015
5789  -46.751  -67.321  35.809 0.1000000015
5808  -44.356  -68.376  33.862 0.1000000015
5843  -38.033  -65.257  31.770 0.1000000015
5845  -41.065  -66.126  32.712 0.1000000015
5846  -41.422  -66.166  32.999 0.1000000015
5884  -41.589  -66.342  29.206 0.3000000119
6000  -41.423  -65.725  19.706 0.1000000015
6047  -42.748  -66.057  15.971 0.1000000015
6388  -47.468  -66.392  36.046 0.1000000015
6402  -42.470  -65.834  33.260 0.1000000015
6466  -41.350  -64.805  30.504 0.2000000030
6498  -40.392  -64.582  26.298 0.1000000015
6521  -45.782  -64.918  25.791 0.4000000060
6584  -43.477  -65.263  20.639 0.1000000015
6620  -46.796  -65.706  18.204 0.1000000015
6689  -41.847  -64.691  10.931 0.1000000015
7048  -43.013  -64.996  33.362 0.1000000015
7083  -38.108  -63.943  31.650 0.1000000015
7085  -40.772  -64.944  32.455 0.1000000015
7087  -42.005  -65.068  32.811 0.1000000015
7194  -38.727  -63.462  25.212 0.1000000015
7221  -39.247  -63.644  24.498 0.1000000015
7271  -43.776  -63.207  21.161 0.2000000030
7324  -36.946  -63.199  15.993 0.1000000015
7728  -48.740  -63.245  37.676 0.2000000030
7766  -42.306  -63.381  34.154 0.1000000015
7783  -42.105  -64.318  33.880 0.1000000015
7784  -42.915  -63.835  33.265 0.1000000015
7800  -41.901  -64.678  33.574 0.1000000015
7827  -42.437  -64.353  32.934 0.1000000015
7878  -41.995  -62.088  27.254 0.3000000119
7880  -43.990  -62.702  27.685 0.4000000060
7925  -42.029  -62.320  23.601 0.1000000015
7975  -38.953  -61.986  18.356 0.1000000015
7976  -39.759  -62.008  17.958 0.1000000015
7991  -37.432  -62.625  17.632 0.1000000015
8014  -41.790  -62.765  16.446 0.1000000015
8031  -34.684  -62.582  15.332 0.1000000015
8373  -47.754  -62.682  38.033 0.1000000015
8439  -42.148  -63.251  34.049 0.1000000015
8451  -35.627  -60.593  32.774 0.1000000015
8452  -36.196  -61.086  32.209 0.1000000015
8454  -41.740  -63.538  33.566 0.1000000015
8455  -42.662  -62.442  32.383 0.2000000030
8469  -40.207  -62.263  32.103 0.1000000015
8471  -43.225  -61.404  31.053 0.5000000000
8475  -45.665  -61.902  30.091 0.4000000060
8482  -45.536  -62.172  29.826 0.5000000000
8498  -44.348  -61.951  28.545 0.4000000060
8560  -41.399  -61.857  21.946 0.1000000015
8576  -41.730  -61.530  20.539 0.1000000015
8607  -35.213  -61.001  18.685 0.1000000015
8608  -36.207  -61.568  18.494 0.1000000015
8621  -33.701  -61.189  17.104 0.1000000015
8634  -33.272  -61.249  16.419 0.1000000015
8912  -50.957  -59.970  43.081 0.1000000015
8913  -51.609  -59.910  43.014 0.1000000015
8917  -49.314  -59.967  42.324 0.1000000015
8920  -52.059  -59.944  42.631 0.1000000015
8928  -52.002  -60.383  42.166 0.1000000015
8929  -52.195  -59.933  42.201 0.1000000015
8942  -52.125  -59.931  41.512 0.1000000015
9011  -34.549  -60.571  34.515 0.1000000015
9013  -42.510  -60.839  34.406 0.1000000015
9020  -35.313  -60.202  33.384 0.1000000015
9022  -42.053  -61.686  33.978 0.1000000015
9024  -44.036  -60.418  33.475 0.5000000000
9036  -37.485  -60.606  31.669 0.1000000015
9041  -44.467  -60.496  31.117 0.3000000119
9093  -41.375  -60.981  27.774 0.3000000119
9209  -39.756  -59.888  19.348 0.1000000015
9210  -40.776  -60.240  19.565 0.1000000015
9225  -40.451  -60.657  18.573 0.1000000015
9237  -32.671  -59.984  17.239 0.1000000015
9501  -50.130  -60.207  42.703 0.1000000015
9503  -51.529  -59.783  42.682 0.1000000015
9567  -52.990  -57.890  36.001 0.3000000119
9590  -36.741  -58.857  32.767 0.1000000015
9592  -41.453  -59.747  33.405 0.1000000015
9613  -38.832  -59.893  31.755 0.1000000015
9632  -47.352  -60.506  30.042 0.5000000000
9724  -38.930  -59.201  22.882 0.1000000015
9734  -40.120  -59.661  20.774 0.1000000015
9743  -38.442  -58.924  20.302 0.1000000015
9744  -39.921  -59.255  20.302 0.1000000015
9754  -33.772  -58.845  19.274 0.1000000015
9759  -39.284  -59.036  20.155 0.1000000015
10061  -48.055  -59.573  41.777 0.2000000030
10118  -53.062  -57.362  35.842 0.4000000060
10119  -53.082  -57.507  35.782 0.4000000060
10129  -36.086  -58.621  35.105 0.1000000015
10138  -53.002  -57.644  35.599 0.4000000060
10159  -45.472  -58.132  32.987 0.6000000238
10163  -38.256  -58.358  32.343 0.1000000015
10175  -37.283  -59.191  32.217 0.1000000015
10177  -45.726  -58.867  31.450 0.5000000000
10191  -48.292  -59.909  30.096 0.6000000238
10197  -44.349  -58.949  29.277 0.4000000060
10202  -49.115  -58.706  29.216 0.5000000000
10205  -41.835  -58.731  28.326 0.3000000119
10223  -52.360  -58.330  27.530 0.5000000000
10256  -52.585  -58.987  25.338 0.4000000060
10257  -53.063  -58.558  25.946 0.4000000060
10269  -52.787  -58.697  25.092 0.3000000119
10277  -38.380  -57.989  23.231 0.1000000015
10299  -36.903  -57.733  21.310 0.1000000015
10301  -39.069  -57.969  21.061 0.1000000015
10302  -39.337  -58.322  21.046 0.1000000015
10312  -34.879  -58.911  20.284 0.1000000015
10313  -35.624  -58.472  20.727 0.1000000015
10614  -49.258  -57.270  44.402 0.1000000015
10615  -49.523  -57.207  44.283 0.1000000015
10626  -49.396  -57.378  44.212 0.1000000015
10655  -46.788  -57.751  41.025 0.3000000119
10695  -52.863  -57.030  35.695 0.4000000060
10736  -50.441  -56.903  33.846 0.5000000000
10737  -51.188  -56.765  34.334 0.4000000060
10746  -38.330  -57.156  33.142 0.1000000015
10748  -40.088  -57.427  33.356 0.1000000015
10769  -46.343  -58.037  31.636 0.6000000238
10786  -45.439  -58.516  29.251 0.4000000060
10803  -51.838  -57.870  28.175 0.5000000000
10821  -44.426  -57.398  27.548 0.1000000015
10822  -45.298  -57.329  27.960 0.2000000030
10826  -50.318  -58.223  28.129 0.4000000060
10850  -47.434  -57.278  27.122 0.3000000119
10854  -53.279  -58.074  26.691 0.4000000060
10918  -36.289  -57.260  21.350 0.1000000015
10964  -33.470  -57.440  18.652 0.1000000015
11262  -49.453  -57.176  44.327 0.1000000015
11337  -45.456  -56.485  36.702 0.3000000119
11338  -46.811  -56.748  36.176 0.3000000119
11339  -47.701  -56.842  36.083 0.3000000119
11427  -52.588  -56.772  27.995 0.5000000000
11463  -52.496  -56.499  25.267 0.3000000119
11521  -38.307  -57.350  21.986 0.1000000015
11599  -33.604  -56.207  15.517 0.1000000015
11617  -40.061  -56.482  12.594 0.1000000015
11621  -45.289  -57.614  11.941 0.1000000015
11886  -49.176  -56.482  44.432 0.1000000015
11887  -49.548  -56.954  44.224 0.1000000015
11914  -48.761  -55.934  43.190 0.1000000015
11915  -49.466  -56.539  43.947 0.1000000015
11949  -35.643  -55.686  39.304 0.1000000015
11953  -43.844  -55.213  39.912 0.3000000119
11970  -36.553  -55.194  37.457 0.1000000015
11980  -36.841  -55.638  36.392 0.1000000015
11982  -38.600  -54.975  36.097 0.1000000015
11997  -37.017  -55.915  35.777 0.1000000015
12016  -38.756  -55.754  34.854 0.1000000015
12017  -44.790  -54.944  34.951 0.3000000119
12032  -49.548  -55.287  32.953 0.4000000060
12036  -49.714  -55.511  32.298 0.5000000000
12164  -36.846  -55.084  22.217 0.1000000015
12209  -34.950  -55.746  17.927 0.1000000015
12242  -36.352  -55.540  16.285 0.1000000015
12292  -43.671  -57.210  11.797 0.1000000015
12293  -44.648  -57.522  11.860 0.1000000015
12558  -48.746  -55.759  44.375 0.1000000015
12630  -36.737  -54.747  37.995 0.1000000015
12644  -42.582  -54.136  37.453 0.3000000119
12655  -42.679  -54.056  36.084 0.3000000119
12680  -44.860  -54.398  33.478 0.3000000119
12681  -45.777  -54.535  33.635 0.3000000119
12682  -46.646  -54.507  33.371 0.4000000060
12689  -46.839  -54.452  32.557 0.4000000060
12858  -35.571  -54.782  19.241 0.1000000015
13185  -45.616  -53.357  43.878 0.1000000015
13201  -47.857  -53.729  42.113 0.1000000015
13213  -35.713  -53.312  41.925 0.1000000015
13258  -41.665  -52.406  39.296 0.1000000015
13270  -42.144  -53.597  37.967 0.2000000030
13292  -42.116  -53.479  36.425 0.3000000119
13309  -43.041  -53.795  34.569 0.3000000119
13331  -43.094  -53.776  32.145 0.3000000119
13337  -43.453  -53.888  30.884 0.4000000060
13375  -45.800  -53.659  26.483 0.3000000119
13449  -36.699  -53.801  21.525 0.1000000015
13843  -40.817  -51.974  37.426 0.2000000030
13883  -40.769  -52.052  33.705 0.2000000030
13885  -42.003  -53.028  32.974 0.3000000119
13924  -42.908  -52.997  28.897 0.3000000119
14468  -39.941  -50.958  37.267 0.1000000015
14684  -47.980  -50.889  20.181 0.1000000015
15099  -39.976  -50.334  38.234 0.1000000015
15113  -39.719  -50.365  37.566 0.1000000015
15128  -39.343  -50.480  35.080 0.1000000015
16427  -38.852  -48.216  37.152 0.1000000015
17365  -45.153  -46.857  21.865 0.1000000015
18157  -45.581  -46.368  21.353 0.1000000015
110098  -42.773  -67.369  33.908 0.1000000015
110104  -41.905  -65.633  34.171 0.1000000015
110105  -42.239  -65.230  33.592 0.1000000015
110109  -47.157  -67.887  23.806 0.2000000030
110113  -47.499  -68.037  22.731 0.2000000030
111178  -44.244  -63.756  22.943 0.1000000015
111238  -46.477  -67.655  24.334 0.3000000119
112639  -45.305  -44.652  23.131 0.1000000015
113587  -43.660  -57.437  27.232 0.1000000015
113908  -39.072  -63.638  14.863 0.1000000015
114300  -41.658  -67.442  32.594 0.1000000015
115010  -43.335  -54.460  35.742 0.3000000119
115604  -34.930  -62.446  15.946 0.1000000015
116273  -46.466  -57.575  28.419 0.4000000060
116454  -31.809  -73.111  21.014 0.1000000015
116970  -47.758  -66.296  19.792 0.1000000015
117368  -44.700  -56.282  38.175 0.3000000119
117758  -48.217  -64.365  35.943 0.3000000119
117893  -47.859  -65.665  35.758 0.3000000119
118369  -42.947  -62.168  17.446 0.1000000015
118591  -45.235  -65.378  28.278 0.4000000060
118959  -41.027  -59.809  28.025 0.2000000030
119304  -38.947  -49.923  33.386 0.1000000015
119613  -37.991  -61.001  31.581 0.1000000015
121038  -51.969  -56.685  35.512 0.3000000119
121049  -38.853  -66.361  28.221 0.1000000015
121502  -33.181  -56.605  16.652 0.1000000015
121575  -41.828  -68.726  17.578 0.1000000015
122903  -36.540  -61.801  31.934 0.1000000015
123132  -33.162  -74.981  19.892 0.1000000015
124080  -40.043  -63.880  25.033 0.1000000015
124350  -43.614  -50.081  25.408 0.1000000015
124588  -35.718  -71.056  23.545 0.1000000015
125392  -39.090  -62.272  31.627 0.1000000015
125973  -37.688  -55.514  35.515 0.1000000015
126286  -42.165  -65.666  33.217 0.1000000015
126354  -35.470  -55.568  17.256 0.1000000015
128195  -35.727  -76.547  23.021 0.1000000015
128524  -36.892  -77.246  26.458 0.1000000015
129061  -39.189  -65.088  27.836 0.1000000015
129174  -37.946  -55.066  35.901 0.1000000015
129224  -46.460  -66.816  34.801 0.1000000015
129243  -36.165  -57.629  37.717 0.1000000015
129264  -36.190  -59.116  33.248 0.1000000015
129552  -45.841  -56.037  35.609 0.3000000119
130441  -41.723  -65.506  25.773 0.1000000015
130450  -43.881  -65.192  12.785 0.1000000015
130841  -39.222  -75.043  23.440 0.1000000015
132636  -35.630  -56.438  13.882 0.1000000015
133060  -36.410  -54.936  21.709 0.1000000015
133199  -48.757  -55.514  34.230 0.4000000060
134460  -34.148  -60.957  17.848 0.1000000015
