#!ascii label  , from subject sub-v1s16x0051181_ses-1 vox2ras=TkReg
2149
125082  31.932  -68.630  28.268 0.2000000030
3941  32.330  -68.510  29.359 0.2000000030
3951  32.899  -69.258  29.097 0.2000000030
4484  30.648  -68.066  25.798 0.1000000015
3940  33.239  -68.837  30.363 0.3000000119
3967  31.032  -68.312  27.327 0.1000000015
3966  32.342  -68.954  27.342 0.2000000030
129963  30.628  -68.066  27.981 0.1000000015
4472  30.318  -67.932  26.603 0.1000000015
4485  29.810  -67.417  25.998 0.1000000015
5087  28.837  -66.129  25.023 0.1000000015
4499  30.235  -67.365  25.117 0.1000000015
5086  29.585  -66.527  24.665 0.1000000015
116337  28.247  -65.626  25.362 0.2000000030
5027  29.355  -66.577  29.241 0.1000000015
5041  28.824  -66.328  28.304 0.1000000015
4450  30.863  -67.970  28.714 0.2000000030
4473  29.593  -67.335  26.807 0.1000000015
4451  29.971  -67.592  28.195 0.1000000015
4462  30.074  -67.765  27.410 0.1000000015
5061  28.686  -66.403  26.641 0.1000000015
5605  28.080  -65.674  26.028 0.1000000015
6136  27.101  -64.470  25.329 0.2000000030
5606  27.664  -65.183  25.740 0.2000000030
6149  26.883  -63.907  24.675 0.1000000015
5616  27.805  -65.045  24.903 0.2000000030
7393  26.181  -62.448  24.209 0.2000000030
6788  26.788  -62.780  23.662 0.1000000015
7400  26.992  -62.013  23.160 0.1000000015
5051  29.052  -66.653  27.720 0.1000000015
5578  28.251  -65.673  28.131 0.1000000015
5073  28.595  -66.239  25.892 0.1000000015
7385  25.975  -62.716  24.784 0.2000000030
7394  25.764  -62.103  24.725 0.2000000030
8022  25.661  -61.222  24.717 0.2000000030
7401  26.435  -62.099  23.688 0.2000000030
8619  26.014  -60.974  23.951 0.1000000015
8025  26.928  -61.291  23.122 0.2000000030
5052  28.533  -66.204  27.393 0.1000000015
5586  27.930  -65.527  27.310 0.1000000015
5597  27.717  -65.342  26.534 0.1000000015
6128  27.163  -64.720  26.317 0.2000000030
6740  25.979  -63.160  26.020 0.2000000030
134178  26.243  -63.486  25.641 0.3000000119
8620  25.788  -60.384  24.430 0.3000000119
122015  26.139  -60.300  23.865 0.2000000030
119064  27.052  -60.149  23.132 0.2000000030
8028  28.730  -61.263  22.091 0.2000000030
7378  25.754  -62.329  26.131 0.3000000119
6129  26.536  -63.941  26.063 0.2000000030
9297  25.609  -59.656  25.689 0.3000000119
9960  25.708  -58.796  25.249 0.3000000119
9959  25.964  -57.874  25.257 0.3000000119
9970  25.951  -59.078  24.537 0.3000000119
111697  26.428  -58.949  23.994 0.2000000030
9331  27.604  -60.050  22.713 0.2000000030
9330  28.342  -59.807  22.393 0.2000000030
10600  26.088  -57.570  26.984 0.4000000060
9948  25.662  -58.885  26.193 0.3000000119
8015  25.615  -61.802  25.446 0.2000000030
122979  25.559  -61.075  25.528 0.2000000030
9969  26.189  -58.320  24.524 0.3000000119
9321  27.315  -59.442  23.129 0.2000000030
123936  26.953  -58.053  23.808 0.2000000030
9986  27.928  -59.315  22.766 0.2000000030
129420  26.446  -56.352  27.318 0.3000000119
118555  25.948  -57.496  26.096 0.3000000119
10616  26.480  -57.348  24.543 0.2000000030
10623  27.764  -57.518  23.335 0.2000000030
10624  27.211  -57.075  23.855 0.2000000030
10631  28.264  -56.962  22.931 0.1000000015
9978  27.754  -58.520  23.143 0.2000000030
9977  28.404  -57.816  22.771 0.2000000030
9985  28.581  -58.778  22.500 0.2000000030
119544  26.483  -55.542  27.060 0.3000000119
11840  26.360  -55.253  26.159 0.3000000119
11236  26.159  -56.688  25.836 0.3000000119
12483  26.471  -54.554  26.277 0.2000000030
122397  26.286  -55.938  25.537 0.3000000119
11854  26.362  -55.183  25.236 0.2000000030
111995  26.157  -57.189  25.328 0.3000000119
113883  26.482  -55.815  24.704 0.1000000015
11878  26.896  -55.686  23.965 0.1000000015
11259  27.851  -56.241  22.961 0.1000000015
11251  27.330  -56.282  23.595 0.1000000015
116879  26.849  -55.037  23.761 0.1000000015
10630  28.871  -57.145  22.255 0.1000000015
12473  27.467  -54.396  27.757 0.3000000119
133401  26.901  -54.408  27.268 0.2000000030
13022  27.074  -53.784  27.231 0.2000000030
13616  27.551  -52.353  26.711 0.2000000030
14190  27.839  -51.647  26.398 0.1000000015
13035  26.736  -53.385  26.557 0.1000000015
13617  26.885  -52.593  26.339 0.1000000015
12503  26.375  -54.343  24.991 0.1000000015
11868  26.566  -55.081  24.437 0.1000000015
11877  27.354  -55.439  23.169 0.1000000015
11888  27.972  -55.604  22.396 0.1000000015
13021  27.726  -53.575  27.568 0.2000000030
14191  27.129  -51.844  26.137 0.1000000015
129479  26.888  -51.418  25.625 0.1000000015
14204  26.605  -52.082  25.526 0.1000000015
13638  26.367  -52.737  24.842 0.1000000015
120984  26.387  -53.515  25.209 0.1000000015
122156  26.396  -53.047  24.034 0.1000000015
13072  26.573  -53.738  23.619 0.1000000015
12516  26.579  -54.398  24.071 0.1000000015
14788  26.973  -50.831  25.366 0.1000000015
122393  26.518  -53.017  23.251 0.1000000015
13090  26.873  -53.806  22.736 0.1000000015
14787  27.634  -50.587  25.549 0.1000000015
114132  29.360  -66.723  25.495 0.1000000015
5040  29.402  -66.942  28.346 0.1000000015
6770  27.067  -63.631  23.993 0.1000000015
12899  33.182  -53.906  38.252 0.5000000000
12898  34.524  -54.162  38.365 0.5000000000
12913  33.695  -53.315  37.792 0.5000000000
12914  32.637  -53.182  37.756 0.5000000000
12900  32.043  -53.804  38.221 0.5000000000
13513  37.937  -53.168  37.391 0.2000000030
133586  36.609  -53.545  37.928 0.2000000030
133201  36.958  -52.462  36.994 0.3000000119
13497  35.896  -52.904  37.461 0.3000000119
13498  34.985  -52.797  37.435 0.5000000000
125007  34.082  -52.687  37.353 0.5000000000
132972  34.405  -52.153  36.973 0.5000000000
13499  33.166  -52.531  37.327 0.5000000000
14067  33.690  -51.949  36.901 0.5000000000
12339  31.435  -54.543  38.523 0.5000000000
12915  31.633  -53.152  37.723 0.5000000000
10452  30.846  -57.340  39.402 0.5000000000
14083  37.692  -52.252  36.689 0.3000000119
14084  36.496  -51.716  36.504 0.3000000119
13515  35.148  -52.115  36.929 0.5000000000
14068  32.781  -51.729  36.883 0.5000000000
13500  32.214  -52.455  37.354 0.5000000000
12901  30.922  -53.912  38.031 0.5000000000
125274  30.570  -54.695  38.320 0.5000000000
7862  34.363  -62.095  38.314 0.4000000060
9146  34.810  -60.528  37.475 0.5000000000
9148  32.729  -59.730  39.009 0.5000000000
9795  31.052  -58.010  39.046 0.5000000000
11100  30.649  -56.711  39.246 0.5000000000
8506  33.492  -61.134  37.648 0.4000000060
14082  38.912  -52.502  36.816 0.3000000119
14101  38.087  -51.567  36.086 0.4000000060
14664  37.008  -51.193  36.009 0.4000000060
14085  35.514  -51.457  36.499 0.5000000000
14666  35.170  -50.576  36.208 0.5000000000
121924  34.383  -51.315  36.511 0.5000000000
14086  33.469  -51.326  36.606 0.5000000000
125492  34.400  -50.248  36.179 0.5000000000
131736  33.034  -50.495  36.389 0.5000000000
14668  32.483  -50.441  36.421 0.5000000000
14087  32.139  -51.111  36.665 0.5000000000
13502  30.389  -52.605  37.277 0.5000000000
124306  29.961  -55.192  38.221 0.6000000238
9798  31.720  -58.812  38.804 0.5000000000
10455  30.501  -57.315  38.690 0.5000000000
11105  29.874  -56.317  38.149 0.5000000000
9157  30.536  -59.956  36.889 0.4000000060
8507  31.856  -60.638  37.469 0.4000000060
127071  34.756  -60.783  37.389 0.5000000000
14652  36.269  -50.243  37.368 0.1000000015
15276  38.886  -49.129  37.065 0.1000000015
127863  39.681  -48.237  37.353 0.1000000015
121166  39.265  -50.560  37.104 0.1000000015
120327  40.833  -48.747  37.136 0.1000000015
15905  41.926  -47.555  37.313 0.1000000015
15274  40.854  -49.812  36.987 0.1000000015
125418  42.574  -48.850  37.206 0.1000000015
16704  42.613  -47.440  37.028 0.1000000015
14099  40.287  -51.874  36.434 0.2000000030
14098  41.323  -51.480  36.696 0.1000000015
14100  39.219  -51.819  36.293 0.3000000119
14665  36.055  -50.791  36.168 0.5000000000
120474  38.478  -50.831  35.626 0.4000000060
14683  37.483  -50.557  35.591 0.4000000060
14685  35.730  -50.009  35.757 0.4000000060
133534  35.016  -49.874  35.897 0.5000000000
15290  33.831  -49.869  36.093 0.5000000000
15291  33.074  -49.920  36.172 0.5000000000
131607  30.118  -53.764  37.684 0.5000000000
9799  31.003  -58.012  38.341 0.5000000000
9797  33.435  -59.656  38.182 0.5000000000
9156  31.621  -59.938  36.705 0.4000000060
9189  27.961  -59.634  35.661 0.5000000000
125731  32.560  -47.840  38.762 0.1000000015
15281  34.048  -49.522  37.692 0.1000000015
15280  34.954  -49.415  37.566 0.1000000015
15278  36.674  -49.371  37.314 0.1000000015
15277  37.420  -49.347  37.202 0.1000000015
15908  38.024  -48.705  37.251 0.1000000015
15907  38.843  -47.891  37.531 0.1000000015
15279  35.806  -49.369  37.425 0.1000000015
16698  39.828  -47.191  37.382 0.1000000015
17487  38.517  -46.006  34.820 0.2000000030
18223  37.355  -45.474  34.582 0.2000000030
115030  40.987  -51.767  36.895 0.1000000015
14663  41.980  -49.648  36.511 0.1000000015
15927  41.858  -48.213  36.430 0.1000000015
16714  41.565  -47.517  36.489 0.1000000015
16717  39.115  -46.507  35.072 0.2000000030
14680  41.380  -50.474  35.931 0.2000000030
15928  41.025  -48.285  35.905 0.1000000015
122339  39.435  -49.112  35.422 0.2000000030
15951  37.436  -47.844  34.575 0.2000000030
16730  38.143  -46.719  34.561 0.2000000030
17489  36.874  -46.001  34.045 0.2000000030
133698  39.738  -50.152  35.564 0.2000000030
15307  38.880  -49.994  35.441 0.2000000030
122204  37.956  -49.809  35.307 0.3000000119
15933  35.974  -48.674  34.999 0.3000000119
126188  35.339  -48.574  35.087 0.4000000060
14686  34.448  -49.402  35.716 0.5000000000
12341  29.257  -54.970  37.585 0.5000000000
15311  33.613  -49.263  35.746 0.4000000060
11734  29.320  -55.512  35.854 0.5000000000
129666  29.004  -55.232  36.475 0.5000000000
11727  28.765  -54.711  36.470 0.5000000000
118410  30.339  -56.677  36.368 0.5000000000
11125  29.801  -56.416  36.887 0.5000000000
11714  29.290  -55.663  37.157 0.5000000000
14088  31.154  -51.184  36.785 0.5000000000
14669  31.549  -50.446  36.493 0.5000000000
9818  32.442  -58.387  37.204 0.5000000000
10473  31.614  -57.721  36.794 0.5000000000
10474  30.488  -57.250  37.005 0.5000000000
127274  28.710  -53.743  36.620 0.5000000000
8523  33.500  -60.253  36.802 0.5000000000
9807  33.625  -59.190  37.396 0.5000000000
11112  30.073  -56.856  37.506 0.5000000000
12352  29.398  -54.083  37.470 0.6000000238
122965  31.933  -58.689  37.958 0.5000000000
9172  29.692  -59.507  36.249 0.4000000060
16663  33.631  -47.485  39.009 0.1000000015
15895  33.664  -48.737  37.968 0.1000000015
116505  34.307  -48.269  38.220 0.1000000015
15894  35.398  -47.907  38.294 0.1000000015
117017  36.005  -46.627  39.781 0.1000000015
15911  34.579  -48.721  37.783 0.1000000015
15910  35.491  -48.592  37.709 0.1000000015
114958  36.324  -48.481  37.623 0.1000000015
132155  37.355  -47.407  37.750 0.1000000015
16699  38.762  -47.194  37.470 0.1000000015
17455  39.182  -46.664  37.093 0.1000000015
17464  38.949  -46.079  36.289 0.1000000015
17462  41.179  -46.613  36.953 0.1000000015
18200  38.413  -45.812  35.586 0.2000000030
17476  38.205  -45.637  34.927 0.2000000030
16716  40.056  -46.879  35.683 0.1000000015
17475  39.023  -45.889  35.401 0.2000000030
15952  36.555  -47.914  34.557 0.3000000119
16732  36.320  -47.126  34.153 0.3000000119
17506  36.379  -45.425  33.513 0.2000000030
15953  35.710  -47.977  34.681 0.3000000119
17490  36.056  -46.384  33.700 0.2000000030
15935  34.129  -48.533  35.230 0.4000000060
16734  34.350  -47.449  34.420 0.3000000119
125250  33.330  -48.685  35.403 0.4000000060
130769  28.679  -54.031  34.878 0.5000000000
12948  28.345  -53.294  34.875 0.5000000000
12928  28.504  -53.266  36.093 0.5000000000
15312  32.811  -49.154  35.754 0.5000000000
14120  28.257  -51.339  33.361 0.5000000000
14710  27.896  -50.492  33.557 0.5000000000
130133  27.994  -51.331  34.830 0.5000000000
14102  28.121  -51.850  35.265 0.5000000000
13517  28.709  -52.404  36.347 0.6000000238
15292  32.039  -49.648  36.160 0.5000000000
126021  32.090  -48.925  35.729 0.5000000000
15327  27.817  -49.719  33.618 0.5000000000
14699  28.023  -50.664  34.657 0.5000000000
14091  28.469  -51.713  35.916 0.6000000238
12927  28.953  -53.107  36.747 0.5000000000
14089  30.068  -51.363  36.734 0.5000000000
14090  29.101  -51.566  36.457 0.5000000000
13516  29.607  -52.306  36.883 0.5000000000
7903  27.003  -60.939  34.250 0.4000000060
8546  27.244  -60.517  34.594 0.4000000060
9173  28.659  -59.551  36.424 0.4000000060
18148  34.547  -45.799  40.101 0.1000000015
127479  35.351  -46.105  39.731 0.1000000015
18160  34.496  -45.837  39.278 0.1000000015
15893  36.149  -47.711  38.183 0.1000000015
16680  36.084  -47.197  38.569 0.1000000015
17439  36.039  -46.939  38.370 0.1000000015
17440  35.373  -46.502  38.498 0.1000000015
17438  36.465  -47.135  38.209 0.1000000015
17457  36.589  -46.872  37.787 0.1000000015
17458  35.713  -46.506  37.707 0.1000000015
17456  37.374  -46.688  37.274 0.1000000015
17467  36.238  -46.357  36.988 0.1000000015
17466  37.011  -46.162  36.553 0.1000000015
18209  35.371  -45.188  35.574 0.2000000030
18946  36.025  -44.690  34.498 0.2000000030
18945  36.524  -44.828  34.002 0.2000000030
18225  36.501  -45.004  33.430 0.2000000030
19805  31.882  -43.549  29.893 0.2000000030
17507  35.880  -45.706  33.282 0.2000000030
19033  30.486  -44.544  29.867 0.2000000030
19021  30.353  -44.538  30.498 0.2000000030
19005  30.605  -44.369  31.066 0.2000000030
18265  30.596  -45.317  32.399 0.2000000030
17491  35.194  -46.459  33.674 0.2000000030
18290  29.877  -45.029  30.208 0.2000000030
18282  29.433  -45.476  31.378 0.2000000030
18266  29.696  -45.608  32.192 0.2000000030
17512  30.681  -46.302  33.520 0.2000000030
17495  31.148  -46.755  34.033 0.4000000060
17543  28.741  -46.261  30.390 0.2000000030
18283  28.877  -45.910  31.087 0.3000000119
17530  28.481  -46.636  32.274 0.3000000119
112388  28.754  -46.943  33.250 0.4000000060
17513  29.671  -46.477  33.454 0.3000000119
17496  30.172  -46.860  34.029 0.4000000060
16738  30.622  -47.328  34.561 0.5000000000
15956  32.798  -47.755  34.775 0.4000000060
15936  32.601  -48.392  35.304 0.5000000000
15362  27.941  -49.444  31.825 0.5000000000
16001  27.655  -48.612  31.770 0.4000000060
16777  27.601  -47.852  31.964 0.4000000060
16765  28.055  -47.345  32.609 0.4000000060
16751  28.237  -47.616  33.349 0.4000000060
15957  29.275  -48.158  34.789 0.5000000000
16720  30.142  -47.936  35.035 0.5000000000
15937  31.631  -48.393  35.441 0.5000000000
15975  27.788  -48.807  33.281 0.5000000000
15959  27.994  -49.044  34.083 0.5000000000
114955  28.423  -49.308  34.770 0.5000000000
14672  28.770  -51.017  36.057 0.5000000000
14671  29.477  -50.737  36.349 0.5000000000
14670  30.485  -50.548  36.510 0.5000000000
15293  30.890  -49.759  36.241 0.5000000000
132530  32.707  -45.071  40.700 0.1000000015
18149  33.455  -45.444  40.588 0.1000000015
133192  32.588  -45.027  40.013 0.1000000015
18161  33.515  -45.502  39.578 0.1000000015
18162  32.662  -45.283  38.924 0.1000000015
18175  33.556  -45.643  38.534 0.1000000015
117330  33.895  -45.795  37.741 0.1000000015
120225  33.223  -45.563  37.227 0.1000000015
18203  35.271  -45.907  36.681 0.1000000015
131658  34.700  -45.510  36.218 0.2000000030
115106  33.265  -45.231  36.400 0.2000000030
18210  34.240  -45.043  35.778 0.2000000030
122429  35.711  -44.364  33.800 0.2000000030
18239  36.078  -45.026  32.945 0.2000000030
19020  31.130  -44.030  30.327 0.2000000030
18990  31.034  -44.574  31.804 0.2000000030
17508  35.337  -45.498  33.015 0.2000000030
129401  32.547  -42.366  30.326 0.1000000015
19804  32.528  -42.949  30.300 0.1000000015
19790  32.100  -43.445  30.443 0.1000000015
19004  31.881  -43.807  31.072 0.1000000015
18244  31.245  -45.703  32.987 0.1000000015
17492  34.187  -46.325  33.584 0.2000000030
18264  32.157  -45.244  32.634 0.1000000015
18243  32.070  -45.758  33.143 0.1000000015
17511  31.632  -46.239  33.516 0.3000000119
16735  33.373  -47.262  34.298 0.2000000030
15939  29.758  -48.640  35.354 0.5000000000
15938  30.661  -48.481  35.469 0.5000000000
16719  31.083  -47.802  35.111 0.5000000000
15313  31.276  -49.056  35.842 0.5000000000
15940  29.003  -48.886  35.109 0.5000000000
15294  29.866  -49.917  36.146 0.5000000000
15314  30.280  -49.177  35.829 0.5000000000
14687  28.916  -50.196  35.800 0.5000000000
18145  31.950  -44.798  41.659 0.1000000015
18894  31.380  -44.488  40.635 0.1000000015
116680  30.923  -44.426  40.024 0.1000000015
116925  31.687  -44.686  40.030 0.1000000015
18163  31.900  -44.900  39.210 0.1000000015
18918  31.166  -44.765  37.931 0.1000000015
18919  30.738  -44.502  38.532 0.1000000015
18189  31.786  -45.032  37.441 0.1000000015
18205  32.466  -45.242  36.906 0.2000000030
18938  32.514  -44.779  36.092 0.2000000030
18937  33.364  -44.619  35.582 0.2000000030
18948  34.101  -44.388  35.027 0.2000000030
18949  33.556  -44.156  34.855 0.2000000030
18957  34.351  -43.880  34.143 0.2000000030
18971  35.725  -44.527  32.971 0.2000000030
18240  35.370  -44.735  32.697 0.2000000030
19789  32.656  -43.134  31.145 0.1000000015
19003  32.964  -43.689  31.439 0.1000000015
18989  32.286  -44.405  31.927 0.1000000015
129359  34.605  -45.236  32.710 0.1000000015
17510  32.518  -46.115  33.417 0.2000000030
17493  33.014  -46.619  33.759 0.2000000030
19693  29.759  -43.651  41.652 0.1000000015
114286  30.762  -44.217  40.790 0.1000000015
115545  29.412  -43.232  40.947 0.1000000015
18895  30.239  -44.057  40.061 0.1000000015
18896  29.602  -43.516  40.093 0.1000000015
18906  29.788  -43.844  39.276 0.1000000015
18905  30.457  -44.291  39.274 0.1000000015
18926  31.054  -44.560  37.116 0.1000000015
18939  31.742  -44.739  36.598 0.1000000015
18940  31.009  -44.165  36.213 0.1000000015
18950  31.846  -44.389  35.843 0.1000000015
122902  32.656  -44.152  35.189 0.2000000030
128204  33.452  -43.690  34.261 0.2000000030
19747  34.684  -43.744  33.121 0.2000000030
19760  34.673  -43.874  32.595 0.1000000015
18972  35.165  -44.163  32.724 0.2000000030
21385  31.799  -41.087  30.180 0.1000000015
20580  32.077  -41.986  30.994 0.1000000015
18262  34.647  -44.375  32.457 0.2000000030
118573  32.119  -42.349  31.467 0.1000000015
20564  32.791  -42.834  31.724 0.1000000015
18988  33.438  -43.944  31.799 0.1000000015
18263  33.112  -44.700  32.329 0.1000000015
18241  33.856  -44.982  32.477 0.2000000030
129649  28.883  -42.691  40.942 0.1000000015
20511  28.717  -42.494  39.541 0.1000000015
19701  29.135  -43.155  39.195 0.1000000015
18927  29.622  -43.714  37.910 0.1000000015
121639  30.427  -44.149  36.895 0.1000000015
19740  31.597  -43.742  35.176 0.2000000030
19739  32.585  -43.455  34.341 0.2000000030
19749  31.814  -43.153  34.346 0.1000000015
21365  30.800  -41.054  31.610 0.1000000015
21357  30.846  -41.541  32.443 0.1000000015
20566  31.247  -42.192  33.048 0.1000000015
20556  32.228  -42.675  32.771 0.1000000015
19763  32.522  -42.974  33.524 0.1000000015
19748  33.431  -43.302  33.431 0.1000000015
21364  31.383  -41.260  30.907 0.1000000015
21356  31.496  -41.732  31.628 0.1000000015
20565  31.761  -42.274  32.179 0.1000000015
19762  33.392  -43.126  32.494 0.1000000015
19774  34.369  -43.836  32.328 0.1000000015
19776  33.361  -43.422  31.814 0.1000000015
19775  33.902  -43.600  32.151 0.1000000015
20521  28.613  -42.358  38.609 0.1000000015
131080  28.797  -42.657  37.802 0.1000000015
19734  29.200  -43.155  37.470 0.1000000015
19732  30.136  -43.639  36.415 0.1000000015
19741  30.581  -43.426  35.585 0.1000000015
22148  29.443  -40.599  33.669 0.1000000015
21353  29.520  -41.340  34.255 0.1000000015
20551  30.539  -42.436  34.329 0.1000000015
20544  30.128  -42.743  35.101 0.1000000015
22154  29.736  -40.200  32.830 0.1000000015
23012  29.270  -39.678  33.369 0.1000000015
133796  29.903  -41.321  33.621 0.1000000015
20550  31.453  -42.636  33.793 0.1000000015
22161  30.079  -39.812  32.145 0.1000000015
22153  30.293  -40.672  32.262 0.1000000015
21358  30.068  -41.020  33.004 0.1000000015
21352  30.507  -41.686  33.309 0.1000000015
20557  30.772  -42.192  33.691 0.1000000015
20536  28.731  -42.430  37.077 0.1000000015
118426  28.588  -41.732  36.459 0.1000000015
19742  29.751  -42.944  35.930 0.1000000015
21344  28.559  -41.179  35.829 0.1000000015
127634  28.831  -41.820  35.827 0.1000000015
22144  28.934  -40.674  34.555 0.1000000015
21343  28.998  -41.465  35.105 0.1000000015
13514  36.106  -52.290  36.941 0.4000000060
14069  31.753  -51.792  37.031 0.5000000000
14684  36.571  -50.256  35.620 0.4000000060
14651  37.362  -50.467  37.290 0.1000000015
16697  41.048  -46.941  37.244 0.1000000015
14681  40.660  -50.966  35.816 0.2000000030
15309  36.232  -49.437  35.296 0.4000000060
15310  35.353  -49.261  35.431 0.4000000060
16682  33.527  -48.091  38.493 0.1000000015
118110  37.197  -48.324  37.559 0.1000000015
18208  36.680  -45.134  34.771 0.2000000030
15929  40.141  -48.115  35.651 0.2000000030
15930  39.256  -47.874  35.279 0.2000000030
121073  38.528  -48.921  35.163 0.2000000030
16731  37.238  -46.888  34.282 0.3000000119
15932  36.790  -48.754  34.880 0.3000000119
15954  34.929  -48.120  34.857 0.3000000119
12938  28.479  -53.774  35.519 0.5000000000
16681  34.617  -47.693  38.618 0.1000000015
116138  35.812  -47.260  38.762 0.1000000015
17427  35.875  -46.899  39.011 0.1000000015
15909  36.763  -47.560  37.970 0.1000000015
125714  37.945  -47.005  37.445 0.1000000015
16700  37.028  -47.062  37.809 0.1000000015
124122  38.280  -46.539  36.952 0.1000000015
114951  39.833  -46.298  36.487 0.1000000015
116420  39.947  -46.155  35.855 0.1000000015
18202  36.302  -45.645  35.865 0.1000000015
131492  36.151  -45.076  35.165 0.2000000030
16733  35.384  -47.300  34.243 0.3000000119
15955  33.432  -48.032  34.910 0.4000000060
12960  28.337  -52.638  34.221 0.5000000000
121398  28.046  -51.921  34.587 0.5000000000
13553  28.665  -51.978  33.203 0.5000000000
15352  27.765  -49.396  32.710 0.5000000000
17428  35.313  -46.286  39.203 0.1000000015
18174  34.607  -45.969  38.520 0.1000000015
17459  34.826  -46.069  37.656 0.1000000015
19032  31.270  -44.162  29.541 0.2000000030
19006  29.906  -44.916  30.913 0.2000000030
18281  30.138  -44.997  31.660 0.2000000030
130758  31.435  -45.082  32.415 0.1000000015
18291  29.326  -45.526  30.618 0.2000000030
18267  28.926  -45.997  31.830 0.2000000030
17529  29.200  -46.178  32.713 0.3000000119
16737  31.589  -47.258  34.530 0.4000000060
16783  27.869  -47.364  31.179 0.5000000000
16776  27.994  -47.128  31.848 0.4000000060
16740  28.755  -47.638  34.078 0.5000000000
129055  29.354  -47.051  33.893 0.5000000000
16718  32.036  -47.773  34.993 0.5000000000
16736  32.492  -47.235  34.391 0.3000000119
16000  27.904  -48.844  31.030 0.5000000000
16014  27.618  -48.059  31.081 0.5000000000
16766  27.775  -48.044  32.914 0.5000000000
15958  28.552  -48.512  34.464 0.5000000000
18150  32.096  -44.741  40.846 0.1000000015
131905  33.286  -45.626  37.828 0.1000000015
18177  31.888  -45.087  38.318 0.1000000015
18176  32.646  -45.424  37.860 0.1000000015
18204  34.137  -45.669  36.790 0.1000000015
18891  31.366  -44.466  41.310 0.1000000015
18892  30.578  -44.150  41.620 0.1000000015
18904  31.169  -44.618  39.287 0.1000000015
21384  32.445  -41.700  30.014 0.1000000015
128035  32.075  -41.663  30.536 0.1000000015
20579  32.490  -42.667  30.877 0.1000000015
17509  33.502  -45.782  33.165 0.2000000030
18242  32.863  -45.475  32.858 0.1000000015
19692  30.051  -43.822  40.887 0.1000000015
19696  29.020  -42.877  40.171 0.1000000015
19712  29.503  -43.612  38.591 0.1000000015
112911  30.375  -44.266  37.694 0.1000000015
18920  30.042  -44.091  38.519 0.1000000015
131532  34.065  -43.553  33.507 0.2000000030
19761  34.155  -43.538  32.750 0.1000000015
18987  33.974  -44.192  32.194 0.1000000015
20509  28.525  -42.164  40.347 0.1000000015
19721  29.090  -43.146  38.232 0.1000000015
19720  29.799  -43.737  37.161 0.1000000015
19750  31.002  -43.037  34.735 0.1000000015
22160  30.506  -40.264  31.574 0.1000000015
19733  29.389  -43.083  36.718 0.1000000015
20535  29.013  -42.407  36.245 0.1000000015
22149  28.870  -39.878  34.132 0.1000000015
20552  29.738  -42.076  34.667 0.1000000015
20558  30.169  -41.854  33.975 0.1000000015
20545  29.348  -42.264  35.474 0.1000000015
23006  28.598  -39.267  34.543 0.1000000015
23013  28.885  -39.129  33.772 0.1000000015
22145  28.540  -40.037  34.940 0.1000000015
11058  36.518  -57.618  42.502 0.1000000015
10404  36.972  -58.503  43.069 0.1000000015
130653  37.042  -57.834  42.216 0.1000000015
11087  37.685  -56.844  40.778 0.1000000015
11701  36.324  -55.424  39.581 0.1000000015
12292  37.081  -55.879  40.613 0.1000000015
11700  36.934  -55.537  40.178 0.1000000015
10405  36.308  -58.077  43.314 0.2000000030
12910  37.802  -54.437  38.567 0.1000000015
9105  37.429  -59.533  43.966 0.2000000030
10414  36.823  -58.421  42.765 0.1000000015
9087  37.133  -60.986  44.344 0.2000000030
10444  37.863  -57.063  40.933 0.1000000015
12897  35.998  -54.542  38.690 0.1000000015
8396  36.912  -61.123  44.745 0.2000000030
9749  37.026  -59.070  43.232 0.2000000030
11088  36.834  -56.461  40.440 0.2000000030
9774  36.750  -58.162  42.429 0.2000000030
10446  35.816  -56.850  40.670 0.2000000030
12326  35.727  -54.956  39.038 0.3000000119
11691  35.049  -55.791  39.731 0.3000000119
12327  34.514  -55.239  39.313 0.3000000119
9775  35.408  -58.210  42.021 0.2000000030
10432  35.624  -57.426  41.187 0.2000000030
8437  34.722  -61.637  43.113 0.2000000030
11089  35.310  -56.330  40.306 0.2000000030
9107  35.736  -61.343  43.447 0.2000000030
7810  29.678  -61.567  40.849 0.1000000015
8417  35.741  -61.575  43.733 0.2000000030
9750  35.597  -59.491  42.888 0.2000000030
9088  36.541  -61.440  43.912 0.2000000030
12337  33.890  -54.650  38.761 0.4000000060
7787  31.153  -61.485  41.933 0.1000000015
115821  33.852  -61.677  43.467 0.1000000015
10447  34.114  -57.120  40.907 0.2000000030
7788  30.119  -61.953  41.668 0.1000000015
11097  33.364  -55.672  39.686 0.4000000060
7786  32.338  -61.504  42.170 0.2000000030
7772  34.016  -61.603  42.850 0.2000000030
110300  29.018  -61.479  40.145 0.1000000015
8482  29.399  -60.813  39.515 0.2000000030
114131  31.184  -61.337  40.858 0.1000000015
9751  34.028  -59.209  42.050 0.2000000030
10433  34.003  -58.089  41.509 0.2000000030
120645  32.771  -57.285  40.674 0.4000000060
10434  32.861  -57.975  41.058 0.4000000060
11702  32.284  -55.572  39.500 0.4000000060
118945  33.256  -61.429  41.981 0.3000000119
8452  33.643  -61.389  42.161 0.3000000119
123144  33.054  -62.000  40.931 0.4000000060
12329  31.832  -55.119  39.062 0.4000000060
9125  33.575  -60.458  41.809 0.3000000119
7807  33.771  -62.706  39.872 0.4000000060
7785  33.249  -61.807  40.889 0.3000000119
131301  33.059  -42.728  28.923 0.1000000015
19820  32.554  -43.064  29.735 0.1000000015
11098  32.206  -56.231  39.885 0.4000000060
9790  32.343  -58.832  40.696 0.4000000060
11091  32.020  -57.062  40.321 0.5000000000
8453  33.357  -61.399  41.183 0.4000000060
9126  32.999  -59.897  41.059 0.4000000060
129617  32.676  -43.105  29.207 0.1000000015
115700  32.702  -43.425  28.569 0.1000000015
19031  32.099  -43.705  29.136 0.1000000015
11703  31.286  -55.994  39.368 0.4000000060
11099  31.271  -56.844  39.790 0.5000000000
10449  31.382  -57.786  39.845 0.5000000000
11704  30.562  -56.110  38.938 0.5000000000
19042  31.581  -44.494  28.764 0.1000000015
18298  30.091  -45.277  29.485 0.1000000015
10415  35.471  -57.206  42.851 0.1000000015
11077  37.132  -56.616  41.428 0.1000000015
12336  36.881  -54.897  39.183 0.1000000015
11678  37.490  -56.460  40.780 0.1000000015
11064  36.327  -56.799  42.252 0.1000000015
12862  36.930  -54.918  40.101 0.1000000015
13495  38.369  -54.105  38.149 0.1000000015
12338  32.545  -54.491  38.659 0.4000000060
9737  35.914  -58.550  44.061 0.1000000015
11090  33.450  -56.416  40.306 0.3000000119
9108  34.478  -60.796  42.622 0.2000000030
9776  33.078  -58.826  41.365 0.3000000119
10448  31.984  -58.026  40.465 0.4000000060
18297  30.835  -44.881  29.150 0.1000000015
122368  35.331  -54.656  40.671 0.1000000015
7256  23.168  -62.613  34.006 0.1000000015
7270  24.052  -62.758  32.683 0.1000000015
113039  24.654  -65.010  32.670 0.1000000015
7922  23.386  -62.145  33.064 0.1000000015
5513  24.426  -65.379  34.268 0.1000000015
7271  22.657  -61.953  33.723 0.1000000015
129006  21.942  -61.409  32.716 0.1000000015
7941  20.742  -61.837  32.471 0.1000000015
7939  22.503  -61.398  32.068 0.1000000015
127977  14.032  -71.013  49.833 0.1000000015
6618  15.574  -63.695  37.057 0.1000000015
6643  16.158  -63.245  35.259 0.1000000015
6032  23.612  -64.125  34.755 0.1000000015
7249  17.060  -62.146  34.994 0.1000000015
6668  23.784  -63.054  33.528 0.1000000015
7926  19.006  -62.098  33.808 0.1000000015
5496  23.975  -65.443  35.271 0.1000000015
7942  20.206  -61.954  32.921 0.1000000015
3778  14.768  -70.573  51.545 0.1000000015
3787  15.201  -69.948  48.863 0.1000000015
3806  15.245  -68.928  47.560 0.1000000015
4250  17.345  -68.327  50.530 0.1000000015
3777  16.373  -69.580  51.417 0.1000000015
124674  14.784  -71.735  51.441 0.1000000015
3326  15.569  -71.388  50.393 0.1000000015
4278  16.416  -67.889  46.578 0.1000000015
125441  15.333  -66.223  41.074 0.1000000015
133262  15.548  -64.509  38.903 0.1000000015
6653  23.443  -63.434  34.379 0.1000000015
126656  22.537  -62.382  34.444 0.1000000015
7906  21.375  -61.722  34.209 0.1000000015
6019  23.226  -64.813  35.703 0.1000000015
4387  24.537  -67.451  35.779 0.1000000015
112793  24.616  -66.236  34.093 0.1000000015
3797  16.362  -69.261  48.368 0.1000000015
4249  18.424  -68.369  50.861 0.1000000015
123110  17.459  -69.875  51.561 0.1000000015
3309  16.169  -70.852  52.025 0.1000000015
126745  16.748  -71.450  50.795 0.1000000015
3796  17.310  -68.703  47.862 0.1000000015
4268  16.695  -68.314  47.336 0.1000000015
4290  16.873  -67.243  45.931 0.1000000015
4862  16.460  -66.615  44.456 0.1000000015
4874  15.614  -66.719  43.338 0.1000000015
4880  16.164  -66.235  42.928 0.1000000015
5429  15.926  -65.928  42.173 0.1000000015
5964  15.949  -64.906  40.940 0.1000000015
112301  15.601  -65.056  40.014 0.1000000015
6601  15.666  -63.904  38.792 0.1000000015
7230  15.848  -62.943  37.603 0.1000000015
7893  18.503  -61.591  35.453 0.1000000015
6640  22.972  -63.908  35.322 0.1000000015
7246  21.878  -62.684  35.315 0.1000000015
7905  22.006  -61.947  34.382 0.1000000015
123056  19.972  -61.860  34.774 0.1000000015
7908  19.572  -61.862  34.314 0.1000000015
4942  24.012  -66.386  35.922 0.1000000015
3805  18.347  -68.637  47.235 0.1000000015
4241  19.329  -67.725  51.047 0.1000000015
134474  17.809  -70.123  51.481 0.1000000015
3308  17.227  -70.796  51.661 0.1000000015
3315  17.350  -71.129  50.891 0.1000000015
3785  18.297  -69.881  48.484 0.1000000015
4277  17.375  -67.876  46.679 0.1000000015
4849  18.055  -67.004  45.016 0.1000000015
128713  16.751  -66.073  43.305 0.1000000015
5958  17.062  -64.770  42.221 0.1000000015
3770  18.255  -69.100  51.018 0.1000000015
3307  18.449  -69.647  50.757 0.1000000015
131017  17.894  -70.506  50.922 0.1000000015
123453  18.105  -70.411  49.714 0.1000000015
3334  19.114  -70.374  48.360 0.1000000015
5428  16.735  -65.565  42.670 0.1000000015
5436  16.296  -65.197  41.822 0.1000000015
5970  15.924  -64.427  40.292 0.1000000015
7209  16.540  -62.374  39.209 0.1000000015
129118  15.817  -63.301  38.350 0.1000000015
7854  16.602  -61.864  38.326 0.1000000015
7229  16.282  -62.234  37.783 0.1000000015
7870  17.208  -61.075  37.220 0.1000000015
7871  16.654  -61.607  37.518 0.1000000015
127356  19.187  -61.404  36.329 0.1000000015
7880  18.205  -61.124  36.205 0.1000000015
7882  16.721  -61.582  36.689 0.1000000015
6641  22.065  -63.692  35.866 0.1000000015
7890  21.233  -62.149  35.104 0.1000000015
7891  19.761  -61.898  35.663 0.1000000015
6011  21.977  -65.588  36.893 0.1000000015
5497  23.064  -65.803  36.420 0.1000000015
4377  24.230  -68.104  36.829 0.1000000015
4930  23.666  -67.232  36.814 0.1000000015
4358  24.503  -69.345  38.158 0.1000000015
4368  23.629  -67.499  37.477 0.1000000015
3804  19.335  -68.935  46.380 0.1000000015
4276  18.430  -68.031  46.117 0.1000000015
123653  19.713  -67.892  51.179 0.1000000015
3768  20.040  -68.330  50.607 0.1000000015
3776  19.425  -69.239  50.153 0.1000000015
3313  19.786  -69.825  49.037 0.1000000015
124288  19.882  -70.617  47.601 0.1000000015
3795  19.470  -70.200  47.365 0.1000000015
4288  18.668  -67.643  45.280 0.1000000015
4860  18.407  -66.689  44.334 0.1000000015
5427  17.693  -65.199  42.814 0.1000000015
3769  19.088  -68.593  50.745 0.1000000015
3314  18.710  -69.970  49.847 0.1000000015
5957  17.986  -64.349  42.363 0.1000000015
5962  17.271  -64.151  41.852 0.1000000015
5969  16.376  -64.086  40.811 0.1000000015
6574  17.388  -63.200  41.111 0.1000000015
7200  16.777  -62.606  40.046 0.1000000015
7199  17.433  -62.507  40.623 0.1000000015
8514  18.565  -60.705  37.454 0.1000000015
8487  17.697  -60.881  38.667 0.1000000015
6626  21.256  -64.425  36.823 0.1000000015
6006  21.273  -64.532  36.949 0.1000000015
6627  20.786  -63.806  36.984 0.1000000015
7236  20.320  -63.141  36.928 0.1000000015
8526  19.227  -60.941  37.134 0.1000000015
134624  18.648  -60.905  36.787 0.1000000015
6005  21.592  -65.018  37.097 0.1000000015
7248  20.290  -62.319  36.017 0.1000000015
6012  21.583  -65.133  37.050 0.1000000015
5470  21.950  -65.603  37.077 0.1000000015
5485  22.226  -66.009  37.090 0.1000000015
4931  22.801  -66.599  37.200 0.1000000015
130584  25.168  -69.890  38.528 0.1000000015
4239  22.899  -67.113  50.903 0.1000000015
4790  21.924  -66.875  51.191 0.1000000015
4791  21.087  -67.187  51.200 0.1000000015
3774  21.555  -68.569  49.049 0.1000000015
3784  20.909  -69.535  48.400 0.1000000015
3814  20.224  -69.338  45.307 0.1000000015
4240  21.969  -67.394  50.876 0.1000000015
3775  20.441  -68.863  49.556 0.1000000015
3323  20.204  -70.502  47.897 0.1000000015
3331  21.177  -70.580  46.684 0.1000000015
3350  20.765  -70.339  45.575 0.1000000015
4287  19.663  -68.174  44.791 0.1000000015
4301  20.028  -67.769  44.156 0.1000000015
5415  18.313  -65.725  43.371 0.1000000015
4300  20.908  -67.965  44.114 0.1000000015
5414  19.425  -65.834  43.357 0.1000000015
5956  19.092  -64.377  42.514 0.1000000015
6562  17.787  -63.582  41.691 0.1000000015
7184  17.963  -62.863  41.282 0.1000000015
6546  18.622  -63.685  42.083 0.1000000015
7198  18.257  -62.182  40.937 0.1000000015
7820  17.914  -61.636  40.301 0.1000000015
7837  17.711  -61.203  39.509 0.1000000015
8500  19.482  -60.636  38.506 0.1000000015
8501  18.551  -60.646  38.398 0.1000000015
6617  20.542  -63.428  37.051 0.1000000015
8513  19.769  -60.865  37.766 0.1000000015
6615  21.704  -64.241  37.257 0.1000000015
7226  21.339  -62.748  37.433 0.1000000015
6004  22.406  -64.714  37.363 0.1000000015
5468  23.098  -66.265  37.485 0.1000000015
4921  23.273  -66.796  37.382 0.1000000015
4910  23.864  -68.116  37.945 0.1000000015
134052  24.530  -68.967  38.295 0.1000000015
118719  21.898  -68.127  47.022 0.1000000015
4838  21.747  -67.433  46.293 0.1000000015
4789  23.777  -66.883  50.792 0.1000000015
128770  22.839  -67.507  50.228 0.1000000015
4247  22.168  -67.974  50.023 0.1000000015
4246  23.156  -67.679  49.250 0.1000000015
3783  21.989  -69.121  47.705 0.1000000015
114356  22.242  -69.236  46.783 0.1000000015
4286  22.002  -68.680  44.908 0.1000000015
115819  21.920  -67.789  45.074 0.1000000015
3794  21.635  -69.994  46.663 0.1000000015
3349  21.235  -70.330  45.506 0.1000000015
4299  21.672  -67.742  44.382 0.1000000015
4868  21.331  -66.248  43.585 0.1000000015
5424  20.851  -65.149  42.862 0.1000000015
4312  20.303  -67.228  43.807 0.1000000015
4869  20.429  -66.481  43.569 0.1000000015
6545  19.579  -63.726  42.213 0.1000000015
7797  18.930  -62.115  41.118 0.1000000015
7819  18.798  -61.489  40.595 0.1000000015
7835  19.051  -60.893  40.115 0.1000000015
7852  21.036  -60.904  38.421 0.1000000015
8485  19.015  -60.695  39.376 0.1000000015
7866  22.057  -61.928  37.767 0.1000000015
7867  21.233  -61.990  37.611 0.1000000015
7868  20.403  -61.243  37.722 0.1000000015
119281  22.128  -62.985  37.433 0.1000000015
129498  22.612  -63.653  37.427 0.1000000015
123501  22.716  -65.658  37.409 0.1000000015
5900  23.085  -65.359  49.272 0.1000000015
5355  25.220  -66.167  49.957 0.1000000015
5899  23.564  -64.743  49.568 0.1000000015
5379  22.239  -65.851  48.225 0.1000000015
4266  22.543  -67.713  47.919 0.1000000015
5393  21.701  -66.285  46.677 0.1000000015
4778  24.712  -66.617  51.343 0.1000000015
4800  25.361  -66.337  50.230 0.1000000015
4803  23.542  -67.156  49.965 0.1000000015
121151  23.329  -67.273  49.239 0.1000000015
4813  22.940  -67.275  48.538 0.1000000015
112213  21.775  -66.651  45.609 0.1000000015
113783  22.152  -65.977  44.195 0.1000000015
4848  21.932  -66.795  44.623 0.1000000015
5423  21.801  -65.197  42.861 0.1000000015
5955  20.179  -64.463  42.558 0.1000000015
6544  20.697  -63.849  42.261 0.1000000015
7796  19.585  -61.828  41.000 0.1000000015
7795  20.366  -61.511  40.738 0.1000000015
8473  19.554  -60.790  39.927 0.1000000015
132782  21.584  -60.932  39.696 0.1000000015
7865  22.980  -62.034  37.901 0.1000000015
7851  21.717  -61.209  38.345 0.1000000015
7224  24.206  -62.721  37.753 0.1000000015
6613  24.609  -63.443  37.697 0.1000000015
5898  24.389  -65.058  49.925 0.1000000015
5906  22.438  -65.024  48.557 0.1000000015
5386  21.767  -65.459  47.400 0.1000000015
5367  24.272  -66.043  49.747 0.1000000015
5919  21.640  -64.785  45.613 0.1000000015
118328  21.653  -64.066  45.374 0.1000000015
5937  22.017  -65.017  44.596 0.1000000015
119982  22.048  -64.110  44.503 0.1000000015
5945  22.736  -64.677  43.149 0.1000000015
5953  22.460  -64.812  42.801 0.1000000015
6558  22.492  -63.509  41.884 0.1000000015
6559  21.254  -63.279  41.816 0.1000000015
7197  22.200  -62.055  40.746 0.1000000015
7181  20.489  -62.369  41.337 0.1000000015
7816  22.183  -61.286  40.075 0.1000000015
7817  21.216  -61.241  40.294 0.1000000015
114509  23.619  -61.598  40.233 0.1000000015
131013  21.512  -60.797  39.022 0.1000000015
7831  23.997  -61.525  39.642 0.1000000015
7850  22.620  -61.363  38.592 0.1000000015
7848  24.312  -61.793  38.833 0.1000000015
7215  25.011  -62.665  38.104 0.1000000015
134482  26.423  -63.152  38.533 0.1000000015
121633  23.833  -64.054  49.706 0.1000000015
6483  23.220  -63.713  49.248 0.1000000015
131936  21.797  -64.080  47.735 0.1000000015
6508  21.482  -63.968  46.409 0.1000000015
7106  21.530  -62.754  46.671 0.1000000015
6481  24.506  -64.046  50.063 0.1000000015
5913  21.585  -64.432  47.267 0.1000000015
7127  21.672  -63.290  45.153 0.1000000015
125463  22.870  -63.264  43.508 0.1000000015
130815  22.993  -64.127  42.591 0.1000000015
6533  23.287  -63.495  42.789 0.1000000015
7163  23.245  -63.374  42.108 0.1000000015
7792  24.484  -61.449  41.103 0.1000000015
7794  23.109  -62.382  41.054 0.1000000015
7815  23.016  -61.813  40.436 0.1000000015
7829  25.358  -61.354  40.091 0.1000000015
131050  25.486  -61.736  39.485 0.1000000015
110293  28.244  -62.598  42.255 0.1000000015
110987  28.589  -63.486  41.507 0.1000000015
7081  24.150  -62.144  49.715 0.1000000015
6482  23.814  -63.072  49.622 0.1000000015
7093  22.968  -62.225  48.737 0.1000000015
7094  22.367  -62.340  48.240 0.1000000015
7718  22.136  -61.068  47.260 0.1000000015
6492  22.614  -63.132  48.672 0.1000000015
6502  21.708  -63.477  47.480 0.1000000015
133025  21.524  -61.931  45.498 0.1000000015
7138  21.674  -62.476  44.970 0.1000000015
7137  22.150  -62.369  44.252 0.1000000015
7146  23.302  -62.663  43.119 0.1000000015
8442  23.762  -61.184  42.579 0.1000000015
9110  30.122  -59.209  42.797 0.1000000015
130806  29.339  -58.871  42.623 0.1000000015
130304  28.388  -59.693  43.508 0.1000000015
9113  27.022  -59.732  43.314 0.1000000015
9114  26.311  -59.925  43.072 0.1000000015
8457  24.306  -61.189  42.031 0.1000000015
7793  23.848  -62.048  41.101 0.1000000015
125721  28.924  -60.287  43.970 0.1000000015
9112  27.728  -59.631  43.394 0.1000000015
8441  24.569  -60.327  42.406 0.1000000015
9109  31.105  -59.199  42.938 0.1000000015
9092  30.675  -59.783  43.532 0.1000000015
9093  29.861  -60.017  43.775 0.1000000015
8422  27.858  -60.705  43.660 0.1000000015
120720  25.968  -60.457  42.284 0.1000000015
7791  25.176  -61.126  40.903 0.1000000015
9753  32.033  -59.190  43.153 0.1000000015
9091  31.612  -60.261  43.775 0.1000000015
8421  29.786  -61.179  44.679 0.1000000015
7812  25.902  -61.029  40.659 0.1000000015
7738  29.369  -62.567  44.792 0.1000000015
7790  26.339  -60.835  41.390 0.1000000015
7735  31.758  -62.642  45.242 0.1000000015
111047  28.615  -62.832  43.268 0.1000000015
110286  29.513  -64.962  42.988 0.1000000015
8350  23.853  -60.827  49.347 0.1000000015
7693  23.801  -61.550  49.413 0.1000000015
7702  23.354  -61.385  48.876 0.1000000015
8361  23.435  -60.437  48.786 0.1000000015
7703  22.722  -61.572  48.339 0.1000000015
113794  22.578  -60.959  47.904 0.1000000015
8381  22.161  -60.455  46.768 0.1000000015
122972  21.504  -61.881  46.239 0.1000000015
123719  21.566  -61.239  45.744 0.1000000015
7740  21.707  -61.527  44.848 0.1000000015
7739  22.208  -61.514  44.044 0.1000000015
7757  22.899  -61.694  43.442 0.1000000015
114581  23.452  -60.354  43.026 0.1000000015
114154  24.911  -59.162  42.203 0.1000000015
7776  23.929  -62.062  42.013 0.1000000015
124506  28.449  -58.988  42.818 0.1000000015
9758  26.627  -59.087  42.606 0.1000000015
9756  29.077  -58.272  42.279 0.1000000015
9739  33.097  -59.028  43.428 0.1000000015
9090  32.674  -60.218  43.849 0.1000000015
9017  24.015  -59.825  49.320 0.1000000015
9029  23.473  -59.542  48.558 0.1000000015
122198  22.778  -59.780  47.495 0.1000000015
9040  22.697  -59.188  47.174 0.1000000015
8372  23.007  -60.190  48.056 0.1000000015
111362  22.492  -59.833  46.966 0.1000000015
133752  22.423  -59.306  46.599 0.1000000015
8382  21.784  -60.501  46.051 0.1000000015
9059  21.884  -59.887  45.544 0.1000000015
9072  21.779  -60.041  44.821 0.1000000015
9071  22.037  -59.902  44.214 0.1000000015
9096  22.999  -59.669  43.275 0.1000000015
9097  22.475  -59.775  43.694 0.1000000015
9760  24.300  -58.498  42.218 0.1000000015
9761  23.567  -58.707  42.605 0.1000000015
9117  23.519  -59.590  42.833 0.1000000015
9777  28.144  -58.088  42.168 0.1000000015
10438  27.620  -57.481  41.562 0.1000000015
9780  25.134  -58.222  41.858 0.1000000015
122140  23.950  -60.370  42.598 0.1000000015
10418  30.984  -57.694  42.321 0.1000000015
10437  28.992  -57.583  41.796 0.1000000015
9759  25.723  -59.206  42.360 0.1000000015
10417  31.842  -57.441  42.533 0.1000000015
9754  30.655  -58.502  42.471 0.1000000015
126000  23.936  -58.001  48.611 0.1000000015
9682  23.491  -58.676  48.217 0.1000000015
9695  23.065  -58.526  47.446 0.1000000015
9707  22.582  -58.499  46.516 0.1000000015
112390  22.172  -59.180  45.911 0.1000000015
9714  22.282  -58.395  45.412 0.1000000015
9058  21.963  -59.257  44.867 0.1000000015
114708  22.364  -57.887  44.101 0.1000000015
119186  22.197  -59.140  44.005 0.1000000015
10420  23.710  -57.671  42.431 0.1000000015
9740  23.004  -58.915  43.114 0.1000000015
10440  25.730  -57.402  41.452 0.1000000015
9781  24.420  -57.667  42.011 0.1000000015
9779  26.166  -58.277  41.932 0.1000000015
128178  30.322  -57.919  42.220 0.1000000015
9752  32.396  -58.204  42.865 0.1000000015
9738  34.281  -58.410  43.690 0.1000000015
116561  23.503  -57.847  47.850 0.1000000015
11021  23.341  -55.934  46.401 0.1000000015
9706  23.114  -57.671  46.974 0.1000000015
11035  23.004  -55.830  45.561 0.1000000015
11022  23.031  -56.492  45.930 0.1000000015
132942  22.586  -57.097  44.896 0.1000000015
10377  22.720  -57.387  45.815 0.1000000015
10386  22.387  -57.740  44.790 0.1000000015
11061  22.700  -56.847  43.633 0.1000000015
10410  22.645  -57.603  43.583 0.1000000015
118325  23.076  -57.211  42.979 0.1000000015
11084  25.407  -56.500  41.237 0.1000000015
10439  26.685  -57.496  41.459 0.1000000015
11083  26.273  -56.715  41.048 0.1000000015
10436  29.660  -57.043  41.675 0.1000000015
129801  28.363  -57.380  41.600 0.1000000015
10407  34.002  -57.524  43.320 0.1000000015
10406  34.974  -57.695  43.403 0.1000000015
11634  23.006  -55.187  45.034 0.1000000015
11036  22.751  -56.524  45.234 0.1000000015
11646  22.758  -55.881  44.709 0.1000000015
11657  23.148  -55.554  43.227 0.1000000015
11658  22.767  -56.071  43.822 0.1000000015
11060  23.068  -56.394  43.050 0.1000000015
11070  23.581  -56.746  42.472 0.1000000015
119632  24.596  -56.215  41.630 0.1000000015
11067  32.286  -56.529  42.473 0.1000000015
11068  31.205  -56.677  42.225 0.1000000015
11082  27.221  -56.792  41.091 0.1000000015
11066  33.480  -56.461  42.684 0.1000000015
12268  23.353  -54.545  43.536 0.1000000015
12837  24.364  -53.933  41.843 0.1000000015
12838  23.827  -54.245  42.583 0.1000000015
12317  25.571  -54.190  40.755 0.1000000015
12299  24.613  -54.589  41.490 0.1000000015
12277  23.639  -55.130  42.600 0.1000000015
12316  26.495  -54.353  40.541 0.1000000015
11668  24.091  -55.639  42.038 0.1000000015
11685  25.200  -55.646  41.133 0.1000000015
11667  31.784  -55.828  42.070 0.1000000015
11682  30.973  -55.925  41.837 0.1000000015
11079  30.347  -56.420  41.772 0.1000000015
122489  28.906  -56.884  41.436 0.1000000015
11081  28.694  -56.122  41.157 0.1000000015
11093  26.858  -56.023  40.668 0.1000000015
11665  34.014  -55.816  42.123 0.1000000015
11080  29.535  -56.212  41.465 0.1000000015
11686  24.602  -55.310  41.524 0.1000000015
12276  24.171  -54.832  41.978 0.1000000015
133070  27.018  -54.799  40.480 0.1000000015
11696  25.765  -55.059  40.688 0.1000000015
11684  29.308  -55.397  41.164 0.1000000015
11693  28.420  -55.370  40.812 0.1000000015
11695  26.563  -55.259  40.543 0.1000000015
11092  27.809  -56.078  40.822 0.1000000015
122484  15.354  -65.239  38.016 0.1000000015
121914  15.592  -63.843  37.916 0.1000000015
7237  16.224  -62.189  37.075 0.1000000015
7238  15.837  -62.889  36.672 0.1000000015
7250  16.467  -62.462  35.494 0.1000000015
6667  24.265  -63.621  33.127 0.1000000015
6018  24.039  -64.671  34.570 0.1000000015
7907  20.500  -61.683  33.920 0.1000000015
7910  17.922  -61.950  34.854 0.1000000015
7924  21.361  -61.564  33.357 0.1000000015
119572  21.736  -61.406  31.843 0.1000000015
3327  13.708  -71.014  50.529 0.1000000015
6628  15.661  -63.646  36.252 0.1000000015
6007  15.400  -64.648  37.352 0.1000000015
7257  18.198  -62.227  34.102 0.1000000015
3317  15.688  -71.567  51.510 0.1000000015
5437  15.671  -65.702  41.386 0.1000000015
5443  15.467  -65.679  40.599 0.1000000015
6654  22.739  -63.081  34.866 0.1000000015
126622  20.586  -61.919  34.904 0.1000000015
3786  17.002  -69.969  49.274 0.1000000015
3325  17.804  -70.576  49.830 0.1000000015
4850  17.290  -66.900  45.371 0.1000000015
4852  15.905  -66.995  44.956 0.1000000015
4289  17.744  -67.356  45.748 0.1000000015
4861  17.367  -66.605  44.629 0.1000000015
5963  16.629  -64.445  41.521 0.1000000015
6587  15.915  -63.665  39.449 0.1000000015
7894  17.600  -61.564  35.589 0.1000000015
6020  22.155  -64.608  36.384 0.1000000015
7247  20.789  -62.992  36.230 0.1000000015
4302  19.032  -67.328  44.584 0.1000000015
5416  17.407  -65.820  43.341 0.1000000015
3324  19.229  -70.334  48.613 0.1000000015
7853  17.108  -61.162  38.082 0.1000000015
7838  17.096  -61.501  38.946 0.1000000015
8527  17.933  -60.812  36.944 0.1000000015
7869  19.675  -61.397  37.102 0.1000000015
3803  20.199  -70.460  46.235 0.1000000015
115609  20.819  -67.720  51.045 0.1000000015
3322  21.131  -70.193  47.307 0.1000000015
3333  20.076  -70.765  47.028 0.1000000015
4870  18.815  -66.333  43.778 0.1000000015
5426  18.701  -65.093  42.881 0.1000000015
7208  17.195  -61.928  39.813 0.1000000015
118956  20.148  -62.029  37.144 0.1000000015
4257  22.617  -68.202  48.683 0.1000000015
3821  20.643  -68.668  44.622 0.1000000015
3812  21.842  -69.568  45.055 0.1000000015
127380  19.661  -66.578  43.687 0.1000000015
3820  21.437  -68.829  44.672 0.1000000015
5413  20.532  -65.714  43.246 0.1000000015
5425  19.763  -65.107  42.883 0.1000000015
7183  18.663  -62.656  41.400 0.1000000015
8499  20.306  -60.734  38.468 0.1000000015
6614  23.539  -63.574  37.513 0.1000000015
5467  23.949  -65.593  37.623 0.1000000015
4920  23.994  -66.800  37.867 0.1000000015
128157  21.806  -67.186  47.149 0.1000000015
4275  22.202  -68.882  45.639 0.1000000015
4802  24.221  -66.794  50.036 0.1000000015
4256  22.904  -67.904  48.499 0.1000000015
4858  21.152  -67.175  43.810 0.1000000015
127065  22.055  -65.840  43.678 0.1000000015
5412  21.519  -65.590  43.226 0.1000000015
6560  20.052  -63.122  41.824 0.1000000015
8484  19.915  -60.651  39.342 0.1000000015
7225  23.306  -62.755  37.583 0.1000000015
6003  23.740  -64.574  37.532 0.1000000015
5378  22.805  -66.261  49.001 0.1000000015
118565  21.571  -65.190  46.397 0.1000000015
5401  21.881  -65.797  45.232 0.1000000015
5946  22.277  -65.280  43.217 0.1000000015
6543  22.011  -64.137  42.274 0.1000000015
8472  20.249  -60.906  40.108 0.1000000015
129630  21.169  -61.915  40.933 0.1000000015
7849  23.490  -61.579  38.736 0.1000000015
119145  24.517  -62.262  38.307 0.1000000015
6493  22.141  -63.901  48.195 0.1000000015
6491  23.178  -62.821  49.131 0.1000000015
132833  21.500  -63.308  45.884 0.1000000015
6526  22.632  -64.106  43.676 0.1000000015
7180  21.745  -62.680  41.352 0.1000000015
7178  23.495  -62.684  41.706 0.1000000015
7832  23.004  -61.337  39.639 0.1000000015
7814  24.179  -61.547  40.464 0.1000000015
111139  26.220  -61.562  39.855 0.1000000015
6612  25.611  -63.287  38.142 0.1000000015
116128  26.083  -62.161  39.154 0.1000000015
110896  27.086  -61.788  39.966 0.1000000015
7147  22.658  -62.300  43.670 0.1000000015
7756  23.534  -61.961  42.800 0.1000000015
8455  25.567  -60.719  41.617 0.1000000015
110299  27.960  -62.299  41.272 0.1000000015
114582  27.164  -61.227  41.273 0.1000000015
7775  27.914  -61.541  43.281 0.1000000015
111966  29.093  -64.510  43.479 0.1000000015
7710  22.221  -61.703  47.745 0.1000000015
8402  21.908  -60.688  44.444 0.1000000015
8424  23.190  -61.023  43.196 0.1000000015
9757  27.497  -58.947  42.757 0.1000000015
9094  28.097  -60.297  43.756 0.1000000015
8439  26.216  -60.117  42.991 0.1000000015
8440  25.306  -60.209  42.462 0.1000000015
9115  25.339  -59.954  42.626 0.1000000015
9116  24.228  -59.582  42.457 0.1000000015
8423  26.991  -60.124  43.370 0.1000000015
120816  31.501  -58.407  42.600 0.1000000015
8420  30.727  -60.765  44.234 0.1000000015
8454  26.669  -60.678  42.352 0.1000000015
7755  28.496  -61.841  44.159 0.1000000015
8400  30.108  -62.433  45.203 0.1000000015
7136  29.712  -63.998  44.477 0.1000000015
111044  30.606  -64.337  43.933 0.1000000015
7754  30.443  -64.355  44.613 0.1000000015
9778  27.126  -58.197  42.129 0.1000000015
10408  33.295  -57.855  43.199 0.1000000015
122058  22.606  -59.157  43.543 0.1000000015
10416  32.756  -57.233  42.835 0.1000000015
11094  25.950  -55.899  40.746 0.1000000015
11669  23.568  -55.970  42.531 0.1000000015
9791  31.820  -58.640  40.016 0.4000000060
7827  34.052  -63.104  39.312 0.3000000119
8468  33.879  -62.295  40.088 0.3000000119
8469  33.461  -61.182  40.340 0.3000000119
9136  32.510  -59.586  40.228 0.4000000060
9794  31.515  -58.484  39.409 0.4000000060
8479  34.399  -62.124  39.168 0.3000000119
9137  32.094  -59.178  39.521 0.4000000060
4994  29.092  -66.855  31.533 0.1000000015
126966  29.875  -66.393  32.049 0.1000000015
6067  28.050  -64.275  32.439 0.2000000030
7269  26.867  -62.135  33.591 0.3000000119
7808  33.099  -62.458  40.028 0.3000000119
9188  29.044  -59.433  35.503 0.4000000060
9171  30.779  -59.472  36.216 0.4000000060
6665  27.355  -62.883  33.114 0.2000000030
8557  27.664  -60.694  34.052 0.3000000119
9170  32.037  -59.449  36.275 0.4000000060
9817  34.100  -58.890  36.734 0.4000000060
125886  29.464  -67.846  31.353 0.1000000015
6664  28.414  -63.383  32.879 0.3000000119
9168  34.961  -59.407  36.400 0.4000000060
9816  35.077  -59.370  36.410 0.4000000060
126110  30.626  -68.124  31.628 0.1000000015
11124  31.122  -57.134  36.258 0.5000000000
6066  29.102  -64.137  32.626 0.2000000030
124829  28.295  -62.598  33.188 0.3000000119
8545  27.978  -60.003  34.605 0.3000000119
9184  34.208  -59.213  35.922 0.4000000060
11733  29.950  -55.814  35.335 0.4000000060
12385  29.102  -54.599  34.828 0.4000000060
116777  28.630  -59.583  34.901 0.4000000060
9187  30.122  -59.272  35.427 0.4000000060
9183  34.854  -59.051  35.988 0.4000000060
10481  33.350  -57.860  36.077 0.4000000060
117355  33.021  -58.158  36.575 0.5000000000
4412  32.097  -67.955  32.414 0.2000000030
4993  30.403  -67.198  31.818 0.2000000030
134580  30.613  -66.666  32.208 0.2000000030
4977  29.789  -65.603  32.323 0.2000000030
7921  28.281  -61.217  33.576 0.3000000119
9200  28.933  -59.811  34.359 0.3000000119
3925  31.516  -69.009  31.704 0.1000000015
9185  32.652  -59.145  35.813 0.4000000060
7268  27.739  -62.008  33.388 0.3000000119
9199  29.630  -59.440  34.586 0.4000000060
11130  31.965  -57.017  35.743 0.5000000000
11142  30.722  -55.881  34.953 0.5000000000
11744  29.442  -55.176  35.087 0.4000000060
9825  31.965  -58.840  35.063 0.4000000060
10480  34.563  -58.722  36.050 0.4000000060
130513  32.985  -57.045  35.429 0.5000000000
11141  31.783  -56.235  34.961 0.5000000000
11743  30.232  -55.379  34.636 0.4000000060
4405  31.503  -66.924  32.461 0.2000000030
6065  29.880  -64.794  32.655 0.2000000030
6046  30.226  -64.080  33.095 0.2000000030
121391  29.302  -62.707  33.237 0.4000000060
6663  29.674  -63.402  33.121 0.2000000030
7267  28.939  -61.952  33.325 0.3000000119
8556  28.894  -60.409  33.853 0.3000000119
131835  33.791  -57.077  35.241 0.5000000000
11742  31.178  -55.492  34.356 0.5000000000
126909  29.746  -54.783  34.354 0.4000000060
12397  29.236  -54.169  34.182 0.4000000060
7920  29.707  -61.234  33.387 0.4000000060
9198  30.811  -59.112  34.550 0.4000000060
9824  33.766  -59.013  35.608 0.4000000060
11140  32.933  -56.330  34.711 0.5000000000
120758  30.908  -66.144  32.575 0.2000000030
3917  33.150  -67.752  32.392 0.2000000030
5526  30.795  -65.322  32.845 0.2000000030
12959  29.537  -53.554  33.412 0.4000000060
6045  31.194  -64.111  33.161 0.2000000030
9207  29.861  -59.900  33.837 0.3000000119
9839  32.587  -58.651  34.719 0.4000000060
124510  34.680  -58.960  35.860 0.4000000060
3924  32.924  -68.658  32.038 0.2000000030
4962  32.123  -65.750  33.242 0.2000000030
6662  30.710  -63.387  33.192 0.3000000119
121116  30.327  -62.072  33.221 0.4000000060
127458  28.751  -53.445  34.149 0.4000000060
8555  30.334  -60.654  33.317 0.3000000119
11139  34.881  -57.806  35.429 0.5000000000
11741  32.141  -55.655  34.104 0.5000000000
14719  28.133  -50.726  32.929 0.4000000060
3923  33.521  -68.132  31.999 0.2000000030
4403  32.940  -66.992  32.551 0.2000000030
117894  31.702  -58.848  34.120 0.4000000060
9837  35.221  -59.041  35.478 0.4000000060
11757  31.563  -54.988  33.639 0.5000000000
113419  31.037  -54.350  33.241 0.4000000060
122046  28.256  -46.945  30.627 0.4000000060
3934  33.395  -68.381  31.551 0.2000000030
4991  32.978  -66.717  32.280 0.2000000030
5510  32.091  -64.973  32.992 0.2000000030
6661  31.446  -63.409  33.029 0.2000000030
114491  30.698  -60.105  33.151 0.4000000060
11156  35.156  -57.094  34.720 0.5000000000
11740  33.123  -55.764  33.938 0.5000000000
3512  32.647  -69.724  30.103 0.2000000030
113778  30.838  -61.393  33.108 0.4000000060
128026  30.529  -59.508  33.783 0.3000000119
10492  35.846  -58.975  35.584 0.5000000000
113224  34.009  -56.539  34.730 0.5000000000
11758  30.648  -54.868  33.970 0.5000000000
3950  32.935  -69.332  29.602 0.2000000030
15370  28.364  -49.114  30.299 0.4000000060
121308  27.998  -47.580  30.449 0.2000000030
14132  28.749  -51.342  32.561 0.4000000060
12972  29.917  -52.853  32.479 0.4000000060
4411  33.414  -67.456  32.126 0.2000000030
7266  31.097  -62.623  33.112 0.4000000060
12958  30.516  -53.655  32.877 0.4000000060
130530  33.583  -67.772  31.897 0.2000000030
6063  32.167  -65.157  32.613 0.2000000030
6064  31.933  -64.383  32.870 0.2000000030
5012  33.318  -67.061  31.902 0.2000000030
14146  29.042  -50.950  31.791 0.4000000060
13564  29.856  -52.054  31.848 0.4000000060
12971  30.954  -53.135  32.066 0.4000000060
10510  33.827  -58.484  34.313 0.3000000119
11755  34.191  -55.903  33.906 0.5000000000
11756  32.455  -55.103  33.378 0.5000000000
12410  31.457  -53.829  32.480 0.4000000060
7919  31.173  -61.912  33.052 0.4000000060
126872  31.169  -59.217  33.630 0.4000000060
9849  32.554  -58.526  33.852 0.3000000119
9836  36.265  -59.155  35.254 0.4000000060
8554  30.875  -60.906  32.973 0.4000000060
4992  32.744  -66.351  31.974 0.2000000030
14145  29.697  -51.371  31.303 0.4000000060
12409  32.771  -54.646  32.698 0.5000000000
11771  33.372  -55.172  33.213 0.5000000000
9848  35.321  -59.015  34.757 0.4000000060
11138  35.888  -58.443  35.300 0.5000000000
11155  36.492  -57.987  34.748 0.5000000000
9835  36.433  -59.165  35.074 0.5000000000
8480  33.191  -60.515  39.511 0.4000000060
9806  35.278  -59.608  36.879 0.4000000060
14734  28.523  -50.254  31.695 0.4000000060
14131  29.367  -51.551  32.009 0.4000000060
11754  35.381  -56.250  33.910 0.5000000000
8509  29.107  -60.153  37.940 0.3000000119
122604  31.304  -61.070  38.181 0.3000000119
7846  32.966  -62.016  38.383 0.2000000030
8512  27.096  -60.984  37.307 0.2000000030
9160  27.616  -60.082  37.255 0.3000000119
9159  28.351  -59.807  37.286 0.3000000119
9158  29.382  -59.778  37.107 0.3000000119
7878  26.471  -61.421  36.124 0.2000000030
8537  26.686  -60.721  35.756 0.2000000030
126691  27.845  -59.727  36.658 0.2000000030
122789  27.383  -63.771  32.758 0.2000000030
3524  32.930  -69.844  28.137 0.1000000015
3537  32.855  -69.994  27.577 0.1000000015
6699  27.990  -63.981  29.919 0.1000000015
8470  30.530  -61.103  40.293 0.1000000015
7809  31.800  -61.674  39.762 0.2000000030
7828  33.169  -62.649  39.124 0.2000000030
8496  30.072  -60.660  38.674 0.2000000030
8483  28.556  -61.176  39.509 0.1000000015
7863  27.297  -61.718  37.921 0.1000000015
8511  27.572  -60.790  37.881 0.2000000030
110997  26.853  -63.256  36.980 0.1000000015
3481  33.177  -68.935  31.589 0.1000000015
3094  32.680  -69.875  29.008 0.1000000015
119623  31.079  -66.651  30.671 0.1000000015
5544  29.892  -65.082  31.055 0.1000000015
6082  29.356  -64.424  31.106 0.1000000015
6685  29.684  -63.659  31.570 0.1000000015
5014  30.428  -67.023  29.833 0.1000000015
6091  29.200  -64.941  30.639 0.1000000015
6083  28.896  -63.855  31.068 0.1000000015
132844  29.587  -62.885  31.715 0.1000000015
6092  28.643  -64.396  30.470 0.1000000015
7310  28.108  -62.630  30.838 0.1000000015
8577  29.009  -60.492  31.677 0.1000000015
7952  28.089  -60.986  31.140 0.1000000015
9872  29.059  -58.934  30.999 0.1000000015
8497  28.822  -60.531  38.794 0.2000000030
8498  28.091  -60.965  38.766 0.1000000015
123210  31.119  -62.344  32.715 0.1000000015
9859  32.859  -58.321  33.216 0.3000000119
113983  32.515  -67.038  31.237 0.1000000015
6080  31.765  -64.706  32.324 0.1000000015
7291  30.478  -62.986  32.148 0.1000000015
8567  30.805  -60.911  32.810 0.2000000030
9860  32.164  -58.589  32.908 0.3000000119
10525  35.120  -58.408  33.706 0.3000000119
10524  36.604  -58.970  33.929 0.3000000119
112736  32.813  -69.441  28.164 0.1000000015
4437  32.531  -68.162  30.234 0.1000000015
6081  30.230  -64.440  31.563 0.1000000015
8576  29.994  -60.907  32.255 0.1000000015
9861  31.150  -59.227  32.605 0.2000000030
10539  33.757  -57.760  32.503 0.3000000119
4438  31.216  -67.734  29.563 0.1000000015
117981  29.293  -61.469  31.820 0.1000000015
10540  31.912  -57.653  31.541 0.2000000030
120768  34.883  -57.733  32.409 0.3000000119
9871  29.797  -58.581  31.404 0.1000000015
10548  32.482  -57.253  30.865 0.2000000030
10546  34.527  -57.161  30.957 0.4000000060
8587  28.171  -60.047  31.028 0.1000000015
9878  30.139  -57.960  30.857 0.1000000015
10547  33.166  -57.155  30.340 0.3000000119
9723  35.248  -59.419  44.486 0.1000000015
7732  35.932  -61.374  44.694 0.1000000015
11770  34.358  -55.171  33.000 0.4000000060
11753  36.466  -56.613  33.700 0.4000000060
10509  36.366  -59.207  34.856 0.3000000119
10508  36.596  -58.978  34.494 0.4000000060
11154  37.569  -57.880  34.081 0.4000000060
10523  37.598  -58.579  33.649 0.4000000060
10522  38.592  -57.958  32.941 0.4000000060
10538  36.301  -57.954  32.462 0.4000000060
120869  36.182  -57.555  31.079 0.5000000000
9241  27.857  -59.751  30.230 0.2000000030
9879  29.341  -58.355  30.387 0.1000000015
117204  33.784  -57.396  29.793 0.4000000060
7981  27.144  -61.631  29.755 0.1000000015
112416  27.529  -60.083  29.798 0.1000000015
10551  29.881  -58.179  29.511 0.2000000030
10550  30.612  -57.747  30.190 0.2000000030
6714  26.795  -63.479  28.223 0.1000000015
125759  26.757  -61.865  28.971 0.1000000015
9255  28.222  -59.240  29.523 0.2000000030
129133  26.685  -63.731  27.535 0.1000000015
7350  26.594  -62.567  28.450 0.1000000015
111780  33.115  -54.377  32.080 0.4000000060
116088  32.303  -54.100  32.175 0.3000000119
12408  33.979  -54.575  32.170 0.4000000060
11768  37.434  -56.698  33.280 0.4000000060
11769  35.472  -55.454  32.955 0.4000000060
11172  38.416  -57.610  33.282 0.4000000060
11785  35.809  -54.845  32.116 0.4000000060
10537  37.838  -58.171  32.644 0.4000000060
10545  37.510  -57.635  31.023 0.4000000060
10535  39.229  -57.488  31.991 0.4000000060
10557  36.300  -57.693  29.843 0.5000000000
10561  31.215  -58.244  29.224 0.3000000119
10560  32.088  -57.683  29.624 0.4000000060
10558  34.916  -57.671  29.594 0.4000000060
8602  26.665  -60.623  28.352 0.2000000030
8596  27.015  -60.511  28.892 0.2000000030
10562  30.612  -58.374  28.878 0.2000000030
7365  26.221  -62.248  27.569 0.1000000015
8000  26.438  -61.517  28.217 0.2000000030
5614  29.173  -65.809  24.275 0.1000000015
12419  33.521  -54.213  31.483 0.4000000060
11794  37.691  -56.037  31.736 0.4000000060
126005  36.442  -55.120  31.673 0.4000000060
11183  38.953  -56.762  31.364 0.4000000060
10544  38.464  -57.547  31.035 0.4000000060
10534  39.060  -57.303  31.439 0.4000000060
131306  37.496  -58.130  29.241 0.3000000119
10569  34.612  -58.817  28.395 0.4000000060
10568  35.817  -58.369  28.839 0.4000000060
10563  29.902  -58.407  28.898 0.3000000119
9889  31.677  -58.498  28.531 0.3000000119
122921  33.715  -58.401  28.683 0.4000000060
8001  26.049  -61.440  27.279 0.2000000030
112783  26.557  -60.012  27.844 0.2000000030
9892  28.123  -59.119  28.865 0.2000000030
9891  28.807  -58.976  28.980 0.2000000030
128434  25.934  -62.049  26.845 0.2000000030
5622  30.186  -65.722  23.234 0.1000000015
5623  29.467  -65.481  23.552 0.1000000015
5624  28.817  -65.168  23.829 0.1000000015
14144  30.310  -51.886  31.272 0.3000000119
12420  32.692  -53.897  31.488 0.4000000060
12421  31.848  -53.374  31.593 0.3000000119
12418  34.590  -54.417  31.533 0.4000000060
11796  35.357  -54.883  30.209 0.4000000060
12417  35.582  -54.637  31.201 0.4000000060
11803  37.391  -56.167  30.535 0.4000000060
11795  36.405  -55.184  30.962 0.4000000060
10556  38.334  -57.420  29.794 0.4000000060
11196  38.547  -56.936  30.125 0.4000000060
9887  36.752  -59.558  28.138 0.4000000060
9885  38.859  -59.240  28.641 0.3000000119
11205  31.219  -57.550  28.403 0.3000000119
10570  32.115  -58.828  27.976 0.3000000119
9928  33.339  -59.488  27.866 0.3000000119
9905  33.849  -59.440  27.850 0.3000000119
9904  35.407  -59.468  27.825 0.3000000119
9290  25.822  -59.711  26.662 0.2000000030
9283  26.222  -59.419  27.405 0.2000000030
132725  28.633  -58.005  28.806 0.3000000119
10573  29.935  -57.872  28.800 0.2000000030
9907  32.183  -59.113  27.994 0.3000000119
9906  32.765  -59.439  28.100 0.3000000119
129986  26.164  -60.106  27.301 0.2000000030
9909  28.520  -58.668  28.852 0.2000000030
8008  25.686  -61.416  26.322 0.2000000030
14155  30.264  -51.544  30.726 0.3000000119
14163  30.039  -51.102  29.979 0.3000000119
13573  30.947  -52.128  30.919 0.3000000119
13572  31.694  -52.707  30.784 0.4000000060
12984  31.257  -52.734  31.386 0.3000000119
12445  33.768  -54.458  29.712 0.3000000119
12998  32.580  -53.482  29.787 0.4000000060
11805  35.092  -55.279  29.168 0.4000000060
117036  34.554  -54.773  29.673 0.4000000060
12432  34.578  -54.506  30.520 0.4000000060
11804  36.106  -55.668  29.759 0.4000000060
11202  38.882  -57.963  28.184 0.3000000119
121800  38.181  -57.226  29.031 0.4000000060
11197  37.258  -56.469  29.309 0.4000000060
114832  33.164  -57.533  27.555 0.3000000119
10583  34.708  -58.170  27.289 0.2000000030
115495  35.482  -58.853  27.412 0.2000000030
9925  39.318  -60.150  27.401 0.2000000030
9902  39.487  -60.277  27.831 0.3000000119
10567  39.305  -58.993  28.341 0.3000000119
11216  31.679  -56.695  28.056 0.3000000119
10584  33.482  -58.766  27.661 0.3000000119
9927  34.451  -59.361  27.819 0.2000000030
9926  36.055  -59.500  27.731 0.2000000030
118085  37.140  -59.775  27.909 0.2000000030
132837  26.101  -58.177  27.169 0.2000000030
121739  27.387  -57.042  28.550 0.3000000119
119428  28.115  -57.056  28.836 0.3000000119
11206  30.413  -57.127  28.616 0.3000000119
14754  29.177  -50.026  29.750 0.3000000119
14745  28.852  -49.924  30.297 0.3000000119
14744  29.438  -50.524  30.197 0.3000000119
11814  36.047  -56.015  28.505 0.3000000119
10598  37.762  -57.961  26.792 0.2000000030
11219  38.408  -57.789  26.858 0.2000000030
11211  38.481  -57.729  27.232 0.2000000030
11203  37.645  -56.868  28.041 0.2000000030
11222  34.967  -56.897  26.640 0.2000000030
10582  36.565  -58.871  27.278 0.2000000030
10597  39.136  -59.016  27.106 0.2000000030
16013  27.980  -48.285  30.327 0.2000000030
6123  26.820  -64.225  26.994 0.1000000015
112624  26.413  -63.072  27.611 0.1000000015
11209  26.785  -56.804  28.045 0.3000000119
8607  25.608  -60.491  26.059 0.2000000030
8494  34.508  -61.685  38.081 0.3000000119
8508  30.305  -60.397  37.659 0.3000000119
8547  26.763  -60.838  34.870 0.2000000030
9068  37.037  -60.547  44.968 0.1000000015
7845  34.027  -62.990  38.835 0.2000000030
6676  31.278  -63.186  32.665 0.1000000015
9206  31.146  -59.613  33.047 0.3000000119
15377  28.803  -49.392  29.659 0.3000000119
116017  31.154  -64.353  31.951 0.1000000015
120239  31.084  -61.479  32.973 0.3000000119
115381  33.868  -58.208  33.521 0.2000000030
9215  30.750  -60.091  32.828 0.2000000030
5543  31.056  -65.160  31.593 0.1000000015
8510  28.180  -60.288  38.016 0.2000000030
8525  26.813  -60.802  36.633 0.1000000015
8524  27.203  -60.115  36.397 0.2000000030
6691  28.317  -63.551  30.631 0.1000000015
8481  30.476  -60.966  39.578 0.2000000030
4425  31.803  -67.423  30.451 0.1000000015
5015  29.832  -66.318  30.182 0.1000000015
7292  30.078  -62.250  32.106 0.1000000015
6686  28.826  -63.182  31.306 0.1000000015
7294  28.322  -61.831  31.269 0.1000000015
9870  30.719  -58.471  31.795 0.1000000015
7281  30.715  -61.564  32.600 0.2000000030
129836  33.016  -57.972  32.662 0.3000000119
9216  30.053  -60.113  32.178 0.2000000030
10526  32.327  -58.085  32.391 0.3000000119
10507  37.780  -58.358  33.622 0.4000000060
9869  31.593  -58.420  32.224 0.3000000119
125138  32.784  -57.537  31.833 0.3000000119
127532  33.509  -57.231  31.388 0.3000000119
126923  34.833  -54.783  32.340 0.4000000060
129086  39.170  -56.827  32.147 0.4000000060
7982  26.831  -61.142  28.999 0.2000000030
9256  27.801  -59.655  29.294 0.2000000030
124035  36.974  -55.745  32.377 0.4000000060
9273  27.421  -59.327  28.499 0.2000000030
10572  30.762  -58.241  28.751 0.3000000119
9908  29.301  -58.570  28.962 0.2000000030
9910  27.630  -58.565  28.546 0.2000000030
12990  32.592  -53.546  30.474 0.4000000060
12983  32.350  -53.354  30.937 0.4000000060
12433  33.754  -54.191  30.770 0.4000000060
11204  31.777  -57.934  28.064 0.3000000119
9930  26.354  -58.640  27.537 0.2000000030
10576  27.078  -57.706  28.284 0.2000000030
13580  31.664  -52.523  29.873 0.4000000060
10580  39.362  -58.874  27.366 0.2000000030
11828  33.168  -56.374  27.270 0.2000000030
11214  33.919  -57.239  27.248 0.2000000030
10581  37.882  -59.635  27.473 0.2000000030
13571  32.160  -53.073  30.258 0.3000000119
14162  30.696  -51.708  30.160 0.2000000030
13590  31.638  -52.373  28.912 0.3000000119
14753  29.627  -50.415  29.493 0.2000000030
14760  29.755  -50.112  28.746 0.2000000030
114160  26.100  -62.647  34.943 0.1000000015
6639  26.080  -63.471  35.161 0.1000000015
6651  26.160  -63.210  34.268 0.1000000015
123916  26.292  -61.988  34.815 0.1000000015
6677  26.733  -64.156  32.987 0.1000000015
115271  26.533  -62.941  33.554 0.1000000015
16792  28.456  -47.030  29.953 0.1000000015
16791  28.812  -47.295  29.224 0.1000000015
16800  29.933  -47.279  28.129 0.1000000015
16801  29.274  -47.654  28.528 0.1000000015
15386  28.979  -48.901  29.019 0.1000000015
16060  29.786  -48.048  27.852 0.1000000015
15376  29.305  -49.703  29.185 0.1000000015
15393  29.934  -48.930  27.816 0.1000000015
15384  29.936  -49.712  28.136 0.1000000015
14169  30.644  -51.260  28.787 0.1000000015
14161  31.074  -51.896  29.433 0.2000000030
14759  30.332  -50.465  28.265 0.1000000015
15391  30.920  -49.625  27.086 0.2000000030
13004  33.118  -53.928  29.280 0.2000000030
14178  31.469  -51.182  27.540 0.2000000030
117800  31.226  -51.676  28.448 0.2000000030
13598  31.859  -52.079  27.965 0.2000000030
13579  32.123  -52.948  29.390 0.2000000030
14774  31.974  -50.291  26.429 0.2000000030
13016  32.770  -53.167  28.073 0.2000000030
12454  33.687  -54.368  28.684 0.2000000030
12444  34.316  -54.848  28.923 0.2000000030
11815  34.985  -55.280  28.328 0.2000000030
11826  35.907  -55.649  27.477 0.1000000015
15396  31.553  -49.486  26.506 0.2000000030
117221  33.218  -53.693  28.347 0.2000000030
12467  33.791  -54.107  27.811 0.2000000030
12453  34.298  -54.724  28.133 0.1000000015
12466  34.479  -54.496  27.406 0.1000000015
16042  28.739  -48.085  29.004 0.1000000015
17547  29.004  -46.469  29.510 0.1000000015
17552  29.417  -46.826  28.782 0.1000000015
17551  30.165  -46.461  28.422 0.1000000015
16821  30.453  -47.716  27.511 0.1000000015
14179  30.859  -51.044  28.091 0.2000000030
14177  32.203  -51.686  27.115 0.2000000030
117015  27.575  -56.184  28.501 0.2000000030
11207  29.535  -56.651  28.780 0.2000000030
11208  28.575  -56.318  28.823 0.2000000030
11217  26.932  -55.838  27.795 0.2000000030
11819  28.203  -55.409  28.576 0.2000000030
11816  30.901  -56.233  28.343 0.2000000030
11818  29.081  -55.563  28.708 0.2000000030
11817  30.016  -55.850  28.575 0.2000000030
11820  27.492  -55.235  28.133 0.2000000030
11215  32.406  -57.354  27.805 0.2000000030
11831  30.513  -55.148  28.135 0.1000000015
12455  29.559  -54.866  28.368 0.2000000030
11830  31.404  -55.526  27.853 0.2000000030
11829  32.244  -55.936  27.566 0.2000000030
12470  30.063  -54.167  27.772 0.1000000015
12469  31.034  -54.601  27.494 0.1000000015
12468  31.918  -54.944  27.265 0.1000000015
13600  28.822  -52.809  27.293 0.1000000015
13601  27.991  -52.858  27.294 0.1000000015
15397  30.954  -48.841  26.886 0.1000000015
12482  31.532  -54.184  26.828 0.1000000015
11839  32.744  -55.302  26.935 0.1000000015
13018  30.084  -53.467  27.306 0.1000000015
13017  30.749  -53.815  27.128 0.1000000015
13614  29.246  -52.225  26.777 0.1000000015
13613  30.118  -52.439  26.520 0.1000000015
14189  28.740  -51.507  26.353 0.1000000015
14773  32.248  -49.782  26.033 0.1000000015
16066  32.120  -48.237  26.159 0.1000000015
15404  32.072  -48.999  26.067 0.1000000015
10599  36.132  -57.739  26.789 0.1000000015
11223  33.997  -56.378  26.756 0.1000000015
12481  32.342  -54.508  26.547 0.1000000015
125518  33.592  -55.621  26.570 0.1000000015
13032  31.233  -53.433  26.528 0.1000000015
14188  29.724  -51.727  26.193 0.1000000015
13627  30.569  -52.009  25.933 0.1000000015
16079  32.503  -48.622  25.793 0.1000000015
134593  32.260  -50.736  26.427 0.1000000015
11838  34.523  -55.999  26.215 0.1000000015
119557  36.192  -56.820  26.261 0.1000000015
12491  33.629  -54.381  25.440 0.1000000015
11853  34.061  -55.229  25.884 0.1000000015
12480  33.167  -54.828  26.216 0.1000000015
13055  32.840  -53.084  24.943 0.1000000015
13041  32.404  -53.384  25.585 0.1000000015
13031  32.001  -53.758  26.229 0.1000000015
12492  32.734  -54.114  25.850 0.1000000015
13636  32.683  -52.264  24.519 0.1000000015
13625  32.120  -52.666  25.240 0.1000000015
13042  31.661  -53.053  25.895 0.1000000015
13637  31.793  -51.896  24.950 0.1000000015
15403  32.646  -49.302  25.643 0.1000000015
127036  32.489  -50.522  26.083 0.1000000015
11221  37.558  -57.006  25.915 0.1000000015
119774  33.319  -52.831  24.470 0.1000000015
13054  33.652  -53.567  24.767 0.1000000015
13635  33.441  -52.348  23.987 0.1000000015
11220  38.195  -56.929  25.975 0.1000000015
12457  27.973  -54.733  28.271 0.1000000015
13020  28.509  -53.457  27.687 0.1000000015
13612  30.910  -52.722  26.228 0.1000000015
14199  31.025  -51.579  25.356 0.1000000015
11235  35.695  -56.333  25.999 0.1000000015
7407  31.641  -62.079  21.311 0.1000000015
8033  31.189  -61.442  21.435 0.1000000015
122610  32.383  -61.959  21.118 0.1000000015
125349  32.013  -62.797  21.128 0.1000000015
118267  33.992  -63.957  20.396 0.1000000015
6811  35.401  -63.954  20.214 0.1000000015
5676  36.602  -65.476  19.530 0.1000000015
7409  30.056  -62.502  21.627 0.1000000015
8034  30.395  -61.634  21.577 0.1000000015
7415  32.727  -62.777  20.778 0.1000000015
6812  33.086  -63.516  20.595 0.1000000015
117502  30.040  -60.905  21.671 0.1000000015
115454  29.351  -60.903  21.857 0.1000000015
7403  28.609  -62.121  22.156 0.1000000015
7410  29.258  -62.721  21.894 0.1000000015
122303  31.350  -62.821  21.316 0.1000000015
8032  31.951  -61.226  21.298 0.1000000015
120493  28.010  -60.770  22.406 0.1000000015
7404  27.804  -62.268  22.634 0.1000000015
8667  31.422  -60.580  21.418 0.1000000015
8669  29.671  -60.171  21.816 0.1000000015
9984  29.405  -58.584  22.037 0.1000000015
9343  30.806  -59.022  21.433 0.1000000015
8668  30.647  -60.047  21.605 0.1000000015
9344  29.983  -59.258  21.758 0.1000000015
8035  29.473  -61.729  21.793 0.1000000015
5693  36.690  -65.303  18.670 0.1000000015
3316  16.608  -71.270  51.464 0.1000000015
3318  14.252  -71.185  51.228 0.1000000015
3332  20.568  -70.742  46.872 0.1000000015
3340  21.223  -70.613  46.246 0.1000000015
3341  20.671  -70.650  46.209 0.1000000015
3348  21.811  -69.862  45.882 0.1000000015
3496  32.566  -69.705  31.029 0.1000000015
3771  15.020  -71.204  51.924 0.1000000015
3798  14.525  -70.046  48.334 0.1000000015
3813  21.134  -69.805  44.937 0.1000000015
3815  19.269  -68.325  45.541 0.1000000015
3939  33.270  -69.092  30.751 0.2000000030
4248  21.017  -68.278  50.189 0.1000000015
4267  22.371  -68.396  47.937 0.1000000015
4404  32.545  -67.213  32.615 0.2000000030
4424  33.253  -67.881  31.302 0.1000000015
4463  29.472  -67.174  27.581 0.1000000015
4777  25.453  -66.452  51.223 0.1000000015
4787  25.485  -66.414  50.615 0.1000000015
4788  24.449  -66.736  50.700 0.1000000015
4792  20.103  -67.481  51.203 0.1000000015
4801  24.895  -66.464  50.027 0.1000000015
4814  22.136  -66.603  47.659 0.1000000015
4851  16.623  -66.867  45.241 0.1000000015
4857  21.882  -66.678  43.971 0.1000000015
4859  19.359  -66.994  44.012 0.1000000015
4871  17.869  -66.263  43.866 0.1000000015
4872  17.028  -66.308  43.882 0.1000000015
4873  16.279  -66.442  43.690 0.1000000015
4881  15.521  -66.577  42.520 0.1000000015
4953  24.603  -66.844  34.834 0.1000000015
4975  32.504  -66.274  32.694 0.2000000030
4976  32.031  -66.400  32.862 0.2000000030
5013  31.928  -66.224  31.517 0.2000000030
5060  29.087  -66.731  27.063 0.1000000015
5072  29.189  -66.778  26.311 0.1000000015
5368  23.619  -66.702  49.615 0.1000000015
5405  22.273  -65.291  43.677 0.1000000015
5469  22.387  -66.251  37.131 0.1000000015
5504  24.426  -65.965  34.873 0.1000000015
5511  31.626  -64.942  33.076 0.2000000030
5525  31.602  -65.713  32.935 0.2000000030
5527  28.706  -65.041  32.249 0.2000000030
5541  32.512  -65.932  32.414 0.2000000030
5542  32.153  -65.441  31.745 0.2000000030
5554  30.481  -65.827  30.868 0.1000000015
5555  29.468  -65.567  30.449 0.1000000015
5556  28.793  -65.187  30.124 0.1000000015
5596  28.235  -65.912  26.627 0.1000000015
5615  28.498  -65.443  24.584 0.2000000030
5670  36.864  -65.127  19.783 0.1000000015
5694  36.265  -65.266  18.175 0.1000000015
5907  21.919  -64.735  47.919 0.1000000015
5936  22.415  -64.755  43.820 0.1000000015
5954  21.372  -64.659  42.577 0.1000000015
5988  15.483  -64.562  38.323 0.1000000015
6044  31.782  -64.198  32.940 0.2000000030
6047  26.401  -63.749  33.593 0.1000000015
6137  26.501  -63.720  25.228 0.3000000119
6166  27.805  -64.010  23.683 0.1000000015
6501  22.083  -63.030  48.091 0.1000000015
6534  23.145  -64.090  43.051 0.1000000015
6561  19.099  -63.126  41.798 0.1000000015
6563  17.003  -63.758  41.305 0.1000000015
6575  16.742  -63.284  40.568 0.1000000015
6586  16.304  -63.131  39.758 0.1000000015
6600  15.999  -63.154  39.011 0.1000000015
6616  20.932  -63.745  37.100 0.1000000015
6642  21.217  -63.610  36.348 0.1000000015
6644  15.819  -63.669  35.630 0.1000000015
6652  24.052  -63.883  33.988 0.1000000015
6666  26.802  -63.488  33.132 0.1000000015
6675  31.628  -63.631  32.935 0.1000000015
6683  31.520  -63.960  32.559 0.2000000030
6684  30.792  -63.728  32.026 0.1000000015
6726  26.388  -63.506  26.859 0.1000000015
6755  26.071  -63.165  25.247 0.2000000030
6771  26.430  -63.224  24.502 0.1000000015
6787  27.476  -63.262  23.355 0.1000000015
7082  23.504  -62.170  49.274 0.1000000015
7105  21.888  -62.495  47.583 0.1000000015
7116  21.497  -62.588  45.743 0.1000000015
7162  23.504  -62.768  42.442 0.1000000015
7179  22.780  -62.847  41.453 0.1000000015
7182  19.444  -62.519  41.439 0.1000000015
7216  23.841  -62.134  38.117 0.1000000015
7217  16.152  -62.639  38.390 0.1000000015
7227  20.689  -62.970  37.247 0.1000000015
7228  20.280  -62.937  37.052 0.1000000015
7245  26.258  -62.078  35.570 0.2000000030
7251  15.942  -62.966  35.897 0.1000000015
7255  26.358  -62.390  34.196 0.1000000015
7258  17.564  -62.390  34.414 0.1000000015
7265  31.397  -62.834  32.966 0.4000000060
7293  28.946  -62.379  31.558 0.1000000015
7377  26.076  -62.751  26.849 0.2000000030
7386  25.795  -62.566  25.373 0.2000000030
7408  30.877  -62.302  21.459 0.1000000015
7711  21.725  -61.816  47.039 0.1000000015
7719  21.735  -61.140  46.546 0.1000000015
7731  36.234  -61.309  44.701 0.2000000030
7737  30.322  -63.452  45.256 0.1000000015
7750  35.458  -61.587  44.334 0.1000000015
7771  34.739  -61.746  43.532 0.1000000015
7773  33.163  -61.623  42.980 0.1000000015
7789  27.512  -61.354  42.278 0.1000000015
7811  26.720  -61.295  40.542 0.1000000015
7813  24.684  -61.426  40.246 0.1000000015
7818  19.592  -61.173  40.451 0.1000000015
7826  34.258  -62.932  39.385 0.3000000119
7830  24.805  -61.614  39.515 0.1000000015
7833  22.142  -60.995  39.306 0.1000000015
7834  20.857  -60.727  39.390 0.1000000015
7836  18.407  -60.987  39.916 0.1000000015
7844  34.394  -62.784  38.916 0.3000000119
7847  25.144  -62.087  38.814 0.1000000015
7864  26.824  -61.573  37.007 0.2000000030
7879  20.001  -62.138  36.685 0.1000000015
7881  17.370  -61.221  36.387 0.1000000015
7889  26.443  -61.393  35.217 0.2000000030
7892  19.284  -61.788  35.202 0.1000000015
7895  16.853  -61.748  35.841 0.1000000015
7904  26.638  -61.537  34.318 0.4000000060
7909  18.745  -61.927  34.620 0.1000000015
7918  31.266  -62.265  32.917 0.1000000015
7923  22.634  -61.568  32.919 0.1000000015
7925  19.734  -61.930  33.599 0.1000000015
7937  31.162  -61.857  32.897 0.1000000015
7938  23.124  -61.668  32.361 0.1000000015
7940  21.270  -61.573  32.531 0.1000000015
8021  26.004  -61.733  24.090 0.2000000030
8026  26.453  -61.477  23.541 0.1000000015
8029  28.097  -61.593  22.369 0.1000000015
8030  27.477  -61.467  22.720 0.1000000015
8362  23.029  -60.907  48.390 0.1000000015
8373  22.537  -60.378  47.422 0.1000000015
8390  21.671  -60.615  45.237 0.1000000015
8395  37.283  -60.429  44.710 0.1000000015
8397  36.300  -61.190  44.865 0.2000000030
8401  22.432  -60.669  43.753 0.1000000015
8416  36.498  -61.432  44.283 0.2000000030
8438  27.140  -60.603  43.152 0.1000000015
8456  24.891  -60.823  41.780 0.1000000015
8471  29.772  -60.999  40.108 0.2000000030
8486  18.240  -60.773  39.195 0.1000000015
8495  31.599  -61.529  38.912 0.2000000030
8515  17.794  -60.754  37.790 0.1000000015
8522  35.355  -60.112  36.525 0.4000000060
8536  27.186  -60.214  35.310 0.2000000030
8595  27.235  -60.693  29.660 0.1000000015
8604  26.274  -60.719  27.671 0.2000000030
8605  25.888  -60.655  26.885 0.2000000030
8609  25.586  -60.416  25.180 0.3000000119
8633  26.583  -60.680  23.402 0.2000000030
8648  28.874  -60.406  22.086 0.2000000030
8649  27.245  -60.753  22.886 0.2000000030
9016  24.503  -58.917  49.656 0.1000000015
9039  23.096  -59.316  47.826 0.1000000015
9050  22.182  -59.860  46.312 0.1000000015
9095  27.466  -60.097  43.555 0.1000000015
9106  36.804  -60.461  43.647 0.2000000030
9111  29.155  -59.452  43.229 0.1000000015
9147  34.417  -60.788  38.256 0.3000000119
9154  35.325  -60.051  36.953 0.4000000060
9155  35.048  -60.002  37.429 0.5000000000
9169  33.508  -59.484  36.291 0.4000000060
9186  31.276  -59.146  35.571 0.4000000060
9227  30.459  -59.330  32.146 0.2000000030
9228  28.928  -59.639  31.424 0.1000000015
9240  28.387  -59.344  30.589 0.2000000030
9257  27.398  -60.059  29.037 0.2000000030
9271  39.700  -60.239  27.518 0.2000000030
9272  39.470  -60.310  27.555 0.2000000030
9274  26.978  -59.954  28.432 0.2000000030
9289  25.919  -58.820  26.963 0.2000000030
9310  26.037  -59.689  24.181 0.3000000119
9311  25.698  -59.667  24.849 0.3000000119
9322  26.589  -59.727  23.553 0.2000000030
9329  29.151  -59.492  22.080 0.1000000015
9721  37.457  -59.872  44.618 0.1000000015
9725  22.231  -58.462  44.440 0.1000000015
9741  22.518  -58.435  43.656 0.1000000015
9755  29.872  -58.435  42.349 0.1000000015
9808  31.177  -57.902  37.551 0.5000000000
9838  33.795  -58.724  35.134 0.4000000060
9850  31.697  -59.032  33.065 0.3000000119
9880  28.726  -58.765  29.958 0.2000000030
9886  38.118  -59.887  28.124 0.4000000060
9888  32.190  -58.642  28.449 0.3000000119
9890  29.367  -58.690  29.055 0.2000000030
9901  39.801  -59.832  27.497 0.2000000030
9903  38.764  -60.277  27.718 0.2000000030
9911  26.903  -58.521  28.082 0.2000000030
9924  39.744  -59.775  27.443 0.2000000030
9929  32.606  -59.367  27.924 0.3000000119
9979  26.974  -58.913  23.494 0.2000000030
10394  22.487  -57.285  44.205 0.1000000015
10409  23.048  -58.070  43.018 0.1000000015
10419  29.717  -57.749  42.038 0.1000000015
10430  37.275  -57.253  41.596 0.1000000015
10431  37.002  -57.381  41.410 0.2000000030
10435  30.377  -57.228  42.046 0.1000000015
10441  24.866  -57.146  41.630 0.1000000015
10445  37.244  -57.034  40.746 0.2000000030
10456  30.073  -56.832  38.090 0.5000000000
10464  30.432  -57.396  37.876 0.5000000000
10472  34.327  -58.737  36.282 0.4000000060
10491  36.343  -59.111  35.255 0.5000000000
10493  35.015  -58.789  35.696 0.4000000060
10520  39.352  -57.405  32.056 0.4000000060
10521  39.209  -57.489  32.224 0.4000000060
10536  38.685  -57.751  32.162 0.4000000060
10541  31.011  -57.764  31.220 0.1000000015
10549  31.514  -57.529  30.527 0.1000000015
10559  32.794  -58.140  29.032 0.4000000060
10571  31.701  -58.438  28.381 0.3000000119
10574  29.132  -57.538  28.857 0.3000000119
10575  27.852  -57.817  28.660 0.3000000119
10601  25.863  -58.190  26.572 0.3000000119
11047  22.616  -56.597  44.416 0.1000000015
11063  37.334  -57.226  41.675 0.1000000015
11069  24.187  -56.941  42.022 0.1000000015
11076  37.787  -57.022  40.998 0.1000000015
11078  35.860  -56.284  41.855 0.1000000015
11104  30.248  -56.561  38.608 0.5000000000
11113  29.737  -56.318  37.645 0.5000000000
11129  34.218  -57.942  35.799 0.5000000000
11131  30.755  -56.420  35.640 0.5000000000
11132  29.800  -56.178  36.060 0.5000000000
11171  39.198  -57.388  32.418 0.4000000060
11182  39.378  -57.275  31.928 0.4000000060
11188  39.007  -57.170  31.065 0.4000000060
11195  38.475  -57.659  29.436 0.4000000060
11243  26.319  -56.565  24.996 0.2000000030
11252  26.784  -56.456  24.269 0.1000000015
11645  22.952  -55.287  44.130 0.1000000015
11679  36.331  -55.852  41.199 0.1000000015
11689  37.291  -56.277  40.485 0.1000000015
11690  36.632  -56.011  39.895 0.1000000015
11694  27.496  -55.235  40.572 0.1000000015
11708  30.772  -55.371  38.734 0.5000000000
11709  30.105  -55.901  38.470 0.6000000238
11710  29.589  -55.755  37.928 0.5000000000
11715  28.892  -55.028  36.957 0.5000000000
11767  38.495  -56.742  32.714 0.4000000060
11827  34.910  -55.036  27.708 0.1000000015
11832  26.953  -55.028  27.514 0.3000000119
12255  23.224  -54.642  44.508 0.1000000015
12298  25.077  -54.807  41.070 0.1000000015
12308  36.554  -54.952  40.382 0.1000000015
12328  33.010  -55.053  39.230 0.4000000060
12340  29.977  -54.434  37.942 0.5000000000
12366  28.578  -54.124  36.237 0.5000000000
12395  31.921  -54.503  32.906 0.4000000060
12396  30.061  -54.295  33.614 0.4000000060
12434  32.984  -53.864  30.923 0.4000000060
12456  28.665  -54.750  28.412 0.2000000030
12471  29.056  -54.079  28.065 0.1000000015
12472  28.212  -54.127  28.020 0.1000000015
12474  26.579  -54.802  26.875 0.2000000030
12493  26.392  -54.659  25.698 0.2000000030
12526  26.915  -54.530  23.255 0.1000000015
12850  24.903  -53.936  41.184 0.1000000015
12896  37.243  -54.788  38.961 0.1000000015
12911  36.007  -53.729  38.192 0.3000000119
12912  34.826  -53.520  37.933 0.5000000000
12916  30.669  -53.174  37.598 0.5000000000
12917  29.020  -53.705  37.072 0.5000000000
12989  33.048  -53.984  30.194 0.4000000060
13005  32.641  -53.357  28.871 0.2000000030
13019  29.372  -53.450  27.579 0.1000000015
13033  30.467  -53.135  26.786 0.1000000015
13034  27.288  -53.050  27.032 0.2000000030
13040  33.053  -53.683  25.330 0.1000000015
13043  26.432  -53.935  25.900 0.1000000015
13056  26.413  -53.617  24.467 0.1000000015
13071  33.958  -52.980  24.089 0.1000000015
13496  37.041  -53.241  37.628 0.2000000030
13501  31.248  -52.496  37.366 0.5000000000
13503  29.687  -53.234  37.299 0.5000000000
13512  38.744  -53.056  37.314 0.3000000119
13525  28.321  -52.494  35.677 0.5000000000
13532  28.088  -52.582  35.029 0.5000000000
13540  28.941  -52.755  33.323 0.5000000000
13541  28.227  -51.912  33.868 0.5000000000
13552  29.271  -52.097  32.549 0.4000000060
13581  31.243  -52.189  30.275 0.4000000060
13589  32.248  -52.766  28.434 0.2000000030
13599  29.691  -52.903  27.075 0.1000000015
13626  31.358  -52.303  25.629 0.1000000015
13628  26.507  -53.024  25.754 0.1000000015
14070  30.717  -51.933  37.058 0.5000000000
14112  27.935  -51.136  34.083 0.5000000000
14156  29.736  -51.029  30.642 0.3000000119
14187  31.980  -50.912  26.793 0.2000000030
14201  29.312  -50.988  25.804 0.1000000015
14203  27.402  -51.210  25.869 0.1000000015
14647  42.246  -49.829  37.065 0.1000000015
14648  41.213  -51.021  37.033 0.1000000015
14662  42.209  -49.626  37.047 0.1000000015
14667  33.590  -50.597  36.370 0.5000000000
14679  41.608  -49.945  35.975 0.2000000030
14682  39.566  -51.034  35.704 0.4000000060
14688  28.304  -50.986  35.411 0.6000000238
14700  27.871  -50.395  34.078 0.5000000000
14720  27.849  -50.097  33.039 0.5000000000
14733  29.155  -50.535  30.999 0.3000000119
14752  30.138  -50.814  29.126 0.2000000030
14765  31.422  -50.328  26.928 0.2000000030
14766  30.868  -50.403  27.554 0.2000000030
15272  42.884  -49.312  37.135 0.1000000015
15273  41.958  -49.355  37.081 0.1000000015
15275  39.895  -49.472  36.958 0.1000000015
15288  42.925  -49.216  36.849 0.1000000015
15289  41.853  -48.994  36.369 0.1000000015
15305  41.324  -49.324  35.889 0.2000000030
15306  40.466  -49.520  35.645 0.1000000015
15308  37.063  -49.613  35.235 0.3000000119
15315  29.412  -49.374  35.617 0.5000000000
15316  28.353  -50.092  35.094 0.5000000000
15326  28.021  -49.880  34.384 0.5000000000
15351  28.068  -50.114  32.401 0.4000000060
15385  29.517  -49.304  28.515 0.1000000015
15903  43.404  -48.520  37.258 0.1000000015
15904  43.016  -48.005  37.491 0.1000000015
15906  40.645  -47.662  37.425 0.1000000015
15916  43.436  -48.598  37.193 0.1000000015
15917  43.116  -48.224  36.829 0.1000000015
15931  37.652  -48.816  34.941 0.3000000119
15934  34.827  -48.785  35.292 0.4000000060
15950  38.384  -47.773  34.808 0.2000000030
15974  28.101  -48.240  33.732 0.5000000000
15988  27.667  -48.583  32.493 0.5000000000
16026  28.466  -48.563  29.621 0.3000000119
16041  29.341  -48.452  28.416 0.1000000015
16694  43.355  -48.340  37.370 0.1000000015
16695  43.303  -48.175  37.228 0.1000000015
16696  41.840  -47.024  37.081 0.1000000015
16705  41.494  -46.932  36.803 0.1000000015
16715  40.912  -47.213  36.066 0.1000000015
16739  29.671  -47.466  34.444 0.5000000000
16855  32.727  -47.977  25.801 0.1000000015
17453  41.094  -46.640  37.050 0.1000000015
17454  40.390  -46.645  37.048 0.1000000015
17463  40.582  -46.483  36.683 0.1000000015
17465  37.944  -46.121  36.374 0.1000000015
17474  40.707  -46.588  36.365 0.1000000015
17488  37.769  -45.987  34.500 0.2000000030
17494  32.076  -46.693  33.958 0.3000000119
17538  28.375  -46.557  31.297 0.4000000060
18201  37.487  -45.634  35.446 0.2000000030
18224  36.796  -45.209  33.992 0.2000000030
18245  30.160  -45.879  32.948 0.2000000030
18947  35.051  -44.386  34.652 0.2000000030
18955  36.192  -44.688  33.505 0.2000000030
18956  35.210  -44.060  33.491 0.2000000030
20527  28.537  -42.137  37.741 0.1000000015
110287  28.707  -64.266  42.361 0.1000000015
110289  29.779  -65.209  43.941 0.1000000015
110292  30.073  -65.270  43.695 0.1000000015
110297  31.286  -63.359  45.042 0.1000000015
110843  27.085  -62.496  37.592 0.1000000015
110900  25.839  -62.630  38.551 0.1000000015
111008  27.618  -61.772  38.782 0.1000000015
111123  27.627  -61.959  40.451 0.1000000015
111145  41.843  -50.091  36.951 0.1000000015
111276  16.594  -62.808  34.901 0.1000000015
111306  26.743  -59.303  27.964 0.2000000030
112827  16.317  -62.243  36.259 0.1000000015
113037  14.358  -71.386  50.755 0.1000000015
113053  28.463  -49.699  31.024 0.4000000060
113448  28.316  -47.790  29.711 0.2000000030
114079  20.819  -61.657  33.066 0.1000000015
114140  26.173  -56.864  26.697 0.3000000119
114283  22.769  -64.205  48.807 0.1000000015
114952  16.119  -63.809  40.093 0.1000000015
115548  27.367  -62.641  23.113 0.1000000015
115549  26.477  -57.744  27.667 0.2000000030
115593  32.684  -58.527  27.777 0.3000000119
115661  24.095  -68.729  37.820 0.1000000015
115685  27.209  -60.470  37.097 0.1000000015
116738  36.959  -55.038  39.665 0.1000000015
116824  24.007  -56.302  42.118 0.1000000015
116928  28.297  -53.094  35.432 0.5000000000
117593  23.275  -56.793  46.636 0.1000000015
117905  38.178  -49.909  37.105 0.1000000015
117987  38.380  -53.570  37.723 0.1000000015
118563  33.512  -54.735  32.620 0.5000000000
119174  21.040  -61.392  37.875 0.1000000015
119949  30.562  -52.452  31.654 0.3000000119
119989  22.016  -61.589  33.555 0.1000000015
120031  18.412  -63.187  41.648 0.1000000015
120150  20.562  -62.103  37.369 0.1000000015
120175  36.342  -55.746  32.849 0.4000000060
120193  19.178  -60.685  37.807 0.1000000015
121344  28.106  -56.805  41.262 0.1000000015
122245  41.905  -48.584  37.217 0.1000000015
122570  40.550  -50.005  36.863 0.1000000015
122901  26.650  -54.126  26.726 0.2000000030
123190  28.866  -61.336  44.443 0.1000000015
123511  42.722  -47.580  37.200 0.1000000015
123800  28.520  -50.677  32.259 0.4000000060
124413  38.003  -47.662  37.620 0.1000000015
125071  30.278  -62.812  33.230 0.3000000119
125897  22.903  -60.291  43.394 0.1000000015
126561  33.524  -57.131  43.088 0.1000000015
126732  21.676  -65.929  45.996 0.1000000015
126733  31.365  -44.784  38.642 0.1000000015
126768  30.751  -60.913  21.534 0.1000000015
126930  27.256  -61.368  33.770 0.3000000119
127270  32.905  -69.580  28.769 0.2000000030
127320  26.277  -56.102  26.439 0.3000000119
127736  32.231  -65.663  32.807 0.2000000030
127772  30.789  -64.658  33.090 0.2000000030
127825  41.667  -50.532  36.453 0.1000000015
127930  22.157  -63.286  44.373 0.1000000015
128013  28.819  -54.379  36.940 0.5000000000
128154  29.382  -55.817  36.487 0.5000000000
128344  39.340  -57.321  31.931 0.4000000060
129097  41.570  -50.859  36.926 0.1000000015
129246  32.177  -61.593  41.125 0.1000000015
129653  29.605  -59.269  31.677 0.1000000015
129828  41.912  -50.141  37.027 0.1000000015
129998  32.929  -50.976  36.531 0.5000000000
130127  31.278  -58.385  28.714 0.3000000119
130528  39.538  -45.973  35.935 0.1000000015
130639  25.744  -58.240  25.885 0.3000000119
130683  28.800  -49.547  35.319 0.5000000000
130745  30.509  -51.375  29.497 0.1000000015
130798  35.376  -59.744  36.609 0.4000000060
131015  32.107  -57.583  36.240 0.4000000060
131130  29.659  -58.282  28.906 0.2000000030
131291  25.033  -66.606  50.559 0.1000000015
131654  24.147  -61.735  41.512 0.1000000015
131772  26.353  -57.053  27.416 0.4000000060
131809  33.342  -59.479  41.548 0.3000000119
132367  23.127  -64.441  49.193 0.1000000015
132404  28.815  -54.671  35.683 0.5000000000
132618  15.385  -70.453  51.932 0.1000000015
132729  27.710  -49.015  32.210 0.4000000060
132922  18.989  -68.165  50.945 0.1000000015
133085  28.528  -52.345  33.643 0.5000000000
133215  28.021  -50.917  33.489 0.5000000000
133406  29.023  -62.995  44.086 0.1000000015
133635  40.211  -48.485  37.234 0.1000000015
133776  15.705  -64.360  39.515 0.1000000015
134008  27.724  -56.816  23.362 0.1000000015
134020  36.799  -46.584  37.219 0.1000000015
134367  19.334  -61.218  36.845 0.1000000015
