#!ascii label  , from subject sub-v1s16x0051178_ses-1 vox2ras=TkReg
554
12021  -48.638  -58.081  8.771 0.0000000000
13598  -43.009  -55.225  4.169 0.0000000000
15631  -41.711  -52.470  10.364 0.0000000000
117612  -42.111  -57.843  9.877 0.0000000000
17774  -40.449  -50.362  6.134 0.0000000000
17047  -48.966  -50.047  11.873 0.0000000000
18462  -40.898  -47.519  13.204 0.0000000000
123359  -37.756  -47.787  17.087 0.0000000000
17715  -37.999  -49.963  10.444 0.0000000000
15666  -40.028  -52.784  8.698 0.0000000000
18514  -39.034  -48.184  8.489 0.0000000000
17685  -44.922  -48.558  12.827 0.0000000000
17661  -44.125  -48.522  14.403 0.0000000000
22162  -36.517  -43.751  19.011 0.0000000000
119488  -36.169  -43.735  16.455 0.0000000000
9283  -46.285  -62.282  8.568 0.0000000000
12052  -42.057  -57.076  7.482 0.0000000000
9967  -39.749  -60.269  7.438 0.0000000000
12079  -39.466  -57.578  5.541 0.0000000000
14237  -46.247  -53.991  9.102 0.0000000000
11261  -45.598  -58.791  10.279 0.0000000000
14265  -41.645  -54.119  6.917 0.0000000000
15006  -41.554  -53.313  4.637 0.0000000000
16359  -45.780  -51.700  10.668 0.0000000000
122214  -41.312  -50.254  12.161 0.0000000000
18474  -37.750  -48.439  12.173 0.0000000000
128688  -41.165  -50.419  16.249 0.0000000000
19946  -39.972  -45.910  15.343 0.0000000000
20733  -36.633  -44.958  13.901 0.0000000000
22993  -36.499  -42.556  11.982 0.0000000000
9280  -43.180  -61.552  8.607 0.0000000000
18599  -47.217  -48.770  3.868 0.0000000000
112258  -45.306  -53.781  1.922 0.0000000000
12886  -46.635  -56.390  2.484 0.0000000000
19285  -37.728  -47.400  9.717 0.0000000000
120802  -38.396  -48.748  9.043 0.0000000000
10578  -48.179  -60.167  8.972 0.0000000000
115036  -42.968  -57.067  6.172 0.0000000000
12067  -40.566  -57.534  7.021 0.0000000000
110780  -42.503  -57.504  5.700 0.0000000000
12094  -41.092  -57.588  4.494 0.0000000000
12875  -44.150  -56.617  4.317 0.0000000000
15653  -44.298  -52.920  9.559 0.0000000000
14955  -43.925  -53.463  9.230 0.0000000000
16386  -39.522  -51.577  7.221 0.0000000000
14980  -41.155  -53.606  7.293 0.0000000000
15678  -40.177  -52.461  6.325 0.0000000000
115769  -41.179  -53.801  5.791 0.0000000000
16410  -40.865  -51.450  5.296 0.0000000000
15637  -47.969  -52.160  9.915 0.0000000000
16342  -47.272  -50.703  11.355 0.0000000000
18479  -43.646  -47.737  13.032 0.0000000000
17683  -43.038  -48.990  12.489 0.0000000000
18477  -41.013  -48.409  12.750 0.0000000000
17680  -39.130  -49.333  12.495 0.0000000000
18460  -38.870  -47.823  13.174 0.0000000000
18424  -39.622  -48.816  16.393 0.0000000000
116394  -41.079  -48.206  15.707 0.0000000000
19198  -38.994  -46.885  16.288 0.0000000000
22960  -35.634  -42.328  15.289 0.0000000000
124220  -36.670  -44.428  15.451 0.0000000000
22969  -35.641  -42.582  14.425 0.0000000000
22236  -35.873  -43.566  13.210 0.0000000000
10566  -43.744  -59.173  10.376 0.0000000000
9940  -44.186  -60.135  10.128 0.0000000000
9952  -42.646  -60.503  9.490 0.0000000000
9321  -40.573  -62.729  5.217 0.0000000000
19361  -48.964  -47.697  4.896 0.0000000000
17143  -46.275  -50.717  2.289 0.0000000000
15029  -48.125  -54.239  1.629 0.0000000000
16355  -39.420  -51.588  10.695 0.0000000000
15650  -41.316  -52.922  9.692 0.0000000000
16369  -38.651  -51.132  9.526 0.0000000000
17069  -39.054  -50.654  8.136 0.0000000000
17747  -40.121  -49.341  7.272 0.0000000000
17022  -47.193  -49.125  12.655 0.0000000000
18466  -44.354  -47.714  13.664 0.0000000000
19239  -43.398  -46.742  13.912 0.0000000000
124263  -36.510  -45.898  17.907 0.0000000000
20703  -36.640  -44.834  16.982 0.0000000000
22191  -36.084  -43.643  17.320 0.0000000000
22947  -35.736  -42.038  17.242 0.0000000000
25217  -36.406  -39.644  16.514 0.0000000000
12033  -41.398  -57.508  8.809 0.0000000000
10576  -41.493  -59.441  9.510 0.0000000000
11282  -40.285  -58.711  8.525 0.0000000000
11313  -39.074  -58.314  6.952 0.0000000000
116021  -38.415  -59.142  5.992 0.0000000000
12092  -38.561  -57.715  4.333 0.0000000000
12127  -39.653  -57.594  2.736 0.0000000000
11389  -41.760  -58.031  1.891 0.0000000000
13531  -47.451  -55.770  9.291 0.0000000000
11274  -47.323  -58.731  9.508 0.0000000000
12800  -44.321  -56.343  10.108 0.0000000000
12813  -42.833  -56.640  9.727 0.0000000000
14971  -42.534  -53.759  8.298 0.0000000000
14253  -42.598  -54.077  8.028 0.0000000000
116524  -42.385  -55.916  8.393 0.0000000000
13574  -42.344  -55.929  7.057 0.0000000000
130771  -41.835  -54.423  4.983 0.0000000000
14291  -42.360  -54.742  4.592 0.0000000000
14959  -47.787  -53.564  9.035 0.0000000000
15655  -46.461  -52.845  9.581 0.0000000000
16357  -44.128  -51.874  10.604 0.0000000000
17044  -45.864  -50.083  11.862 0.0000000000
17042  -43.961  -50.648  11.761 0.0000000000
16336  -41.275  -51.557  11.420 0.0000000000
17038  -39.212  -50.638  11.633 0.0000000000
18488  -37.553  -48.575  11.407 0.0000000000
20005  -37.058  -46.516  10.722 0.0000000000
112057  -42.568  -49.351  15.312 0.0000000000
18448  -42.601  -47.074  14.968 0.0000000000
19948  -41.155  -46.150  14.639 0.0000000000
20705  -38.166  -45.461  15.943 0.0000000000
19969  -38.740  -45.657  14.770 0.0000000000
19980  -38.259  -46.263  13.954 0.0000000000
19985  -36.720  -45.956  12.718 0.0000000000
118484  -36.420  -44.944  11.763 0.0000000000
9942  -46.574  -60.786  9.383 0.0000000000
9282  -45.319  -62.052  8.606 0.0000000000
9969  -41.222  -60.964  7.940 0.0000000000
9323  -42.305  -62.860  5.563 0.0000000000
17105  -42.109  -50.304  4.867 0.0000000000
16427  -43.000  -51.075  4.004 0.0000000000
15716  -43.447  -52.549  3.190 0.0000000000
15730  -44.950  -52.470  2.208 0.0000000000
14299  -44.196  -54.806  2.852 0.0000000000
12884  -45.039  -56.154  3.110 0.0000000000
125950  -44.468  -57.679  3.457 0.0000000000
20780  -37.795  -45.656  9.627 0.0000000000
20015  -38.305  -46.596  9.186 0.0000000000
10579  -48.727  -59.837  8.851 0.0000000000
11275  -48.404  -58.933  8.878 0.0000000000
12866  -43.376  -56.838  5.491 0.0000000000
12081  -42.955  -57.256  5.789 0.0000000000
12082  -43.345  -57.119  5.393 0.0000000000
12867  -43.797  -56.975  4.910 0.0000000000
13599  -43.660  -55.732  3.960 0.0000000000
15632  -42.762  -52.310  10.367 0.0000000000
15652  -43.399  -52.926  9.620 0.0000000000
17087  -39.682  -50.952  6.750 0.0000000000
119151  -39.842  -51.688  6.533 0.0000000000
17088  -40.068  -50.993  6.180 0.0000000000
16409  -40.280  -51.654  5.852 0.0000000000
17103  -40.594  -50.812  5.692 0.0000000000
17048  -50.006  -50.504  11.745 0.0000000000
122927  -49.182  -50.715  11.268 0.0000000000
16362  -48.630  -51.434  10.624 0.0000000000
16343  -48.288  -50.613  11.316 0.0000000000
18463  -42.048  -47.300  13.131 0.0000000000
18478  -42.654  -48.030  12.820 0.0000000000
18476  -40.030  -48.515  12.859 0.0000000000
18461  -39.868  -47.700  13.273 0.0000000000
124443  -37.357  -47.177  17.290 0.0000000000
19194  -37.217  -48.109  17.667 0.0000000000
18411  -37.881  -48.520  17.259 0.0000000000
17633  -39.232  -49.598  16.804 0.0000000000
18422  -38.424  -47.870  16.705 0.0000000000
18423  -39.311  -47.831  16.342 0.0000000000
19197  -38.130  -46.995  16.675 0.0000000000
23684  -35.708  -41.252  15.520 0.0000000000
23711  -35.749  -42.021  13.773 0.0000000000
109495  -35.956  -41.313  13.985 0.0000000000
11260  -43.286  -58.285  10.402 0.0000000000
9939  -43.162  -59.875  10.108 0.0000000000
10577  -42.275  -59.594  9.887 0.0000000000
16455  -47.694  -51.282  1.786 0.0000000000
15048  -47.393  -53.327  1.432 0.0000000000
15049  -48.571  -53.146  1.570 0.0000000000
16354  -38.746  -51.200  10.379 0.0000000000
119244  -39.159  -51.762  9.913 0.0000000000
117341  -38.373  -50.676  10.161 0.0000000000
120539  -38.901  -49.076  8.539 0.0000000000
17068  -38.670  -50.500  8.849 0.0000000000
17737  -39.009  -49.807  8.344 0.0000000000
17746  -39.476  -49.939  7.688 0.0000000000
18526  -39.571  -48.978  7.967 0.0000000000
18457  -43.916  -47.146  13.947 0.0000000000
18456  -43.378  -46.940  14.395 0.0000000000
20684  -36.418  -45.572  18.530 0.0000000000
21438  -36.354  -44.621  18.556 0.0000000000
21447  -36.256  -44.394  17.619 0.0000000000
22183  -36.151  -43.745  18.181 0.0000000000
24400  -36.120  -40.357  17.089 0.0000000000
8642  -45.883  -63.180  7.799 0.0000000000
121943  -41.784  -57.116  8.227 0.0000000000
11283  -40.878  -58.283  9.027 0.0000000000
12051  -41.264  -57.371  8.019 0.0000000000
12080  -40.467  -57.498  6.028 0.0000000000
12049  -39.692  -57.921  7.354 0.0000000000
12066  -39.477  -57.762  6.458 0.0000000000
12065  -38.826  -57.837  5.844 0.0000000000
11354  -38.075  -58.242  4.738 0.0000000000
12112  -42.734  -57.859  4.154 0.0000000000
12110  -40.488  -57.526  3.461 0.0000000000
12111  -41.686  -57.706  3.780 0.0000000000
12128  -41.077  -57.713  2.593 0.0000000000
12129  -42.221  -57.867  3.023 0.0000000000
110234  -46.811  -54.718  9.271 0.0000000000
12801  -46.336  -56.424  9.784 0.0000000000
12799  -43.569  -56.892  10.206 0.0000000000
131175  -43.468  -55.723  9.577 0.0000000000
15649  -40.393  -52.695  9.569 0.0000000000
14953  -41.989  -53.294  8.914 0.0000000000
14952  -40.905  -53.155  8.860 0.0000000000
14981  -41.997  -53.930  7.587 0.0000000000
14266  -42.127  -54.499  7.407 0.0000000000
13547  -42.487  -54.936  8.123 0.0000000000
13561  -42.307  -55.461  7.601 0.0000000000
113078  -41.015  -53.262  5.295 0.0000000000
14280  -41.713  -54.424  5.586 0.0000000000
126309  -41.443  -53.909  5.110 0.0000000000
115138  -41.907  -54.016  4.480 0.0000000000
15636  -47.022  -52.218  9.987 0.0000000000
15656  -47.370  -52.878  9.460 0.0000000000
15635  -46.162  -52.232  10.042 0.0000000000
119025  -45.382  -52.319  10.070 0.0000000000
16358  -44.932  -51.796  10.614 0.0000000000
17021  -46.350  -49.176  12.512 0.0000000000
17045  -46.860  -49.799  11.954 0.0000000000
17020  -45.422  -49.342  12.399 0.0000000000
17017  -42.331  -50.325  12.103 0.0000000000
17018  -43.468  -49.905  12.150 0.0000000000
17041  -43.030  -50.972  11.791 0.0000000000
17040  -41.505  -50.969  11.888 0.0000000000
17039  -40.605  -51.024  11.768 0.0000000000
17016  -40.421  -50.191  12.179 0.0000000000
129994  -38.033  -48.962  12.126 0.0000000000
17679  -38.310  -49.414  12.053 0.0000000000
114972  -37.301  -47.858  11.743 0.0000000000
19278  -37.319  -47.922  10.941 0.0000000000
19269  -37.073  -47.234  11.226 0.0000000000
16988  -41.728  -49.903  15.736 0.0000000000
18447  -41.238  -46.977  15.447 0.0000000000
123550  -41.809  -47.405  15.352 0.0000000000
19220  -41.294  -46.242  14.944 0.0000000000
19947  -40.669  -45.953  15.000 0.0000000000
21455  -36.366  -44.207  16.879 0.0000000000
20704  -37.295  -45.164  16.389 0.0000000000
21456  -36.743  -44.450  16.193 0.0000000000
21465  -36.732  -44.665  14.771 0.0000000000
125245  -38.076  -45.520  14.764 0.0000000000
20734  -37.416  -45.256  14.609 0.0000000000
19981  -39.436  -46.076  14.382 0.0000000000
19979  -37.312  -46.268  13.377 0.0000000000
22239  -36.163  -43.232  12.375 0.0000000000
21495  -36.219  -44.186  12.250 0.0000000000
112757  -36.525  -43.414  11.543 0.0000000000
21503  -36.544  -44.370  11.326 0.0000000000
12007  -46.400  -58.157  10.014 0.0000000000
11262  -46.706  -59.164  9.814 0.0000000000
10567  -46.038  -59.787  10.022 0.0000000000
9953  -43.637  -60.791  9.522 0.0000000000
9954  -44.713  -61.086  9.460 0.0000000000
9281  -44.273  -61.816  8.624 0.0000000000
8640  -44.419  -63.565  6.817 0.0000000000
9300  -44.041  -62.674  7.254 0.0000000000
10585  -40.103  -59.622  8.338 0.0000000000
9951  -41.187  -60.256  8.952 0.0000000000
9968  -40.418  -60.504  7.986 0.0000000000
9322  -41.473  -62.777  5.286 0.0000000000
114487  -41.729  -49.824  5.418 0.0000000000
17776  -42.367  -49.419  5.264 0.0000000000
17130  -43.679  -50.918  3.614 0.0000000000
16438  -43.291  -51.751  3.528 0.0000000000
16451  -43.869  -51.981  3.017 0.0000000000
16464  -46.214  -52.025  1.642 0.0000000000
16453  -45.452  -51.809  2.101 0.0000000000
15731  -45.597  -52.428  1.814 0.0000000000
15027  -44.561  -53.344  2.314 0.0000000000
14308  -44.673  -54.311  2.365 0.0000000000
13600  -44.283  -55.742  3.437 0.0000000000
13606  -44.780  -55.225  2.658 0.0000000000
12885  -45.783  -56.345  2.805 0.0000000000
12877  -46.190  -57.050  2.907 0.0000000000
17727  -37.735  -49.157  10.273 0.0000000000
17728  -38.064  -49.379  9.648 0.0000000000
18505  -37.812  -48.423  9.744 0.0000000000
120614  -38.309  -47.770  9.117 0.0000000000
19296  -38.835  -47.307  8.720 0.0000000000
22936  -36.369  -42.460  18.663 0.0000000000
23658  -36.945  -41.396  19.041 0.0000000000
9956  -47.466  -60.983  9.172 0.0000000000
12849  -42.526  -56.965  6.979 0.0000000000
125658  -41.655  -57.325  7.205 0.0000000000
12069  -42.496  -57.178  6.514 0.0000000000
12068  -41.739  -57.481  6.383 0.0000000000
109301  -41.548  -57.592  5.476 0.0000000000
112071  -40.305  -57.467  5.084 0.0000000000
12095  -42.246  -57.722  4.855 0.0000000000
12098  -44.245  -57.064  4.368 0.0000000000
14957  -45.760  -53.402  9.391 0.0000000000
14236  -45.220  -53.934  9.190 0.0000000000
14235  -44.295  -53.830  9.103 0.0000000000
14972  -43.371  -53.853  8.749 0.0000000000
15671  -39.532  -52.065  7.712 0.0000000000
14969  -40.535  -53.201  7.959 0.0000000000
16387  -39.781  -52.341  7.101 0.0000000000
14979  -40.337  -53.091  7.000 0.0000000000
14987  -41.042  -53.676  6.508 0.0000000000
14270  -41.620  -54.330  6.263 0.0000000000
14986  -40.610  -53.191  6.039 0.0000000000
15691  -40.656  -52.416  5.464 0.0000000000
16425  -41.152  -51.921  4.934 0.0000000000
16361  -47.612  -51.494  10.646 0.0000000000
16360  -46.674  -51.594  10.682 0.0000000000
18480  -44.344  -47.882  13.226 0.0000000000
17684  -44.064  -48.659  12.651 0.0000000000
125159  -42.021  -49.262  12.406 0.0000000000
17682  -41.109  -49.357  12.433 0.0000000000
17681  -40.186  -49.372  12.502 0.0000000000
114910  -39.201  -48.482  12.890 0.0000000000
19257  -38.023  -47.828  12.864 0.0000000000
17634  -39.973  -49.666  16.481 0.0000000000
17650  -40.906  -49.503  15.999 0.0000000000
119368  -40.357  -48.843  16.092 0.0000000000
18446  -40.312  -47.708  15.958 0.0000000000
19218  -39.841  -46.689  15.953 0.0000000000
22201  -35.860  -43.071  15.938 0.0000000000
21464  -36.237  -43.864  15.679 0.0000000000
22208  -35.813  -43.238  15.074 0.0000000000
114802  -36.169  -43.993  14.871 0.0000000000
21480  -36.107  -44.214  14.005 0.0000000000
21493  -36.184  -44.581  13.137 0.0000000000
22983  -35.713  -42.807  13.694 0.0000000000
22985  -35.975  -42.448  12.893 0.0000000000
119347  -36.282  -41.367  13.180 0.0000000000
125529  -44.422  -58.350  10.445 0.0000000000
121549  -44.851  -59.443  10.320 0.0000000000
9988  -40.073  -61.571  5.891 0.0000000000
17815  -48.503  -49.381  3.443 0.0000000000
17814  -47.704  -49.288  3.347 0.0000000000
17826  -46.589  -50.034  2.734 0.0000000000
17144  -47.142  -50.591  2.211 0.0000000000
16454  -46.730  -51.297  1.816 0.0000000000
15046  -46.012  -52.803  1.577 0.0000000000
14319  -46.032  -54.010  1.610 0.0000000000
14320  -46.934  -54.062  1.520 0.0000000000
13609  -47.127  -55.618  2.008 0.0000000000
15616  -41.206  -52.063  10.859 0.0000000000
15629  -39.911  -52.161  10.199 0.0000000000
15648  -39.636  -52.252  9.357 0.0000000000
17736  -38.517  -49.636  8.969 0.0000000000
16377  -38.947  -51.296  8.666 0.0000000000
15665  -39.436  -52.074  8.484 0.0000000000
120578  -39.250  -51.438  7.926 0.0000000000
17756  -39.842  -50.173  7.022 0.0000000000
17686  -45.800  -48.649  12.995 0.0000000000
17667  -45.499  -48.583  13.438 0.0000000000
18481  -44.925  -48.311  13.324 0.0000000000
18465  -43.904  -47.159  13.581 0.0000000000
18464  -43.190  -46.963  13.391 0.0000000000
19249  -42.622  -46.500  13.805 0.0000000000
19925  -36.832  -46.491  17.580 0.0000000000
19926  -37.614  -46.133  16.705 0.0000000000
20694  -36.845  -45.634  17.210 0.0000000000
114739  -35.963  -42.839  17.875 0.0000000000
114893  -35.830  -42.926  16.846 0.0000000000
22957  -35.650  -42.142  16.249 0.0000000000
24403  -35.947  -40.379  16.110 0.0000000000
25220  -36.315  -39.714  15.618 0.0000000000
12018  -41.532  -57.970  9.472 0.0000000000
11273  -41.929  -58.625  9.897 0.0000000000
11272  -41.256  -58.683  9.429 0.0000000000
10575  -40.718  -59.363  8.975 0.0000000000
10584  -39.687  -59.219  7.963 0.0000000000
10000  -38.625  -60.114  5.596 0.0000000000
116862  -40.099  -57.433  4.283 0.0000000000
12109  -39.300  -57.487  3.714 0.0000000000
12108  -38.723  -57.696  2.897 0.0000000000
11387  -39.061  -57.949  2.057 0.0000000000
122004  -40.862  -58.047  1.602 0.0000000000
12816  -47.818  -57.060  9.222 0.0000000000
12020  -47.523  -58.025  9.420 0.0000000000
12802  -46.728  -57.363  9.743 0.0000000000
12006  -45.746  -57.269  10.142 0.0000000000
113762  -45.204  -56.567  10.128 0.0000000000
116093  -45.328  -57.949  10.323 0.0000000000
12005  -44.592  -57.266  10.341 0.0000000000
12004  -43.697  -57.634  10.399 0.0000000000
12003  -42.786  -57.476  10.143 0.0000000000
15651  -42.361  -52.935  9.695 0.0000000000
14954  -43.022  -53.420  9.024 0.0000000000
14970  -41.568  -53.503  8.073 0.0000000000
124461  -43.016  -55.905  9.415 0.0000000000
12019  -42.113  -57.198  9.438 0.0000000000
12034  -42.064  -56.783  8.682 0.0000000000
12838  -42.197  -56.544  7.861 0.0000000000
13573  -42.228  -55.250  6.214 0.0000000000
112038  -42.608  -56.412  6.564 0.0000000000
13583  -42.685  -56.097  5.828 0.0000000000
14297  -42.652  -54.196  3.799 0.0000000000
13532  -48.482  -55.622  8.899 0.0000000000
114669  -47.854  -54.856  8.949 0.0000000000
14238  -47.273  -54.084  8.890 0.0000000000
14958  -46.796  -53.524  9.193 0.0000000000
15654  -45.102  -52.898  9.625 0.0000000000
15634  -44.610  -52.394  10.048 0.0000000000
15633  -43.778  -52.387  10.087 0.0000000000
17046  -47.944  -49.702  12.091 0.0000000000
16341  -46.285  -50.892  11.334 0.0000000000
17019  -44.457  -49.597  12.257 0.0000000000
17043  -44.893  -50.386  11.804 0.0000000000
16339  -44.461  -51.280  11.269 0.0000000000
16338  -43.612  -51.419  11.241 0.0000000000
16337  -42.796  -51.642  11.142 0.0000000000
15617  -41.964  -51.917  11.006 0.0000000000
16335  -40.372  -51.802  11.022 0.0000000000
112516  -39.698  -51.186  11.372 0.0000000000
17057  -38.425  -50.593  10.822 0.0000000000
17015  -39.551  -50.119  12.146 0.0000000000
17700  -38.122  -49.933  11.375 0.0000000000
17714  -37.707  -49.291  11.007 0.0000000000
18497  -37.546  -48.565  10.592 0.0000000000
112601  -37.336  -47.240  10.434 0.0000000000
17651  -41.950  -48.523  15.448 0.0000000000
122049  -43.013  -47.984  14.950 0.0000000000
19238  -42.744  -46.555  14.330 0.0000000000
19237  -41.872  -46.336  14.364 0.0000000000
19248  -41.634  -46.595  13.693 0.0000000000
19931  -38.678  -46.036  16.143 0.0000000000
19945  -39.091  -45.717  15.492 0.0000000000
20714  -37.415  -44.950  15.593 0.0000000000
20735  -38.219  -45.419  15.289 0.0000000000
108713  -39.609  -45.641  15.015 0.0000000000
19970  -40.126  -45.766  14.898 0.0000000000
19246  -39.669  -46.847  13.725 0.0000000000
19245  -38.627  -46.967  13.562 0.0000000000
19244  -37.716  -46.982  13.128 0.0000000000
19256  -37.443  -47.549  12.418 0.0000000000
127110  -36.763  -46.489  12.125 0.0000000000
19268  -36.960  -47.152  11.984 0.0000000000
20004  -36.755  -45.945  11.057 0.0000000000
21516  -37.003  -44.593  10.555 0.0000000000
121380  -47.829  -59.544  9.114 0.0000000000
10568  -47.264  -60.153  9.320 0.0000000000
125125  -46.767  -61.636  8.999 0.0000000000
9941  -45.333  -60.425  9.905 0.0000000000
9955  -45.863  -61.420  9.187 0.0000000000
8623  -45.092  -62.822  7.408 0.0000000000
113479  -41.863  -60.171  9.425 0.0000000000
9279  -42.049  -61.064  8.521 0.0000000000
9297  -40.851  -61.707  6.428 0.0000000000
9298  -41.756  -61.912  6.934 0.0000000000
9299  -42.847  -62.412  6.958 0.0000000000
20791  -39.022  -45.968  8.872 0.0000000000
18527  -40.409  -48.515  7.503 0.0000000000
18540  -40.816  -48.896  6.902 0.0000000000
17757  -40.505  -49.722  6.568 0.0000000000
17775  -41.054  -49.898  5.861 0.0000000000
17104  -41.310  -50.573  5.295 0.0000000000
16411  -41.547  -51.200  4.833 0.0000000000
109506  -41.745  -51.870  4.509 0.0000000000
17116  -42.835  -50.382  4.378 0.0000000000
16426  -42.277  -51.103  4.407 0.0000000000
15704  -41.959  -52.578  4.265 0.0000000000
15715  -42.697  -52.537  3.709 0.0000000000
15016  -42.995  -53.287  3.446 0.0000000000
119463  -43.323  -53.904  3.180 0.0000000000
17825  -45.882  -50.229  2.754 0.0000000000
17142  -45.404  -50.930  2.559 0.0000000000
16452  -44.575  -51.681  2.649 0.0000000000
121522  -44.148  -52.541  2.638 0.0000000000
15017  -43.702  -53.275  2.846 0.0000000000
14298  -43.538  -54.780  3.395 0.0000000000
12876  -44.753  -56.784  3.886 0.0000000000
111791  -45.445  -56.934  3.423 0.0000000000
12114  -44.830  -57.226  3.703 0.0000000000
11371  -43.890  -57.871  3.486 0.0000000000
8624  -45.879  -62.863  7.740 0.0000000000
10565  -42.774  -58.969  10.261 0.0000000000
11259  -42.534  -58.213  10.183 0.0000000000
11297  -39.296  -58.767  7.472 0.0000000000
11331  -38.276  -58.510  5.520 0.0000000000
11370  -43.169  -58.004  3.393 0.0000000000
11386  -38.263  -58.222  2.379 0.0000000000
11388  -40.064  -57.847  1.902 0.0000000000
12032  -40.608  -57.907  8.428 0.0000000000
12096  -43.085  -57.525  5.047 0.0000000000
12097  -43.685  -57.234  4.716 0.0000000000
12115  -45.617  -57.398  3.074 0.0000000000
12814  -43.506  -56.192  9.829 0.0000000000
12826  -42.474  -56.298  9.125 0.0000000000
13527  -42.769  -55.436  8.848 0.0000000000
13528  -43.449  -55.109  9.270 0.0000000000
13582  -42.260  -55.060  5.359 0.0000000000
13590  -42.762  -55.724  4.961 0.0000000000
13591  -43.473  -56.266  4.643 0.0000000000
14307  -43.933  -54.056  2.722 0.0000000000
14309  -45.499  -54.723  2.100 0.0000000000
14311  -47.333  -54.777  1.676 0.0000000000
14956  -44.775  -53.446  9.359 0.0000000000
15007  -42.229  -53.335  4.017 0.0000000000
15028  -45.369  -53.028  1.860 0.0000000000
15630  -40.791  -52.433  10.344 0.0000000000
15672  -39.847  -52.667  7.826 0.0000000000
15703  -41.267  -52.587  4.810 0.0000000000
15746  -47.597  -52.611  1.432 0.0000000000
16334  -38.950  -51.027  11.081 0.0000000000
16340  -45.343  -51.116  11.320 0.0000000000
16344  -49.951  -51.498  10.807 0.0000000000
16356  -43.398  -51.906  10.661 0.0000000000
16370  -39.131  -51.731  9.184 0.0000000000
16437  -42.472  -51.813  4.038 0.0000000000
16439  -43.973  -51.413  3.207 0.0000000000
17014  -38.744  -50.073  11.911 0.0000000000
17037  -38.647  -50.488  11.375 0.0000000000
17062  -38.333  -50.243  9.594 0.0000000000
17077  -39.384  -50.797  7.428 0.0000000000
17632  -38.680  -48.898  16.841 0.0000000000
17660  -43.806  -47.699  14.392 0.0000000000
17678  -37.890  -49.137  11.713 0.0000000000
17687  -46.633  -48.799  12.969 0.0000000000
17790  -42.777  -49.741  4.748 0.0000000000
17794  -48.933  -48.916  3.977 0.0000000000
17827  -47.436  -49.908  2.787 0.0000000000
18467  -44.939  -48.335  13.717 0.0000000000
18475  -38.394  -48.673  12.532 0.0000000000
19219  -40.619  -46.427  15.473 0.0000000000
19221  -42.004  -46.596  14.887 0.0000000000
19247  -40.676  -46.738  13.711 0.0000000000
19255  -37.092  -46.774  12.597 0.0000000000
19932  -39.403  -46.103  15.866 0.0000000000
19968  -37.774  -45.752  14.191 0.0000000000
19971  -40.489  -46.138  14.414 0.0000000000
19972  -41.220  -46.280  14.169 0.0000000000
19995  -36.808  -46.543  11.487 0.0000000000
20014  -37.498  -46.493  9.938 0.0000000000
20025  -39.247  -46.629  8.632 0.0000000000
20693  -36.394  -45.192  17.775 0.0000000000
20747  -36.534  -45.290  13.148 0.0000000000
20748  -36.994  -45.627  13.631 0.0000000000
20751  -36.386  -45.141  12.448 0.0000000000
20760  -36.565  -45.769  11.790 0.0000000000
20773  -36.644  -45.214  11.102 0.0000000000
22221  -35.785  -43.413  14.203 0.0000000000
22924  -36.739  -42.944  19.219 0.0000000000
23672  -36.005  -41.185  17.591 0.0000000000
23681  -35.768  -41.219  16.635 0.0000000000
24413  -35.988  -40.761  14.562 0.0000000000
116801  -36.319  -43.150  18.595 0.0000000000
117098  -45.998  -51.347  1.998 0.0000000000
118191  -42.130  -51.295  11.652 0.0000000000
121070  -40.088  -50.438  6.519 0.0000000000
121346  -44.125  -57.442  4.091 0.0000000000
121783  -48.612  -59.657  8.778 0.0000000000
122311  -39.872  -50.674  11.832 0.0000000000
122699  -45.763  -52.751  9.694 0.0000000000
124644  -37.513  -47.906  10.246 0.0000000000
128724  -36.368  -40.318  14.205 0.0000000000
129206  -40.334  -57.614  2.648 0.0000000000
129629  -45.818  -53.385  1.642 0.0000000000
130120  -40.981  -57.472  7.539 0.0000000000
131033  -41.767  -48.449  12.646 0.0000000000
