#!ascii label  , from subject sub-v1s16x0051178_ses-1 vox2ras=TkReg
785
62037  22.467  -0.095  -9.129 0.2500000000
62036  22.807  -0.511  -9.540 0.2500000000
61188  23.034  -1.256  -9.693 0.7500000000
65613  21.184  3.505  -9.647 0.2500000000
119325  21.441  3.103  -9.677 0.1250000000
125135  21.735  1.978  -9.313 0.2500000000
62966  22.979  0.038  -9.949 0.7500000000
60339  23.411  -2.185  -9.868 0.8750000000
60338  24.166  -2.643  -10.537 0.8750000000
64721  22.221  2.377  -10.444 0.3750000000
109777  22.569  1.488  -10.437 0.3750000000
63845  22.850  1.122  -10.652 0.8750000000
62977  22.707  0.677  -10.029 0.7500000000
62044  23.870  -0.688  -11.171 1.0000000000
125015  23.392  -0.098  -10.637 0.8750000000
61198  23.768  -1.607  -10.623 1.0000000000
62045  23.285  -0.684  -10.282 0.8750000000
60337  25.001  -3.084  -11.139 1.0000000000
111174  20.532  4.101  -9.327 0.2500000000
65612  21.863  3.085  -10.426 0.7500000000
64738  22.493  2.604  -11.222 0.8750000000
62993  23.295  1.053  -11.413 0.8750000000
63860  22.778  1.784  -11.117 0.7500000000
107710  24.638  -0.960  -11.947 1.0000000000
62065  23.643  0.217  -11.292 1.0000000000
60369  26.035  -2.373  -12.516 1.0000000000
61216  25.173  -1.804  -12.062 1.0000000000
60358  25.471  -2.719  -11.864 1.0000000000
60359  24.651  -2.219  -11.252 1.0000000000
66455  19.928  5.015  -9.080 0.1250000000
65632  21.562  3.932  -10.510 0.6250000000
64737  22.938  2.301  -11.962 1.0000000000
65631  22.345  3.369  -11.397 0.8750000000
125465  23.204  1.709  -11.887 1.0000000000
61229  25.869  -1.680  -12.683 1.0000000000
125232  24.917  -0.462  -12.442 1.0000000000
62064  24.268  -0.169  -11.925 1.0000000000
62992  23.966  0.630  -12.074 1.0000000000
60368  26.781  -2.631  -12.812 1.0000000000
121476  28.486  -3.119  -12.321 1.0000000000
60357  26.421  -3.258  -12.348 1.0000000000
68794  23.357  7.842  -13.457 0.2500000000
67225  20.672  5.755  -10.007 0.3750000000
66478  20.978  4.812  -10.059 0.5000000000
105462  22.311  4.237  -11.781 1.0000000000
66477  21.752  4.766  -11.139 0.6250000000
64752  22.711  2.903  -12.011 1.0000000000
63872  24.100  1.857  -13.031 1.0000000000
106701  23.468  2.120  -12.544 1.0000000000
62078  26.234  -1.127  -13.108 1.0000000000
63006  25.310  0.745  -13.422 1.0000000000
62077  27.267  -1.216  -13.381 1.0000000000
60355  28.157  -2.630  -12.800 1.0000000000
108084  28.184  -1.605  -13.107 1.0000000000
61215  28.893  -2.510  -12.356 1.0000000000
68061  23.277  7.578  -13.839 0.5000000000
68795  22.951  7.462  -13.250 0.3750000000
68019  22.081  6.988  -11.546 0.3750000000
67247  22.072  6.410  -11.930 0.5000000000
67279  22.526  6.378  -12.869 0.5000000000
66492  22.770  4.527  -12.913 0.8750000000
65649  23.144  3.723  -13.051 1.0000000000
65672  23.728  4.352  -14.135 1.0000000000
63887  24.814  1.584  -13.523 1.0000000000
62087  27.402  -0.189  -13.620 1.0000000000
62075  29.243  -0.602  -12.737 1.0000000000
124545  28.609  -0.899  -12.998 1.0000000000
61214  29.322  -1.776  -12.361 0.8750000000
68804  23.653  8.459  -13.893 0.5000000000
68062  23.000  7.226  -13.253 0.5000000000
67288  23.435  6.596  -14.233 0.6250000000
66504  23.205  5.258  -13.784 1.0000000000
66505  22.650  5.575  -13.162 0.7500000000
65663  24.222  3.646  -14.267 1.0000000000
63014  29.076  0.790  -13.250 1.0000000000
63884  27.831  1.219  -13.866 1.0000000000
125472  26.482  1.519  -14.184 1.0000000000
64763  25.186  2.125  -14.059 1.0000000000
63015  28.175  0.385  -13.534 1.0000000000
63016  27.447  0.600  -13.778 1.0000000000
63886  26.150  1.034  -13.977 1.0000000000
63004  29.540  0.161  -12.784 0.8750000000
63005  28.776  -0.145  -13.077 1.0000000000
62061  31.069  -0.835  -11.879 0.8750000000
68073  23.768  8.025  -14.352 0.5000000000
67287  24.175  6.806  -14.811 0.8750000000
108362  26.246  4.440  -15.205 1.0000000000
66513  24.423  4.525  -14.662 1.0000000000
63890  28.278  1.902  -13.953 1.0000000000
64769  27.142  2.749  -14.578 1.0000000000
64772  24.840  2.979  -14.307 1.0000000000
64761  29.500  2.261  -13.556 1.0000000000
62990  31.689  0.283  -12.146 1.0000000000
63003  30.325  0.407  -12.550 1.0000000000
63882  29.669  1.471  -13.188 1.0000000000
63002  31.052  0.667  -12.357 1.0000000000
68072  24.560  8.677  -14.919 0.5000000000
123349  24.817  6.973  -15.315 0.8750000000
66511  28.182  4.920  -14.826 1.0000000000
107010  26.926  4.304  -15.125 1.0000000000
66518  25.990  5.377  -15.514 1.0000000000
65648  30.763  3.573  -13.185 1.0000000000
65661  29.277  3.090  -13.877 1.0000000000
64731  32.118  2.151  -12.164 1.0000000000
64749  30.729  2.594  -12.982 1.0000000000
65660  30.063  2.870  -13.453 1.0000000000
63857  32.207  1.359  -12.043 1.0000000000
64748  31.386  2.232  -12.537 1.0000000000
62989  32.266  0.616  -11.985 0.8750000000
68801  29.575  8.317  -14.378 1.0000000000
68802  28.538  8.436  -14.905 0.3750000000
68067  29.673  7.562  -14.223 0.8750000000
67283  28.277  6.285  -14.965 1.0000000000
65647  31.655  3.773  -12.621 1.0000000000
66501  30.446  4.589  -13.520 1.0000000000
69551  29.583  9.072  -14.546 0.8750000000
68791  30.740  7.520  -13.715 1.0000000000
67277  30.151  5.602  -13.835 1.0000000000
66491  31.307  4.507  -13.008 1.0000000000
67262  31.714  5.187  -12.891 1.0000000000
66490  32.206  4.649  -12.457 1.0000000000
70269  29.192  9.810  -14.865 0.7500000000
68053  31.398  6.729  -13.364 1.0000000000
67261  32.430  5.617  -12.588 1.0000000000
67276  31.627  5.877  -13.127 1.0000000000
68800  30.703  8.322  -13.863 1.0000000000
125517  31.496  7.272  -13.397 1.0000000000
104792  33.501  17.355  -14.880 0.1250000000
74613  33.873  15.859  -13.899 0.1250000000
124711  33.464  15.258  -14.985 0.2500000000
73767  34.127  15.323  -14.110 0.1250000000
118064  33.891  13.843  -14.141 0.3750000000
124460  34.587  13.087  -13.553 0.5000000000
72893  35.234  12.502  -13.513 0.3750000000
73751  34.624  15.145  -13.270 0.2500000000
73766  34.950  13.983  -13.347 0.2500000000
73765  35.851  13.428  -13.252 0.2500000000
73764  36.570  13.324  -13.383 0.2500000000
72892  36.276  12.363  -13.641 0.2500000000
126176  36.706  12.616  -13.681 0.2500000000
72891  36.700  12.233  -13.914 0.3750000000
107568  27.165  -3.877  -12.293 1.0000000000
67286  24.655  5.640  -15.067 0.8750000000
65662  28.617  3.219  -14.256 1.0000000000
61180  21.859  -1.018  -7.734 0.1250000000
122907  23.287  -2.625  -9.289 0.6250000000
59473  23.836  -3.057  -9.832 0.7500000000
65595  20.630  3.707  -9.169 0.1250000000
59457  24.032  -3.840  -9.666 1.0000000000
110060  21.886  1.016  -8.537 0.1250000000
59470  26.355  -4.047  -11.799 1.0000000000
115909  27.723  -4.094  -11.970 1.0000000000
104768  20.045  6.103  -9.269 0.3750000000
118918  21.542  7.347  -10.518 0.2500000000
60353  30.435  -2.178  -11.311 0.8750000000
115610  30.235  -1.442  -11.887 0.8750000000
62059  32.347  -0.015  -11.949 0.8750000000
68792  28.228  8.956  -15.008 0.1250000000
68803  28.176  8.596  -15.034 0.1250000000
68071  25.462  9.538  -15.203 0.3750000000
68078  26.123  8.208  -15.727 0.6250000000
64732  31.704  1.588  -12.292 1.0000000000
68069  28.216  8.033  -15.028 0.8750000000
115465  33.302  3.869  -11.661 1.0000000000
110042  32.917  4.451  -11.982 1.0000000000
70268  30.274  9.663  -14.528 0.8750000000
70254  31.475  9.320  -13.849 1.0000000000
112260  32.529  7.925  -13.249 1.0000000000
68052  32.281  6.446  -12.894 1.0000000000
74596  33.930  15.409  -12.610 0.1250000000
75429  31.867  16.809  -15.062 0.1250000000
72905  32.046  12.838  -15.241 0.6250000000
73779  32.581  14.235  -15.238 0.6250000000
72894  34.034  12.329  -13.681 0.5000000000
114569  35.680  11.737  -13.777 0.5000000000
73750  35.495  14.608  -12.814 0.2500000000
71900  36.121  11.638  -14.062 0.5000000000
72890  37.072  12.920  -13.725 0.2500000000
72902  37.068  12.919  -15.156 0.2500000000
72903  36.269  11.764  -15.172 0.3750000000
72913  36.727  13.837  -16.902 0.2500000000
61189  22.447  -0.771  -8.758 0.1250000000
61179  22.718  -1.745  -8.787 0.5000000000
63834  21.824  1.510  -8.933 0.1250000000
59484  25.720  -3.438  -11.702 1.0000000000
63873  23.699  1.392  -12.312 1.0000000000
60367  27.452  -2.226  -13.049 1.0000000000
62080  24.729  0.251  -12.640 1.0000000000
63007  24.426  1.073  -12.838 1.0000000000
60356  27.331  -3.117  -12.751 1.0000000000
114196  27.882  -3.498  -12.435 1.0000000000
106139  20.819  6.650  -10.053 0.3750000000
67248  21.527  5.594  -11.066 0.5000000000
66493  22.239  5.371  -12.196 0.8750000000
65650  22.743  3.575  -12.377 1.0000000000
64750  23.805  2.608  -13.274 1.0000000000
62079  25.609  -0.276  -13.081 1.0000000000
63018  26.091  0.289  -13.605 1.0000000000
62088  26.585  -0.384  -13.503 1.0000000000
61226  28.931  -1.329  -12.752 1.0000000000
67278  22.936  6.464  -13.593 0.6250000000
117979  23.291  4.221  -13.536 1.0000000000
119990  25.484  1.455  -13.885 1.0000000000
64764  24.464  2.354  -13.694 1.0000000000
121061  24.153  2.994  -13.875 1.0000000000
62076  28.091  -0.679  -13.381 1.0000000000
62074  30.032  -0.301  -12.472 0.8750000000
60334  31.797  -2.373  -11.010 0.8750000000
66514  23.883  5.429  -14.523 1.0000000000
124579  24.870  3.833  -14.656 1.0000000000
63871  29.803  0.820  -12.847 1.0000000000
63885  27.008  1.222  -14.087 1.0000000000
64771  25.604  2.636  -14.381 1.0000000000
63891  27.517  1.976  -14.217 1.0000000000
62060  31.720  -0.322  -11.940 0.8750000000
65669  27.402  3.620  -14.783 1.0000000000
66512  25.321  4.691  -15.127 1.0000000000
65670  26.647  3.551  -14.828 1.0000000000
65671  25.700  3.533  -14.722 1.0000000000
64770  26.322  2.715  -14.522 1.0000000000
64762  28.779  2.481  -13.961 1.0000000000
117789  30.755  1.876  -12.747 1.0000000000
63870  30.413  1.232  -12.704 1.0000000000
68079  25.375  7.848  -15.618 0.6250000000
67294  26.120  6.682  -15.751 1.0000000000
67285  26.777  5.468  -15.518 1.0000000000
67284  27.571  5.942  -15.385 1.0000000000
106368  27.495  4.625  -15.076 1.0000000000
66510  28.794  5.223  -14.490 1.0000000000
66502  29.516  4.884  -14.007 1.0000000000
66503  28.896  4.081  -14.268 1.0000000000
64747  31.966  2.996  -12.342 1.0000000000
105684  29.821  3.813  -13.714 1.0000000000
65668  28.107  3.824  -14.640 1.0000000000
68068  28.855  7.648  -14.667 1.0000000000
120556  29.106  6.315  -14.449 1.0000000000
68055  29.870  6.656  -14.075 1.0000000000
68054  30.518  6.886  -13.744 1.0000000000
116660  30.788  6.136  -13.569 1.0000000000
66500  31.025  5.292  -13.338 1.0000000000
69541  31.577  7.763  -13.448 1.0000000000
68773  32.105  7.177  -13.181 1.0000000000
119225  31.629  8.500  -13.570 1.0000000000
69550  30.789  8.945  -13.949 1.0000000000
108268  33.363  16.291  -13.726 0.1250000000
104675  33.476  17.859  -15.654 0.1250000000
75427  32.998  17.327  -14.526 0.1250000000
74595  34.741  15.119  -12.388 0.2500000000
74638  32.005  16.475  -16.568 0.3750000000
74626  32.958  16.014  -16.217 0.5000000000
61164  20.900  -1.279  -7.074 0.1250000000
60317  22.831  -2.671  -8.521 0.6250000000
59472  24.551  -3.635  -10.448 1.0000000000
68056  27.760  9.041  -15.002 0.5000000000
67293  26.905  7.334  -15.740 0.8750000000
124774  27.056  8.164  -15.554 0.7500000000
109870  27.294  8.840  -15.211 0.8750000000
67292  27.605  7.448  -15.412 1.0000000000
69540  32.410  8.851  -13.506 1.0000000000
68772  33.057  7.038  -12.700 1.0000000000
74627  31.692  16.059  -15.572 0.3750000000
72904  33.081  12.941  -14.555 0.7500000000
72914  36.267  13.277  -17.214 0.2500000000
55780  25.541  -7.343  -8.444 0.7500000000
55778  27.653  -7.926  -8.596 0.7500000000
55781  24.601  -7.109  -8.198 0.7500000000
56700  23.966  -6.362  -8.376 0.7500000000
56697  26.993  -6.981  -8.959 0.7500000000
56699  24.925  -6.574  -8.933 0.7500000000
120689  25.584  -6.364  -9.428 0.7500000000
58627  23.575  -4.141  -9.062 0.7500000000
59458  23.454  -3.359  -9.180 0.6250000000
57776  24.960  -5.892  -9.553 0.7500000000
117313  25.070  -5.146  -10.103 0.8750000000
119477  24.245  -4.572  -9.519 0.8750000000
56696  28.025  -7.097  -8.887 0.7500000000
56711  26.388  -6.421  -9.512 0.7500000000
57775  26.677  -5.903  -10.129 0.7500000000
58644  25.210  -4.487  -10.628 0.8750000000
57774  27.685  -5.687  -9.883 0.7500000000
117197  27.024  -5.264  -10.821 0.8750000000
59471  25.456  -3.946  -11.193 0.8750000000
58625  27.992  -5.127  -10.379 0.7500000000
58642  27.114  -4.493  -11.608 0.8750000000
59456  29.754  -4.147  -10.089 0.8750000000
58641  28.220  -4.134  -11.264 0.8750000000
59469  29.071  -3.588  -10.904 0.8750000000
59483  28.421  -3.656  -11.883 0.8750000000
58639  33.134  -5.570  -11.824 0.3750000000
59454  31.831  -4.234  -10.271 0.6250000000
59468  31.028  -3.302  -10.410 0.7500000000
60336  29.710  -2.931  -11.186 0.7500000000
58638  33.899  -5.854  -12.411 0.5000000000
59453  32.530  -4.502  -10.841 0.5000000000
59466  32.901  -4.026  -11.134 0.7500000000
60335  31.129  -2.525  -10.838 0.7500000000
59462  35.590  -4.940  -12.389 0.1250000000
59463  35.017  -4.676  -12.492 0.3750000000
60332  33.428  -3.198  -11.237 0.6250000000
60333  32.580  -2.787  -10.948 0.6250000000
61196  32.136  -1.871  -11.300 0.6250000000
58653  37.110  -4.110  -11.957 0.1250000000
58654  36.429  -4.289  -12.078 0.1250000000
60330  35.036  -3.305  -11.657 0.1250000000
60348  36.641  -3.442  -11.924 0.1250000000
60366  33.849  -1.903  -11.416 0.6250000000
61210  34.302  -1.589  -11.424 0.6250000000
107364  32.336  -0.615  -11.724 0.7500000000
60345  38.949  -2.513  -12.309 0.1250000000
61208  36.499  -1.610  -11.297 0.1250000000
105492  35.085  -0.948  -11.344 0.5000000000
62057  34.100  -0.709  -11.525 0.6250000000
62987  33.817  0.081  -11.644 0.7500000000
59479  38.184  -3.787  -12.315 0.1250000000
105570  36.125  -0.640  -11.252 0.5000000000
105567  34.711  -0.027  -11.475 0.6250000000
62988  32.984  0.310  -11.809 0.7500000000
71059  29.722  10.488  -15.059 0.6250000000
71913  29.858  11.147  -15.310 0.5000000000
62986  35.332  0.766  -11.192 0.6250000000
63854  34.832  1.589  -11.078 0.6250000000
64730  33.402  2.170  -11.450 0.8750000000
105561  36.156  1.191  -10.981 0.5000000000
122984  35.624  1.630  -10.924 0.6250000000
64728  35.414  2.506  -10.821 0.6250000000
64729  34.353  2.385  -11.069 0.7500000000
120465  30.350  11.089  -15.256 0.7500000000
65625  32.789  2.884  -11.761 0.8750000000
105714  33.028  5.128  -12.117 0.8750000000
112331  33.212  5.768  -12.236 0.8750000000
65624  33.805  3.141  -11.289 0.7500000000
65645  34.286  4.090  -11.391 0.8750000000
66469  34.413  4.984  -11.612 0.8750000000
67260  33.787  5.491  -11.865 0.8750000000
68035  33.768  6.309  -12.188 0.8750000000
63852  37.535  1.705  -11.581 0.3750000000
63853  36.227  2.020  -10.891 0.5000000000
106924  36.869  2.312  -11.277 0.5000000000
65622  35.586  3.490  -11.035 0.6250000000
63851  38.203  1.862  -12.387 0.2500000000
64727  36.263  2.896  -11.012 0.5000000000
71912  30.396  11.677  -15.314 0.6250000000
71058  31.423  11.315  -14.933 0.7500000000
71044  31.151  10.297  -14.537 0.8750000000
108848  32.289  9.715  -13.788 0.8750000000
65644  35.057  3.994  -11.152 0.6250000000
66468  34.942  4.564  -11.390 0.7500000000
64726  37.592  2.608  -12.126 0.3750000000
65620  36.925  3.107  -11.644 0.5000000000
67238  35.877  5.131  -12.064 0.7500000000
71911  31.186  12.371  -15.335 0.6250000000
118670  33.117  8.466  -13.311 0.8750000000
70253  33.200  9.243  -13.573 0.7500000000
68790  33.497  7.830  -12.975 0.8750000000
68034  34.668  6.487  -12.285 0.7500000000
112263  37.379  3.820  -13.155 0.2500000000
65643  37.031  3.717  -12.393 0.5000000000
64746  38.258  2.482  -13.256 0.2500000000
72906  31.477  13.749  -15.355 0.5000000000
119556  32.045  11.942  -14.964 0.6250000000
71042  33.232  10.557  -13.955 0.7500000000
122491  32.956  9.989  -13.798 0.7500000000
70252  34.068  9.212  -13.693 0.7500000000
69538  34.534  8.523  -13.582 0.7500000000
108786  33.621  9.887  -13.811 0.7500000000
68788  35.119  7.855  -13.501 0.7500000000
124888  36.105  6.207  -13.258 0.5000000000
68033  35.562  6.495  -12.829 0.6250000000
65659  37.556  3.744  -14.272 0.2500000000
67256  36.740  5.134  -13.782 0.3750000000
111076  32.939  12.025  -14.398 0.6250000000
71901  32.652  11.243  -14.329 0.7500000000
71041  34.036  10.512  -13.935 0.7500000000
113374  34.392  9.789  -14.023 0.7500000000
70251  34.919  9.085  -14.171 0.7500000000
68799  35.575  8.067  -14.267 0.6250000000
67282  36.637  6.203  -14.785 0.3750000000
68787  35.894  7.453  -14.119 0.3750000000
66508  37.945  3.785  -16.211 0.1250000000
66509  37.463  4.573  -16.511 0.1250000000
67274  36.853  5.295  -15.330 0.2500000000
110504  33.642  11.296  -13.944 0.6250000000
126016  35.436  9.123  -14.761 0.7500000000
68798  36.171  7.837  -15.100 0.3750000000
69549  35.639  8.600  -14.833 0.3750000000
69537  35.165  8.482  -14.002 0.7500000000
68065  36.814  5.938  -16.468 0.2500000000
68066  36.574  6.942  -15.210 0.3750000000
67290  38.080  5.044  -16.977 0.1250000000
67291  37.077  5.151  -16.780 0.1250000000
66517  38.550  4.068  -17.147 0.1250000000
107764  34.690  11.394  -13.849 0.6250000000
71057  35.535  10.037  -14.950 0.3750000000
71040  34.828  10.354  -14.232 0.3750000000
70267  35.795  9.074  -15.607 0.3750000000
69555  36.663  7.635  -17.527 0.2500000000
68076  37.037  6.366  -17.367 0.1250000000
68077  36.625  6.577  -16.903 0.3750000000
121526  38.898  5.383  -17.215 0.1250000000
71909  35.729  10.761  -14.971 0.3750000000
71056  35.685  9.659  -16.534 0.3750000000
70278  35.840  8.146  -18.034 0.3750000000
69548  36.183  8.203  -16.234 0.3750000000
69547  38.876  8.026  -15.696 0.1250000000
68806  37.415  7.536  -17.088 0.1250000000
69554  37.139  7.578  -17.862 0.2500000000
68064  38.915  6.659  -16.437 0.1250000000
71071  35.355  10.252  -18.529 0.2500000000
70285  35.697  9.069  -18.780 0.2500000000
115458  35.681  10.751  -16.340 0.3750000000
70284  36.090  9.180  -18.910 0.1250000000
70277  36.278  8.107  -18.354 0.1250000000
70266  38.567  8.702  -15.992 0.1250000000
71919  35.754  11.703  -17.502 0.3750000000
71079  36.455  10.539  -19.015 0.1250000000
70283  37.393  9.788  -17.684 0.1250000000
71078  37.984  10.773  -17.473 0.1250000000
70265  39.504  9.169  -14.969 0.1250000000
71070  38.549  10.055  -16.463 0.1250000000
71085  37.142  11.756  -19.024 0.1250000000
71077  39.150  10.746  -16.546 0.1250000000
71925  38.674  11.692  -17.595 0.1250000000
71068  40.420  10.326  -15.608 0.1250000000
71055  39.929  9.822  -15.136 0.1250000000
58643  26.128  -4.791  -11.169 0.8750000000
62985  36.107  0.355  -11.183 0.6250000000
66467  35.636  4.381  -11.483 0.5000000000
125655  37.319  3.196  -12.260 0.3750000000
71043  32.333  10.508  -14.151 0.8750000000
69539  33.801  8.525  -13.333 0.7500000000
68789  34.319  7.866  -13.042 0.7500000000
68771  34.034  7.148  -12.554 0.7500000000
114365  36.462  4.972  -12.777 0.5000000000
67257  36.126  5.712  -12.854 0.5000000000
67258  35.321  5.828  -12.154 0.7500000000
66487  37.047  4.368  -13.282 0.5000000000
69553  37.755  7.572  -17.053 0.1250000000
71069  39.544  10.161  -15.858 0.1250000000
60350  34.198  -2.596  -11.382 0.5000000000
60351  33.420  -2.105  -11.375 0.6250000000
61213  31.848  -1.068  -11.604 0.7500000000
62055  36.840  0.076  -11.193 0.3750000000
126215  36.681  0.799  -11.093 0.3750000000
62984  38.192  1.085  -11.880 0.2500000000
67259  34.524  5.755  -11.856 0.7500000000
110130  37.152  7.918  -17.835 0.1250000000
63868  38.795  1.237  -12.775 0.1250000000
54772  25.656  -8.769  -7.562 0.7500000000
55762  24.232  -7.549  -7.522 0.7500000000
56679  23.893  -6.881  -7.817 0.7500000000
54770  27.842  -9.299  -8.159 0.7500000000
55761  26.108  -8.197  -8.093 0.7500000000
54784  28.413  -8.824  -8.493 0.7500000000
58610  23.083  -4.461  -8.423 0.6250000000
57757  24.179  -5.734  -8.967 0.7500000000
57756  28.371  -6.302  -9.228 0.7500000000
57772  29.505  -6.583  -9.289 0.6250000000
57773  28.777  -5.435  -9.656 0.6250000000
58623  30.612  -5.109  -9.713 0.5000000000
58622  31.687  -5.147  -10.030 0.3750000000
125403  34.124  -6.215  -12.332 0.1250000000
117498  35.502  -5.387  -12.198 0.1250000000
58636  36.044  -4.906  -12.181 0.1250000000
58652  38.642  -4.358  -11.860 0.1250000000
59478  39.163  -4.307  -12.760 0.1250000000
59493  38.821  -3.595  -12.675 0.1250000000
60365  39.535  -3.078  -13.114 0.1250000000
61206  38.224  -1.945  -11.685 0.1250000000
62053  38.387  -0.270  -11.654 0.1250000000
106727  38.139  0.409  -11.627 0.2500000000
105568  37.441  0.804  -11.320 0.2500000000
72907  30.649  12.561  -15.173 0.5000000000
107930  38.687  1.857  -13.230 0.1250000000
64760  39.493  2.481  -15.797 0.1250000000
67289  39.174  4.574  -17.349 0.1250000000
68074  39.204  5.996  -16.487 0.1250000000
67281  39.486  5.111  -17.003 0.1250000000
70250  39.870  8.842  -14.315 0.1250000000
72920  35.901  12.796  -18.867 0.2500000000
71087  36.101  12.063  -19.705 0.1250000000
112113  37.542  12.810  -18.858 0.1250000000
71924  40.127  11.046  -17.029 0.1250000000
71076  40.064  10.511  -16.317 0.1250000000
71054  40.787  10.114  -14.790 0.1250000000
71918  40.755  10.715  -16.343 0.1250000000
63855  33.887  1.467  -11.291 0.7500000000
105467  33.575  0.750  -11.521 0.7500000000
70270  28.337  9.741  -14.880 0.3750000000
68036  32.968  6.254  -12.481 0.8750000000
124128  27.712  -4.401  -11.501 0.8750000000
58645  24.595  -4.317  -10.053 0.8750000000
122824  30.392  -2.772  -10.884 0.7500000000
61212  32.707  -1.353  -11.498 0.6250000000
65646  32.466  3.790  -12.121 0.8750000000
106919  25.101  -7.914  -7.888 0.7500000000
55779  26.559  -7.568  -8.541 0.7500000000
55760  27.114  -8.445  -8.251 0.7500000000
124013  27.772  -8.659  -8.398 0.7500000000
56680  23.254  -6.208  -7.557 0.7500000000
57758  23.271  -5.425  -8.305 0.7500000000
56698  25.999  -6.870  -8.983 0.7500000000
58609  23.767  -4.903  -8.947 0.7500000000
59446  22.975  -3.594  -8.474 0.6250000000
57777  24.427  -5.216  -9.407 0.7500000000
116564  25.739  -5.981  -10.036 0.8750000000
56710  27.328  -6.368  -9.416 0.7500000000
58626  26.035  -5.456  -10.608 0.8750000000
123034  25.615  -5.015  -10.674 0.8750000000
58640  28.696  -4.498  -10.387 0.7500000000
121873  27.794  -4.660  -10.996 0.8750000000
58624  29.532  -4.915  -9.795 0.6250000000
110096  30.099  -3.397  -10.503 0.7500000000
116782  33.041  -6.234  -11.577 0.2500000000
58621  32.542  -5.470  -10.884 0.5000000000
59455  30.833  -4.109  -9.993 0.6250000000
59467  32.031  -3.296  -10.574 0.7500000000
59465  33.628  -4.725  -11.896 0.5000000000
59464  34.347  -5.150  -12.439 0.2500000000
58637  34.685  -5.598  -12.414 0.1250000000
59481  35.831  -4.062  -12.241 0.2500000000
60331  34.264  -3.962  -11.859 0.3750000000
59480  37.345  -3.713  -12.047 0.1250000000
119498  37.703  -3.949  -11.946 0.1250000000
60349  35.937  -2.618  -11.509 0.5000000000
105761  36.748  -2.403  -11.516 0.1250000000
60347  37.368  -2.774  -11.838 0.1250000000
117024  35.061  -2.091  -11.378 0.5000000000
60346  38.068  -3.159  -12.230 0.1250000000
61207  37.313  -1.744  -11.376 0.1250000000
105776  37.054  -0.819  -11.245 0.1250000000
105560  34.347  0.763  -11.341 0.6250000000
67239  35.136  5.139  -11.690 0.7500000000
65621  36.333  3.707  -11.502 0.5000000000
65642  37.659  3.258  -13.118 0.3750000000
68770  34.873  7.200  -12.807 0.7500000000
66488  36.449  4.432  -12.154 0.5000000000
65641  38.302  2.993  -15.156 0.1250000000
64745  39.063  2.201  -14.297 0.1250000000
68051  35.517  7.144  -13.339 0.6250000000
67275  36.480  5.902  -13.863 0.3750000000
68050  36.179  6.657  -13.806 0.3750000000
66499  37.215  4.435  -15.014 0.1250000000
114954  35.218  9.586  -14.562 0.3750000000
68807  36.463  7.296  -16.617 0.3750000000
68075  38.436  5.888  -17.124 0.1250000000
120870  37.370  5.669  -17.105 0.1250000000
71910  35.367  11.017  -14.338 0.3750000000
116284  37.925  6.356  -17.162 0.1250000000
68797  38.364  7.144  -16.606 0.1250000000
68805  37.257  6.722  -17.585 0.1250000000
115280  39.344  8.625  -15.020 0.1250000000
68796  39.209  7.422  -15.388 0.1250000000
71926  35.727  11.391  -18.984 0.2500000000
71080  35.749  10.460  -19.403 0.2500000000
123143  36.751  8.531  -18.214 0.1250000000
70275  39.001  9.518  -15.695 0.1250000000
70276  37.954  9.245  -16.755 0.1250000000
71086  36.147  11.540  -19.606 0.1250000000
71935  36.492  12.599  -19.742 0.1250000000
54771  26.740  -9.220  -7.838 0.7500000000
54773  24.598  -8.439  -7.140 0.7500000000
107313  29.987  -5.809  -9.496 0.6250000000
118378  31.544  -6.018  -9.966 0.5000000000
61205  39.074  -1.434  -12.112 0.1250000000
61225  39.734  -1.893  -12.815 0.1250000000
108237  37.878  -0.978  -11.385 0.1250000000
69546  39.514  8.152  -14.623 0.1250000000
55742  23.713  -7.821  -6.697 0.7500000000
53705  26.775  -10.231  -7.507 0.6250000000
53704  27.503  -10.000  -7.808 0.6250000000
54754  28.847  -9.656  -7.804 0.3750000000
54768  29.390  -9.172  -8.374 0.2500000000
55759  29.326  -8.961  -8.699 0.3750000000
71902  29.616  11.735  -14.878 0.3750000000
73781  30.867  13.907  -14.974 0.2500000000
73788  32.022  15.218  -15.723 0.2500000000
53706  26.068  -9.602  -7.453 0.6250000000
55777  28.765  -8.184  -8.803 0.5000000000
57755  29.136  -7.420  -9.043 0.5000000000
53691  28.372  -10.204  -7.258 0.5000000000
53703  28.198  -9.972  -7.839 0.6250000000
52697  26.662  -11.045  -7.040 0.6250000000
56662  22.987  -6.471  -6.620 0.3750000000
53692  25.929  -10.352  -7.136 0.6250000000
125899  24.018  -8.449  -6.597 0.6250000000
53678  28.621  -10.168  -6.424 0.3750000000
52684  27.990  -10.708  -6.691 0.5000000000
57727  22.637  -5.710  -6.755 0.2500000000
53690  29.048  -9.750  -6.977 0.3750000000
55758  30.004  -9.012  -9.021 0.2500000000
54753  29.504  -9.314  -7.618 0.2500000000
55776  29.783  -8.522  -9.147 0.2500000000
56695  30.195  -7.833  -9.427 0.3750000000
111963  30.985  -7.917  -9.669 0.2500000000
57771  31.013  -6.357  -9.762 0.2500000000
57770  31.777  -6.825  -10.106 0.2500000000
104454  21.655  7.802  -10.353 0.1250000000
125512  24.093  9.117  -14.252 0.2500000000
57768  33.214  -6.504  -11.313 0.2500000000
68058  25.927  10.245  -14.443 0.2500000000
69552  28.284  9.037  -15.040 0.2500000000
73780  31.589  15.179  -15.519 0.2500000000
68778  22.794  7.446  -12.181 0.1250000000
104453  20.685  7.059  -9.727 0.2500000000
68070  26.627  9.141  -15.237 0.3750000000
55763  23.525  -7.042  -7.150 0.5000000000
54769  28.739  -9.395  -8.268 0.5000000000
57769  32.424  -6.435  -10.554 0.2500000000
57742  22.773  -5.397  -7.446 0.3750000000
54755  25.248  -9.404  -7.081 0.6250000000
58603  22.632  -4.664  -7.578 0.3750000000
56709  30.593  -7.101  -9.665 0.2500000000
52696  27.585  -10.596  -7.319 0.6250000000
54767  30.047  -9.042  -8.348 0.2500000000
116484  23.220  -7.125  -6.412 0.3750000000
52685  27.256  -11.215  -6.612 0.5000000000
55775  30.469  -8.447  -9.309 0.2500000000
56708  31.450  -7.319  -9.884 0.2500000000
104686  21.038  8.660  -8.937 0.1250000000
52687  24.749  -10.839  -6.032 0.5000000000
52675  27.786  -11.003  -5.924 0.2500000000
52676  27.041  -11.570  -5.678 0.3750000000
122524  26.357  -11.668  -6.354 0.5000000000
52698  25.748  -11.056  -6.625 0.5000000000
52677  24.044  -10.868  -5.191 0.3750000000
53679  24.168  -9.875  -5.885 0.5000000000
53693  24.997  -10.136  -6.588 0.5000000000
54756  24.298  -9.104  -6.431 0.3750000000
52668  23.188  -10.661  -3.699 0.1250000000
54757  23.568  -8.386  -6.052 0.2500000000
50986  23.412  -12.748  -3.947 0.1250000000
51847  23.595  -11.261  -4.440 0.2500000000
51846  24.329  -11.865  -5.057 0.3750000000
115491  25.853  -12.197  -5.354 0.3750000000
51852  25.742  -11.983  -5.831 0.5000000000
51835  23.137  -11.650  -3.755 0.1250000000
51845  25.206  -12.256  -5.300 0.3750000000
110630  23.258  -9.935  -3.681 0.1250000000
105716  23.365  -8.774  -4.725 0.1250000000
62983  38.829  0.387  -12.281 0.1250000000
55743  23.155  -7.536  -5.749 0.2500000000
109065  28.348  -10.616  -5.181 0.2500000000
51853  24.913  -11.631  -5.665 0.5000000000
52686  25.548  -11.566  -6.168 0.5000000000
126429  24.115  -10.332  -5.537 0.5000000000
51844  26.264  -11.958  -5.734 0.3750000000
53680  23.633  -9.780  -5.039 0.1250000000
54739  23.639  -9.018  -5.546 0.1250000000
52669  22.842  -10.945  -3.209 0.1250000000
52678  23.452  -10.288  -4.343 0.1250000000
54740  23.307  -8.186  -5.223 0.1250000000
121618  22.847  -12.277  -3.430 0.1250000000
50994  24.740  -12.657  -4.784 0.3750000000
115299  26.489  -11.889  -4.801 0.2500000000
53671  23.350  -9.391  -4.157 0.1250000000
51834  25.701  -12.485  -4.616 0.2500000000
51833  27.345  -11.426  -4.524 0.2500000000
50985  24.240  -13.150  -4.268 0.1250000000
50995  23.820  -12.279  -4.495 0.1250000000
50984  25.103  -13.102  -4.170 0.1250000000
58604  22.063  -4.042  -6.737 0.1250000000
71060  28.507  10.289  -14.799 0.1250000000
71914  28.932  10.904  -14.693 0.1250000000
71903  28.514  11.395  -13.759 0.1250000000
72895  30.033  12.866  -14.142 0.1250000000
109052  29.165  12.812  -12.024 0.1250000000
71894  29.144  12.362  -13.354 0.1250000000
74615  30.826  14.503  -14.316 0.1250000000
70255  27.344  10.256  -14.481 0.1250000000
72884  29.565  13.365  -12.742 0.1250000000
73768  30.299  13.779  -13.517 0.1250000000
73740  30.512  14.048  -11.387 0.1250000000
69542  27.776  9.844  -14.743 0.1250000000
68059  24.768  9.880  -14.391 0.1250000000
55744  22.889  -6.712  -5.863 0.1250000000
58597  22.106  -4.575  -6.459 0.1250000000
70239  27.194  10.462  -13.911 0.1250000000
71034  27.713  10.880  -13.089 0.1250000000
122586  28.029  11.721  -12.561 0.1250000000
72873  30.429  13.996  -11.194 0.1250000000
109877  31.191  14.044  -11.071 0.1250000000
74586  30.916  14.221  -12.067 0.1250000000
60318  22.026  -1.812  -7.546 0.1250000000
57743  22.304  -4.905  -6.783 0.1250000000
57728  22.244  -5.310  -6.149 0.1250000000
68057  26.780  9.777  -14.388 0.1250000000
59447  22.312  -2.823  -7.583 0.1250000000
59440  22.474  -3.776  -7.588 0.1250000000
59424  21.775  -3.498  -6.637 0.1250000000
71045  27.597  10.594  -14.104 0.1250000000
71883  28.762  12.519  -11.992 0.1250000000
74599  30.687  14.482  -13.135 0.1250000000
72874  29.785  13.706  -11.755 0.1250000000
53670  28.837  -10.125  -5.485 0.1250000000
54738  29.759  -9.296  -6.530 0.1250000000
54752  30.233  -8.855  -7.132 0.1250000000
55757  30.533  -8.640  -8.881 0.1250000000
55774  31.095  -8.175  -9.340 0.1250000000
119587  32.554  -7.084  -8.774 0.1250000000
56678  31.899  -7.690  -8.908 0.1250000000
56694  31.610  -7.635  -9.713 0.1250000000
56692  32.904  -6.912  -9.532 0.1250000000
57754  32.024  -7.211  -10.131 0.1250000000
57741  33.717  -6.312  -8.954 0.1250000000
57753  32.610  -6.750  -10.314 0.1250000000
57752  33.366  -6.593  -10.462 0.1250000000
105148  26.992  -11.708  -3.810 0.1250000000
121176  26.346  -12.166  -4.007 0.1250000000
126168  27.847  -11.120  -4.314 0.1250000000
53669  29.525  -9.701  -4.885 0.1250000000
54751  31.027  -8.411  -6.602 0.1250000000
55740  31.520  -8.067  -7.209 0.1250000000
55756  31.255  -8.128  -8.350 0.1250000000
56661  32.665  -7.105  -7.635 0.1250000000
56677  33.232  -6.613  -8.203 0.1250000000
57767  33.937  -6.422  -11.581 0.1250000000
57751  34.258  -6.044  -9.795 0.1250000000
121776  28.322  -10.515  -5.950 0.1250000000
53677  29.296  -9.709  -5.960 0.1250000000
106181  27.802  -11.091  -4.971 0.1250000000
52666  28.327  -10.735  -4.191 0.1250000000
53656  28.926  -10.164  -4.501 0.1250000000
54737  30.538  -8.807  -6.000 0.1250000000
55741  30.743  -8.517  -7.786 0.1250000000
56693  32.199  -7.342  -9.722 0.1250000000
57740  34.667  -5.961  -8.433 0.1250000000
51823  27.297  -11.538  -2.834 0.1250000000
52667  27.809  -11.204  -3.618 0.1250000000
57750  35.215  -5.631  -9.090 0.1250000000
58620  33.559  -6.286  -12.079 0.1250000000
59482  29.045  -3.058  -11.794 1.0000000000
60352  32.868  -2.245  -11.277 0.6250000000
60354  29.645  -2.333  -11.755 0.8750000000
60364  40.475  -2.464  -13.776 0.1250000000
61197  31.222  -1.703  -11.367 0.8750000000
61209  35.752  -1.559  -11.309 0.1250000000
61211  33.560  -1.344  -11.494 0.6250000000
61217  24.389  -1.455  -11.395 1.0000000000
61227  28.677  -1.984  -12.725 1.0000000000
61228  26.614  -1.902  -12.973 1.0000000000
62054  37.645  -0.111  -11.344 0.3750000000
62056  35.486  -0.090  -11.349 0.6250000000
62058  33.106  -0.503  -11.695 0.8750000000
62062  29.690  -1.023  -12.419 1.0000000000
62063  25.401  -1.062  -12.562 1.0000000000
62976  23.130  0.531  -10.609 0.8750000000
62991  30.934  -0.098  -12.250 0.8750000000
63017  26.782  0.412  -13.789 1.0000000000
63856  32.965  1.201  -11.691 0.7500000000
63858  31.672  0.927  -12.218 0.8750000000
63869  31.156  1.391  -12.467 1.0000000000
63881  30.190  2.038  -13.130 1.0000000000
63883  28.981  1.685  -13.618 1.0000000000
63892  26.754  1.990  -14.343 1.0000000000
63893  25.987  1.884  -14.267 1.0000000000
64751  23.201  2.935  -12.718 1.0000000000
64768  28.005  2.792  -14.416 1.0000000000
65623  34.756  3.287  -10.989 0.6250000000
65664  23.631  3.465  -13.595 1.0000000000
66489  33.629  4.695  -11.732 1.0000000000
67295  25.388  6.093  -15.495 1.0000000000
68042  22.680  7.059  -12.501 0.3750000000
73752  30.125  13.980  -12.224 0.1250000000
74597  32.414  16.020  -13.543 0.1250000000
74628  31.102  15.059  -15.153 0.2500000000
75428  32.353  16.892  -14.426 0.1250000000
75441  31.547  17.340  -16.307 0.1250000000
76210  33.124  18.131  -15.161 0.1250000000
76211  32.464  17.668  -15.020 0.1250000000
76219  32.187  18.274  -15.611 0.1250000000
76220  31.774  17.864  -15.698 0.1250000000
76962  31.808  18.056  -15.705 0.1250000000
104527  33.696  16.738  -15.403 0.1250000000
104528  33.148  17.325  -16.590 0.1250000000
104529  31.912  17.675  -16.622 0.3750000000
104683  21.499  6.509  -10.856 0.5000000000
104862  32.917  18.699  -16.237 0.1250000000
104896  31.665  18.204  -16.108 0.1250000000
111438  38.535  -1.013  -11.702 0.1250000000
113485  31.291  3.029  -12.755 1.0000000000
119007  36.811  1.495  -11.115 0.5000000000
120301  28.480  1.205  -13.637 1.0000000000
122383  32.670  1.928  -11.832 0.8750000000
124851  30.401  -0.708  -12.203 0.8750000000
126141  30.031  -2.537  -11.280 0.7500000000
