#!ascii label  , from subject sub-v1s16x0051167_ses-1 vox2ras=TkReg
1438
44945  -41.639  -23.766  44.629 0.0000000000
31533  -37.662  -37.247  48.106 0.0000000000
56729  -46.495  -10.208  33.294 0.0000000000
127578  -36.832  -21.495  34.544 0.0000000000
52087  -44.709  -15.810  39.459 0.0000000000
39163  -33.746  -29.794  48.107 0.0000000000
36607  -42.208  -32.411  39.946 0.0000000000
40108  -32.901  -28.455  37.245 0.0000000000
27693  -31.092  -42.015  44.645 0.0000000000
60339  -51.351  -6.087  33.876 0.0000000000
118819  -36.126  -35.475  36.971 0.0000000000
45914  -39.203  -22.535  39.696 0.0000000000
49410  -41.038  -18.692  36.890 0.0000000000
48463  -43.797  -19.486  42.206 0.0000000000
40917  -39.004  -27.355  46.958 0.0000000000
39225  -33.973  -29.472  42.845 0.0000000000
43030  -37.056  -25.694  41.354 0.0000000000
44092  -34.649  -24.651  36.367 0.0000000000
61300  -50.473  -5.743  28.909 0.0000000000
29602  -35.835  -40.169  45.510 0.0000000000
31633  -33.128  -37.316  40.819 0.0000000000
33598  -36.867  -35.871  42.264 0.0000000000
54659  -45.628  -12.504  36.973 0.0000000000
35524  -33.363  -33.763  47.498 0.0000000000
35595  -43.241  -33.365  45.518 0.0000000000
36558  -37.308  -32.712  43.303 0.0000000000
117717  -37.660  -29.493  38.185 0.0000000000
125382  -26.552  -42.720  45.865 0.0000000000
54617  -49.670  -12.535  42.295 0.0000000000
56669  -51.211  -10.863  38.551 0.0000000000
59416  -53.351  -6.200  38.404 0.0000000000
115397  -51.208  -9.224  34.174 0.0000000000
132004  -53.107  -7.754  30.848 0.0000000000
30673  -27.641  -38.810  39.939 0.0000000000
34665  -40.519  -34.556  39.860 0.0000000000
45886  -40.785  -22.877  42.161 0.0000000000
47665  -41.118  -20.825  40.990 0.0000000000
46734  -42.709  -21.574  43.422 0.0000000000
42991  -40.739  -25.500  45.707 0.0000000000
41933  -37.633  -26.317  43.726 0.0000000000
43020  -38.923  -24.676  42.479 0.0000000000
44017  -38.267  -24.210  40.656 0.0000000000
56774  -45.324  -10.308  30.310 0.0000000000
117514  -47.369  -9.473  30.858 0.0000000000
29567  -37.096  -39.370  46.828 0.0000000000
30649  -36.274  -38.320  43.996 0.0000000000
31572  -38.468  -37.372  45.221 0.0000000000
48624  -37.669  -19.194  33.260 0.0000000000
49413  -43.877  -18.431  37.526 0.0000000000
50295  -42.504  -17.653  35.153 0.0000000000
52105  -44.003  -16.053  37.161 0.0000000000
119501  -43.543  -14.006  35.711 0.0000000000
53793  -44.584  -13.877  38.424 0.0000000000
37393  -32.170  -31.453  47.484 0.0000000000
116197  -35.025  -33.611  45.406 0.0000000000
37407  -32.934  -31.360  45.560 0.0000000000
39261  -33.472  -29.490  39.555 0.0000000000
37475  -34.578  -31.284  39.970 0.0000000000
38384  -34.375  -30.111  37.748 0.0000000000
45971  -36.008  -22.972  35.132 0.0000000000
55655  -50.650  -12.256  40.413 0.0000000000
57652  -54.534  -8.796  35.922 0.0000000000
58559  -53.610  -7.382  34.025 0.0000000000
57688  -51.700  -8.667  32.491 0.0000000000
59469  -52.941  -6.960  32.310 0.0000000000
59508  -51.901  -7.438  28.589 0.0000000000
26749  -28.595  -42.449  44.744 0.0000000000
28665  -27.406  -41.055  42.946 0.0000000000
28681  -29.594  -40.364  42.342 0.0000000000
118678  -34.205  -35.372  38.632 0.0000000000
33658  -31.001  -35.670  37.663 0.0000000000
33706  -32.825  -35.677  35.721 0.0000000000
36575  -44.336  -32.350  43.431 0.0000000000
134037  -41.849  -33.559  42.255 0.0000000000
34646  -44.936  -34.577  41.689 0.0000000000
46792  -37.837  -22.063  37.272 0.0000000000
48577  -39.009  -19.864  35.982 0.0000000000
47698  -40.233  -20.222  38.705 0.0000000000
48514  -42.362  -18.900  39.715 0.0000000000
50261  -45.548  -17.884  40.270 0.0000000000
40024  -36.616  -28.895  47.291 0.0000000000
124601  -33.623  -29.583  45.047 0.0000000000
40050  -36.304  -28.172  44.750 0.0000000000
136398  -35.106  -27.877  41.882 0.0000000000
41970  -34.575  -26.668  39.440 0.0000000000
43075  -33.578  -26.004  37.177 0.0000000000
43067  -35.922  -25.006  38.639 0.0000000000
45039  -37.274  -23.349  38.016 0.0000000000
129745  -50.554  -5.697  31.856 0.0000000000
62140  -50.624  -3.676  31.016 0.0000000000
28659  -33.378  -41.037  44.618 0.0000000000
29655  -31.827  -39.273  41.988 0.0000000000
30646  -33.949  -38.684  42.718 0.0000000000
32592  -34.667  -36.775  41.249 0.0000000000
34660  -36.185  -34.972  39.530 0.0000000000
49458  -39.556  -18.431  34.530 0.0000000000
115304  -43.827  -12.522  33.938 0.0000000000
55739  -45.777  -11.608  34.985 0.0000000000
33528  -35.815  -35.531  48.912 0.0000000000
32527  -40.864  -35.913  47.162 0.0000000000
34570  -39.694  -33.901  47.210 0.0000000000
116674  -41.348  -31.776  44.747 0.0000000000
37463  -40.178  -30.618  41.946 0.0000000000
37445  -34.617  -32.121  42.413 0.0000000000
119775  -37.195  -31.504  40.476 0.0000000000
37491  -39.740  -30.658  39.038 0.0000000000
45866  -44.409  -21.968  45.824 0.0000000000
33494  -33.862  -36.071  50.919 0.0000000000
37377  -31.687  -31.951  50.066 0.0000000000
38247  -33.484  -30.682  51.410 0.0000000000
48446  -45.904  -19.447  44.569 0.0000000000
50235  -47.174  -18.069  43.414 0.0000000000
126534  -46.340  -15.192  43.039 0.0000000000
54579  -48.779  -12.791  44.863 0.0000000000
54615  -46.388  -12.848  41.579 0.0000000000
122710  -47.340  -12.607  40.004 0.0000000000
54661  -48.091  -12.125  37.812 0.0000000000
56694  -48.765  -10.678  36.124 0.0000000000
118673  -54.768  -9.852  39.537 0.0000000000
130838  -51.007  -9.816  36.028 0.0000000000
57673  -48.607  -9.687  33.955 0.0000000000
116581  -49.303  -9.191  32.137 0.0000000000
133940  -52.680  -6.828  30.627 0.0000000000
118994  -24.933  -41.550  43.387 0.0000000000
30714  -25.798  -38.184  37.432 0.0000000000
31630  -30.406  -37.936  40.061 0.0000000000
32634  -28.268  -36.536  36.980 0.0000000000
34605  -40.146  -34.457  43.547 0.0000000000
35640  -38.797  -33.923  40.611 0.0000000000
33664  -37.842  -35.071  38.299 0.0000000000
32623  -40.737  -37.074  38.332 0.0000000000
44967  -41.106  -23.238  42.957 0.0000000000
45887  -41.474  -22.400  42.640 0.0000000000
45880  -42.417  -22.331  43.749 0.0000000000
43973  -40.781  -24.672  44.626 0.0000000000
43972  -40.106  -24.817  44.079 0.0000000000
43986  -40.205  -24.338  43.547 0.0000000000
43998  -39.923  -24.053  42.737 0.0000000000
129364  -45.113  -10.705  32.589 0.0000000000
57699  -45.932  -9.863  31.666 0.0000000000
57715  -45.918  -9.844  30.773 0.0000000000
135985  -46.753  -9.755  32.331 0.0000000000
30584  -37.604  -38.537  47.139 0.0000000000
30591  -38.328  -38.179  46.320 0.0000000000
31548  -38.956  -37.508  46.844 0.0000000000
47758  -36.090  -20.930  33.029 0.0000000000
47760  -37.311  -20.023  33.666 0.0000000000
117655  -44.723  -17.349  38.359 0.0000000000
51197  -44.262  -17.131  37.074 0.0000000000
52096  -44.405  -15.653  38.658 0.0000000000
52962  -44.146  -14.409  37.821 0.0000000000
134706  -44.328  -15.045  39.253 0.0000000000
38283  -32.454  -30.624  47.723 0.0000000000
37397  -32.529  -31.666  46.542 0.0000000000
39178  -32.762  -30.062  46.954 0.0000000000
40099  -33.253  -29.008  38.728 0.0000000000
39271  -33.470  -29.724  38.697 0.0000000000
40109  -33.238  -29.114  37.376 0.0000000000
39298  -34.570  -29.221  36.269 0.0000000000
45987  -36.386  -22.295  34.835 0.0000000000
45985  -35.189  -23.055  33.996 0.0000000000
46854  -35.790  -21.673  33.376 0.0000000000
60321  -53.646  -6.935  35.181 0.0000000000
60340  -52.588  -6.676  33.909 0.0000000000
59461  -53.181  -7.050  33.255 0.0000000000
60352  -52.587  -6.756  32.864 0.0000000000
27707  -30.170  -41.918  44.255 0.0000000000
27725  -28.945  -41.576  43.463 0.0000000000
28667  -30.424  -40.768  43.040 0.0000000000
34692  -34.814  -35.215  37.258 0.0000000000
33682  -33.419  -35.307  37.447 0.0000000000
33694  -34.414  -35.467  36.450 0.0000000000
32658  -34.059  -36.353  35.623 0.0000000000
32646  -35.836  -36.697  36.133 0.0000000000
37482  -43.349  -31.867  41.653 0.0000000000
35630  -44.566  -33.425  42.244 0.0000000000
35644  -44.791  -33.744  41.610 0.0000000000
46780  -38.643  -21.929  38.261 0.0000000000
46794  -39.091  -21.235  37.806 0.0000000000
47690  -39.947  -21.054  39.000 0.0000000000
47667  -42.513  -20.142  41.797 0.0000000000
48492  -41.782  -19.436  40.275 0.0000000000
48494  -43.407  -18.897  40.758 0.0000000000
49378  -44.127  -18.632  40.101 0.0000000000
49364  -44.323  -18.741  40.930 0.0000000000
138068  -37.799  -28.262  47.026 0.0000000000
40032  -36.253  -28.682  46.477 0.0000000000
40041  -37.253  -27.931  45.820 0.0000000000
43018  -37.086  -26.125  42.277 0.0000000000
40939  -36.521  -27.239  43.202 0.0000000000
41950  -35.830  -26.891  41.298 0.0000000000
40958  -35.128  -27.228  40.939 0.0000000000
41959  -35.577  -26.616  40.556 0.0000000000
134856  -35.048  -26.128  39.157 0.0000000000
116286  -36.424  -25.401  39.858 0.0000000000
45009  -38.906  -23.228  40.060 0.0000000000
44032  -37.576  -23.973  39.257 0.0000000000
45925  -37.743  -23.045  38.324 0.0000000000
45941  -37.412  -22.758  37.497 0.0000000000
28660  -34.889  -40.457  45.111 0.0000000000
132376  -33.841  -39.985  43.933 0.0000000000
29638  -34.999  -39.137  43.966 0.0000000000
32554  -36.885  -36.904  43.342 0.0000000000
31611  -35.425  -37.539  42.661 0.0000000000
32594  -36.136  -36.146  41.948 0.0000000000
33635  -35.789  -35.424  40.310 0.0000000000
34626  -36.970  -35.114  41.052 0.0000000000
48579  -40.235  -19.095  36.640 0.0000000000
49441  -39.562  -18.824  35.211 0.0000000000
49423  -40.820  -18.595  36.080 0.0000000000
50306  -42.191  -17.126  34.697 0.0000000000
50305  -41.749  -17.397  34.725 0.0000000000
51227  -41.408  -16.702  33.643 0.0000000000
53813  -44.456  -13.236  36.911 0.0000000000
53823  -43.806  -13.250  35.406 0.0000000000
118048  -44.559  -12.486  35.257 0.0000000000
54718  -45.061  -11.906  34.686 0.0000000000
54677  -46.218  -12.156  36.454 0.0000000000
34527  -35.421  -35.115  48.532 0.0000000000
34548  -38.372  -34.761  47.591 0.0000000000
34569  -36.905  -34.520  46.929 0.0000000000
35604  -36.930  -33.114  43.962 0.0000000000
35592  -37.712  -33.272  44.672 0.0000000000
36559  -38.412  -32.432  43.580 0.0000000000
37427  -41.174  -31.332  43.889 0.0000000000
36573  -38.937  -31.878  42.724 0.0000000000
39213  -33.756  -29.667  43.688 0.0000000000
38308  -33.463  -30.402  43.854 0.0000000000
122838  -33.676  -30.607  42.357 0.0000000000
37504  -36.478  -30.560  38.900 0.0000000000
37477  -36.281  -31.692  40.172 0.0000000000
37490  -37.135  -30.755  39.597 0.0000000000
116453  -39.262  -30.171  39.997 0.0000000000
43087  -34.123  -25.284  36.825 0.0000000000
38246  -32.663  -31.008  51.223 0.0000000000
117991  -37.640  -29.489  50.211 0.0000000000
137990  -45.019  -20.733  45.349 0.0000000000
50230  -47.529  -17.449  44.686 0.0000000000
51146  -47.495  -16.876  44.469 0.0000000000
51160  -46.968  -16.673  43.042 0.0000000000
120984  -47.570  -15.410  44.488 0.0000000000
54592  -49.306  -12.487  44.317 0.0000000000
54590  -47.386  -13.002  43.252 0.0000000000
54603  -47.918  -12.606  42.663 0.0000000000
54626  -46.747  -12.623  40.731 0.0000000000
54627  -47.856  -12.548  40.833 0.0000000000
55673  -51.229  -11.636  39.936 0.0000000000
55671  -49.132  -12.264  38.980 0.0000000000
55688  -49.659  -11.635  38.543 0.0000000000
55723  -48.296  -11.230  36.600 0.0000000000
56680  -49.881  -10.707  37.258 0.0000000000
58500  -55.238  -8.158  39.553 0.0000000000
134912  -53.061  -8.775  34.611 0.0000000000
115488  -52.918  -9.642  36.540 0.0000000000
115504  -50.916  -9.555  35.138 0.0000000000
115625  -49.907  -9.733  35.122 0.0000000000
57665  -50.202  -9.481  34.382 0.0000000000
130818  -48.774  -9.375  32.987 0.0000000000
57675  -50.471  -9.217  33.530 0.0000000000
58569  -52.336  -8.251  31.827 0.0000000000
57704  -50.524  -9.230  31.262 0.0000000000
57705  -51.955  -8.657  31.225 0.0000000000
60369  -50.572  -6.165  30.182 0.0000000000
60370  -51.479  -6.601  30.687 0.0000000000
118876  -51.157  -6.598  29.859 0.0000000000
29650  -27.733  -39.741  41.338 0.0000000000
130649  -26.686  -40.265  42.022 0.0000000000
29662  -27.001  -39.169  40.387 0.0000000000
30680  -25.368  -38.961  39.132 0.0000000000
30699  -26.815  -38.406  38.694 0.0000000000
137878  -32.489  -38.313  41.404 0.0000000000
30677  -31.303  -38.412  40.950 0.0000000000
31631  -31.650  -37.784  40.507 0.0000000000
32636  -29.724  -36.125  37.650 0.0000000000
30746  -29.850  -38.305  34.958 0.0000000000
34589  -41.976  -34.460  46.614 0.0000000000
33577  -40.164  -35.641  45.007 0.0000000000
34606  -41.203  -34.046  44.151 0.0000000000
34644  -41.500  -34.115  40.746 0.0000000000
120702  -39.407  -33.797  41.123 0.0000000000
35654  -39.067  -34.011  40.080 0.0000000000
34663  -38.634  -34.329  39.524 0.0000000000
34680  -39.071  -34.797  39.029 0.0000000000
31670  -39.273  -37.074  37.394 0.0000000000
45901  -39.803  -22.879  40.791 0.0000000000
138510  -40.509  -21.272  40.441 0.0000000000
46757  -40.858  -21.566  41.279 0.0000000000
47647  -42.084  -20.866  42.071 0.0000000000
48462  -43.177  -20.143  42.400 0.0000000000
41911  -39.479  -26.357  45.913 0.0000000000
41910  -37.988  -26.994  45.427 0.0000000000
41923  -39.165  -26.043  45.143 0.0000000000
43008  -38.388  -25.576  43.567 0.0000000000
43019  -37.715  -25.380  42.069 0.0000000000
43042  -37.309  -25.128  40.720 0.0000000000
44007  -38.861  -24.351  41.731 0.0000000000
44978  -39.019  -23.881  41.234 0.0000000000
57717  -48.002  -9.528  30.373 0.0000000000
29603  -36.600  -39.872  45.849 0.0000000000
29621  -36.350  -39.559  45.051 0.0000000000
30631  -37.525  -38.597  45.067 0.0000000000
31571  -37.776  -37.783  44.744 0.0000000000
32555  -37.626  -36.617  43.678 0.0000000000
49412  -43.061  -18.509  37.216 0.0000000000
49424  -41.789  -18.356  36.226 0.0000000000
49426  -43.642  -18.235  36.672 0.0000000000
50296  -43.504  -17.257  35.872 0.0000000000
126625  -43.446  -16.353  35.753 0.0000000000
52978  -43.232  -14.720  35.460 0.0000000000
52969  -43.574  -14.606  36.309 0.0000000000
53802  -44.046  -14.044  37.034 0.0000000000
54658  -45.038  -12.844  37.544 0.0000000000
35540  -32.921  -33.138  47.125 0.0000000000
35543  -35.058  -33.918  46.193 0.0000000000
36503  -32.896  -32.591  46.531 0.0000000000
36513  -33.866  -32.683  45.175 0.0000000000
36556  -35.372  -32.873  43.586 0.0000000000
40072  -33.847  -29.059  41.054 0.0000000000
38346  -33.656  -30.408  40.876 0.0000000000
131509  -33.582  -30.120  40.060 0.0000000000
38371  -34.668  -30.638  38.497 0.0000000000
38373  -36.613  -29.839  38.118 0.0000000000
39285  -37.706  -29.322  37.007 0.0000000000
115418  -36.257  -29.309  36.468 0.0000000000
44109  -35.167  -24.097  35.908 0.0000000000
45085  -34.734  -23.654  34.334 0.0000000000
54606  -52.126  -12.522  43.242 0.0000000000
133601  -50.642  -12.651  41.727 0.0000000000
55640  -52.916  -12.309  41.993 0.0000000000
55642  -53.423  -11.673  41.538 0.0000000000
56659  -53.216  -10.771  40.031 0.0000000000
60284  -52.950  -5.518  37.772 0.0000000000
59417  -55.739  -7.588  37.791 0.0000000000
59427  -54.715  -7.303  36.465 0.0000000000
58550  -54.093  -7.728  34.710 0.0000000000
58548  -52.351  -8.756  33.922 0.0000000000
57676  -51.410  -8.923  33.321 0.0000000000
58557  -52.531  -8.377  33.036 0.0000000000
58570  -52.858  -7.331  31.968 0.0000000000
58581  -53.029  -7.322  31.219 0.0000000000
61301  -50.597  -5.652  28.306 0.0000000000
60389  -50.721  -6.338  28.603 0.0000000000
60393  -50.821  -6.277  27.960 0.0000000000
26748  -27.752  -42.300  44.691 0.0000000000
26747  -26.967  -42.125  44.653 0.0000000000
27724  -28.037  -41.535  43.400 0.0000000000
28680  -28.685  -40.433  42.242 0.0000000000
29664  -28.480  -39.320  40.955 0.0000000000
32610  -33.261  -36.315  39.594 0.0000000000
121046  -31.630  -36.651  39.271 0.0000000000
33660  -32.740  -35.469  38.063 0.0000000000
33692  -32.311  -35.434  36.217 0.0000000000
134078  -31.603  -35.866  35.373 0.0000000000
136827  -31.181  -37.514  35.004 0.0000000000
126786  -32.940  -36.792  35.361 0.0000000000
120831  -44.290  -32.931  44.664 0.0000000000
35608  -43.195  -33.365  44.274 0.0000000000
35617  -43.555  -33.420  43.156 0.0000000000
35642  -42.940  -33.918  41.818 0.0000000000
34666  -41.943  -34.786  40.398 0.0000000000
46822  -37.476  -21.683  35.947 0.0000000000
47725  -37.865  -20.550  35.001 0.0000000000
47713  -38.608  -20.586  36.253 0.0000000000
47714  -39.208  -20.183  36.684 0.0000000000
48557  -40.431  -19.248  37.442 0.0000000000
47691  -40.507  -20.561  39.614 0.0000000000
115091  -40.816  -19.658  39.152 0.0000000000
49399  -42.152  -18.643  37.941 0.0000000000
49400  -43.137  -18.615  38.123 0.0000000000
49402  -44.440  -18.348  38.794 0.0000000000
51184  -45.256  -17.386  39.624 0.0000000000
39181  -35.126  -29.321  47.736 0.0000000000
127901  -33.973  -29.417  46.845 0.0000000000
39191  -34.784  -29.196  46.764 0.0000000000
40038  -34.899  -28.954  44.954 0.0000000000
40048  -35.028  -28.812  44.077 0.0000000000
40932  -36.957  -27.555  44.584 0.0000000000
40938  -35.974  -27.851  43.180 0.0000000000
40065  -34.774  -28.373  42.126 0.0000000000
40081  -34.075  -28.327  40.789 0.0000000000
40956  -33.806  -28.072  40.021 0.0000000000
134641  -33.269  -27.533  38.538 0.0000000000
41997  -32.738  -27.287  37.052 0.0000000000
41982  -33.471  -26.839  38.255 0.0000000000
43076  -34.499  -25.622  37.743 0.0000000000
44071  -35.009  -24.868  37.178 0.0000000000
44031  -37.105  -24.427  39.271 0.0000000000
44051  -36.605  -24.419  38.557 0.0000000000
45037  -36.182  -23.959  36.978 0.0000000000
45054  -36.447  -23.377  36.551 0.0000000000
45973  -36.970  -22.360  36.088 0.0000000000
60338  -50.809  -5.135  33.484 0.0000000000
61264  -50.627  -4.419  32.547 0.0000000000
61271  -50.439  -4.794  31.482 0.0000000000
61278  -50.403  -5.159  30.562 0.0000000000
62162  -50.464  -4.863  28.937 0.0000000000
62167  -50.739  -4.849  28.085 0.0000000000
27709  -32.676  -41.583  44.792 0.0000000000
28668  -31.858  -40.331  43.149 0.0000000000
28669  -32.582  -40.378  43.574 0.0000000000
29647  -33.305  -39.257  42.851 0.0000000000
30670  -33.764  -38.222  42.015 0.0000000000
30648  -35.469  -38.484  43.647 0.0000000000
31610  -34.616  -38.003  42.440 0.0000000000
31634  -33.897  -37.073  40.986 0.0000000000
32604  -34.397  -36.287  40.367 0.0000000000
33648  -35.352  -35.279  39.432 0.0000000000
34693  -36.079  -34.910  38.156 0.0000000000
48609  -38.265  -19.731  34.676 0.0000000000
48625  -38.328  -19.082  33.957 0.0000000000
49460  -41.259  -17.818  34.890 0.0000000000
55761  -45.543  -11.354  34.241 0.0000000000
56717  -46.010  -10.794  33.826 0.0000000000
32502  -36.680  -36.235  48.887 0.0000000000
32516  -39.336  -36.560  48.056 0.0000000000
33531  -38.891  -35.546  48.421 0.0000000000
34550  -41.135  -34.470  47.670 0.0000000000
35571  -42.208  -33.301  46.583 0.0000000000
34588  -37.393  -34.215  46.272 0.0000000000
35570  -40.341  -32.974  45.828 0.0000000000
36536  -42.193  -32.106  45.636 0.0000000000
37428  -43.112  -30.972  44.395 0.0000000000
37448  -42.387  -30.594  42.785 0.0000000000
37481  -42.035  -31.192  40.916 0.0000000000
38302  -33.198  -30.677  44.776 0.0000000000
36554  -34.058  -31.897  43.361 0.0000000000
36569  -35.312  -32.593  42.793 0.0000000000
36596  -34.734  -31.774  40.773 0.0000000000
36584  -35.797  -32.366  41.542 0.0000000000
125405  -37.401  -32.265  41.972 0.0000000000
37462  -39.134  -30.820  41.528 0.0000000000
38349  -40.250  -30.537  40.608 0.0000000000
40992  -32.711  -27.257  36.043 0.0000000000
43963  -42.062  -23.989  45.365 0.0000000000
45864  -43.057  -22.965  45.288 0.0000000000
26708  -28.361  -43.457  46.302 0.0000000000
27694  -31.934  -42.084  45.091 0.0000000000
27695  -32.788  -42.239  45.500 0.0000000000
27696  -34.171  -41.692  45.874 0.0000000000
29566  -36.353  -40.022  47.405 0.0000000000
30583  -36.714  -38.909  47.491 0.0000000000
31531  -35.807  -37.539  49.006 0.0000000000
32485  -35.674  -36.308  49.383 0.0000000000
33511  -35.331  -35.862  49.530 0.0000000000
34525  -33.619  -34.755  49.012 0.0000000000
34544  -33.069  -34.086  48.379 0.0000000000
36481  -31.390  -32.865  50.616 0.0000000000
36491  -32.003  -32.911  48.434 0.0000000000
37387  -31.831  -31.727  48.981 0.0000000000
38259  -32.661  -30.877  49.900 0.0000000000
38261  -34.106  -30.467  50.185 0.0000000000
39147  -34.874  -30.072  49.409 0.0000000000
39166  -36.463  -29.599  48.983 0.0000000000
40011  -37.927  -28.957  48.511 0.0000000000
116687  -41.576  -25.121  46.212 0.0000000000
133275  -43.746  -21.409  44.470 0.0000000000
47636  -43.774  -20.693  43.810 0.0000000000
48454  -44.906  -19.555  43.303 0.0000000000
49331  -46.862  -18.595  45.133 0.0000000000
118036  -46.697  -18.516  43.597 0.0000000000
49356  -46.010  -18.506  42.221 0.0000000000
49367  -46.285  -18.146  41.851 0.0000000000
51168  -45.937  -16.747  41.154 0.0000000000
52064  -45.048  -15.408  41.039 0.0000000000
53755  -47.192  -13.828  43.606 0.0000000000
52925  -45.833  -14.013  42.389 0.0000000000
52943  -45.136  -14.131  40.978 0.0000000000
53786  -45.272  -13.365  39.714 0.0000000000
54635  -45.716  -12.789  39.185 0.0000000000
54646  -46.223  -12.590  38.571 0.0000000000
54639  -49.427  -12.535  39.956 0.0000000000
124400  -47.544  -12.428  38.298 0.0000000000
118095  -46.492  -12.356  37.228 0.0000000000
55721  -46.786  -11.694  36.009 0.0000000000
55741  -47.285  -11.149  35.589 0.0000000000
56719  -47.493  -10.321  34.482 0.0000000000
56660  -54.075  -10.305  40.473 0.0000000000
56682  -51.913  -10.432  38.278 0.0000000000
57634  -55.169  -9.130  37.124 0.0000000000
114994  -52.705  -10.042  37.746 0.0000000000
57623  -51.451  -10.233  37.409 0.0000000000
56695  -49.573  -10.400  36.412 0.0000000000
136121  -48.788  -10.094  35.102 0.0000000000
57672  -47.288  -10.066  33.776 0.0000000000
57686  -47.755  -9.546  32.615 0.0000000000
124944  -48.191  -9.350  31.185 0.0000000000
57718  -48.964  -9.481  30.679 0.0000000000
116983  -50.141  -9.063  32.007 0.0000000000
57703  -49.613  -9.285  31.356 0.0000000000
57738  -49.498  -9.820  29.947 0.0000000000
60360  -51.221  -6.413  31.736 0.0000000000
60371  -52.523  -6.781  31.220 0.0000000000
127147  -53.135  -7.025  30.834 0.0000000000
59498  -52.572  -7.247  29.562 0.0000000000
59487  -53.182  -7.001  30.309 0.0000000000
58590  -53.488  -7.264  30.377 0.0000000000
27722  -26.558  -41.360  43.301 0.0000000000
29645  -31.071  -39.715  42.110 0.0000000000
30667  -29.899  -38.889  40.918 0.0000000000
30684  -29.088  -38.445  39.941 0.0000000000
32608  -30.737  -36.738  38.995 0.0000000000
134609  -29.520  -37.487  39.138 0.0000000000
31636  -28.250  -37.903  38.810 0.0000000000
31669  -27.227  -37.462  37.472 0.0000000000
32531  -39.975  -36.524  46.259 0.0000000000
33576  -39.167  -35.941  44.499 0.0000000000
33600  -38.335  -35.258  42.801 0.0000000000
35606  -40.734  -33.813  43.167 0.0000000000
34611  -38.704  -34.515  42.293 0.0000000000
34627  -37.623  -34.716  41.296 0.0000000000
34642  -37.326  -34.586  40.511 0.0000000000
34678  -37.383  -34.563  38.911 0.0000000000
33686  -37.410  -35.455  37.582 0.0000000000
33652  -44.769  -35.287  41.425 0.0000000000
33651  -42.295  -35.572  40.024 0.0000000000
33667  -40.697  -36.148  38.694 0.0000000000
33687  -39.132  -35.770  38.076 0.0000000000
32637  -37.741  -36.182  37.106 0.0000000000
32647  -36.633  -36.605  36.443 0.0000000000
44954  -41.233  -23.610  43.822 0.0000000000
45879  -41.764  -22.811  43.379 0.0000000000
45872  -42.067  -23.114  44.128 0.0000000000
43974  -41.003  -24.209  44.344 0.0000000000
118686  -40.519  -24.438  44.102 0.0000000000
43987  -40.642  -24.109  43.859 0.0000000000
44953  -40.553  -23.839  43.291 0.0000000000
56728  -45.738  -10.565  33.166 0.0000000000
129718  -45.361  -10.231  31.918 0.0000000000
56746  -45.864  -10.165  32.522 0.0000000000
31541  -38.099  -37.689  47.561 0.0000000000
30585  -38.332  -38.024  46.957 0.0000000000
31542  -38.872  -37.236  47.461 0.0000000000
46855  -36.450  -21.241  33.740 0.0000000000
47759  -36.702  -20.486  33.369 0.0000000000
47740  -37.056  -20.751  34.042 0.0000000000
51190  -44.735  -16.523  38.775 0.0000000000
51198  -44.447  -16.508  37.915 0.0000000000
39162  -33.043  -30.091  47.879 0.0000000000
39179  -33.477  -29.670  47.300 0.0000000000
40098  -32.975  -28.576  37.980 0.0000000000
122639  -33.253  -29.264  38.148 0.0000000000
46837  -36.137  -21.976  34.098 0.0000000000
60319  -51.555  -5.534  35.124 0.0000000000
60320  -52.355  -6.431  35.239 0.0000000000
27726  -30.359  -41.286  43.596 0.0000000000
27727  -31.075  -41.429  43.965 0.0000000000
33695  -35.384  -35.465  36.762 0.0000000000
33709  -35.195  -35.935  36.189 0.0000000000
117808  -36.034  -35.923  36.514 0.0000000000
36600  -42.835  -32.113  40.810 0.0000000000
36601  -44.424  -32.835  41.654 0.0000000000
36608  -43.740  -32.886  40.629 0.0000000000
45927  -38.929  -22.234  38.989 0.0000000000
46781  -39.311  -21.494  38.598 0.0000000000
46772  -39.540  -21.767  39.366 0.0000000000
136831  -43.149  -19.661  41.869 0.0000000000
124391  -42.831  -19.404  41.303 0.0000000000
48480  -43.619  -19.143  41.506 0.0000000000
48481  -44.479  -18.928  41.729 0.0000000000
118337  -38.364  -27.885  46.990 0.0000000000
40916  -37.776  -27.903  46.393 0.0000000000
41951  -36.472  -26.504  41.728 0.0000000000
41960  -36.294  -26.238  40.923 0.0000000000
43040  -36.038  -26.004  40.153 0.0000000000
43041  -36.705  -25.555  40.500 0.0000000000
45913  -38.620  -22.952  39.393 0.0000000000
45926  -38.314  -22.672  38.675 0.0000000000
29619  -34.527  -39.835  44.280 0.0000000000
29620  -35.434  -39.709  44.699 0.0000000000
32574  -37.222  -36.215  42.965 0.0000000000
129124  -36.489  -36.513  42.651 0.0000000000
33619  -36.590  -35.614  41.528 0.0000000000
33620  -37.277  -35.334  41.794 0.0000000000
49422  -39.986  -18.942  35.907 0.0000000000
51218  -42.494  -16.416  34.493 0.0000000000
54676  -44.931  -12.743  36.745 0.0000000000
54696  -44.438  -12.905  36.140 0.0000000000
54697  -45.291  -12.402  36.088 0.0000000000
123404  -34.759  -34.680  47.863 0.0000000000
34546  -35.663  -34.743  47.671 0.0000000000
34567  -34.956  -34.311  47.001 0.0000000000
35605  -37.751  -32.897  43.977 0.0000000000
36572  -37.839  -32.303  42.651 0.0000000000
38323  -33.579  -30.115  43.023 0.0000000000
123587  -33.658  -29.863  42.222 0.0000000000
38358  -37.196  -30.010  38.767 0.0000000000
38359  -37.984  -29.675  39.017 0.0000000000
116023  -38.382  -29.526  38.304 0.0000000000
44091  -33.841  -25.017  35.995 0.0000000000
52039  -47.454  -16.231  44.272 0.0000000000
54605  -50.767  -12.477  43.422 0.0000000000
54593  -50.300  -12.273  44.360 0.0000000000
54604  -49.176  -12.422  43.340 0.0000000000
135688  -48.676  -12.466  42.495 0.0000000000
120043  -48.362  -12.509  41.781 0.0000000000
55689  -50.630  -11.367  38.970 0.0000000000
56668  -50.218  -11.079  38.079 0.0000000000
55706  -49.342  -11.284  37.712 0.0000000000
59415  -52.783  -6.164  38.319 0.0000000000
59405  -53.481  -6.760  38.860 0.0000000000
58499  -54.098  -7.796  39.643 0.0000000000
59406  -54.320  -6.818  39.005 0.0000000000
57666  -52.117  -9.210  34.816 0.0000000000
60379  -50.660  -6.269  29.353 0.0000000000
130684  -26.527  -42.316  45.205 0.0000000000
29663  -27.741  -39.233  40.651 0.0000000000
135769  -27.182  -39.527  40.957 0.0000000000
30672  -26.761  -38.797  39.577 0.0000000000
31624  -32.750  -37.944  41.187 0.0000000000
30678  -32.081  -38.193  41.084 0.0000000000
31632  -32.391  -37.548  40.659 0.0000000000
132813  -29.319  -37.573  34.836 0.0000000000
34598  -42.712  -33.438  46.265 0.0000000000
34597  -42.036  -34.140  45.541 0.0000000000
35594  -42.270  -33.720  44.638 0.0000000000
34643  -40.025  -34.049  40.284 0.0000000000
34664  -39.466  -34.402  39.629 0.0000000000
33649  -39.856  -34.924  39.271 0.0000000000
45893  -40.272  -22.916  41.444 0.0000000000
45902  -40.348  -22.163  40.934 0.0000000000
119582  -40.695  -22.275  41.554 0.0000000000
46733  -42.110  -21.987  43.038 0.0000000000
46746  -41.765  -21.568  42.374 0.0000000000
46747  -42.390  -21.222  42.746 0.0000000000
47648  -42.641  -20.636  42.423 0.0000000000
134539  -43.103  -20.790  43.089 0.0000000000
41912  -40.305  -26.107  46.205 0.0000000000
42990  -39.964  -25.759  45.415 0.0000000000
43997  -39.560  -24.614  43.153 0.0000000000
43009  -39.280  -25.154  43.793 0.0000000000
136319  -38.943  -25.004  43.106 0.0000000000
122942  -38.344  -25.151  42.666 0.0000000000
43032  -38.350  -24.807  41.883 0.0000000000
44980  -40.085  -23.535  42.043 0.0000000000
44979  -39.444  -23.975  41.927 0.0000000000
45892  -39.622  -23.474  41.363 0.0000000000
56759  -45.275  -10.136  31.158 0.0000000000
57716  -46.637  -9.699  30.437 0.0000000000
29604  -37.265  -39.455  46.167 0.0000000000
30607  -37.154  -39.310  45.426 0.0000000000
31553  -38.129  -38.092  45.547 0.0000000000
32539  -38.060  -37.031  44.424 0.0000000000
48623  -36.957  -19.747  32.964 0.0000000000
49425  -42.828  -18.313  36.337 0.0000000000
118654  -43.855  -17.685  36.456 0.0000000000
51205  -43.828  -16.718  36.437 0.0000000000
137110  -43.349  -15.401  35.823 0.0000000000
52111  -43.644  -15.667  36.452 0.0000000000
53803  -44.491  -13.539  37.668 0.0000000000
132410  -44.886  -13.198  38.192 0.0000000000
36498  -32.376  -32.462  47.401 0.0000000000
35541  -33.550  -33.340  46.603 0.0000000000
37402  -33.364  -32.123  45.264 0.0000000000
36512  -32.964  -32.113  45.924 0.0000000000
35589  -34.316  -32.758  44.558 0.0000000000
36532  -33.798  -32.153  44.422 0.0000000000
39250  -33.576  -29.650  40.522 0.0000000000
38370  -33.907  -30.316  38.536 0.0000000000
38372  -35.445  -30.122  37.791 0.0000000000
38385  -36.407  -29.436  37.186 0.0000000000
39284  -35.273  -29.512  36.855 0.0000000000
45072  -35.605  -23.546  35.490 0.0000000000
45071  -34.947  -23.907  35.105 0.0000000000
45086  -35.395  -23.315  34.725 0.0000000000
54607  -52.449  -12.207  43.459 0.0000000000
54620  -53.002  -12.349  42.795 0.0000000000
56639  -53.638  -11.162  41.533 0.0000000000
55674  -52.658  -11.336  40.499 0.0000000000
56649  -53.743  -10.949  40.989 0.0000000000
60299  -52.086  -4.235  36.380 0.0000000000
61232  -52.175  -3.213  36.384 0.0000000000
60283  -52.155  -4.264  37.136 0.0000000000
60285  -54.081  -6.686  37.505 0.0000000000
60301  -53.672  -6.809  36.490 0.0000000000
59451  -53.958  -7.310  34.626 0.0000000000
58549  -53.525  -8.157  34.029 0.0000000000
138630  -52.986  -8.298  33.522 0.0000000000
58558  -53.242  -7.673  33.387 0.0000000000
123644  -53.005  -7.426  32.688 0.0000000000
59480  -52.888  -6.999  31.522 0.0000000000
61302  -50.967  -5.690  27.648 0.0000000000
27705  -28.332  -42.022  44.036 0.0000000000
121286  -29.092  -40.960  42.845 0.0000000000
29651  -28.578  -39.843  41.574 0.0000000000
29643  -29.387  -39.891  41.782 0.0000000000
33647  -33.729  -35.692  39.125 0.0000000000
33646  -32.997  -35.854  38.872 0.0000000000
33661  -33.565  -35.405  38.300 0.0000000000
33693  -33.311  -35.372  36.499 0.0000000000
33681  -32.524  -35.350  37.130 0.0000000000
33691  -31.540  -35.519  35.860 0.0000000000
33705  -32.113  -35.679  35.634 0.0000000000
32656  -32.242  -36.251  35.272 0.0000000000
32657  -33.243  -36.194  35.488 0.0000000000
31681  -34.798  -37.701  35.870 0.0000000000
30750  -33.967  -37.869  35.747 0.0000000000
36563  -44.342  -32.460  44.434 0.0000000000
35609  -44.473  -33.042  43.837 0.0000000000
35618  -44.566  -33.201  42.841 0.0000000000
35643  -44.724  -34.027  42.103 0.0000000000
34645  -43.520  -34.497  41.572 0.0000000000
46806  -38.087  -21.431  36.632 0.0000000000
47712  -37.994  -20.943  35.746 0.0000000000
47697  -39.699  -20.763  38.212 0.0000000000
47704  -39.439  -20.472  37.436 0.0000000000
48556  -39.980  -19.944  37.886 0.0000000000
120366  -39.760  -19.713  37.094 0.0000000000
137183  -40.929  -20.534  40.331 0.0000000000
48513  -41.546  -19.192  39.462 0.0000000000
48535  -41.374  -19.018  38.604 0.0000000000
49389  -42.244  -18.746  38.837 0.0000000000
49390  -43.153  -18.649  39.039 0.0000000000
49392  -44.680  -18.377  39.468 0.0000000000
50268  -45.185  -18.088  39.669 0.0000000000
115182  -44.945  -17.950  38.931 0.0000000000
39182  -36.068  -29.274  47.978 0.0000000000
40023  -35.734  -29.052  47.064 0.0000000000
40040  -36.514  -28.318  45.741 0.0000000000
40039  -35.676  -28.651  45.436 0.0000000000
127423  -35.551  -28.573  44.618 0.0000000000
41921  -37.594  -26.811  44.598 0.0000000000
40925  -37.387  -27.467  45.248 0.0000000000
40940  -37.016  -27.037  43.865 0.0000000000
40945  -36.128  -27.390  42.655 0.0000000000
40066  -35.529  -27.805  42.376 0.0000000000
40057  -35.199  -28.487  43.105 0.0000000000
40073  -34.274  -28.540  41.466 0.0000000000
40950  -34.712  -27.885  41.361 0.0000000000
41958  -34.838  -26.940  40.195 0.0000000000
40957  -34.431  -27.609  40.527 0.0000000000
40965  -34.135  -27.321  39.770 0.0000000000
40964  -33.545  -27.787  39.264 0.0000000000
41969  -33.848  -27.046  39.006 0.0000000000
43066  -35.176  -25.618  38.578 0.0000000000
43077  -35.413  -24.993  37.952 0.0000000000
44016  -37.791  -24.579  40.503 0.0000000000
44015  -37.067  -24.911  39.983 0.0000000000
133082  -37.548  -24.371  39.788 0.0000000000
45023  -37.460  -23.608  38.624 0.0000000000
44052  -37.165  -24.045  38.775 0.0000000000
45022  -36.970  -23.841  38.180 0.0000000000
44073  -36.431  -24.142  37.747 0.0000000000
45038  -36.815  -23.482  37.381 0.0000000000
45953  -36.937  -22.847  36.739 0.0000000000
45954  -37.422  -22.180  36.715 0.0000000000
62134  -51.058  -3.000  31.843 0.0000000000
62148  -50.507  -4.082  30.071 0.0000000000
63070  -50.664  -3.837  29.354 0.0000000000
62163  -50.716  -4.147  28.650 0.0000000000
28658  -32.614  -40.983  44.154 0.0000000000
28670  -33.296  -40.443  44.025 0.0000000000
117778  -34.075  -39.330  43.482 0.0000000000
30661  -33.298  -38.721  42.331 0.0000000000
30629  -35.870  -38.991  44.360 0.0000000000
31590  -35.865  -37.892  43.295 0.0000000000
31627  -34.969  -37.151  42.024 0.0000000000
31626  -34.221  -37.520  41.681 0.0000000000
34676  -35.705  -34.994  38.755 0.0000000000
47726  -38.431  -20.168  35.502 0.0000000000
49457  -38.891  -18.968  34.624 0.0000000000
49444  -42.466  -18.066  35.542 0.0000000000
49443  -41.500  -18.156  35.493 0.0000000000
50294  -42.040  -17.803  35.096 0.0000000000
50320  -41.257  -17.040  34.069 0.0000000000
52991  -43.272  -13.971  35.033 0.0000000000
54716  -43.884  -12.772  34.634 0.0000000000
54734  -44.211  -12.003  33.533 0.0000000000
55760  -44.848  -11.652  33.900 0.0000000000
55782  -45.317  -11.086  33.469 0.0000000000
55762  -46.279  -11.096  34.559 0.0000000000
33529  -36.676  -35.650  48.651 0.0000000000
33530  -37.780  -35.775  48.542 0.0000000000
122972  -37.290  -35.310  48.258 0.0000000000
34549  -39.327  -34.512  47.702 0.0000000000
35527  -41.329  -33.962  47.466 0.0000000000
35526  -40.751  -33.683  47.208 0.0000000000
117266  -35.775  -33.903  45.856 0.0000000000
34587  -36.503  -34.199  46.278 0.0000000000
35567  -36.610  -33.883  45.586 0.0000000000
35593  -39.545  -32.763  45.049 0.0000000000
35569  -38.847  -33.331  45.580 0.0000000000
36535  -40.668  -32.258  45.214 0.0000000000
36514  -41.734  -32.674  46.194 0.0000000000
36561  -42.500  -31.390  44.791 0.0000000000
37447  -40.852  -30.763  42.908 0.0000000000
136239  -41.573  -30.566  42.974 0.0000000000
37464  -41.144  -30.552  42.362 0.0000000000
37465  -42.418  -30.854  41.715 0.0000000000
38336  -41.558  -30.584  41.861 0.0000000000
39190  -34.085  -29.350  46.162 0.0000000000
39189  -33.398  -29.636  46.494 0.0000000000
39205  -33.140  -29.930  45.255 0.0000000000
117570  -33.694  -30.983  43.161 0.0000000000
37426  -33.587  -31.321  44.043 0.0000000000
36555  -34.687  -32.479  43.333 0.0000000000
37474  -34.107  -31.197  40.791 0.0000000000
36597  -35.551  -32.102  40.802 0.0000000000
36598  -36.501  -32.131  40.941 0.0000000000
36585  -36.656  -32.384  41.731 0.0000000000
36599  -37.373  -31.960  41.255 0.0000000000
36586  -38.257  -31.743  41.837 0.0000000000
37461  -38.138  -30.989  40.857 0.0000000000
38362  -39.948  -30.556  39.740 0.0000000000
37480  -40.926  -30.854  40.304 0.0000000000
37492  -40.526  -31.133  39.581 0.0000000000
41998  -33.117  -26.690  37.502 0.0000000000
42015  -32.924  -26.537  36.668 0.0000000000
26732  -32.965  -42.928  46.298 0.0000000000
28629  -36.102  -40.674  47.083 0.0000000000
32484  -34.886  -36.368  49.932 0.0000000000
33510  -34.519  -35.846  50.183 0.0000000000
34524  -32.741  -34.381  49.392 0.0000000000
37368  -31.243  -32.304  51.790 0.0000000000
35517  -31.748  -33.258  49.649 0.0000000000
36490  -31.687  -32.483  49.216 0.0000000000
128867  -33.241  -30.710  50.336 0.0000000000
38260  -33.334  -30.479  49.388 0.0000000000
38262  -35.168  -30.251  50.588 0.0000000000
39148  -35.888  -30.045  49.771 0.0000000000
39149  -36.850  -29.812  50.042 0.0000000000
39150  -38.423  -29.036  49.799 0.0000000000
40012  -38.766  -28.455  48.687 0.0000000000
43962  -41.859  -24.607  45.774 0.0000000000
45865  -43.840  -22.562  45.786 0.0000000000
45874  -43.433  -22.220  44.866 0.0000000000
46707  -44.053  -21.807  45.191 0.0000000000
47623  -45.404  -20.173  44.985 0.0000000000
47622  -44.495  -20.675  44.635 0.0000000000
48445  -45.127  -19.827  44.171 0.0000000000
47637  -44.434  -20.165  43.786 0.0000000000
50236  -47.489  -17.648  43.985 0.0000000000
49348  -47.306  -18.214  43.993 0.0000000000
49347  -46.153  -18.620  42.960 0.0000000000
49357  -46.637  -18.183  42.686 0.0000000000
52052  -46.548  -16.060  42.668 0.0000000000
129000  -46.317  -17.148  41.673 0.0000000000
52066  -46.146  -16.374  41.919 0.0000000000
52065  -45.577  -15.818  41.477 0.0000000000
52051  -45.791  -15.455  42.329 0.0000000000
52916  -47.773  -14.294  44.637 0.0000000000
53756  -47.928  -13.282  44.246 0.0000000000
54602  -46.888  -12.870  42.366 0.0000000000
53763  -46.592  -13.509  42.795 0.0000000000
53771  -46.178  -13.263  42.173 0.0000000000
52935  -45.203  -14.743  41.771 0.0000000000
53770  -45.607  -13.548  41.521 0.0000000000
53777  -44.945  -14.140  40.210 0.0000000000
53778  -45.443  -13.422  40.571 0.0000000000
136227  -46.681  -12.630  40.037 0.0000000000
54636  -46.649  -12.612  39.387 0.0000000000
54647  -46.990  -12.549  38.679 0.0000000000
54629  -50.212  -12.588  40.855 0.0000000000
54662  -48.851  -11.932  38.152 0.0000000000
54648  -48.323  -12.368  38.619 0.0000000000
54660  -47.318  -12.251  37.503 0.0000000000
54678  -47.071  -12.036  36.723 0.0000000000
55704  -47.828  -11.809  37.041 0.0000000000
55722  -47.542  -11.445  36.320 0.0000000000
56693  -48.034  -10.950  35.855 0.0000000000
56708  -47.027  -10.860  34.870 0.0000000000
56709  -47.754  -10.598  35.180 0.0000000000
57613  -55.211  -9.342  39.738 0.0000000000
57612  -54.684  -9.818  40.156 0.0000000000
56671  -53.528  -10.288  39.305 0.0000000000
58520  -55.274  -8.346  36.538 0.0000000000
57635  -55.736  -8.508  37.344 0.0000000000
57632  -51.694  -9.912  36.687 0.0000000000
56696  -50.584  -10.194  36.761 0.0000000000
57649  -50.151  -9.918  35.849 0.0000000000
57664  -49.213  -9.789  34.657 0.0000000000
126825  -47.911  -9.934  34.094 0.0000000000
115624  -47.920  -9.695  33.438 0.0000000000
116220  -48.407  -9.325  32.032 0.0000000000
57702  -48.907  -9.307  31.481 0.0000000000
57687  -50.710  -9.001  32.685 0.0000000000
58568  -51.119  -8.890  31.867 0.0000000000
57719  -49.954  -9.526  30.659 0.0000000000
60350  -50.706  -5.818  32.475 0.0000000000
60351  -51.381  -6.330  32.753 0.0000000000
60390  -51.215  -6.881  28.212 0.0000000000
59497  -51.397  -6.887  29.145 0.0000000000
59488  -53.698  -7.229  30.016 0.0000000000
27723  -27.233  -41.565  43.513 0.0000000000
28678  -26.582  -40.797  42.643 0.0000000000
29648  -26.128  -40.028  41.512 0.0000000000
28691  -25.912  -40.562  42.189 0.0000000000
29660  -24.866  -39.615  40.226 0.0000000000
30697  -25.462  -38.608  38.279 0.0000000000
30713  -25.323  -38.333  36.581 0.0000000000
29635  -31.857  -39.781  42.516 0.0000000000
28683  -31.126  -40.301  42.766 0.0000000000
30676  -30.534  -38.438  40.631 0.0000000000
30668  -30.622  -38.894  41.213 0.0000000000
30675  -29.162  -38.882  40.615 0.0000000000
117533  -29.810  -38.440  40.300 0.0000000000
32621  -31.288  -36.087  38.485 0.0000000000
32619  -28.959  -36.652  37.803 0.0000000000
121645  -29.777  -36.810  38.595 0.0000000000
31654  -28.935  -37.335  38.615 0.0000000000
31653  -28.109  -37.238  37.878 0.0000000000
31652  -27.460  -37.931  38.329 0.0000000000
30748  -31.724  -38.020  35.276 0.0000000000
32517  -40.117  -36.272  47.982 0.0000000000
32526  -40.281  -36.441  47.187 0.0000000000
32532  -40.612  -36.129  46.687 0.0000000000
33585  -39.665  -35.259  44.029 0.0000000000
33584  -38.729  -35.572  43.625 0.0000000000
34604  -39.166  -34.855  43.116 0.0000000000
35616  -41.768  -33.536  43.101 0.0000000000
125839  -40.705  -33.667  42.480 0.0000000000
35615  -39.088  -33.951  41.704 0.0000000000
35627  -38.682  -33.941  41.126 0.0000000000
34628  -38.305  -34.327  41.542 0.0000000000
35626  -38.062  -34.174  40.743 0.0000000000
34679  -38.229  -34.632  38.924 0.0000000000
34662  -37.857  -34.353  39.540 0.0000000000
34694  -36.957  -34.861  38.212 0.0000000000
135663  -44.679  -36.074  41.032 0.0000000000
119712  -43.708  -35.929  40.715 0.0000000000
32612  -42.791  -36.582  39.847 0.0000000000
32639  -39.832  -36.223  38.132 0.0000000000
125397  -39.804  -36.834  37.809 0.0000000000
120903  -38.649  -37.430  36.982 0.0000000000
32638  -38.523  -36.592  37.208 0.0000000000
31685  -37.928  -36.985  36.710 0.0000000000
138235  -37.289  -36.558  36.680 0.0000000000
42992  -41.165  -24.970  45.423 0.0000000000
43002  -40.424  -25.151  44.963 0.0000000000
131100  -39.335  -24.334  42.414 0.0000000000
44966  -40.475  -23.560  42.636 0.0000000000
56745  -44.751  -10.582  31.620 0.0000000000
57700  -46.657  -9.614  31.295 0.0000000000
30590  -37.780  -38.810  46.503 0.0000000000
31554  -38.810  -37.568  46.056 0.0000000000
50274  -44.444  -18.115  38.074 0.0000000000
50281  -44.252  -17.996  37.158 0.0000000000
50282  -44.493  -17.479  37.677 0.0000000000
52106  -44.059  -15.374  37.921 0.0000000000
52955  -44.246  -14.743  38.599 0.0000000000
53785  -44.689  -14.196  39.299 0.0000000000
126690  -32.402  -30.834  46.977 0.0000000000
38290  -32.644  -30.685  46.254 0.0000000000
40090  -33.423  -28.606  39.408 0.0000000000
38383  -33.615  -29.769  37.915 0.0000000000
39283  -34.022  -29.583  37.074 0.0000000000
45972  -36.517  -22.618  35.570 0.0000000000
45986  -35.792  -22.685  34.400 0.0000000000
46003  -35.501  -22.383  33.719 0.0000000000
60300  -52.510  -5.999  36.485 0.0000000000
59450  -53.498  -6.983  34.198 0.0000000000
26750  -29.490  -42.497  44.841 0.0000000000
27706  -29.196  -42.067  44.127 0.0000000000
124665  -29.671  -41.612  43.727 0.0000000000
124567  -29.717  -41.154  43.245 0.0000000000
125902  -29.839  -40.709  42.791 0.0000000000
33662  -34.312  -35.218  37.850 0.0000000000
33683  -34.054  -35.226  37.050 0.0000000000
33707  -33.730  -35.745  35.840 0.0000000000
33708  -34.472  -35.919  35.891 0.0000000000
32659  -34.920  -36.719  35.826 0.0000000000
31682  -35.571  -37.677  36.092 0.0000000000
37466  -43.627  -31.491  42.510 0.0000000000
36587  -44.502  -32.712  42.422 0.0000000000
46793  -38.416  -21.652  37.485 0.0000000000
47666  -41.763  -20.476  41.389 0.0000000000
47679  -41.445  -20.147  40.669 0.0000000000
48479  -42.121  -19.787  41.013 0.0000000000
48493  -42.563  -19.122  40.544 0.0000000000
49377  -43.229  -18.720  39.930 0.0000000000
49379  -45.024  -18.412  40.299 0.0000000000
40025  -37.458  -28.690  47.541 0.0000000000
40033  -37.114  -28.393  46.592 0.0000000000
40924  -36.899  -27.901  45.217 0.0000000000
41932  -37.065  -26.567  43.087 0.0000000000
41942  -36.541  -26.837  42.499 0.0000000000
41941  -36.013  -27.178  42.021 0.0000000000
40951  -35.395  -27.478  41.648 0.0000000000
41971  -35.305  -26.335  39.818 0.0000000000
43055  -35.773  -25.639  39.359 0.0000000000
44993  -38.608  -23.782  40.517 0.0000000000
44033  -38.048  -23.991  39.953 0.0000000000
45008  -38.433  -23.503  39.815 0.0000000000
45007  -38.018  -23.404  39.153 0.0000000000
45942  -38.030  -22.353  37.932 0.0000000000
28643  -34.114  -41.067  45.163 0.0000000000
119016  -34.014  -40.467  44.501 0.0000000000
31591  -36.605  -37.638  43.645 0.0000000000
31612  -36.168  -37.218  42.979 0.0000000000
32573  -35.729  -36.803  42.332 0.0000000000
32593  -35.409  -36.456  41.595 0.0000000000
32605  -35.177  -36.061  40.814 0.0000000000
33618  -35.891  -35.813  41.178 0.0000000000
33636  -36.375  -35.407  40.855 0.0000000000
34641  -36.617  -35.002  40.295 0.0000000000
48578  -39.563  -19.508  36.359 0.0000000000
123229  -38.897  -19.460  35.309 0.0000000000
48597  -39.388  -19.322  35.760 0.0000000000
136358  -39.958  -18.390  34.910 0.0000000000
131619  -41.653  -16.969  34.329 0.0000000000
53812  -43.939  -13.632  36.273 0.0000000000
54717  -44.393  -12.234  34.333 0.0000000000
136391  -45.330  -12.079  35.349 0.0000000000
54698  -45.989  -11.889  35.705 0.0000000000
34547  -37.346  -34.882  47.693 0.0000000000
122672  -36.468  -34.728  47.505 0.0000000000
120073  -37.800  -34.543  46.989 0.0000000000
125853  -35.737  -33.556  44.907 0.0000000000
35591  -36.740  -33.526  44.741 0.0000000000
36534  -38.570  -32.862  44.495 0.0000000000
116313  -39.429  -32.346  44.347 0.0000000000
125342  -39.382  -32.050  43.590 0.0000000000
36574  -40.040  -31.549  43.216 0.0000000000
37446  -39.710  -31.116  42.363 0.0000000000
39207  -34.159  -29.310  44.438 0.0000000000
39206  -33.437  -29.828  44.491 0.0000000000
37444  -34.009  -31.430  42.389 0.0000000000
133972  -35.136  -31.428  39.655 0.0000000000
37476  -35.312  -31.691  40.108 0.0000000000
37489  -35.842  -31.253  39.423 0.0000000000
135672  -37.696  -30.813  40.236 0.0000000000
38348  -38.354  -30.161  39.925 0.0000000000
38360  -38.752  -29.729  39.091 0.0000000000
33509  -33.802  -35.619  50.584 0.0000000000
34501  -32.197  -35.026  51.318 0.0000000000
37360  -31.581  -31.301  52.369 0.0000000000
38245  -32.081  -31.451  50.785 0.0000000000
38235  -32.635  -30.697  52.475 0.0000000000
46692  -44.899  -21.646  46.223 0.0000000000
47608  -44.605  -21.317  45.423 0.0000000000
131124  -45.170  -21.085  45.881 0.0000000000
47609  -45.556  -20.483  45.756 0.0000000000
48437  -46.029  -19.744  45.361 0.0000000000
51154  -47.341  -16.842  43.716 0.0000000000
50244  -47.035  -17.493  43.022 0.0000000000
52038  -47.102  -15.908  43.575 0.0000000000
54581  -50.680  -11.944  44.798 0.0000000000
54591  -48.382  -12.691  43.752 0.0000000000
54614  -45.965  -12.925  40.911 0.0000000000
54616  -47.287  -12.606  41.670 0.0000000000
55672  -50.064  -12.042  39.426 0.0000000000
55705  -48.567  -11.544  37.372 0.0000000000
56679  -49.091  -11.043  36.865 0.0000000000
57614  -55.709  -8.903  39.166 0.0000000000
116021  -54.095  -9.365  36.386 0.0000000000
57651  -53.301  -9.185  35.474 0.0000000000
57650  -51.972  -9.574  35.732 0.0000000000
57674  -49.535  -9.444  33.732 0.0000000000
116052  -49.843  -9.173  32.861 0.0000000000
57720  -50.957  -9.460  30.717 0.0000000000
60359  -50.513  -6.028  31.092 0.0000000000
59486  -52.211  -6.787  30.033 0.0000000000
137625  -52.195  -7.889  28.128 0.0000000000
27721  -25.743  -41.638  43.913 0.0000000000
136050  -27.312  -40.089  41.834 0.0000000000
29649  -26.927  -39.860  41.439 0.0000000000
128627  -26.505  -39.586  40.894 0.0000000000
29673  -26.200  -39.220  40.206 0.0000000000
29672  -25.422  -39.275  39.918 0.0000000000
30681  -25.969  -38.966  39.583 0.0000000000
119063  -26.099  -38.676  38.945 0.0000000000
30698  -26.166  -38.366  38.253 0.0000000000
117053  -32.159  -38.691  41.612 0.0000000000
29654  -31.352  -38.972  41.552 0.0000000000
136331  -31.740  -38.559  41.300 0.0000000000
135297  -31.014  -37.999  40.404 0.0000000000
33679  -30.700  -35.533  36.940 0.0000000000
32620  -30.458  -36.154  38.199 0.0000000000
32635  -29.024  -36.037  36.865 0.0000000000
124836  -28.010  -37.402  35.203 0.0000000000
138425  -28.631  -37.670  34.915 0.0000000000
128578  -29.022  -38.393  34.897 0.0000000000
126859  -30.414  -39.024  35.370 0.0000000000
33572  -41.721  -34.842  47.073 0.0000000000
33571  -41.257  -35.457  46.692 0.0000000000
33578  -41.292  -35.214  45.750 0.0000000000
34596  -40.793  -34.869  44.656 0.0000000000
35641  -40.650  -33.733  41.153 0.0000000000
35628  -40.142  -33.707  41.784 0.0000000000
132722  -39.506  -33.873  40.626 0.0000000000
35653  -38.318  -34.120  40.086 0.0000000000
33665  -38.706  -35.245  38.438 0.0000000000
31671  -40.227  -37.726  37.867 0.0000000000
118934  -39.396  -22.872  40.275 0.0000000000
46765  -39.839  -22.095  40.174 0.0000000000
45894  -41.168  -21.942  41.958 0.0000000000
46758  -41.440  -21.175  41.694 0.0000000000
41901  -38.997  -26.826  46.338 0.0000000000
133768  -38.351  -27.318  46.226 0.0000000000
128303  -38.695  -26.629  45.673 0.0000000000
41922  -38.390  -26.391  44.908 0.0000000000
41934  -38.159  -26.165  44.241 0.0000000000
43001  -39.646  -25.413  44.612 0.0000000000
43000  -38.819  -25.751  44.389 0.0000000000
43007  -37.675  -25.808  42.923 0.0000000000
43031  -37.786  -24.983  41.274 0.0000000000
44006  -38.297  -24.506  41.179 0.0000000000
120618  -38.590  -24.153  41.077 0.0000000000
44994  -39.202  -23.397  40.707 0.0000000000
56775  -46.007  -10.020  29.933 0.0000000000
30630  -36.766  -38.871  44.677 0.0000000000
31570  -37.066  -38.112  44.336 0.0000000000
30608  -37.837  -38.907  45.834 0.0000000000
31592  -37.331  -37.350  44.021 0.0000000000
49411  -42.012  -18.517  37.055 0.0000000000
50287  -43.234  -17.911  35.766 0.0000000000
131413  -42.993  -17.114  35.152 0.0000000000
52118  -43.023  -15.768  35.074 0.0000000000
52126  -42.607  -15.502  34.354 0.0000000000
52961  -43.761  -14.997  37.171 0.0000000000
35525  -34.126  -34.090  47.204 0.0000000000
35542  -34.356  -33.738  46.421 0.0000000000
131669  -34.548  -33.537  45.801 0.0000000000
36504  -33.424  -32.678  45.871 0.0000000000
35566  -34.413  -33.190  45.216 0.0000000000
35590  -34.904  -33.239  44.693 0.0000000000
35603  -36.026  -33.246  44.059 0.0000000000
36557  -36.225  -32.848  43.192 0.0000000000
40064  -34.040  -29.116  41.979 0.0000000000
38334  -33.620  -30.309  41.701 0.0000000000
39237  -33.623  -29.721  41.400 0.0000000000
38347  -33.899  -30.708  40.034 0.0000000000
38356  -33.674  -30.242  39.335 0.0000000000
38357  -34.228  -30.761  39.247 0.0000000000
37488  -34.951  -31.131  39.197 0.0000000000
37503  -35.630  -30.681  38.633 0.0000000000
39272  -37.334  -29.346  37.406 0.0000000000
39300  -37.067  -29.389  36.689 0.0000000000
39299  -35.643  -29.181  36.008 0.0000000000
44108  -34.414  -24.454  35.547 0.0000000000
45084  -34.062  -24.034  33.960 0.0000000000
45098  -34.464  -23.330  33.546 0.0000000000
54582  -51.595  -12.147  44.109 0.0000000000
54618  -51.178  -12.677  42.628 0.0000000000
54619  -52.056  -12.623  42.386 0.0000000000
54630  -51.413  -12.443  41.412 0.0000000000
55641  -53.535  -11.883  42.196 0.0000000000
55656  -52.094  -11.990  40.968 0.0000000000
56658  -51.814  -11.084  39.478 0.0000000000
60269  -53.660  -6.260  38.381 0.0000000000
60255  -54.669  -6.735  38.681 0.0000000000
60270  -54.634  -6.730  38.138 0.0000000000
59428  -55.212  -7.329  37.322 0.0000000000
58533  -55.116  -7.762  36.338 0.0000000000
59437  -54.407  -7.472  35.454 0.0000000000
58532  -54.651  -8.058  35.592 0.0000000000
58531  -53.991  -8.463  34.949 0.0000000000
134819  -52.642  -8.091  32.356 0.0000000000
27704  -27.501  -41.916  44.025 0.0000000000
138362  -28.589  -41.294  43.127 0.0000000000
28666  -28.288  -40.992  42.842 0.0000000000
118442  -27.921  -40.630  42.472 0.0000000000
28692  -27.919  -40.207  41.961 0.0000000000
32603  -32.785  -36.899  40.182 0.0000000000
32609  -32.481  -36.490  39.442 0.0000000000
32622  -32.153  -35.959  38.699 0.0000000000
33659  -31.851  -35.567  37.838 0.0000000000
33680  -31.522  -35.427  36.806 0.0000000000
31699  -31.575  -37.007  35.029 0.0000000000
31700  -32.389  -37.282  35.282 0.0000000000
31701  -33.621  -36.941  35.504 0.0000000000
126452  -33.148  -37.562  35.535 0.0000000000
35596  -43.967  -33.034  45.271 0.0000000000
35629  -44.248  -33.673  42.486 0.0000000000
46838  -37.432  -21.267  35.183 0.0000000000
134894  -37.368  -20.882  34.616 0.0000000000
47703  -38.890  -20.984  36.995 0.0000000000
49398  -41.225  -18.857  37.727 0.0000000000
46773  -40.095  -21.353  39.703 0.0000000000
48512  -41.144  -19.909  39.929 0.0000000000
48534  -40.605  -19.441  38.295 0.0000000000
49401  -43.936  -18.544  38.406 0.0000000000
49391  -43.993  -18.597  39.246 0.0000000000
136690  -44.942  -17.221  38.998 0.0000000000
138529  -44.983  -16.677  39.352 0.0000000000
39164  -34.555  -29.667  48.399 0.0000000000
39180  -34.256  -29.465  47.521 0.0000000000
40031  -35.547  -28.870  46.248 0.0000000000
40030  -34.849  -29.057  45.815 0.0000000000
39198  -34.151  -29.309  45.353 0.0000000000
39214  -34.456  -29.130  43.469 0.0000000000
119437  -37.741  -27.540  45.821 0.0000000000
40931  -36.469  -27.739  43.896 0.0000000000
40049  -35.794  -28.292  43.920 0.0000000000
39226  -34.513  -28.935  42.697 0.0000000000
40080  -33.631  -28.889  40.221 0.0000000000
40972  -33.170  -28.263  38.671 0.0000000000
138496  -32.913  -27.944  38.114 0.0000000000
40980  -32.790  -27.931  37.498 0.0000000000
40981  -32.942  -27.362  37.842 0.0000000000
41999  -33.779  -26.286  37.863 0.0000000000
41983  -34.349  -26.319  38.583 0.0000000000
43056  -36.493  -24.952  39.279 0.0000000000
44050  -36.043  -24.584  38.065 0.0000000000
44072  -35.786  -24.470  37.429 0.0000000000
44093  -35.471  -24.305  36.679 0.0000000000
45053  -35.861  -23.757  36.238 0.0000000000
45073  -36.183  -23.203  35.854 0.0000000000
135169  -36.599  -22.878  36.168 0.0000000000
46821  -36.934  -21.949  35.354 0.0000000000
61287  -50.429  -5.449  29.616 0.0000000000
116815  -51.226  -3.823  28.013 0.0000000000
62168  -51.365  -4.817  27.472 0.0000000000
27708  -31.869  -41.495  44.372 0.0000000000
28657  -31.854  -40.916  43.743 0.0000000000
29636  -32.601  -39.801  42.942 0.0000000000
29637  -33.296  -39.872  43.444 0.0000000000
29646  -32.573  -39.122  42.285 0.0000000000
30669  -32.937  -38.410  41.738 0.0000000000
31625  -33.450  -37.766  41.408 0.0000000000
30647  -34.692  -38.595  43.228 0.0000000000
30662  -35.230  -38.126  43.007 0.0000000000
121424  -33.567  -36.672  40.289 0.0000000000
132856  -33.895  -36.092  39.766 0.0000000000
32611  -34.491  -35.588  39.442 0.0000000000
33634  -35.030  -35.679  40.081 0.0000000000
33663  -34.876  -35.210  38.644 0.0000000000
34675  -35.229  -35.060  38.013 0.0000000000
33684  -35.676  -35.172  37.458 0.0000000000
126597  -42.780  -33.056  39.735 0.0000000000
47741  -37.611  -20.263  34.339 0.0000000000
48608  -37.832  -19.651  33.990 0.0000000000
49477  -38.394  -18.516  33.218 0.0000000000
49442  -40.472  -18.361  35.302 0.0000000000
49459  -40.345  -18.000  34.536 0.0000000000
53834  -43.412  -13.342  34.572 0.0000000000
55781  -44.621  -11.395  33.071 0.0000000000
32503  -37.699  -36.499  48.415 0.0000000000
31534  -38.458  -36.874  48.025 0.0000000000
32504  -38.749  -36.163  48.418 0.0000000000
32505  -39.652  -35.926  48.367 0.0000000000
32506  -40.380  -35.580  48.086 0.0000000000
34530  -38.908  -34.987  48.109 0.0000000000
34531  -40.599  -34.906  47.972 0.0000000000
33545  -40.997  -35.135  47.785 0.0000000000
34571  -41.945  -34.303  47.126 0.0000000000
119982  -42.143  -33.861  46.846 0.0000000000
34568  -35.895  -34.370  46.767 0.0000000000
35544  -38.266  -33.937  46.222 0.0000000000
35568  -37.588  -33.715  45.494 0.0000000000
35546  -39.945  -33.417  46.524 0.0000000000
129362  -41.169  -33.284  46.578 0.0000000000
36515  -42.880  -32.742  46.225 0.0000000000
35572  -43.647  -32.956  45.827 0.0000000000
36538  -44.091  -32.531  45.173 0.0000000000
137284  -44.214  -31.981  44.824 0.0000000000
37429  -43.943  -31.512  44.252 0.0000000000
116390  -42.101  -30.661  43.706 0.0000000000
120123  -43.081  -30.770  43.762 0.0000000000
37449  -43.673  -31.166  43.364 0.0000000000
38296  -32.895  -30.475  45.570 0.0000000000
37408  -33.369  -31.566  44.795 0.0000000000
36533  -34.306  -32.419  43.934 0.0000000000
36571  -36.875  -32.544  42.517 0.0000000000
37459  -33.838  -30.976  41.610 0.0000000000
37460  -34.356  -31.653  41.566 0.0000000000
36583  -34.973  -32.152  41.509 0.0000000000
124101  -35.298  -32.390  42.099 0.0000000000
36570  -35.993  -32.612  42.283 0.0000000000
137758  -38.994  -31.415  42.093 0.0000000000
37478  -38.932  -30.319  40.675 0.0000000000
37479  -39.688  -30.458  41.036 0.0000000000
38335  -40.644  -30.548  41.489 0.0000000000
38350  -41.309  -30.644  41.093 0.0000000000
37493  -41.546  -31.562  40.162 0.0000000000
44107  -33.705  -24.823  35.162 0.0000000000
44946  -42.359  -23.357  44.921 0.0000000000
44938  -42.658  -23.564  45.578 0.0000000000
44939  -43.283  -23.389  46.079 0.0000000000
118400  -27.400  -43.117  46.113 0.0000000000
26727  -28.006  -42.834  45.400 0.0000000000
26728  -28.900  -42.974  45.511 0.0000000000
26751  -30.372  -42.521  45.029 0.0000000000
26730  -31.212  -42.663  45.403 0.0000000000
27710  -33.458  -41.648  45.293 0.0000000000
28644  -34.737  -41.146  45.710 0.0000000000
28645  -35.430  -40.873  45.989 0.0000000000
28628  -35.620  -41.116  46.790 0.0000000000
28646  -36.088  -40.477  46.327 0.0000000000
29584  -36.576  -39.981  46.627 0.0000000000
30579  -37.202  -37.989  47.836 0.0000000000
31532  -36.777  -37.188  48.574 0.0000000000
31521  -36.044  -36.780  49.150 0.0000000000
33512  -36.040  -35.881  49.119 0.0000000000
33527  -35.026  -35.436  49.342 0.0000000000
34526  -34.537  -34.966  48.793 0.0000000000
34545  -33.889  -34.471  48.055 0.0000000000
120025  -32.283  -33.663  48.868 0.0000000000
35523  -32.649  -33.345  47.885 0.0000000000
36497  -31.875  -32.041  48.217 0.0000000000
37388  -32.066  -31.176  48.382 0.0000000000
38258  -32.119  -31.181  49.423 0.0000000000
38274  -32.705  -30.614  48.721 0.0000000000
38275  -33.362  -30.210  48.578 0.0000000000
39146  -34.009  -30.135  48.970 0.0000000000
38248  -34.424  -30.367  51.564 0.0000000000
39165  -35.476  -29.622  48.697 0.0000000000
39167  -37.428  -29.439  49.289 0.0000000000
40010  -37.014  -29.191  48.229 0.0000000000
40907  -38.222  -28.379  47.727 0.0000000000
123631  -38.956  -27.913  47.755 0.0000000000
40896  -39.536  -27.789  48.661 0.0000000000
40908  -39.583  -27.295  47.684 0.0000000000
41902  -39.714  -26.698  46.832 0.0000000000
135681  -41.176  -25.312  45.935 0.0000000000
116139  -41.389  -24.385  45.020 0.0000000000
45873  -42.735  -22.635  44.501 0.0000000000
46722  -43.057  -21.909  44.104 0.0000000000
46735  -43.267  -21.279  43.767 0.0000000000
137547  -44.223  -21.308  44.910 0.0000000000
138476  -43.973  -20.043  42.995 0.0000000000
48464  -44.661  -19.248  42.496 0.0000000000
48438  -46.408  -19.216  45.611 0.0000000000
48447  -46.452  -19.044  44.904 0.0000000000
49332  -47.437  -18.080  44.696 0.0000000000
49339  -46.936  -18.549  44.420 0.0000000000
48456  -46.371  -18.892  44.237 0.0000000000
48455  -45.796  -19.078  43.663 0.0000000000
48465  -45.483  -18.933  42.754 0.0000000000
49355  -45.305  -18.737  41.946 0.0000000000
49366  -45.812  -18.349  41.457 0.0000000000
49380  -45.567  -18.208  40.825 0.0000000000
50253  -46.502  -17.667  42.093 0.0000000000
133533  -46.020  -17.722  41.151 0.0000000000
51178  -45.635  -17.103  40.416 0.0000000000
52078  -45.442  -16.172  40.669 0.0000000000
52077  -44.861  -15.564  40.322 0.0000000000
52915  -47.125  -14.836  43.736 0.0000000000
52926  -46.395  -14.349  43.053 0.0000000000
137765  -45.785  -14.739  42.581 0.0000000000
52942  -44.777  -14.826  40.772 0.0000000000
52949  -44.493  -14.917  39.952 0.0000000000
54625  -45.991  -12.777  40.090 0.0000000000
53794  -45.050  -13.299  38.889 0.0000000000
54645  -45.438  -12.816  38.370 0.0000000000
127070  -45.901  -12.556  37.787 0.0000000000
54628  -49.230  -12.663  40.970 0.0000000000
117341  -48.373  -12.638  40.001 0.0000000000
54638  -48.583  -12.520  39.343 0.0000000000
54637  -47.702  -12.574  39.180 0.0000000000
121567  -46.762  -12.500  37.997 0.0000000000
55740  -46.521  -11.365  35.299 0.0000000000
56718  -46.745  -10.516  34.159 0.0000000000
56670  -52.275  -10.652  39.109 0.0000000000
59408  -55.772  -7.592  38.426 0.0000000000
57626  -55.857  -8.842  38.195 0.0000000000
57625  -55.162  -9.505  38.654 0.0000000000
57633  -54.027  -9.690  37.479 0.0000000000
57624  -54.048  -9.943  38.595 0.0000000000
56681  -50.808  -10.566  37.694 0.0000000000
57648  -49.237  -10.131  35.539 0.0000000000
56710  -48.463  -10.407  35.436 0.0000000000
126824  -47.235  -9.832  33.099 0.0000000000
57701  -47.515  -9.465  31.719 0.0000000000
60361  -52.500  -6.750  31.971 0.0000000000
27703  -26.698  -41.758  44.005 0.0000000000
27738  -25.706  -41.180  42.896 0.0000000000
133470  -24.149  -39.431  38.704 0.0000000000
30696  -24.717  -39.028  38.484 0.0000000000
117257  -31.119  -40.848  43.363 0.0000000000
28682  -30.377  -40.290  42.494 0.0000000000
29644  -30.184  -39.841  41.966 0.0000000000
29653  -30.652  -39.368  41.653 0.0000000000
29652  -30.003  -39.383  41.457 0.0000000000
29665  -29.252  -39.370  41.219 0.0000000000
30674  -28.416  -38.853  40.282 0.0000000000
31640  -31.982  -37.095  40.046 0.0000000000
31639  -31.086  -37.358  39.856 0.0000000000
31638  -30.197  -37.369  39.416 0.0000000000
31629  -29.686  -37.965  39.680 0.0000000000
31637  -28.989  -37.950  39.289 0.0000000000
30683  -28.341  -38.418  39.562 0.0000000000
30682  -27.568  -38.414  39.145 0.0000000000
31651  -26.665  -38.021  37.872 0.0000000000
31668  -26.475  -37.647  36.991 0.0000000000
31667  -25.962  -37.950  36.596 0.0000000000
30747  -30.746  -38.074  35.028 0.0000000000
31543  -39.560  -36.805  47.394 0.0000000000
31549  -39.505  -37.002  46.606 0.0000000000
31555  -39.229  -36.965  45.721 0.0000000000
33570  -40.475  -35.914  45.963 0.0000000000
32541  -39.630  -36.323  45.370 0.0000000000
32540  -38.810  -36.677  44.873 0.0000000000
32556  -38.363  -36.287  44.062 0.0000000000
33583  -37.947  -35.899  43.284 0.0000000000
33599  -37.594  -35.591  42.532 0.0000000000
35607  -41.685  -33.675  43.753 0.0000000000
34612  -39.709  -34.016  42.546 0.0000000000
34610  -37.958  -34.968  42.049 0.0000000000
34661  -37.054  -34.532  39.668 0.0000000000
128770  -37.704  -34.303  40.098 0.0000000000
34677  -36.536  -34.719  38.875 0.0000000000
33685  -36.535  -35.238  37.522 0.0000000000
35645  -45.000  -34.387  41.095 0.0000000000
34647  -45.109  -34.952  41.314 0.0000000000
34667  -43.609  -35.113  41.207 0.0000000000
33650  -40.852  -35.342  39.364 0.0000000000
134803  -41.605  -36.076  39.262 0.0000000000
33666  -39.705  -35.462  38.642 0.0000000000
120838  -39.137  -36.335  37.680 0.0000000000
119754  -38.377  -35.753  37.704 0.0000000000
33696  -36.861  -35.839  36.895 0.0000000000
28679  -27.298  -40.476  42.343 0.0000000000
31702  -34.291  -37.097  35.643 0.0000000000
32518  -40.690  -35.823  47.674 0.0000000000
33532  -39.790  -35.090  48.207 0.0000000000
33546  -41.528  -34.676  47.420 0.0000000000
33560  -41.230  -35.327  47.338 0.0000000000
34502  -33.033  -35.327  50.908 0.0000000000
34514  -34.220  -35.303  49.718 0.0000000000
34528  -36.418  -35.138  48.220 0.0000000000
34529  -38.112  -35.218  48.100 0.0000000000
34551  -41.616  -34.203  47.366 0.0000000000
35545  -39.052  -33.705  46.542 0.0000000000
35547  -41.692  -33.655  47.052 0.0000000000
35548  -41.853  -33.955  47.201 0.0000000000
35565  -33.991  -33.213  45.821 0.0000000000
35602  -34.803  -32.815  44.044 0.0000000000
36537  -43.351  -32.211  45.599 0.0000000000
36560  -40.303  -31.934  44.126 0.0000000000
36562  -43.737  -31.602  45.001 0.0000000000
39188  -32.912  -29.945  46.024 0.0000000000
49365  -45.150  -18.564  41.162 0.0000000000
51169  -46.622  -16.940  42.366 0.0000000000
51177  -45.182  -16.452  39.944 0.0000000000
57663  -48.303  -10.093  34.723 0.0000000000
58501  -55.906  -8.115  38.855 0.0000000000
58510  -56.011  -8.126  37.937 0.0000000000
58521  -55.732  -7.942  37.117 0.0000000000
59407  -55.381  -7.236  38.958 0.0000000000
60256  -55.357  -7.081  38.287 0.0000000000
116162  -46.655  -18.699  45.746 0.0000000000
116940  -38.649  -34.224  46.997 0.0000000000
124521  -33.501  -29.605  45.718 0.0000000000
131358  -30.344  -35.771  37.461 0.0000000000
132108  -35.995  -28.615  45.974 0.0000000000
134158  -35.351  -33.150  44.236 0.0000000000
136752  -38.045  -34.293  46.580 0.0000000000
138664  -40.426  -34.296  47.746 0.0000000000
