#!ascii label  , from subject sub-v1s16x0051167_ses-1 vox2ras=TkReg
957
125065  -27.796  -5.671  -18.759 0.4285714328
62679  -28.426  -4.190  -19.252 0.2857142985
61832  -28.144  -4.990  -19.076 0.4285714328
62661  -29.006  -4.783  -18.882 0.4285714328
62663  -30.730  -5.014  -18.428 0.4285714328
63567  -28.690  -3.334  -19.381 0.2857142985
62662  -29.280  -3.957  -19.003 0.4285714328
63546  -30.049  -3.722  -18.719 0.4285714328
65456  -28.065  -1.571  -20.593 0.4285714328
64521  -29.793  -2.248  -19.092 0.4285714328
126339  -28.522  -0.858  -20.672 0.4285714328
65435  -29.410  -0.985  -19.557 0.4285714328
126865  -28.234  0.840  -22.640 0.5714285970
66354  -28.923  -0.188  -20.585 0.5714285970
66339  -29.386  -0.094  -19.742 0.4285714328
67246  -30.025  0.326  -19.129 0.2857142985
67264  -29.101  1.131  -20.886 0.7142857313
67234  -30.068  1.398  -19.085 0.7142857313
132946  -30.757  1.682  -18.244 0.4285714328
123365  -29.386  1.542  -19.965 0.7142857313
68970  -30.815  2.618  -18.279 0.5714285970
69016  -29.502  2.672  -20.858 0.5714285970
69009  -29.895  3.037  -20.183 0.5714285970
69959  -30.334  3.384  -19.535 0.5714285970
118459  -31.134  3.029  -17.813 0.4285714328
69906  -31.416  3.687  -17.785 0.5714285970
69907  -31.795  3.975  -17.078 0.5714285970
70936  -30.121  4.670  -20.666 0.7142857313
70874  -32.074  4.755  -17.095 0.7142857313
138434  -32.134  4.296  -16.510 0.5714285970
120276  -30.539  4.112  -19.548 0.5714285970
71783  -30.105  5.023  -23.268 0.5714285970
71747  -31.024  5.256  -19.855 0.8571428657
70875  -32.474  5.030  -16.376 0.7142857313
70856  -32.844  4.910  -15.523 0.5714285970
71767  -30.663  5.385  -20.579 0.7142857313
71778  -30.577  5.700  -21.501 0.5714285970
134956  -32.913  5.619  -15.966 0.7142857313
70857  -33.223  4.849  -14.860 0.5714285970
70898  -31.607  5.276  -18.527 0.7142857313
124267  -32.376  5.447  -17.114 0.7142857313
71685  -33.383  5.852  -15.184 0.5714285970
70899  -32.042  5.347  -17.730 0.7142857313
71671  -34.017  6.053  -14.471 0.5714285970
71724  -32.083  6.080  -18.217 0.5714285970
71684  -33.189  6.386  -16.017 0.7142857313
121216  -34.165  6.791  -15.024 0.7142857313
72559  -32.924  7.297  -17.432 0.7142857313
72540  -33.402  7.425  -16.571 0.7142857313
72541  -33.693  7.037  -15.693 0.7142857313
72522  -35.374  7.444  -14.549 0.7142857313
118188  -34.876  7.547  -15.085 0.5714285970
72610  -32.633  7.513  -19.353 0.5714285970
73426  -35.490  7.981  -14.668 0.5714285970
128337  -35.770  7.922  -13.985 0.5714285970
73441  -34.166  8.055  -16.115 0.8571428657
72539  -33.583  8.199  -17.371 0.8571428657
74369  -35.487  8.552  -14.474 0.7142857313
128521  -34.828  8.287  -15.737 0.8571428657
129035  -35.178  8.205  -15.240 0.7142857313
75262  -35.295  9.211  -13.904 0.8571428657
75252  -35.263  9.267  -12.865 0.5714285970
74368  -35.279  8.646  -15.309 0.8571428657
74387  -34.716  8.783  -16.470 0.8571428657
76120  -34.674  10.681  -12.563 0.8571428657
117264  -34.910  11.187  -11.951 0.8571428657
77830  -35.397  12.568  -11.540 0.8571428657
77015  -34.447  11.778  -12.444 1.0000000000
76997  -34.999  11.962  -11.772 1.0000000000
75261  -34.919  9.867  -13.195 0.8571428657
78667  -35.141  13.483  -11.667 1.0000000000
80190  -34.851  15.140  -11.940 0.7142857313
77829  -34.869  12.829  -11.794 1.0000000000
79448  -35.321  14.392  -11.720 1.0000000000
83307  -34.432  18.892  -13.852 1.0000000000
114638  -33.974  19.147  -14.330 0.8571428657
84077  -33.084  20.151  -15.796 0.8571428657
86081  -29.283  23.653  -20.464 0.8571428657
85399  -30.691  22.163  -18.708 0.8571428657
84760  -31.186  21.640  -18.182 1.0000000000
87420  -28.250  25.509  -22.169 0.8571428657
87407  -28.607  25.168  -21.635 0.8571428657
122056  -27.571  25.841  -22.557 0.7142857313
86758  -27.659  24.320  -21.876 0.5714285970
88119  -27.347  26.766  -22.845 0.7142857313
86780  -25.855  24.824  -24.095 0.5714285970
86768  -26.587  24.358  -23.017 0.5714285970
87438  -25.241  25.153  -24.710 0.4285714328
88116  -24.589  27.480  -24.280 0.4285714328
88817  -24.917  27.747  -23.877 0.4285714328
119664  -22.712  25.560  -24.707 0.2857142985
87427  -22.936  25.806  -23.495 0.2857142985
87447  -22.629  24.968  -26.439 0.2857142985
87417  -22.798  26.118  -22.383 0.2857142985
63566  -27.811  -3.614  -19.637 0.2857142985
69937  -30.791  3.799  -19.000 0.5714285970
74359  -35.540  8.594  -13.519 0.5714285970
75251  -35.071  9.943  -12.296 0.8571428657
122889  -35.125  10.512  -11.853 0.8571428657
80198  -35.345  15.861  -12.190 0.8571428657
88790  -23.755  27.525  -20.332 0.1428571492
63588  -27.292  -3.121  -20.176 0.2857142985
64544  -27.605  -2.315  -20.403 0.2857142985
64519  -28.070  -2.793  -19.800 0.2857142985
64520  -28.930  -2.376  -19.503 0.4285714328
64503  -30.533  -1.997  -18.640 0.4285714328
66366  -27.255  -0.942  -21.805 0.2857142985
66367  -28.528  -0.214  -21.503 0.4285714328
64545  -28.263  -2.082  -19.999 0.4285714328
65436  -29.984  -1.433  -19.112 0.4285714328
134666  -28.291  0.181  -22.215 0.5714285970
67263  -28.790  0.811  -21.900 0.5714285970
67245  -29.525  0.781  -19.611 0.4285714328
69029  -28.876  2.024  -23.020 0.2857142985
136149  -29.140  1.540  -21.471 0.7142857313
68146  -29.307  1.916  -20.791 0.7142857313
69010  -30.003  2.429  -19.487 0.4285714328
69977  -29.493  3.012  -21.665 0.5714285970
68951  -31.885  2.641  -16.099 0.4285714328
131526  -29.649  3.835  -21.643 0.7142857313
131527  -29.807  4.111  -20.935 0.7142857313
69886  -31.966  3.571  -16.265 0.4285714328
70873  -31.683  4.531  -17.778 0.7142857313
71777  -30.061  5.179  -22.027 0.5714285970
70943  -30.168  5.139  -21.195 0.5714285970
72625  -31.103  6.205  -20.993 0.5714285970
70842  -33.699  5.251  -14.321 0.5714285970
71703  -32.784  6.157  -16.720 0.7142857313
71658  -34.882  6.618  -14.398 0.5714285970
72579  -31.905  6.474  -18.890 0.8571428657
75271  -35.323  9.172  -14.968 1.0000000000
78668  -35.735  13.834  -11.559 1.0000000000
115049  -34.330  11.181  -13.373 1.0000000000
79447  -34.652  14.285  -11.902 0.8571428657
116254  -34.725  17.217  -12.697 0.7142857313
80943  -35.020  16.614  -12.441 1.0000000000
81713  -35.512  17.373  -12.619 1.0000000000
81720  -34.249  18.268  -13.335 0.7142857313
129514  -34.853  17.876  -12.925 1.0000000000
84066  -33.908  19.662  -14.795 0.8571428657
85406  -29.683  22.236  -19.803 0.8571428657
84740  -32.865  21.237  -16.692 1.0000000000
87419  -27.626  25.075  -22.240 0.7142857313
88141  -24.926  25.585  -25.574 0.7142857313
86769  -27.141  24.577  -22.437 0.5714285970
88118  -26.851  25.974  -23.067 0.7142857313
132823  -26.445  26.694  -23.268 0.7142857313
86779  -25.250  24.197  -24.615 0.4285714328
88129  -22.743  26.322  -25.452 0.2857142985
88827  -24.078  27.441  -25.732 0.4285714328
88818  -26.314  27.567  -23.425 0.4285714328
88816  -24.255  28.031  -25.082 0.4285714328
123771  -23.304  27.094  -23.586 0.2857142985
88826  -23.271  27.046  -25.678 0.4285714328
69040  -29.219  2.785  -23.354 0.4285714328
117014  -29.426  3.615  -23.674 0.4285714328
88140  -24.468  25.928  -26.209 0.4285714328
88130  -25.152  26.434  -24.554 0.7142857313
88836  -23.793  26.508  -26.253 0.2857142985
88115  -22.985  26.476  -24.141 0.2857142985
61831  -27.228  -5.143  -19.159 0.4285714328
137211  -29.461  -5.290  -18.617 0.4285714328
63565  -26.952  -3.875  -19.871 0.2857142985
61814  -30.113  -5.500  -18.466 0.4285714328
123395  -29.892  -4.638  -18.635 0.4285714328
64543  -26.824  -2.626  -20.803 0.2857142985
63568  -29.512  -3.080  -19.057 0.4285714328
65472  -27.984  -0.990  -21.372 0.2857142985
65434  -28.744  -1.448  -19.907 0.4285714328
135480  -29.384  -1.695  -19.417 0.4285714328
66379  -27.919  -0.427  -22.051 0.4285714328
68161  -28.634  1.366  -22.665 0.2857142985
67255  -29.138  0.609  -20.268 0.4285714328
116231  -29.306  2.218  -21.566 0.5714285970
69030  -29.296  2.495  -22.455 0.5714285970
69970  -29.679  3.452  -20.884 0.5714285970
69958  -30.079  3.945  -20.193 0.5714285970
69885  -31.496  3.058  -17.037 0.4285714328
69938  -31.282  4.209  -18.475 0.7142857313
70942  -29.849  4.578  -21.444 0.7142857313
70920  -30.558  4.682  -19.968 0.7142857313
117138  -29.746  4.392  -22.374 0.7142857313
71748  -31.435  5.709  -19.394 0.5714285970
71768  -31.297  5.992  -20.175 0.7142857313
72580  -32.604  7.232  -18.371 0.8571428657
132176  -34.369  7.590  -15.517 0.7142857313
74388  -35.062  8.811  -15.970 0.8571428657
126531  -28.775  23.961  -20.911 0.8571428657
87406  -28.125  24.929  -21.830 0.8571428657
115195  -27.025  25.175  -22.733 0.5714285970
87429  -25.901  25.864  -23.789 0.5714285970
87430  -26.413  25.036  -23.444 0.5714285970
86785  -24.737  24.306  -25.527 0.4285714328
87448  -24.357  24.812  -26.240 0.4285714328
88117  -25.328  27.032  -23.541 0.4285714328
87418  -23.144  25.402  -23.037 0.2857142985
87457  -23.600  24.672  -26.652 0.2857142985
88094  -22.600  26.859  -21.955 0.2857142985
88079  -22.952  26.966  -20.760 0.1428571492
64561  -27.237  -1.724  -21.193 0.2857142985
90342  -24.846  29.805  -26.609 0.2857142985
90332  -22.806  29.799  -26.523 0.1428571492
90326  -24.618  29.260  -25.516 0.2857142985
90335  -25.777  30.017  -26.019 0.2857142985
90333  -23.343  29.477  -26.642 0.1428571492
91034  -22.315  30.261  -25.865 0.1428571492
89535  -23.850  28.659  -24.414 0.1428571492
89545  -24.424  29.021  -25.241 0.2857142985
90337  -27.469  29.934  -25.787 0.2857142985
90327  -26.113  29.428  -25.277 0.2857142985
87458  -29.809  25.216  -27.259 0.2857142985
89555  -29.327  28.134  -25.999 0.2857142985
119357  -22.454  30.174  -24.919 0.1428571492
89538  -25.745  28.411  -24.031 0.2857142985
88829  -28.946  27.070  -24.188 0.2857142985
90328  -27.029  29.315  -25.123 0.2857142985
89546  -25.350  29.000  -24.989 0.2857142985
88132  -30.099  25.555  -24.606 0.1428571492
88838  -29.388  27.132  -25.303 0.2857142985
89549  -28.286  28.494  -24.615 0.2857142985
90322  -23.179  29.531  -24.653 0.1428571492
89548  -27.439  28.744  -24.407 0.2857142985
89547  -26.442  28.876  -24.490 0.2857142985
88083  -30.884  26.597  -20.871 0.1428571492
88109  -30.364  25.912  -22.727 0.1428571492
88131  -29.677  26.122  -24.831 0.4285714328
88819  -27.485  27.578  -23.152 0.2857142985
86726  -30.979  23.975  -18.988 0.2857142985
88108  -29.477  25.954  -22.508 0.4285714328
88120  -28.887  26.853  -23.270 0.2857142985
85392  -33.414  22.836  -17.276 0.1428571492
88082  -29.993  26.329  -21.054 0.2857142985
87394  -29.132  25.304  -21.093 0.5714285970
87421  -28.725  25.981  -22.386 0.7142857313
138216  -34.320  21.921  -16.473 0.1428571492
85382  -33.909  22.338  -16.831 0.1428571492
134499  -28.298  26.868  -22.638 0.4285714328
84068  -36.149  20.231  -14.573 0.2857142985
84067  -35.262  20.208  -14.675 0.7142857313
86747  -29.230  24.487  -20.683 0.7142857313
124829  -33.883  20.350  -15.425 0.8571428657
84741  -33.666  21.639  -16.492 0.8571428657
86061  -30.849  23.087  -18.860 0.5714285970
82469  -37.001  18.504  -12.790 0.2857142985
83325  -36.408  19.532  -14.097 0.2857142985
85400  -31.347  22.580  -18.351 0.7142857313
85390  -31.856  22.109  -17.824 0.8571428657
83324  -35.571  19.626  -14.210 0.7142857313
81715  -37.162  17.026  -12.651 0.1428571492
77049  -34.404  10.830  -15.219 0.5714285970
77844  -34.502  12.710  -12.132 0.8571428657
114458  -34.507  13.526  -11.994 0.5714285970
80944  -35.836  16.546  -12.393 0.8571428657
83323  -34.662  19.544  -14.360 0.8571428657
80200  -36.952  15.750  -12.393 0.2857142985
82458  -35.558  18.113  -12.889 0.8571428657
83308  -35.106  19.160  -13.875 0.8571428657
84752  -32.389  21.660  -17.280 0.8571428657
127513  -37.389  15.054  -12.409 0.4285714328
81714  -36.414  17.197  -12.539 0.7142857313
83309  -35.830  19.107  -13.665 0.7142857313
76172  -34.470  10.076  -16.855 0.2857142985
77034  -34.108  11.541  -14.263 0.5714285970
80191  -35.704  15.147  -11.928 0.8571428657
79456  -36.537  15.107  -12.115 0.4285714328
80199  -36.158  15.807  -12.227 0.8571428657
82459  -36.296  17.974  -12.685 0.8571428657
79457  -36.971  14.392  -11.966 0.4285714328
73533  -32.912  8.362  -21.290 0.7142857313
74485  -33.703  8.893  -20.658 0.4285714328
73512  -33.534  8.259  -19.845 0.7142857313
74401  -34.479  9.011  -17.111 0.8571428657
74445  -33.964  9.044  -18.814 0.5714285970
75319  -34.350  9.392  -17.548 0.5714285970
132714  -33.994  9.995  -17.823 0.4285714328
74402  -34.700  9.100  -16.664 0.8571428657
75304  -34.617  9.315  -16.826 0.5714285970
76160  -34.672  9.974  -16.103 0.5714285970
121916  -34.906  9.827  -14.213 0.8571428657
76146  -34.880  9.858  -15.217 0.7142857313
76998  -35.658  11.715  -11.415 0.7142857313
125791  -35.868  13.143  -11.436 0.7142857313
77832  -36.940  12.074  -11.395 0.2857142985
78669  -36.711  12.930  -11.480 0.4285714328
79450  -36.459  13.752  -11.603 0.5714285970
73532  -32.109  7.689  -21.985 0.4285714328
123580  -32.515  8.563  -21.667 0.4285714328
73454  -34.142  8.548  -16.917 0.7142857313
73467  -34.223  8.851  -17.820 0.7142857313
75286  -35.103  9.163  -16.000 0.8571428657
75226  -35.457  10.265  -11.511 0.7142857313
76999  -36.343  11.533  -11.259 0.2857142985
76986  -35.948  10.928  -11.226 0.5714285970
76111  -35.417  10.977  -11.550 0.5714285970
115028  -30.662  5.931  -22.563 0.4285714328
73547  -30.400  7.104  -24.270 0.5714285970
72626  -31.769  6.830  -20.608 0.5714285970
73526  -32.427  7.614  -21.077 0.5714285970
74349  -35.515  8.595  -12.538 0.4285714328
76103  -35.783  10.268  -11.248 0.4285714328
70953  -29.744  4.436  -23.962 0.5714285970
71672  -34.458  5.669  -13.917 0.4285714328
73415  -36.008  7.396  -13.424 0.4285714328
73403  -35.855  7.807  -12.492 0.4285714328
65418  -30.518  -1.044  -18.659 0.1428571492
72507  -35.702  6.675  -13.961 0.4285714328
133731  -36.125  6.757  -13.511 0.4285714328
66323  -30.487  -0.174  -18.614 0.1428571492
67236  -30.873  0.228  -17.997 0.1428571492
68950  -31.547  2.094  -16.828 0.2857142985
69874  -33.973  3.871  -13.597 0.2857142985
70817  -36.212  4.865  -13.081 0.2857142985
117468  -34.681  4.309  -13.340 0.2857142985
115715  -32.444  3.214  -15.314 0.4285714328
70827  -35.187  5.145  -13.394 0.2857142985
69888  -33.462  4.347  -14.247 0.2857142985
71648  -36.028  5.836  -13.471 0.2857142985
71659  -35.303  6.033  -13.799 0.4285714328
66324  -30.945  -0.581  -18.109 0.1428571492
66305  -31.445  -0.905  -17.425 0.1428571492
66340  -30.009  -0.585  -19.154 0.1428571492
67207  -31.330  0.615  -17.318 0.2857142985
67175  -31.720  0.578  -16.617 0.2857142985
68047  -33.027  1.610  -14.519 0.2857142985
68939  -34.019  2.983  -13.452 0.2857142985
69873  -33.221  3.331  -14.290 0.2857142985
66306  -31.930  -0.710  -16.544 0.1428571492
67149  -32.942  0.644  -14.725 0.2857142985
67176  -32.066  0.110  -16.208 0.2857142985
68065  -32.525  1.202  -15.280 0.2857142985
68064  -32.070  0.977  -15.984 0.2857142985
67206  -30.940  0.953  -17.910 0.2857142985
133246  -32.235  1.507  -15.665 0.2857142985
129710  -30.559  -4.261  -18.518 0.2857142985
65398  -31.489  -1.862  -17.704 0.1428571492
132614  -28.965  -6.272  -18.327 0.2857142985
120156  -28.652  -6.833  -17.937 0.2857142985
61813  -27.000  -5.749  -18.820 0.2857142985
133363  -31.380  -3.490  -18.150 0.2857142985
60885  -29.636  -6.660  -18.071 0.1428571492
60884  -27.747  -6.832  -17.948 0.2857142985
60883  -26.877  -6.867  -18.042 0.1428571492
67208  -31.585  -0.078  -16.920 0.1428571492
67177  -32.485  0.389  -15.471 0.2857142985
68937  -32.878  2.511  -14.687 0.2857142985
69887  -32.876  4.124  -14.989 0.4285714328
72490  -36.371  6.074  -13.157 0.2857142985
73513  -33.888  8.806  -20.114 0.7142857313
130555  -36.042  6.518  -13.649 0.4285714328
114888  -35.874  7.211  -14.052 0.4285714328
75238  -35.305  9.300  -11.965 0.4285714328
76104  -36.339  10.301  -11.016 0.2857142985
76987  -36.546  10.879  -11.104 0.2857142985
84099  -32.149  20.751  -17.082 0.7142857313
79449  -36.121  14.471  -11.738 0.7142857313
86090  -28.197  23.742  -21.395 0.4285714328
86080  -28.690  23.249  -20.907 0.5714285970
86071  -29.785  23.201  -19.888 0.7142857313
132438  -34.496  20.118  -14.859 0.8571428657
85407  -30.268  22.677  -19.318 0.8571428657
89540  -27.821  28.131  -23.809 0.2857142985
86051  -32.066  22.962  -18.056 0.4285714328
128870  -30.560  24.355  -19.500 0.4285714328
90319  -22.554  29.834  -23.503 0.1428571492
88122  -30.388  25.844  -23.652 0.1428571492
90329  -27.902  29.179  -25.209 0.2857142985
60886  -30.446  -6.508  -18.048 0.1428571492
123343  -26.622  -4.653  -19.587 0.2857142985
61797  -31.455  -5.311  -18.122 0.1428571492
63548  -30.911  -2.791  -18.373 0.1428571492
64502  -30.260  -2.897  -18.726 0.2857142985
119136  -32.268  -1.286  -16.204 0.1428571492
66281  -32.466  -0.544  -15.688 0.1428571492
68089  -31.272  1.490  -17.464 0.2857142985
124745  -32.406  2.068  -15.366 0.2857142985
69860  -34.823  3.551  -13.186 0.2857142985
72637  -31.028  6.616  -23.260 0.5714285970
74491  -31.838  8.387  -22.496 0.2857142985
71649  -36.427  5.302  -12.981 0.2857142985
72481  -36.593  6.114  -12.230 0.2857142985
73486  -33.401  8.397  -19.037 0.5714285970
75355  -33.645  9.369  -20.359 0.4285714328
117179  -33.925  9.086  -19.505 0.5714285970
76159  -34.155  11.240  -16.030 0.2857142985
72480  -36.260  6.895  -12.672 0.2857142985
74420  -34.399  9.173  -17.391 0.7142857313
73388  -36.129  7.578  -11.678 0.1428571492
115346  -36.104  8.844  -11.041 0.4285714328
74341  -35.688  8.521  -11.628 0.4285714328
75228  -36.154  9.620  -11.003 0.1428571492
80945  -36.639  16.439  -12.457 0.7142857313
127396  -37.660  15.774  -12.706 0.2857142985
81722  -37.573  17.701  -12.966 0.1428571492
88814  -23.083  27.196  -24.843 0.2857142985
81721  -36.974  17.771  -12.591 0.4285714328
137704  -37.269  16.319  -12.608 0.4285714328
83311  -37.160  18.871  -13.369 0.1428571492
83326  -37.025  19.317  -13.926 0.1428571492
84079  -35.792  20.842  -15.075 0.1428571492
120705  -23.239  29.152  -23.581 0.1428571492
84734  -35.379  21.381  -15.652 0.1428571492
86063  -32.278  23.768  -18.296 0.1428571492
88121  -29.632  26.292  -23.770 0.2857142985
126396  -29.822  25.826  -23.137 0.2857142985
86738  -30.433  25.054  -19.875 0.2857142985
134214  -30.941  25.637  -19.793 0.1428571492
88096  -30.627  26.457  -21.683 0.1428571492
87449  -29.697  24.878  -26.462 0.2857142985
87459  -29.954  24.205  -26.912 0.2857142985
87450  -29.898  23.882  -26.081 0.1428571492
87451  -30.541  23.960  -25.770 0.1428571492
60887  -32.387  -6.258  -17.444 0.1428571492
64486  -31.902  -2.450  -17.254 0.1428571492
70828  -35.604  4.206  -13.134 0.2857142985
87431  -31.887  25.431  -24.005 0.1428571492
86792  -30.595  24.560  -27.449 0.2857142985
60907  -28.740  -5.602  -18.639 0.2857142985
125712  -31.655  -6.049  -17.863 0.1428571492
122746  -31.274  -4.388  -18.276 0.1428571492
63547  -30.751  -3.586  -18.469 0.1428571492
67235  -30.512  0.731  -18.497 0.2857142985
124007  -30.422  2.231  -18.778 0.4285714328
68971  -31.190  2.329  -17.631 0.2857142985
69908  -32.389  4.194  -15.792 0.4285714328
117909  -35.779  8.052  -13.211 0.4285714328
129261  -33.423  8.309  -18.127 0.7142857313
134241  -34.620  10.414  -13.536 0.8571428657
85412  -29.209  22.771  -20.395 0.5714285970
134823  -28.051  26.256  -22.472 0.5714285970
88820  -28.329  27.506  -23.377 0.2857142985
75237  -35.290  9.930  -11.733 0.4285714328
64504  -31.110  -2.147  -18.219 0.1428571492
69984  -29.540  3.437  -22.666 0.5714285970
76136  -34.521  10.589  -14.330 0.5714285970
82467  -35.129  18.607  -13.339 0.8571428657
84090  -33.392  20.826  -16.133 0.8571428657
89539  -26.859  28.301  -23.699 0.2857142985
89537  -24.736  28.384  -25.018 0.2857142985
88815  -23.751  27.754  -25.193 0.2857142985
128701  -25.201  29.490  -25.710 0.2857142985
90341  -23.868  29.511  -27.087 0.1428571492
90334  -24.249  29.418  -26.234 0.2857142985
90324  -22.786  29.741  -25.852 0.1428571492
90336  -26.623  30.033  -25.786 0.2857142985
90325  -23.667  29.322  -25.559 0.1428571492
89544  -23.847  29.061  -25.048 0.1428571492
88142  -29.607  25.998  -25.892 0.2857142985
89554  -28.705  28.844  -25.759 0.2857142985
89550  -28.956  28.023  -24.876 0.2857142985
88828  -28.454  27.867  -24.125 0.2857142985
87440  -30.225  24.411  -25.341 0.1428571492
88133  -30.823  25.411  -24.348 0.1428571492
88123  -31.270  25.866  -23.412 0.1428571492
87439  -29.872  24.795  -25.528 0.1428571492
86727  -31.722  24.300  -18.746 0.1428571492
128408  -29.447  25.893  -21.292 0.4285714328
88107  -29.241  26.202  -22.920 0.5714285970
86052  -32.820  23.335  -17.742 0.1428571492
88095  -29.733  26.050  -21.842 0.2857142985
87396  -30.391  25.932  -20.394 0.2857142985
87395  -29.695  25.833  -20.806 0.4285714328
86737  -29.915  24.221  -20.022 0.5714285970
84733  -34.339  21.297  -15.918 0.4285714328
85381  -33.142  22.079  -16.966 0.5714285970
84078  -34.854  20.708  -15.247 0.7142857313
83310  -36.667  19.029  -13.421 0.5714285970
134471  -34.147  12.672  -12.685 0.4285714328
82468  -36.100  18.619  -13.058 0.8571428657
132048  -33.412  8.710  -20.968 0.4285714328
74418  -33.884  8.866  -18.879 0.7142857313
135246  -33.863  8.916  -19.125 0.7142857313
75340  -33.900  9.145  -19.136 0.4285714328
135725  -34.266  9.193  -17.856 0.5714285970
75318  -34.118  9.262  -18.295 0.4285714328
76196  -33.460  9.629  -19.687 0.2857142985
77831  -36.092  12.324  -11.344 0.5714285970
72634  -31.678  6.858  -21.506 0.5714285970
73536  -31.581  7.415  -23.008 0.5714285970
75227  -35.623  9.535  -11.382 0.4285714328
70843  -34.153  4.770  -13.702 0.2857142985
68063  -31.627  1.256  -16.705 0.2857142985
125522  -31.931  1.764  -16.084 0.2857142985
122903  -31.891  -1.562  -16.911 0.1428571492
68938  -33.403  2.361  -13.931 0.2857142985
59965  -31.337  -7.100  -17.289 0.1428571492
125327  -22.823  29.132  -22.676 0.1428571492
117746  -31.100  -6.564  -17.775 0.1428571492
61798  -32.143  -5.513  -17.751 0.1428571492
89534  -23.272  28.423  -23.183 0.1428571492
84750  -31.076  20.540  -18.050 0.5714285970
113826  -33.364  19.047  -14.710 0.4285714328
83344  -32.579  19.534  -15.871 0.4285714328
84089  -32.535  20.279  -16.414 0.5714285970
84751  -31.650  21.171  -17.620 0.4285714328
125947  -34.630  15.947  -12.338 0.4285714328
81712  -34.169  17.528  -12.963 0.4285714328
114225  -33.623  18.532  -14.011 0.5714285970
83335  -33.227  19.612  -15.308 0.5714285970
70805  -36.735  4.565  -12.776 0.1428571492
71635  -36.689  5.311  -12.668 0.1428571492
68167  -27.597  1.677  -23.464 0.2857142985
69839  -37.434  3.406  -12.370 0.1428571492
117837  -36.877  3.851  -12.746 0.1428571492
69823  -37.888  3.432  -11.626 0.1428571492
70806  -37.132  3.989  -12.579 0.1428571492
69808  -38.507  3.443  -10.916 0.1428571492
67277  -27.618  1.106  -22.958 0.2857142985
68925  -34.971  2.701  -13.084 0.1428571492
69848  -36.795  3.236  -12.812 0.1428571492
68926  -35.964  3.236  -12.963 0.1428571492
69838  -37.107  3.305  -12.690 0.1428571492
68891  -38.471  2.377  -11.715 0.1428571492
122852  -41.187  2.951  -10.979 0.1428571492
120976  -39.760  2.667  -10.790 0.1428571492
68874  -40.498  2.973  -10.739 0.1428571492
67271  -27.622  0.233  -22.531 0.2857142985
67276  -26.878  0.713  -22.762 0.2857142985
67126  -34.335  1.212  -13.221 0.1428571492
68038  -35.160  1.917  -13.036 0.1428571492
68049  -34.181  2.127  -13.310 0.1428571492
68048  -33.600  1.629  -13.682 0.1428571492
68903  -37.191  2.573  -12.815 0.1428571492
68916  -36.750  2.390  -12.966 0.1428571492
68904  -37.693  2.208  -12.920 0.1428571492
67981  -39.915  1.932  -11.131 0.1428571492
67998  -41.169  1.509  -11.517 0.1428571492
132405  -26.181  0.389  -22.536 0.2857142985
66377  -25.824  -0.337  -22.230 0.2857142985
126439  -34.918  0.581  -12.992 0.1428571492
67127  -35.484  1.252  -12.990 0.1428571492
68028  -37.375  2.020  -13.115 0.1428571492
68026  -36.197  1.842  -13.030 0.1428571492
68011  -38.310  1.851  -13.001 0.1428571492
67996  -39.503  1.477  -11.620 0.1428571492
67995  -38.717  1.771  -12.073 0.1428571492
68893  -42.257  2.386  -11.770 0.1428571492
68892  -41.539  2.278  -11.389 0.1428571492
122044  -32.851  -0.083  -14.998 0.1428571492
66236  -34.119  0.235  -13.385 0.1428571492
66256  -33.375  -0.116  -14.218 0.1428571492
67128  -35.863  0.673  -12.957 0.1428571492
121597  -37.584  1.291  -13.760 0.1428571492
68010  -37.812  1.709  -13.499 0.1428571492
67105  -36.374  1.328  -13.097 0.1428571492
67997  -40.329  1.433  -11.442 0.1428571492
68012  -39.075  1.235  -12.612 0.1428571492
67083  -41.699  0.907  -11.919 0.1428571492
65365  -34.017  -0.668  -13.607 0.1428571492
66238  -36.387  0.186  -13.072 0.1428571492
66237  -35.043  -0.368  -12.929 0.1428571492
67106  -36.853  1.041  -13.350 0.1428571492
115847  -37.927  1.654  -14.086 0.1428571492
67092  -38.286  1.649  -13.523 0.1428571492
67081  -39.874  0.950  -11.811 0.1428571492
66209  -36.981  -0.173  -13.395 0.1428571492
65343  -36.072  -0.932  -12.877 0.1428571492
66210  -37.555  1.047  -14.156 0.1428571492
133106  -37.335  0.018  -13.962 0.1428571492
117074  -39.890  0.562  -12.256 0.1428571492
67107  -38.537  1.469  -13.774 0.1428571492
117811  -37.124  0.741  -13.616 0.1428571492
68027  -37.109  1.697  -13.297 0.1428571492
67999  -41.963  1.658  -11.753 0.1428571492
127699  -40.650  2.226  -11.072 0.1428571492
68890  -37.840  2.752  -12.241 0.1428571492
68873  -39.198  2.099  -11.269 0.1428571492
70788  -37.102  4.684  -12.280 0.1428571492
66378  -26.580  -0.717  -22.135 0.2857142985
67082  -40.704  0.712  -11.854 0.1428571492
68013  -42.638  1.821  -12.133 0.1428571492
68906  -42.876  2.582  -12.227 0.1428571492
123192  -41.899  3.027  -11.466 0.1428571492
69809  -39.195  3.419  -10.624 0.1428571492
84759  -30.634  21.115  -18.637 0.4285714328
84771  -29.200  21.881  -20.426 0.4285714328
86797  -31.303  25.038  -27.916 0.1428571492
84765  -30.210  21.684  -19.256 0.4285714328
67270  -26.741  -0.058  -22.457 0.2857142985
130008  -30.864  26.085  -28.361 0.1428571492
66255  -33.021  -0.813  -14.914 0.1428571492
67150  -33.463  0.858  -13.868 0.1428571492
73389  -36.431  6.843  -11.647 0.1428571492
121466  -36.488  4.016  -12.915 0.1428571492
70789  -37.519  4.069  -11.888 0.1428571492
122651  -37.363  2.811  -12.641 0.1428571492
69824  -38.305  2.936  -11.460 0.1428571492
70771  -37.979  4.092  -11.035 0.1428571492
68915  -35.842  2.418  -12.980 0.1428571492
68872  -38.874  2.764  -10.943 0.1428571492
68905  -38.176  2.191  -12.506 0.1428571492
136379  -33.536  -0.979  -14.292 0.1428571492
66187  -39.520  0.569  -13.005 0.1428571492
59978  -25.358  -6.839  -18.434 0.1428571492
60905  -26.345  -6.286  -18.601 0.1428571492
61828  -24.531  -6.090  -19.740 0.1428571492
61829  -24.987  -5.479  -19.859 0.1428571492
61830  -26.358  -5.446  -19.189 0.1428571492
62676  -25.683  -4.991  -19.774 0.1428571492
62677  -26.138  -4.176  -20.152 0.1428571492
63587  -26.502  -3.432  -20.504 0.1428571492
63604  -25.281  -3.252  -21.257 0.1428571492
65470  -25.717  -1.689  -21.752 0.1428571492
63605  -26.060  -3.000  -21.145 0.1428571492
65471  -26.501  -1.381  -21.742 0.1428571492
136271  -24.338  -2.213  -21.517 0.1428571492
66365  -24.171  -0.762  -21.783 0.1428571492
65480  -25.933  -1.060  -22.014 0.1428571492
67268  -24.458  0.586  -22.358 0.1428571492
68158  -24.042  1.334  -22.663 0.1428571492
68165  -25.388  1.887  -23.221 0.1428571492
133340  -24.615  1.833  -23.029 0.1428571492
69036  -25.586  2.462  -23.942 0.2857142985
116678  -26.290  1.945  -23.524 0.1428571492
69043  -26.444  2.527  -24.143 0.1428571492
69038  -27.884  2.161  -23.893 0.1428571492
69987  -25.024  3.106  -24.198 0.2857142985
69045  -28.213  2.848  -24.250 0.2857142985
71794  -29.592  5.711  -24.412 0.4285714328
71787  -30.499  5.908  -23.649 0.4285714328
72641  -30.669  6.588  -23.894 0.4285714328
79455  -34.361  14.894  -12.104 0.2857142985
114570  -32.673  18.876  -15.282 0.2857142985
134106  -31.842  19.969  -16.887 0.2857142985
84098  -31.476  20.155  -17.433 0.4285714328
68160  -26.032  1.177  -22.866 0.1428571492
69042  -25.836  3.075  -24.344 0.2857142985
62702  -24.971  -3.981  -21.012 0.1428571492
121146  -24.301  -1.550  -21.639 0.1428571492
67267  -23.591  0.755  -22.254 0.1428571492
69035  -24.682  2.558  -23.478 0.1428571492
69986  -24.330  3.420  -23.818 0.1428571492
70954  -24.827  4.383  -24.383 0.2857142985
69044  -27.304  2.757  -24.318 0.2857142985
69991  -26.160  3.721  -24.489 0.2857142985
70956  -26.573  4.384  -24.567 0.2857142985
122624  -27.741  3.378  -24.480 0.2857142985
69993  -28.444  3.637  -24.399 0.2857142985
69994  -29.206  3.970  -24.230 0.4285714328
71793  -28.790  5.365  -24.524 0.4285714328
73544  -27.716  7.350  -24.598 0.2857142985
77858  -34.018  12.155  -13.326 0.2857142985
114571  -34.060  13.503  -12.492 0.2857142985
80197  -34.381  15.424  -12.269 0.2857142985
130348  -33.609  17.803  -13.432 0.2857142985
114614  -33.103  17.948  -14.029 0.2857142985
70957  -27.616  4.238  -24.565 0.2857142985
77033  -33.671  12.643  -14.140 0.2857142985
129385  -33.681  17.163  -13.057 0.2857142985
114397  -34.225  16.713  -12.695 0.2857142985
113820  -34.070  14.438  -12.280 0.2857142985
113824  -34.033  15.244  -12.415 0.2857142985
130776  -34.091  15.991  -12.569 0.2857142985
71786  -30.064  5.273  -24.124 0.4285714328
64560  -26.321  -2.163  -21.406 0.1428571492
70958  -28.627  4.495  -24.481 0.4285714328
62693  -25.714  -3.714  -20.770 0.1428571492
62692  -25.357  -4.423  -20.461 0.1428571492
131093  -26.547  3.110  -24.425 0.1428571492
68159  -24.978  1.190  -22.789 0.1428571492
60923  -25.435  -5.974  -19.263 0.1428571492
62701  -24.219  -4.135  -21.059 0.1428571492
64559  -25.526  -2.469  -21.491 0.1428571492
65469  -25.113  -1.078  -21.883 0.1428571492
66375  -23.912  0.026  -21.956 0.1428571492
66376  -24.830  -0.172  -22.048 0.1428571492
116128  -28.116  6.666  -24.576 0.4285714328
113835  -32.925  18.424  -14.588 0.2857142985
71792  -27.889  5.145  -24.555 0.4285714328
74505  -29.295  8.175  -24.469 0.2857142985
73546  -29.731  7.419  -24.479 0.2857142985
74497  -31.342  7.999  -23.536 0.2857142985
114188  -30.864  30.398  -28.422 0.1428571492
114382  -31.128  30.220  -28.394 0.1428571492
89556  -29.924  29.225  -27.013 0.1428571492
89559  -29.807  28.107  -26.857 0.1428571492
88843  -30.037  27.307  -27.641 0.1428571492
113955  -31.086  31.743  -28.670 0.1428571492
91695  -26.094  31.725  -26.746 0.1428571492
129529  -30.830  7.740  -24.059 0.2857142985
74496  -30.815  8.381  -23.942 0.2857142985
113954  -31.632  30.051  -29.069 0.1428571492
88147  -29.616  26.103  -26.997 0.1428571492
89560  -31.066  28.776  -27.274 0.1428571492
88846  -30.867  26.950  -28.548 0.1428571492
88842  -29.553  27.168  -26.469 0.1428571492
90338  -28.312  29.779  -26.047 0.1428571492
90343  -28.815  30.420  -27.087 0.1428571492
118927  -27.321  31.556  -27.252 0.1428571492
91038  -27.801  30.605  -26.678 0.1428571492
91036  -26.152  30.717  -26.494 0.1428571492
91044  -24.614  30.574  -27.197 0.1428571492
91037  -26.941  30.725  -26.466 0.1428571492
71795  -30.227  6.171  -24.249 0.2857142985
113956  -29.793  32.372  -30.049 0.1428571492
123789  -29.090  29.624  -26.618 0.1428571492
90344  -29.945  30.337  -27.539 0.1428571492
88844  -31.650  28.298  -28.194 0.1428571492
130077  -33.726  13.207  -13.245 0.1428571492
120378  -33.497  16.537  -12.976 0.1428571492
114288  -33.206  17.237  -13.473 0.1428571492
130047  -32.603  17.929  -14.466 0.1428571492
113825  -32.266  18.465  -15.514 0.1428571492
114745  -31.925  18.512  -15.956 0.2857142985
75369  -33.795  9.176  -20.337 0.2857142985
75377  -33.119  9.439  -21.079 0.1428571492
77068  -33.984  11.102  -16.871 0.1428571492
113831  -32.149  18.857  -15.987 0.1428571492
115712  -31.634  18.636  -16.683 0.2857142985
83362  -30.334  19.985  -19.620 0.2857142985
84787  -26.479  21.615  -24.292 0.2857142985
128428  -26.752  21.183  -24.729 0.2857142985
86772  -25.297  23.904  -23.965 0.2857142985
126436  -23.761  27.746  -23.887 0.1428571492
87405  -24.109  25.279  -21.230 0.1428571492
127855  -30.337  20.728  -19.241 0.2857142985
83355  -31.277  18.609  -18.353 0.2857142985
122254  -29.227  21.164  -20.524 0.2857142985
85421  -28.019  22.878  -21.494 0.2857142985
84776  -28.031  21.251  -21.814 0.2857142985
84132  -27.497  21.028  -22.941 0.2857142985
86097  -26.883  23.821  -22.504 0.2857142985
118526  -26.698  22.013  -23.509 0.2857142985
84782  -26.922  21.294  -24.421 0.2857142985
116991  -25.916  24.137  -23.737 0.2857142985
126122  -23.201  24.004  -25.707 0.1428571492
85427  -25.070  21.884  -22.873 0.2857142985
88106  -22.954  26.605  -22.908 0.1428571492
88802  -22.638  27.094  -21.282 0.1428571492
115916  -27.370  20.448  -24.635 0.1428571492
114502  -27.818  20.131  -22.845 0.1428571492
138077  -31.523  18.266  -17.340 0.2857142985
84786  -26.463  21.719  -24.141 0.2857142985
86771  -24.431  23.889  -24.496 0.1428571492
85431  -25.441  23.030  -23.331 0.2857142985
86770  -23.710  24.536  -23.812 0.1428571492
86095  -24.919  23.547  -23.295 0.1428571492
113827  -32.246  18.227  -15.210 0.2857142985
119626  -25.790  21.477  -21.656 0.1428571492
86744  -24.691  25.290  -20.989 0.1428571492
86087  -24.821  23.113  -21.934 0.1428571492
113786  -32.602  16.844  -13.502 0.1428571492
77000  -37.097  11.257  -11.190 0.1428571492
113829  -33.585  12.488  -15.537 0.1428571492
123691  -37.932  14.205  -12.377 0.1428571492
114252  -33.337  13.779  -14.050 0.1428571492
114510  -33.601  15.116  -12.662 0.1428571492
113828  -33.599  15.766  -12.778 0.1428571492
114289  -32.801  17.366  -13.898 0.1428571492
83363  -30.991  19.067  -18.975 0.1428571492
83368  -30.029  19.603  -20.332 0.1428571492
84118  -28.879  20.777  -21.049 0.2857142985
83381  -27.756  20.370  -22.916 0.1428571492
84124  -28.264  20.570  -21.909 0.1428571492
85419  -25.949  22.341  -21.166 0.1428571492
84775  -25.485  20.874  -22.658 0.2857142985
85418  -25.059  22.234  -21.960 0.1428571492
86766  -24.205  24.429  -22.556 0.1428571492
86776  -22.822  24.549  -25.262 0.1428571492
86756  -24.651  24.732  -21.448 0.1428571492
86755  -23.821  24.911  -21.824 0.1428571492
78677  -37.327  13.587  -11.828 0.1428571492
86089  -27.417  23.370  -21.999 0.2857142985
87428  -23.066  24.920  -24.183 0.1428571492
121928  -22.883  25.756  -22.116 0.1428571492
135392  -25.920  23.649  -23.551 0.2857142985
86784  -23.976  23.981  -26.128 0.2857142985
135075  -23.252  25.194  -22.851 0.1428571492
84764  -29.752  21.139  -19.853 0.2857142985
76178  -34.218  10.139  -17.396 0.1428571492
76190  -33.761  10.016  -18.446 0.1428571492
85411  -28.643  22.395  -20.977 0.2857142985
76105  -37.151  10.383  -10.907 0.1428571492
113834  -31.974  19.403  -16.488 0.1428571492
83348  -31.199  19.288  -17.927 0.1428571492
113819  -33.395  13.183  -14.846 0.1428571492
77048  -33.842  11.961  -15.024 0.1428571492
133809  -32.487  18.279  -15.034 0.1428571492
83349  -31.486  19.116  -17.195 0.2857142985
83356  -31.526  17.954  -17.885 0.2857142985
84111  -29.620  20.447  -20.337 0.2857142985
84105  -30.803  19.844  -18.689 0.2857142985
85433  -26.233  22.214  -23.570 0.2857142985
86096  -26.226  23.288  -23.276 0.2857142985
120645  -26.652  21.062  -22.922 0.1428571492
85432  -25.939  22.378  -23.565 0.2857142985
87392  -24.082  25.874  -20.682 0.1428571492
84770  -28.670  21.583  -21.057 0.2857142985
121817  -27.950  22.021  -21.663 0.2857142985
85420  -27.327  21.657  -22.731 0.2857142985
125417  -27.308  22.474  -22.341 0.2857142985
83386  -27.535  20.271  -23.831 0.1428571492
85429  -26.716  22.866  -22.849 0.2857142985
86767  -24.621  24.019  -23.705 0.1428571492
85417  -24.840  22.603  -22.409 0.2857142985
88801  -22.635  27.666  -21.668 0.1428571492
83369  -30.564  19.262  -19.709 0.1428571492
84125  -29.014  20.255  -21.243 0.2857142985
86086  -24.582  24.150  -22.005 0.1428571492
71784  -23.826  5.713  -24.057 0.1428571492
71789  -25.100  5.135  -24.528 0.1428571492
72644  -25.493  6.005  -24.570 0.1428571492
73538  -23.331  7.270  -24.064 0.1428571492
74499  -23.796  8.579  -24.398 0.1428571492
75389  -24.467  9.079  -24.447 0.1428571492
73541  -24.853  7.403  -24.526 0.1428571492
116564  -25.103  9.658  -24.572 0.1428571492
73542  -25.820  7.401  -24.563 0.1428571492
71791  -26.531  5.879  -24.560 0.1428571492
75390  -25.958  9.274  -24.553 0.1428571492
74502  -26.296  8.062  -24.569 0.1428571492
72646  -28.019  5.948  -24.539 0.1428571492
74503  -27.226  8.111  -24.589 0.1428571492
138497  -25.277  10.264  -24.650 0.1428571492
75391  -26.904  9.714  -24.656 0.1428571492
116823  -28.222  8.102  -24.573 0.1428571492
74504  -28.589  8.742  -24.483 0.1428571492
75386  -30.616  9.079  -23.703 0.1428571492
74490  -31.288  8.775  -23.276 0.1428571492
118288  -25.415  6.811  -24.553 0.1428571492
71782  -23.652  4.913  -23.512 0.1428571492
72639  -22.898  6.752  -23.502 0.1428571492
124410  -23.921  7.750  -24.390 0.1428571492
136122  -25.379  20.626  -23.305 0.1428571492
74487  -32.483  9.067  -21.658 0.1428571492
73545  -28.811  7.237  -24.560 0.1428571492
71788  -24.535  5.776  -24.441 0.1428571492
71785  -24.242  4.997  -24.318 0.1428571492
71790  -26.042  5.170  -24.583 0.1428571492
122406  -27.307  5.730  -24.547 0.1428571492
72640  -23.565  6.481  -23.957 0.1428571492
72643  -24.736  6.545  -24.499 0.1428571492
73540  -24.071  6.957  -24.365 0.1428571492
75387  -22.768  9.544  -24.454 0.1428571492
74500  -24.624  8.282  -24.483 0.1428571492
116513  -25.461  8.098  -24.540 0.1428571492
138355  -25.925  8.622  -24.528 0.1428571492
116236  -26.194  6.670  -24.567 0.1428571492
115545  -26.659  8.793  -24.553 0.1428571492
116473  -25.900  10.078  -24.686 0.1428571492
72645  -27.215  6.523  -24.565 0.1428571492
76226  -24.559  10.427  -24.680 0.1428571492
137335  -22.746  5.711  -22.846 0.1428571492
60904  -24.753  -6.583  -19.099 0.1428571492
60906  -27.350  -6.275  -18.432 0.2857142985
60908  -29.516  -5.935  -18.451 0.1428571492
60909  -30.138  -6.141  -18.330 0.1428571492
62678  -27.517  -4.408  -19.437 0.4285714328
63603  -24.524  -3.438  -21.258 0.1428571492
64558  -24.776  -2.705  -21.465 0.1428571492
65419  -31.049  -1.423  -18.185 0.1428571492
66338  -28.929  -0.698  -20.026 0.4285714328
67254  -28.928  0.382  -21.080 0.5714285970
67269  -25.389  0.468  -22.448 0.1428571492
68162  -29.038  1.710  -22.218 0.7142857313
68166  -26.965  1.446  -23.242 0.1428571492
68168  -28.228  1.623  -23.257 0.2857142985
68992  -30.535  2.988  -18.888 0.5714285970
69028  -23.978  2.179  -22.963 0.1428571492
69037  -27.118  2.053  -23.802 0.1428571492
69039  -28.587  2.413  -23.694 0.2857142985
69811  -40.796  3.649  -10.778 0.1428571492
69905  -30.987  3.392  -18.377 0.5714285970
69988  -28.953  3.143  -24.044 0.2857142985
69989  -24.704  3.763  -24.219 0.1428571492
69990  -25.355  3.749  -24.384 0.2857142985
69992  -26.996  3.583  -24.534 0.2857142985
70897  -31.051  4.696  -19.245 0.7142857313
70950  -29.677  4.174  -23.253 0.7142857313
70955  -25.662  4.438  -24.510 0.2857142985
70959  -29.433  4.821  -24.328 0.5714285970
71702  -32.444  6.210  -17.599 0.7142857313
71781  -23.171  5.865  -23.366 0.1428571492
72609  -31.820  6.727  -19.729 0.4285714328
72633  -31.038  6.306  -21.773 0.4285714328
72636  -22.507  6.250  -22.888 0.1428571492
72638  -31.402  6.773  -22.395 0.5714285970
72642  -24.116  6.294  -24.323 0.1428571492
72647  -28.844  6.254  -24.541 0.4285714328
72648  -29.650  6.646  -24.479 0.2857142985
73511  -32.628  7.546  -20.223 0.5714285970
73527  -33.311  8.332  -20.634 0.7142857313
73539  -31.040  7.231  -23.750 0.5714285970
73543  -26.739  7.357  -24.583 0.1428571492
74419  -34.220  9.127  -18.049 0.5714285970
74444  -33.816  8.843  -19.286 0.7142857313
74484  -33.291  9.037  -21.225 0.4285714328
74495  -30.056  8.690  -24.166 0.2857142985
74498  -23.108  8.898  -24.331 0.1428571492
74501  -25.262  8.837  -24.481 0.1428571492
74506  -30.259  7.922  -24.324 0.2857142985
75356  -33.909  9.208  -19.859 0.4285714328
75368  -33.509  9.326  -20.742 0.2857142985
75378  -33.521  9.265  -20.771 0.2857142985
80946  -37.802  16.593  -12.979 0.2857142985
82565  -27.471  20.305  -24.025 0.1428571492
83375  -28.712  19.945  -21.710 0.1428571492
83376  -29.510  19.794  -20.873 0.2857142985
83380  -27.083  20.420  -23.542 0.1428571492
83387  -27.629  20.257  -23.399 0.1428571492
83392  -27.097  20.802  -24.756 0.1428571492
84130  -25.749  20.334  -22.735 0.1428571492
84131  -27.250  20.678  -24.305 0.1428571492
84138  -26.951  20.784  -23.936 0.1428571492
84139  -26.602  21.019  -24.138 0.1428571492
84140  -26.765  21.155  -24.878 0.1428571492
84141  -26.952  20.957  -24.880 0.1428571492
84146  -26.804  20.699  -24.979 0.1428571492
84781  -25.318  20.978  -23.323 0.1428571492
85391  -32.598  22.522  -17.505 0.5714285970
85428  -26.325  22.279  -23.515 0.2857142985
86062  -31.519  23.448  -18.531 0.2857142985
86072  -30.400  23.587  -19.430 0.5714285970
86098  -25.143  23.666  -23.591 0.2857142985
86099  -25.750  23.135  -23.426 0.2857142985
86739  -31.163  24.912  -19.299 0.1428571492
86745  -25.448  24.748  -20.923 0.1428571492
86748  -29.770  25.167  -20.437 0.4285714328
86759  -28.544  24.559  -21.334 0.8571428657
86777  -23.452  24.025  -24.911 0.1428571492
86778  -24.609  23.825  -25.227 0.2857142985
86782  -22.766  24.427  -26.082 0.2857142985
86783  -23.391  24.051  -26.208 0.1428571492
86790  -22.944  24.419  -26.513 0.2857142985
86791  -23.360  24.296  -26.520 0.2857142985
87408  -29.016  25.666  -21.837 0.4285714328
87437  -22.527  25.241  -25.765 0.2857142985
87456  -22.995  24.699  -26.717 0.2857142985
87461  -30.381  25.185  -27.703 0.2857142985
88138  -22.617  25.718  -26.120 0.2857142985
88139  -23.069  25.519  -26.575 0.2857142985
88146  -23.892  25.514  -26.546 0.2857142985
88149  -30.149  26.126  -27.811 0.1428571492
88835  -22.928  26.325  -26.068 0.2857142985
88837  -24.687  26.870  -25.811 0.4285714328
89536  -24.174  28.429  -25.099 0.2857142985
90340  -23.278  29.609  -26.979 0.1428571492
91035  -25.428  30.506  -26.644 0.1428571492
91041  -22.437  30.374  -26.319 0.1428571492
91042  -22.922  30.216  -26.905 0.1428571492
113800  -28.530  19.741  -22.294 0.1428571492
113808  -27.438  20.331  -23.862 0.1428571492
113810  -26.687  20.971  -24.204 0.1428571492
114756  -27.307  20.586  -24.642 0.1428571492
118991  -26.549  21.496  -24.237 0.1428571492
119523  -25.263  21.511  -22.533 0.2857142985
120281  -23.788  23.858  -25.585 0.1428571492
123996  -27.264  -0.414  -22.255 0.2857142985
124851  -26.983  5.103  -24.581 0.1428571492
125545  -28.225  -6.263  -18.374 0.2857142985
125734  -29.443  20.159  -20.743 0.1428571492
130304  -31.782  26.640  -29.332 0.1428571492
130316  -29.435  33.414  -29.843 0.1428571492
131567  -31.205  -0.146  -17.536 0.1428571492
132446  -29.570  2.328  -20.228 0.5714285970
132464  -27.159  20.553  -23.686 0.1428571492
133272  -24.968  -1.956  -21.667 0.1428571492
136780  -34.489  -1.104  -13.310 0.1428571492
