#!ascii label  , from subject sub-v1s16x0051167_ses-1 vox2ras=TkReg
1466
29649  7.891  -42.923  43.462 0.0000000000
52217  44.400  -19.951  21.792 0.0000000000
39075  27.539  -34.416  39.398 0.0000000000
39040  37.477  -34.452  41.841 0.0000000000
36980  19.857  -36.852  38.954 0.0000000000
127374  13.874  -40.731  48.536 0.0000000000
114708  51.772  -12.216  16.724 0.0000000000
55062  52.422  -16.539  24.734 0.0000000000
129729  37.561  -24.640  34.306 0.0000000000
67567  54.007  -4.019  9.467 0.0000000000
133855  25.387  -38.375  44.917 0.0000000000
31794  10.370  -41.432  45.719 0.0000000000
58010  52.083  -15.201  19.924 0.0000000000
58003  47.212  -14.443  21.030 0.0000000000
49563  45.648  -23.515  25.674 0.0000000000
50385  49.695  -22.938  24.261 0.0000000000
49552  40.551  -23.308  26.512 0.0000000000
42172  32.935  -31.271  35.515 0.0000000000
41058  31.316  -32.645  40.782 0.0000000000
34841  21.178  -38.666  45.187 0.0000000000
30651  18.358  -42.331  49.671 0.0000000000
33856  17.391  -38.758  44.202 0.0000000000
34901  13.809  -38.065  42.255 0.0000000000
36976  23.827  -36.121  39.699 0.0000000000
58818  56.234  -13.902  15.720 0.0000000000
113449  57.851  -15.446  20.296 0.0000000000
127384  48.638  -18.927  22.067 0.0000000000
47652  42.486  -25.426  32.606 0.0000000000
43875  37.891  -29.822  36.998 0.0000000000
135731  52.923  -7.617  13.239 0.0000000000
127659  58.023  -8.463  14.062 0.0000000000
64061  60.640  -6.545  9.848 0.0000000000
33790  23.978  -38.886  48.419 0.0000000000
30707  8.945  -42.235  44.475 0.0000000000
29615  8.945  -43.473  47.359 0.0000000000
28533  7.267  -45.454  46.318 0.0000000000
58804  47.218  -13.682  17.995 0.0000000000
48606  45.922  -24.600  28.048 0.0000000000
48603  48.040  -25.228  27.032 0.0000000000
26121  3.632  -47.420  44.210 0.0000000000
50395  39.423  -22.353  24.402 0.0000000000
42136  27.504  -31.360  37.767 0.0000000000
42115  29.698  -31.374  38.306 0.0000000000
40086  29.206  -32.873  40.108 0.0000000000
34896  20.451  -38.295  42.239 0.0000000000
114731  18.848  -39.754  44.984 0.0000000000
35924  18.568  -37.802  41.158 0.0000000000
134420  22.210  -36.539  39.694 0.0000000000
120840  23.024  -37.502  42.250 0.0000000000
135642  15.856  -41.821  49.280 0.0000000000
59583  53.453  -12.277  16.319 0.0000000000
58033  56.479  -15.104  17.250 0.0000000000
57154  53.811  -14.894  17.397 0.0000000000
57095  52.403  -15.360  22.924 0.0000000000
57105  54.559  -15.158  21.719 0.0000000000
122685  44.004  -17.880  21.063 0.0000000000
55093  45.297  -17.019  21.640 0.0000000000
53121  46.527  -19.349  21.709 0.0000000000
49500  36.939  -23.140  32.114 0.0000000000
49511  39.254  -23.910  30.624 0.0000000000
48551  39.160  -24.589  33.645 0.0000000000
41092  35.372  -32.777  38.415 0.0000000000
43005  35.765  -30.634  36.360 0.0000000000
41075  37.667  -32.651  39.336 0.0000000000
63040  50.292  -9.347  15.160 0.0000000000
64013  50.591  -7.122  13.778 0.0000000000
62120  52.087  -9.985  15.273 0.0000000000
61233  54.904  -10.997  15.348 0.0000000000
65042  57.729  -6.062  6.558 0.0000000000
64077  56.356  -6.793  8.372 0.0000000000
64022  59.784  -7.828  12.298 0.0000000000
118238  55.838  -6.983  11.109 0.0000000000
36926  26.453  -36.712  42.280 0.0000000000
36938  28.883  -36.167  41.964 0.0000000000
34836  27.675  -38.452  45.484 0.0000000000
32793  11.969  -41.041  47.084 0.0000000000
30654  11.692  -42.394  50.679 0.0000000000
30668  10.269  -42.722  48.724 0.0000000000
60396  49.226  -12.114  16.900 0.0000000000
58038  51.294  -14.366  17.595 0.0000000000
58040  49.089  -14.334  17.868 0.0000000000
58001  49.999  -14.696  20.809 0.0000000000
57097  50.253  -15.407  23.135 0.0000000000
51274  44.045  -21.615  23.277 0.0000000000
51271  46.958  -21.759  23.298 0.0000000000
119789  47.014  -23.493  24.956 0.0000000000
46742  36.034  -26.204  32.994 0.0000000000
41025  40.069  -32.677  42.621 0.0000000000
29661  5.686  -43.677  42.203 0.0000000000
27299  6.063  -46.060  44.178 0.0000000000
26139  4.997  -46.352  43.231 0.0000000000
52200  42.168  -20.521  22.233 0.0000000000
50415  41.775  -21.959  23.976 0.0000000000
114298  42.971  -23.376  26.275 0.0000000000
49516  43.863  -23.965  29.071 0.0000000000
42175  30.302  -30.969  35.511 0.0000000000
115126  32.004  -32.570  37.862 0.0000000000
39059  34.203  -34.519  40.827 0.0000000000
38020  31.054  -34.768  42.846 0.0000000000
39013  33.237  -34.036  43.560 0.0000000000
33780  21.746  -39.391  48.806 0.0000000000
32762  20.364  -40.329  51.005 0.0000000000
32784  19.914  -40.167  47.882 0.0000000000
31776  17.815  -41.087  46.860 0.0000000000
33810  15.707  -39.365  46.660 0.0000000000
118195  16.820  -35.942  41.039 0.0000000000
35891  15.012  -37.545  43.183 0.0000000000
33841  13.970  -39.030  45.049 0.0000000000
33844  11.878  -39.814  44.266 0.0000000000
32858  10.195  -40.401  42.786 0.0000000000
31852  8.697  -41.299  41.894 0.0000000000
41118  26.303  -32.279  36.911 0.0000000000
39114  24.564  -33.634  36.194 0.0000000000
124385  25.548  -35.358  39.104 0.0000000000
35903  24.489  -37.363  42.578 0.0000000000
34839  23.418  -38.431  45.155 0.0000000000
57135  61.236  -15.946  20.564 0.0000000000
113679  54.646  -14.948  20.199 0.0000000000
119804  44.978  -14.540  20.972 0.0000000000
55079  47.788  -16.094  22.377 0.0000000000
54062  51.481  -17.780  23.721 0.0000000000
52183  49.225  -20.760  23.047 0.0000000000
52181  51.465  -20.345  23.727 0.0000000000
114284  38.542  -23.397  27.648 0.0000000000
49510  41.583  -24.054  29.966 0.0000000000
47663  45.138  -25.395  31.703 0.0000000000
44844  35.691  -28.776  34.310 0.0000000000
45784  37.656  -27.617  35.330 0.0000000000
42095  40.758  -31.478  39.668 0.0000000000
44800  39.908  -28.381  37.898 0.0000000000
46681  39.481  -25.949  36.051 0.0000000000
46678  42.358  -26.575  35.199 0.0000000000
114456  45.182  -26.749  34.674 0.0000000000
64979  53.480  -6.619  11.622 0.0000000000
63077  55.524  -8.016  13.807 0.0000000000
60429  57.076  -10.894  14.928 0.0000000000
33778  23.750  -38.834  49.951 0.0000000000
30718  8.323  -42.833  44.323 0.0000000000
29629  8.301  -43.505  45.715 0.0000000000
29641  7.700  -43.620  44.348 0.0000000000
48592  46.585  -25.153  29.587 0.0000000000
47684  47.779  -25.390  28.681 0.0000000000
27283  3.339  -46.065  45.382 0.0000000000
41099  27.616  -32.024  38.237 0.0000000000
41098  28.395  -31.952  38.834 0.0000000000
40087  28.519  -33.263  39.662 0.0000000000
35943  20.386  -37.610  40.471 0.0000000000
34919  19.594  -38.265  41.729 0.0000000000
35944  19.478  -37.588  40.187 0.0000000000
38097  21.378  -35.546  37.169 0.0000000000
36979  20.632  -36.809  39.111 0.0000000000
35942  21.235  -37.305  40.464 0.0000000000
32774  14.891  -40.587  48.342 0.0000000000
31703  14.103  -41.609  50.320 0.0000000000
58821  52.942  -12.584  16.572 0.0000000000
58036  53.625  -14.152  16.711 0.0000000000
58809  52.875  -13.605  16.801 0.0000000000
56084  52.650  -16.087  24.268 0.0000000000
57081  53.099  -15.713  23.594 0.0000000000
54094  43.497  -18.548  21.150 0.0000000000
54092  45.284  -18.601  21.400 0.0000000000
52216  45.265  -19.984  21.853 0.0000000000
48565  36.157  -24.128  32.917 0.0000000000
48563  37.084  -23.828  33.414 0.0000000000
126034  37.904  -23.790  33.199 0.0000000000
47635  37.956  -24.434  34.376 0.0000000000
118630  36.311  -33.589  39.628 0.0000000000
41091  36.304  -32.580  38.676 0.0000000000
112945  37.340  -33.750  40.318 0.0000000000
61225  51.029  -11.031  16.307 0.0000000000
62121  51.116  -9.746  15.228 0.0000000000
119214  51.925  -11.225  16.311 0.0000000000
60418  53.369  -11.673  16.126 0.0000000000
65025  55.679  -6.278  7.739 0.0000000000
65011  55.373  -6.451  8.501 0.0000000000
64053  56.626  -7.155  10.565 0.0000000000
64999  54.358  -6.269  9.549 0.0000000000
35885  25.923  -37.554  43.408 0.0000000000
35900  27.294  -37.305  43.369 0.0000000000
34837  26.693  -38.614  45.796 0.0000000000
31793  11.057  -41.128  45.991 0.0000000000
31745  10.849  -41.892  48.422 0.0000000000
121800  10.032  -42.131  46.908 0.0000000000
27273  7.474  -46.836  49.310 0.0000000000
132325  8.224  -45.057  50.099 0.0000000000
60409  48.030  -11.583  17.060 0.0000000000
59576  49.529  -12.732  17.103 0.0000000000
59577  48.230  -12.685  17.346 0.0000000000
115519  46.964  -14.429  19.377 0.0000000000
115716  48.115  -14.690  19.569 0.0000000000
125104  48.155  -14.531  20.700 0.0000000000
57987  49.542  -14.614  21.835 0.0000000000
115909  48.637  -14.543  21.858 0.0000000000
50389  44.883  -22.629  24.423 0.0000000000
50388  45.806  -22.801  24.379 0.0000000000
49582  46.171  -23.329  24.991 0.0000000000
61228  48.710  -10.524  16.382 0.0000000000
27310  5.340  -45.584  42.986 0.0000000000
27312  4.217  -45.087  42.859 0.0000000000
52202  40.342  -20.662  22.258 0.0000000000
51296  41.766  -21.099  22.765 0.0000000000
51278  40.635  -21.594  23.294 0.0000000000
49567  40.231  -23.081  25.807 0.0000000000
50367  41.772  -22.868  25.207 0.0000000000
113324  42.265  -23.416  26.798 0.0000000000
113470  43.809  -23.635  27.392 0.0000000000
49537  42.399  -23.568  27.583 0.0000000000
43036  29.632  -30.451  34.893 0.0000000000
116361  30.868  -32.165  39.325 0.0000000000
41115  31.274  -32.222  37.779 0.0000000000
41077  31.669  -32.676  39.372 0.0000000000
40084  33.392  -33.728  39.321 0.0000000000
40068  32.742  -33.726  40.193 0.0000000000
35881  29.901  -37.198  43.742 0.0000000000
38021  30.343  -35.404  42.461 0.0000000000
36896  31.037  -36.506  44.209 0.0000000000
38996  32.721  -34.179  44.426 0.0000000000
113199  34.473  -34.456  43.776 0.0000000000
33806  21.647  -38.950  46.689 0.0000000000
32771  20.465  -39.850  48.500 0.0000000000
33807  20.761  -39.314  46.845 0.0000000000
33855  18.115  -39.114  43.794 0.0000000000
32815  18.722  -40.261  45.641 0.0000000000
33825  17.584  -39.743  45.266 0.0000000000
119120  16.880  -40.173  46.503 0.0000000000
33826  16.369  -38.771  45.570 0.0000000000
36963  17.437  -36.153  40.499 0.0000000000
35947  14.338  -37.039  40.908 0.0000000000
35928  14.951  -36.895  41.761 0.0000000000
35911  14.572  -37.534  42.404 0.0000000000
119766  14.680  -38.212  44.230 0.0000000000
34882  13.914  -38.465  43.641 0.0000000000
33843  12.767  -39.569  44.628 0.0000000000
34902  12.477  -38.939  42.887 0.0000000000
32859  9.505  -40.872  42.365 0.0000000000
42176  26.210  -30.707  36.237 0.0000000000
42177  25.503  -31.206  35.384 0.0000000000
38079  23.511  -35.516  38.231 0.0000000000
38093  24.761  -34.858  37.664 0.0000000000
39104  25.513  -34.412  37.641 0.0000000000
38063  24.804  -35.572  39.134 0.0000000000
36957  25.175  -36.276  40.439 0.0000000000
36958  24.250  -36.398  40.419 0.0000000000
34873  22.393  -38.371  44.103 0.0000000000
114697  23.013  -38.263  43.544 0.0000000000
34840  21.848  -38.677  45.827 0.0000000000
34824  22.586  -38.737  46.533 0.0000000000
31702  19.556  -41.445  51.245 0.0000000000
26120  5.792  -48.445  45.023 0.0000000000
27291  6.200  -47.003  45.266 0.0000000000
58045  57.119  -14.328  15.967 0.0000000000
57139  56.682  -15.190  18.282 0.0000000000
57138  58.023  -15.169  18.809 0.0000000000
57137  59.485  -15.256  19.570 0.0000000000
117982  59.206  -16.549  22.039 0.0000000000
57133  52.170  -15.281  18.991 0.0000000000
57142  52.823  -15.319  18.743 0.0000000000
57132  52.849  -15.271  19.627 0.0000000000
128687  55.592  -15.488  21.912 0.0000000000
55090  47.502  -17.949  21.545 0.0000000000
56118  46.920  -16.253  22.164 0.0000000000
130347  48.722  -17.522  22.078 0.0000000000
55077  49.384  -17.224  22.448 0.0000000000
54075  49.907  -18.136  22.447 0.0000000000
50408  48.406  -22.305  23.894 0.0000000000
128501  48.399  -21.079  23.111 0.0000000000
50407  49.231  -22.171  23.931 0.0000000000
49531  36.866  -23.105  28.569 0.0000000000
48573  40.698  -24.497  31.403 0.0000000000
113560  40.756  -24.007  29.975 0.0000000000
48572  42.072  -24.794  31.459 0.0000000000
115341  42.965  -24.727  31.080 0.0000000000
47651  43.717  -25.505  32.457 0.0000000000
43034  31.857  -30.649  34.145 0.0000000000
43033  33.473  -30.382  34.480 0.0000000000
43004  36.477  -30.370  36.485 0.0000000000
43906  35.702  -29.684  35.317 0.0000000000
43904  37.057  -29.109  35.769 0.0000000000
44842  37.005  -28.021  34.910 0.0000000000
44821  37.697  -28.704  36.056 0.0000000000
41057  40.845  -32.328  40.985 0.0000000000
45735  41.475  -27.315  38.718 0.0000000000
131111  40.082  -27.100  37.424 0.0000000000
46650  40.571  -26.887  37.510 0.0000000000
134771  40.965  -26.136  35.881 0.0000000000
116655  42.740  -27.036  36.932 0.0000000000
63081  51.706  -8.068  13.821 0.0000000000
64028  53.475  -6.943  12.366 0.0000000000
64027  54.852  -7.239  12.699 0.0000000000
63078  54.690  -7.970  13.705 0.0000000000
59592  55.168  -12.142  15.513 0.0000000000
131828  55.619  -10.797  15.108 0.0000000000
114704  56.020  -11.956  15.239 0.0000000000
60414  57.636  -12.236  15.093 0.0000000000
65009  59.795  -6.207  8.424 0.0000000000
64023  58.597  -7.867  12.447 0.0000000000
62145  59.842  -9.140  14.173 0.0000000000
62126  59.243  -9.634  14.495 0.0000000000
34822  24.339  -38.655  46.405 0.0000000000
34820  26.071  -38.745  46.633 0.0000000000
33789  24.978  -38.678  48.755 0.0000000000
30694  9.778  -41.798  45.462 0.0000000000
30685  9.512  -42.578  46.659 0.0000000000
29628  8.934  -42.958  46.069 0.0000000000
29616  8.334  -43.952  46.792 0.0000000000
27274  6.861  -47.437  48.389 0.0000000000
58805  45.771  -13.683  18.641 0.0000000000
58796  46.063  -14.316  19.623 0.0000000000
49548  45.874  -23.792  26.481 0.0000000000
48615  46.541  -24.236  26.649 0.0000000000
48605  46.522  -24.722  27.435 0.0000000000
47699  48.097  -25.366  27.957 0.0000000000
27301  3.804  -45.506  43.362 0.0000000000
27292  3.419  -45.790  44.211 0.0000000000
133098  3.364  -47.422  45.137 0.0000000000
50417  39.917  -21.856  23.664 0.0000000000
49568  39.377  -22.960  25.798 0.0000000000
42158  28.759  -30.462  37.117 0.0000000000
121554  28.852  -30.937  37.929 0.0000000000
41097  29.270  -31.664  39.092 0.0000000000
41059  30.679  -32.516  40.636 0.0000000000
113483  20.801  -38.484  43.738 0.0000000000
33822  20.281  -38.975  45.343 0.0000000000
129818  19.891  -38.728  43.824 0.0000000000
34877  18.600  -38.709  42.979 0.0000000000
34899  17.934  -38.209  42.585 0.0000000000
34921  12.425  -38.436  41.264 0.0000000000
35948  12.188  -37.610  39.757 0.0000000000
38096  22.696  -35.453  37.654 0.0000000000
36977  22.921  -36.310  39.728 0.0000000000
36959  23.389  -36.517  40.385 0.0000000000
116266  21.998  -37.205  40.919 0.0000000000
127053  21.790  -38.159  42.923 0.0000000000
30652  17.561  -42.603  50.215 0.0000000000
135923  54.545  -13.189  15.806 0.0000000000
129353  56.129  -14.572  16.319 0.0000000000
123953  55.109  -14.373  16.250 0.0000000000
57152  55.628  -15.256  17.895 0.0000000000
134462  55.918  -15.123  18.794 0.0000000000
57108  51.812  -14.991  22.234 0.0000000000
57106  53.666  -15.053  21.516 0.0000000000
57094  53.723  -15.387  22.488 0.0000000000
57080  54.534  -15.855  23.342 0.0000000000
56122  43.949  -15.907  21.537 0.0000000000
55094  44.475  -17.317  21.350 0.0000000000
54091  46.149  -18.610  21.490 0.0000000000
53119  48.007  -19.179  21.933 0.0000000000
127429  50.584  -22.458  24.184 0.0000000000
49513  36.572  -22.727  30.549 0.0000000000
49519  37.484  -23.258  29.895 0.0000000000
115385  37.673  -23.439  31.450 0.0000000000
48574  39.681  -24.262  31.970 0.0000000000
136332  41.036  -25.353  33.242 0.0000000000
41112  34.137  -32.396  37.348 0.0000000000
42171  33.931  -31.188  35.886 0.0000000000
42133  35.500  -31.794  37.412 0.0000000000
42132  36.235  -31.404  37.448 0.0000000000
42975  38.022  -30.972  38.013 0.0000000000
63041  49.320  -8.309  15.064 0.0000000000
63998  50.078  -7.569  14.220 0.0000000000
63060  50.204  -8.474  14.629 0.0000000000
63059  51.197  -8.610  14.333 0.0000000000
63058  52.151  -8.745  14.204 0.0000000000
63056  54.264  -9.003  14.445 0.0000000000
62118  53.783  -10.204  15.181 0.0000000000
60417  54.092  -11.343  15.638 0.0000000000
112807  55.875  -5.115  6.924 0.0000000000
114434  57.229  -6.785  7.771 0.0000000000
64075  58.813  -6.856  9.175 0.0000000000
64050  60.283  -7.108  10.646 0.0000000000
119592  58.516  -7.250  10.169 0.0000000000
64039  57.380  -7.542  11.734 0.0000000000
132676  56.789  -7.500  12.138 0.0000000000
38046  27.314  -35.508  40.527 0.0000000000
124481  28.028  -35.383  40.743 0.0000000000
36939  28.006  -36.318  41.823 0.0000000000
136657  28.611  -37.411  43.524 0.0000000000
34851  29.141  -38.134  44.833 0.0000000000
32792  12.705  -40.684  47.379 0.0000000000
31721  12.334  -41.606  49.809 0.0000000000
31744  11.424  -41.558  48.728 0.0000000000
30667  10.747  -42.467  49.564 0.0000000000
29602  8.914  -44.115  48.878 0.0000000000
29589  8.541  -44.840  50.558 0.0000000000
59584  50.943  -12.210  16.810 0.0000000000
119323  51.481  -13.666  17.182 0.0000000000
59575  50.374  -12.872  17.049 0.0000000000
118873  50.734  -14.782  18.053 0.0000000000
58024  50.178  -15.017  18.802 0.0000000000
58041  48.384  -14.123  17.847 0.0000000000
58025  49.352  -14.860  18.745 0.0000000000
134246  50.711  -14.821  20.842 0.0000000000
57986  50.369  -14.708  21.791 0.0000000000
134248  50.665  -15.361  23.116 0.0000000000
56086  51.239  -16.020  23.835 0.0000000000
51293  44.514  -21.124  22.682 0.0000000000
130240  45.521  -21.075  22.650 0.0000000000
51272  45.974  -21.720  23.235 0.0000000000
50409  47.413  -22.510  23.917 0.0000000000
50386  48.145  -23.107  24.340 0.0000000000
49562  47.453  -23.973  25.445 0.0000000000
49561  48.137  -24.228  25.119 0.0000000000
48651  48.855  -24.282  24.855 0.0000000000
46719  36.696  -25.869  33.648 0.0000000000
40053  38.654  -33.595  41.885 0.0000000000
63042  48.494  -8.104  15.581 0.0000000000
62123  49.036  -8.931  15.550 0.0000000000
61226  50.098  -10.935  16.350 0.0000000000
68452  55.969  -2.702  9.425 0.0000000000
67559  54.318  -3.388  9.962 0.0000000000
29660  6.609  -43.550  42.423 0.0000000000
28558  7.073  -44.298  43.979 0.0000000000
28559  6.502  -44.842  43.591 0.0000000000
27300  5.524  -46.459  43.704 0.0000000000
26128  5.382  -47.806  44.354 0.0000000000
115874  4.059  -47.591  43.894 0.0000000000
53125  43.021  -19.258  21.401 0.0000000000
53127  41.135  -19.328  21.391 0.0000000000
52219  42.584  -19.915  21.749 0.0000000000
51295  42.657  -21.104  22.736 0.0000000000
50413  43.551  -22.044  23.899 0.0000000000
49585  43.436  -22.894  25.042 0.0000000000
50393  41.303  -22.402  24.562 0.0000000000
49586  42.604  -22.815  25.037 0.0000000000
49565  43.798  -23.315  25.741 0.0000000000
49549  44.478  -23.627  26.889 0.0000000000
48599  45.271  -24.560  28.804 0.0000000000
48593  45.730  -24.908  29.626 0.0000000000
42173  31.927  -31.408  35.516 0.0000000000
42157  29.775  -30.968  36.615 0.0000000000
42155  31.557  -31.722  36.214 0.0000000000
41127  32.801  -32.215  36.734 0.0000000000
41094  33.648  -32.899  37.994 0.0000000000
40083  34.314  -33.873  39.344 0.0000000000
127404  35.730  -34.779  41.401 0.0000000000
39061  29.227  -34.362  40.815 0.0000000000
39046  30.290  -34.117  41.726 0.0000000000
40057  31.564  -33.164  41.969 0.0000000000
117428  31.566  -35.623  44.152 0.0000000000
39030  32.133  -33.687  42.994 0.0000000000
40056  32.016  -33.302  41.889 0.0000000000
39029  33.314  -34.187  42.690 0.0000000000
39042  35.102  -34.822  42.099 0.0000000000
39026  36.966  -34.632  42.566 0.0000000000
33767  21.944  -39.569  50.231 0.0000000000
32761  20.918  -39.889  50.414 0.0000000000
131976  20.059  -40.343  49.868 0.0000000000
31736  19.414  -41.111  49.141 0.0000000000
117514  19.453  -40.051  46.059 0.0000000000
32786  18.542  -41.025  47.016 0.0000000000
31738  18.032  -42.047  48.008 0.0000000000
31739  17.118  -41.975  48.258 0.0000000000
32773  15.691  -40.810  48.325 0.0000000000
125219  14.870  -40.101  47.699 0.0000000000
36962  18.121  -36.719  40.115 0.0000000000
35925  17.668  -37.302  41.612 0.0000000000
119877  16.921  -37.274  42.782 0.0000000000
36964  16.146  -35.842  40.936 0.0000000000
35927  15.958  -36.619  42.114 0.0000000000
35889  16.605  -37.482  43.343 0.0000000000
34860  15.519  -38.015  44.619 0.0000000000
34843  15.067  -38.707  45.808 0.0000000000
121037  13.951  -39.646  46.240 0.0000000000
33813  13.037  -39.963  46.176 0.0000000000
32831  12.036  -39.985  45.099 0.0000000000
129844  11.361  -40.355  44.754 0.0000000000
33872  11.980  -39.282  42.957 0.0000000000
32832  11.124  -40.160  43.970 0.0000000000
32833  10.674  -40.733  44.450 0.0000000000
32847  9.779  -41.025  43.315 0.0000000000
31837  9.077  -41.476  42.942 0.0000000000
31838  8.489  -41.852  42.541 0.0000000000
30738  7.294  -42.421  41.813 0.0000000000
29671  6.102  -42.952  41.809 0.0000000000
43009  26.988  -30.230  36.790 0.0000000000
42137  26.874  -31.538  37.343 0.0000000000
112869  26.857  -33.534  38.158 0.0000000000
40130  25.310  -33.396  36.494 0.0000000000
39103  26.219  -33.974  37.780 0.0000000000
39076  26.794  -34.711  39.079 0.0000000000
36956  25.994  -36.217  40.757 0.0000000000
36927  25.672  -36.723  42.060 0.0000000000
34871  25.224  -38.081  43.772 0.0000000000
35904  23.676  -37.440  42.372 0.0000000000
113879  24.312  -38.275  43.938 0.0000000000
123662  24.146  -38.476  45.553 0.0000000000
134485  23.213  -38.768  46.797 0.0000000000
33791  22.370  -39.128  48.226 0.0000000000
28550  7.244  -44.672  44.989 0.0000000000
27281  6.536  -47.653  47.010 0.0000000000
57151  58.025  -14.983  17.539 0.0000000000
58021  53.258  -15.180  18.105 0.0000000000
115352  54.332  -15.119  19.286 0.0000000000
57129  55.791  -14.990  19.618 0.0000000000
57124  54.145  -14.957  20.859 0.0000000000
57122  56.037  -15.434  21.370 0.0000000000
113451  56.650  -15.332  20.732 0.0000000000
58790  44.598  -14.204  20.264 0.0000000000
58004  46.420  -14.529  21.171 0.0000000000
57113  44.825  -15.452  21.673 0.0000000000
57111  46.562  -15.027  22.167 0.0000000000
57110  47.385  -14.828  22.255 0.0000000000
56102  48.677  -15.503  22.644 0.0000000000
56100  50.590  -15.958  23.388 0.0000000000
124906  52.096  -17.222  24.570 0.0000000000
52196  46.810  -20.484  22.340 0.0000000000
53108  47.652  -20.030  22.221 0.0000000000
52194  49.200  -19.997  22.520 0.0000000000
51267  50.553  -21.447  23.794 0.0000000000
119098  50.850  -20.556  23.479 0.0000000000
53105  50.307  -19.216  22.749 0.0000000000
53098  51.100  -18.735  23.221 0.0000000000
54061  52.065  -18.132  24.299 0.0000000000
49555  37.977  -23.101  26.430 0.0000000000
49541  39.168  -23.327  27.118 0.0000000000
113628  39.042  -23.658  29.066 0.0000000000
113474  40.001  -23.730  28.792 0.0000000000
49526  41.582  -23.760  28.612 0.0000000000
113506  42.924  -23.942  29.345 0.0000000000
48584  44.464  -24.754  30.419 0.0000000000
47676  45.635  -25.326  31.133 0.0000000000
43032  34.249  -30.197  34.777 0.0000000000
44865  35.895  -28.071  33.811 0.0000000000
45807  37.037  -26.564  34.157 0.0000000000
46701  37.729  -26.085  34.720 0.0000000000
40065  39.189  -32.877  40.461 0.0000000000
42097  39.123  -31.795  39.159 0.0000000000
42974  38.819  -30.714  38.173 0.0000000000
42972  40.310  -30.162  38.718 0.0000000000
43863  39.435  -29.345  37.867 0.0000000000
44819  39.140  -27.607  36.753 0.0000000000
46682  38.882  -26.202  35.826 0.0000000000
47620  38.509  -25.087  34.829 0.0000000000
47619  39.105  -25.231  35.013 0.0000000000
47617  40.975  -25.778  34.618 0.0000000000
46698  42.075  -26.157  34.257 0.0000000000
45769  44.270  -27.457  37.093 0.0000000000
113612  44.145  -26.951  35.541 0.0000000000
46716  44.072  -26.302  33.781 0.0000000000
46715  45.393  -26.288  33.428 0.0000000000
67560  53.495  -3.933  10.079 0.0000000000
65000  53.533  -6.009  9.930 0.0000000000
64042  54.296  -6.680  11.330 0.0000000000
64026  55.637  -7.409  12.726 0.0000000000
63075  57.228  -8.269  13.957 0.0000000000
115440  55.126  -9.175  14.550 0.0000000000
62129  56.030  -9.342  14.569 0.0000000000
63053  57.571  -8.783  14.417 0.0000000000
61243  58.134  -10.755  14.844 0.0000000000
33765  22.971  -39.450  50.838 0.0000000000
116766  23.364  -39.050  50.452 0.0000000000
47681  47.427  -25.432  29.522 0.0000000000
40105  27.617  -32.970  38.618 0.0000000000
40104  28.248  -32.805  39.181 0.0000000000
40088  27.890  -33.608  39.194 0.0000000000
35965  20.080  -37.237  39.643 0.0000000000
35964  20.916  -37.058  39.838 0.0000000000
31741  14.530  -41.117  49.189 0.0000000000
124550  13.773  -41.216  49.377 0.0000000000
117002  52.517  -12.109  16.637 0.0000000000
58810  52.130  -13.012  16.799 0.0000000000
56074  53.463  -16.611  24.975 0.0000000000
53124  43.932  -19.272  21.447 0.0000000000
53123  44.825  -19.299  21.550 0.0000000000
48564  36.753  -24.173  33.505 0.0000000000
127767  36.558  -23.774  33.069 0.0000000000
48554  37.346  -24.202  34.001 0.0000000000
48553  37.656  -24.013  33.917 0.0000000000
40067  36.632  -33.964  40.190 0.0000000000
39056  37.176  -34.302  40.924 0.0000000000
60405  51.428  -11.665  16.584 0.0000000000
134662  52.107  -11.749  16.550 0.0000000000
60419  52.675  -11.580  16.362 0.0000000000
65857  54.559  -5.414  8.535 0.0000000000
65012  54.665  -6.112  8.789 0.0000000000
64998  55.111  -6.547  9.277 0.0000000000
65852  54.019  -5.563  9.224 0.0000000000
34854  25.567  -38.247  44.416 0.0000000000
34870  26.228  -38.017  44.141 0.0000000000
117812  26.088  -38.358  44.950 0.0000000000
31778  10.477  -41.591  46.523 0.0000000000
60397  48.476  -12.073  17.112 0.0000000000
113101  47.762  -12.067  17.307 0.0000000000
58014  47.464  -14.641  19.965 0.0000000000
57988  47.722  -14.497  21.769 0.0000000000
49583  45.277  -23.137  25.003 0.0000000000
28569  4.671  -44.519  42.644 0.0000000000
52222  39.754  -20.136  21.761 0.0000000000
51297  40.907  -21.134  22.794 0.0000000000
51298  40.056  -21.279  22.865 0.0000000000
49566  41.135  -23.195  25.841 0.0000000000
49551  41.424  -23.361  26.600 0.0000000000
49538  41.662  -23.484  27.345 0.0000000000
41078  31.156  -32.423  40.104 0.0000000000
40069  31.905  -32.915  40.302 0.0000000000
40085  32.496  -33.245  39.375 0.0000000000
133857  32.189  -33.320  40.734 0.0000000000
35856  29.955  -37.878  44.727 0.0000000000
36909  30.433  -36.618  43.532 0.0000000000
35868  30.401  -37.285  44.311 0.0000000000
33821  20.962  -38.950  46.010 0.0000000000
33839  17.814  -39.471  44.537 0.0000000000
133050  16.938  -39.293  45.651 0.0000000000
33840  17.123  -39.010  45.013 0.0000000000
35929  14.096  -37.554  41.570 0.0000000000
34900  14.260  -38.050  42.982 0.0000000000
115697  13.596  -38.393  42.898 0.0000000000
34883  13.090  -38.771  43.256 0.0000000000
124034  12.964  -38.535  42.310 0.0000000000
38094  24.086  -35.158  37.712 0.0000000000
38078  24.439  -35.346  38.352 0.0000000000
133931  24.327  -35.850  39.428 0.0000000000
36975  24.623  -35.996  39.814 0.0000000000
34857  21.439  -38.488  44.359 0.0000000000
114635  22.051  -38.490  44.974 0.0000000000
31718  19.077  -41.738  50.062 0.0000000000
25019  6.239  -49.694  45.625 0.0000000000
113318  56.707  -15.193  19.453 0.0000000000
57128  59.208  -15.828  21.106 0.0000000000
134282  52.560  -15.142  20.305 0.0000000000
54077  48.265  -18.247  21.759 0.0000000000
55078  48.050  -17.241  21.958 0.0000000000
54076  49.076  -18.220  22.090 0.0000000000
127268  48.871  -22.810  24.188 0.0000000000
113820  41.317  -24.798  31.830 0.0000000000
118217  41.464  -24.575  31.168 0.0000000000
48560  41.928  -25.084  32.211 0.0000000000
47666  42.677  -25.052  31.931 0.0000000000
132982  43.089  -25.383  32.352 0.0000000000
42189  32.273  -30.965  34.862 0.0000000000
42188  32.693  -30.537  34.273 0.0000000000
135888  33.025  -30.786  34.847 0.0000000000
43003  37.186  -30.149  36.696 0.0000000000
43889  36.769  -29.757  36.119 0.0000000000
43888  37.447  -29.437  36.375 0.0000000000
45719  42.041  -27.516  39.320 0.0000000000
45752  40.995  -27.041  38.160 0.0000000000
46638  41.600  -27.193  38.511 0.0000000000
46649  41.243  -26.871  37.793 0.0000000000
46648  42.265  -26.995  37.911 0.0000000000
63080  52.627  -8.138  13.681 0.0000000000
64011  52.186  -7.537  13.318 0.0000000000
64029  52.681  -7.056  12.764 0.0000000000
64010  53.554  -7.392  12.957 0.0000000000
63079  53.663  -7.957  13.579 0.0000000000
120824  55.831  -12.907  15.454 0.0000000000
58828  56.965  -13.343  15.440 0.0000000000
64074  60.324  -6.225  9.244 0.0000000000
65008  60.915  -5.886  8.564 0.0000000000
64997  61.111  -6.075  9.177 0.0000000000
64060  61.225  -6.623  9.632 0.0000000000
63091  58.028  -8.129  13.278 0.0000000000
63074  58.984  -8.511  13.812 0.0000000000
63052  58.563  -8.894  14.368 0.0000000000
34804  24.655  -38.806  47.383 0.0000000000
30695  9.242  -42.312  45.275 0.0000000000
28549  7.788  -44.043  45.385 0.0000000000
28540  7.882  -44.302  46.246 0.0000000000
28532  7.655  -45.310  47.470 0.0000000000
58806  44.860  -13.209  18.638 0.0000000000
58797  45.098  -14.049  19.428 0.0000000000
49534  45.897  -24.114  27.280 0.0000000000
28551  3.554  -44.782  44.089 0.0000000000
124340  3.282  -47.020  45.979 0.0000000000
115327  3.173  -47.947  46.467 0.0000000000
43008  27.848  -30.106  37.054 0.0000000000
42992  28.097  -30.690  37.626 0.0000000000
41081  28.867  -32.333  39.503 0.0000000000
41080  29.619  -32.135  39.751 0.0000000000
41079  30.399  -32.184  39.941 0.0000000000
41060  29.958  -32.575  40.417 0.0000000000
114288  21.063  -38.285  43.000 0.0000000000
34875  20.187  -38.533  43.071 0.0000000000
134787  19.081  -38.157  41.426 0.0000000000
34897  19.491  -38.550  42.500 0.0000000000
34898  18.754  -38.311  42.006 0.0000000000
35907  18.070  -37.868  41.941 0.0000000000
36996  21.745  -36.140  38.538 0.0000000000
38081  21.920  -35.724  37.831 0.0000000000
36995  22.357  -36.224  39.116 0.0000000000
38080  22.567  -35.820  38.418 0.0000000000
36960  22.536  -36.702  40.313 0.0000000000
34917  21.034  -37.993  41.757 0.0000000000
35922  21.764  -37.707  41.729 0.0000000000
35906  21.424  -38.068  42.354 0.0000000000
30666  16.701  -42.329  49.266 0.0000000000
31719  15.905  -42.178  50.085 0.0000000000
58820  54.058  -12.713  15.922 0.0000000000
58046  54.309  -13.728  16.146 0.0000000000
58035  54.435  -14.653  16.766 0.0000000000
57153  54.685  -15.176  17.613 0.0000000000
57140  55.039  -15.145  18.714 0.0000000000
57107  52.809  -15.084  21.806 0.0000000000
55095  43.674  -16.982  21.283 0.0000000000
53122  45.700  -19.348  21.637 0.0000000000
54090  46.970  -18.632  21.558 0.0000000000
53120  47.290  -19.327  21.809 0.0000000000
50325  35.765  -22.631  30.966 0.0000000000
50314  36.348  -22.796  31.503 0.0000000000
49512  37.194  -23.006  31.057 0.0000000000
49491  37.771  -23.589  32.223 0.0000000000
48562  38.917  -24.051  33.031 0.0000000000
122745  39.671  -24.542  32.793 0.0000000000
47633  40.227  -24.992  33.233 0.0000000000
42134  34.867  -31.781  37.047 0.0000000000
41111  35.034  -32.319  37.715 0.0000000000
41076  36.924  -32.717  39.157 0.0000000000
113685  36.643  -31.868  38.130 0.0000000000
135263  37.170  -31.707  38.248 0.0000000000
42131  37.160  -31.252  37.812 0.0000000000
42114  37.694  -31.602  38.384 0.0000000000
130775  49.682  -8.937  15.166 0.0000000000
62133  51.651  -9.264  14.750 0.0000000000
62132  52.626  -9.427  14.731 0.0000000000
62131  53.585  -9.578  14.779 0.0000000000
62119  53.041  -10.159  15.261 0.0000000000
59593  53.946  -11.995  15.903 0.0000000000
135915  54.452  -12.224  15.723 0.0000000000
65024  56.420  -6.531  7.517 0.0000000000
65010  58.347  -6.748  8.091 0.0000000000
64076  57.531  -6.993  8.722 0.0000000000
64063  57.803  -7.171  9.549 0.0000000000
64065  55.804  -6.834  10.038 0.0000000000
128911  57.253  -7.394  11.028 0.0000000000
64040  56.652  -7.324  11.467 0.0000000000
36955  26.768  -36.043  41.009 0.0000000000
38035  27.592  -35.882  41.198 0.0000000000
36940  27.067  -36.376  41.724 0.0000000000
35871  27.182  -37.786  44.068 0.0000000000
35883  28.003  -37.635  43.772 0.0000000000
34852  28.041  -38.129  44.595 0.0000000000
35870  28.778  -37.753  44.080 0.0000000000
34835  28.464  -38.365  45.334 0.0000000000
31761  12.110  -41.117  47.986 0.0000000000
30656  9.917  -43.548  50.208 0.0000000000
131632  10.258  -43.453  50.799 0.0000000000
30675  9.690  -42.885  47.843 0.0000000000
60395  50.074  -12.181  16.855 0.0000000000
58812  49.737  -13.611  17.381 0.0000000000
58039  49.936  -14.579  17.910 0.0000000000
113738  50.881  -15.074  18.835 0.0000000000
58814  47.958  -13.499  17.660 0.0000000000
58803  47.794  -14.218  18.232 0.0000000000
114293  48.813  -14.777  19.658 0.0000000000
58013  49.676  -14.898  19.711 0.0000000000
57979  50.010  -14.907  22.704 0.0000000000
57083  51.106  -15.694  23.485 0.0000000000
51273  45.005  -21.651  23.239 0.0000000000
50387  46.687  -23.005  24.363 0.0000000000
50410  46.384  -22.360  23.801 0.0000000000
132695  47.387  -23.176  24.444 0.0000000000
49581  47.734  -23.638  24.804 0.0000000000
117550  47.203  -24.817  26.876 0.0000000000
48614  47.221  -24.442  26.098 0.0000000000
133494  47.738  -24.891  26.343 0.0000000000
48627  48.650  -24.789  25.429 0.0000000000
48626  49.394  -24.793  25.165 0.0000000000
131549  35.809  -25.700  32.744 0.0000000000
124096  36.296  -25.122  33.175 0.0000000000
63034  48.311  -8.985  16.050 0.0000000000
62111  48.860  -9.680  16.016 0.0000000000
60408  48.757  -11.419  16.747 0.0000000000
134085  49.342  -10.953  16.433 0.0000000000
60407  49.685  -11.556  16.673 0.0000000000
60406  50.568  -11.600  16.632 0.0000000000
68453  55.088  -2.991  9.727 0.0000000000
28567  6.796  -44.134  43.161 0.0000000000
28568  6.228  -44.391  42.753 0.0000000000
26130  3.826  -46.621  43.642 0.0000000000
54095  42.562  -18.576  21.111 0.0000000000
54096  41.598  -18.601  21.109 0.0000000000
52221  40.713  -20.028  21.731 0.0000000000
52220  41.656  -19.951  21.730 0.0000000000
52199  43.082  -20.529  22.216 0.0000000000
51276  42.224  -21.609  23.298 0.0000000000
50414  42.650  -21.997  23.949 0.0000000000
50390  43.954  -22.528  24.459 0.0000000000
50391  43.058  -22.471  24.486 0.0000000000
50394  40.377  -22.344  24.492 0.0000000000
113646  42.100  -23.273  25.928 0.0000000000
118599  42.869  -23.149  25.559 0.0000000000
130583  44.394  -23.496  26.227 0.0000000000
49550  43.752  -23.494  26.600 0.0000000000
129757  43.879  -23.789  28.196 0.0000000000
49523  44.585  -23.990  28.501 0.0000000000
48600  44.553  -24.345  29.166 0.0000000000
43035  30.405  -30.646  34.425 0.0000000000
42190  31.282  -30.976  34.866 0.0000000000
42174  31.160  -31.332  35.671 0.0000000000
132807  29.402  -30.966  37.519 0.0000000000
42135  30.220  -31.402  37.258 0.0000000000
41129  31.166  -31.943  37.006 0.0000000000
127820  31.783  -32.334  37.282 0.0000000000
41128  32.008  -32.194  36.722 0.0000000000
41114  32.435  -32.470  37.274 0.0000000000
41113  33.222  -32.534  37.319 0.0000000000
113744  32.796  -32.790  37.916 0.0000000000
39073  33.768  -34.162  40.020 0.0000000000
39072  34.746  -34.256  39.990 0.0000000000
39058  35.282  -34.553  40.647 0.0000000000
38034  28.512  -35.624  41.327 0.0000000000
38045  28.659  -34.910  40.700 0.0000000000
38033  29.243  -35.569  41.678 0.0000000000
38032  29.900  -34.995  41.793 0.0000000000
39032  30.651  -34.387  42.242 0.0000000000
39045  30.887  -33.448  41.953 0.0000000000
39031  31.510  -33.728  42.545 0.0000000000
114987  32.930  -33.928  43.990 0.0000000000
39014  32.388  -33.923  43.606 0.0000000000
40023  32.538  -33.843  43.118 0.0000000000
40039  32.040  -33.537  42.465 0.0000000000
40038  32.495  -33.766  42.225 0.0000000000
39028  34.352  -34.617  42.804 0.0000000000
116928  36.034  -34.871  42.314 0.0000000000
32772  19.963  -40.363  48.778 0.0000000000
124379  19.491  -40.762  48.183 0.0000000000
33837  19.513  -39.137  44.606 0.0000000000
33823  19.482  -39.641  45.422 0.0000000000
32801  18.260  -40.752  46.264 0.0000000000
31758  18.798  -41.382  47.932 0.0000000000
31759  18.130  -41.505  47.379 0.0000000000
31760  17.442  -41.432  47.521 0.0000000000
33809  16.408  -39.379  46.266 0.0000000000
32803  16.217  -39.987  47.097 0.0000000000
32789  15.574  -40.320  47.762 0.0000000000
33795  15.269  -39.764  47.170 0.0000000000
36944  17.196  -36.499  41.318 0.0000000000
35908  17.432  -37.554  42.365 0.0000000000
35926  16.907  -36.851  42.123 0.0000000000
38050  15.778  -35.527  40.077 0.0000000000
36965  15.301  -36.046  40.624 0.0000000000
35910  15.437  -37.095  42.628 0.0000000000
35890  15.854  -37.333  43.361 0.0000000000
35909  16.341  -37.052  42.753 0.0000000000
34880  16.204  -37.687  44.035 0.0000000000
34881  15.352  -37.723  43.883 0.0000000000
34862  13.976  -38.737  44.461 0.0000000000
34861  14.721  -38.531  45.070 0.0000000000
33828  14.344  -39.137  45.658 0.0000000000
33812  13.567  -39.972  46.828 0.0000000000
33829  13.471  -39.538  45.373 0.0000000000
33858  12.448  -39.324  43.643 0.0000000000
32818  11.564  -40.566  45.521 0.0000000000
34903  11.960  -38.920  42.117 0.0000000000
33874  10.583  -39.778  42.229 0.0000000000
33860  10.848  -39.953  43.165 0.0000000000
32846  10.439  -40.558  43.658 0.0000000000
31822  9.984  -41.134  44.172 0.0000000000
121065  7.151  -41.900  41.245 0.0000000000
29670  6.768  -42.848  41.964 0.0000000000
30739  6.510  -42.252  41.491 0.0000000000
42160  26.541  -31.197  36.842 0.0000000000
41117  26.953  -32.201  37.629 0.0000000000
40117  26.474  -33.129  37.443 0.0000000000
40131  24.979  -33.068  35.737 0.0000000000
41140  25.223  -32.273  35.522 0.0000000000
38077  25.340  -35.073  38.355 0.0000000000
39091  25.979  -34.592  38.134 0.0000000000
39090  26.545  -34.304  38.413 0.0000000000
38061  26.176  -35.391  39.542 0.0000000000
38047  26.509  -35.700  40.311 0.0000000000
35918  24.909  -36.781  41.958 0.0000000000
36942  25.444  -36.534  41.279 0.0000000000
133917  25.198  -37.014  42.519 0.0000000000
35902  25.181  -37.543  43.049 0.0000000000
35886  24.482  -38.006  43.228 0.0000000000
130439  23.363  -37.069  41.767 0.0000000000
129516  22.781  -38.417  44.801 0.0000000000
34856  23.390  -38.346  44.233 0.0000000000
114601  24.148  -38.392  44.731 0.0000000000
34823  23.443  -38.564  46.145 0.0000000000
33805  22.222  -38.980  47.299 0.0000000000
33804  23.049  -38.958  47.541 0.0000000000
33779  22.596  -39.282  49.521 0.0000000000
32745  21.090  -40.085  52.010 0.0000000000
128699  12.479  -41.972  50.626 0.0000000000
31705  12.085  -42.898  51.703 0.0000000000
117889  6.686  -45.321  44.557 0.0000000000
27282  6.326  -47.862  46.147 0.0000000000
26112  6.541  -49.791  47.082 0.0000000000
57159  57.642  -14.659  16.509 0.0000000000
58037  52.081  -14.243  17.331 0.0000000000
58022  52.446  -15.028  18.095 0.0000000000
57131  53.757  -15.106  19.925 0.0000000000
57141  53.500  -15.314  18.984 0.0000000000
57130  55.053  -14.965  19.637 0.0000000000
57121  57.101  -15.973  21.962 0.0000000000
113609  57.954  -15.968  21.703 0.0000000000
58005  44.227  -14.381  20.875 0.0000000000
58015  45.394  -14.407  20.363 0.0000000000
123786  45.702  -14.613  21.135 0.0000000000
56121  44.592  -16.493  21.615 0.0000000000
56120  45.405  -16.009  21.931 0.0000000000
56119  46.243  -15.811  22.146 0.0000000000
56103  47.134  -15.441  22.354 0.0000000000
57100  47.948  -15.132  22.511 0.0000000000
55076  50.188  -16.939  22.996 0.0000000000
56101  49.593  -15.917  22.940 0.0000000000
55064  50.969  -16.788  23.574 0.0000000000
51292  46.490  -21.128  22.774 0.0000000000
121407  46.118  -20.664  22.384 0.0000000000
52195  48.441  -20.439  22.611 0.0000000000
52172  52.061  -20.665  24.214 0.0000000000
51266  51.376  -21.066  23.924 0.0000000000
135798  50.461  -20.069  23.068 0.0000000000
121073  51.135  -19.673  23.350 0.0000000000
49542  37.826  -23.263  27.302 0.0000000000
115870  38.492  -23.256  26.991 0.0000000000
49528  39.388  -23.534  28.000 0.0000000000
134594  38.699  -23.813  30.584 0.0000000000
49518  38.327  -23.613  29.686 0.0000000000
114206  38.898  -23.795  30.018 0.0000000000
133976  40.530  -23.865  29.310 0.0000000000
49527  40.815  -23.729  28.660 0.0000000000
49517  41.214  -23.894  29.316 0.0000000000
49509  42.298  -24.093  29.885 0.0000000000
48571  43.964  -24.859  31.150 0.0000000000
48585  43.650  -24.571  30.382 0.0000000000
48570  44.821  -25.044  31.140 0.0000000000
43006  34.881  -31.042  36.304 0.0000000000
43019  34.548  -30.570  35.479 0.0000000000
43018  35.357  -30.338  35.716 0.0000000000
43926  36.035  -29.077  34.928 0.0000000000
43927  35.374  -29.362  34.691 0.0000000000
43947  35.086  -29.088  34.042 0.0000000000
129523  35.381  -28.602  33.780 0.0000000000
45798  36.653  -27.582  34.262 0.0000000000
45797  37.406  -27.144  34.716 0.0000000000
46683  38.094  -26.644  35.264 0.0000000000
40052  39.309  -33.095  41.598 0.0000000000
120132  38.519  -33.524  40.957 0.0000000000
41072  40.435  -32.073  40.000 0.0000000000
41073  39.622  -32.291  39.751 0.0000000000
42096  40.023  -31.511  39.289 0.0000000000
42112  39.358  -31.112  38.712 0.0000000000
42964  40.002  -30.770  38.840 0.0000000000
44788  40.993  -28.543  38.979 0.0000000000
43852  40.887  -29.646  39.027 0.0000000000
43862  40.258  -29.212  38.418 0.0000000000
122287  39.292  -28.674  37.462 0.0000000000
44811  38.862  -28.420  36.983 0.0000000000
44810  39.636  -27.745  37.313 0.0000000000
46663  39.867  -26.298  36.621 0.0000000000
45770  39.710  -26.843  36.862 0.0000000000
46664  39.478  -26.320  36.350 0.0000000000
46700  38.429  -25.633  35.172 0.0000000000
47608  38.993  -25.540  35.482 0.0000000000
47607  39.547  -25.669  35.637 0.0000000000
46679  41.510  -26.526  36.109 0.0000000000
46699  41.395  -26.202  35.258 0.0000000000
45768  45.112  -27.504  36.853 0.0000000000
113694  44.710  -27.260  36.076 0.0000000000
46676  44.744  -26.912  35.284 0.0000000000
46696  44.230  -26.702  34.682 0.0000000000
115043  44.897  -26.397  33.958 0.0000000000
47630  44.749  -26.024  33.141 0.0000000000
122588  45.685  -26.539  34.012 0.0000000000
68445  53.935  -3.171  10.761 0.0000000000
64014  49.986  -6.914  14.021 0.0000000000
64990  52.616  -5.583  10.803 0.0000000000
65848  53.035  -5.437  10.224 0.0000000000
114573  53.486  -6.356  10.751 0.0000000000
64988  54.241  -6.475  10.397 0.0000000000
64008  55.216  -7.635  13.277 0.0000000000
64007  56.012  -7.740  13.346 0.0000000000
63076  56.348  -8.118  13.881 0.0000000000
62130  54.402  -9.788  14.855 0.0000000000
61245  55.257  -10.144  14.919 0.0000000000
124635  56.332  -10.267  14.831 0.0000000000
62128  56.984  -9.403  14.624 0.0000000000
61244  57.276  -10.162  14.750 0.0000000000
65891  57.118  -5.040  5.910 0.0000000000
118913  58.560  -5.626  5.959 0.0000000000
64037  60.178  -7.513  11.563 0.0000000000
30696  8.641  -42.831  45.128 0.0000000000
125864  8.153  -43.319  44.970 0.0000000000
114430  46.159  -24.893  28.821 0.0000000000
129825  46.549  -24.910  28.156 0.0000000000
48598  46.980  -25.118  28.781 0.0000000000
42117  28.250  -31.304  38.186 0.0000000000
34918  20.351  -38.006  41.369 0.0000000000
35923  19.485  -37.942  40.967 0.0000000000
134704  19.022  -37.766  40.590 0.0000000000
119121  21.067  -36.430  38.651 0.0000000000
36978  21.519  -36.605  39.268 0.0000000000
36961  21.731  -36.885  40.080 0.0000000000
113926  21.135  -37.683  41.111 0.0000000000
31740  15.359  -41.159  48.924 0.0000000000
132863  15.128  -41.583  49.813 0.0000000000
30642  13.832  -42.429  51.749 0.0000000000
58047  53.522  -13.168  16.368 0.0000000000
57082  51.947  -15.712  23.666 0.0000000000
56083  53.908  -16.164  24.272 0.0000000000
54093  44.399  -18.583  21.260 0.0000000000
49492  36.589  -23.503  32.769 0.0000000000
127883  37.187  -23.562  32.819 0.0000000000
48552  38.283  -24.179  33.875 0.0000000000
40100  35.725  -33.351  39.155 0.0000000000
40099  36.452  -33.073  39.276 0.0000000000
40081  37.034  -33.238  39.739 0.0000000000
61237  50.438  -10.226  15.773 0.0000000000
61236  51.537  -10.530  15.817 0.0000000000
61224  52.551  -10.821  15.839 0.0000000000
133315  53.023  -11.288  16.028 0.0000000000
60404  53.035  -11.996  16.524 0.0000000000
65856  55.011  -5.894  8.108 0.0000000000
64064  56.761  -7.062  9.500 0.0000000000
129556  55.826  -6.825  9.087 0.0000000000
64987  54.985  -6.615  10.118 0.0000000000
35901  26.566  -37.096  43.024 0.0000000000
35884  26.622  -37.530  43.611 0.0000000000
34853  26.994  -38.262  44.825 0.0000000000
32806  11.760  -40.808  46.284 0.0000000000
31762  11.313  -41.429  47.739 0.0000000000
31777  11.165  -41.294  46.836 0.0000000000
31763  10.517  -41.895  47.535 0.0000000000
28524  8.163  -44.851  48.493 0.0000000000
120209  48.861  -12.552  17.147 0.0000000000
58813  48.830  -13.344  17.430 0.0000000000
135277  47.245  -14.208  18.636 0.0000000000
58027  47.686  -14.547  19.055 0.0000000000
58002  49.135  -14.594  20.811 0.0000000000
57980  49.237  -14.842  22.401 0.0000000000
50412  44.479  -22.115  23.849 0.0000000000
50411  45.430  -22.221  23.806 0.0000000000
48613  48.413  -25.127  26.120 0.0000000000
131810  5.075  -43.954  42.433 0.0000000000
124599  5.400  -44.682  42.592 0.0000000000
27311  4.819  -45.384  42.761 0.0000000000
26140  4.388  -46.015  43.123 0.0000000000
52201  41.259  -20.559  22.239 0.0000000000
51277  41.372  -21.600  23.312 0.0000000000
50369  39.875  -22.675  25.152 0.0000000000
50368  40.784  -22.754  25.186 0.0000000000
113469  43.053  -23.514  27.087 0.0000000000
49536  43.142  -23.670  27.886 0.0000000000
49524  43.267  -23.806  28.605 0.0000000000
121825  30.637  -31.903  38.518 0.0000000000
41116  30.602  -31.772  37.757 0.0000000000
41096  31.442  -32.445  38.539 0.0000000000
41095  32.267  -32.828  38.607 0.0000000000
40103  33.110  -33.232  38.605 0.0000000000
39060  33.289  -34.157  40.722 0.0000000000
36923  29.308  -36.537  42.560 0.0000000000
38022  29.631  -35.865  42.191 0.0000000000
36922  30.067  -36.263  42.779 0.0000000000
38009  30.724  -35.759  43.103 0.0000000000
38995  33.363  -34.130  44.911 0.0000000000
39012  33.596  -34.097  44.345 0.0000000000
33792  21.475  -39.235  47.664 0.0000000000
114551  21.048  -39.521  48.331 0.0000000000
33793  20.551  -39.631  47.674 0.0000000000
33794  19.847  -39.925  46.923 0.0000000000
33838  18.506  -39.478  44.386 0.0000000000
33824  18.208  -39.930  45.033 0.0000000000
32816  17.910  -40.361  45.653 0.0000000000
32802  17.520  -40.587  46.329 0.0000000000
32787  17.051  -40.741  46.995 0.0000000000
33808  17.232  -39.974  45.930 0.0000000000
36947  14.938  -36.508  41.042 0.0000000000
130414  14.647  -38.008  43.586 0.0000000000
33842  13.477  -39.216  44.697 0.0000000000
33857  13.265  -39.029  44.052 0.0000000000
41130  25.850  -31.747  36.200 0.0000000000
39105  24.131  -34.686  37.105 0.0000000000
39113  24.898  -34.137  36.960 0.0000000000
38062  25.349  -35.740  39.708 0.0000000000
36943  24.628  -36.624  41.147 0.0000000000
34895  22.399  -38.207  43.221 0.0000000000
114438  22.681  -38.505  45.562 0.0000000000
26113  6.221  -49.629  46.017 0.0000000000
130327  60.622  -15.629  20.477 0.0000000000
57127  60.548  -16.323  21.673 0.0000000000
56131  60.401  -16.876  22.178 0.0000000000
58023  51.554  -14.971  18.280 0.0000000000
57093  55.143  -15.650  22.526 0.0000000000
57991  44.577  -14.806  21.316 0.0000000000
55092  46.253  -16.913  21.843 0.0000000000
55091  47.203  -17.063  21.866 0.0000000000
122185  48.706  -16.531  22.426 0.0000000000
54063  50.740  -17.954  22.950 0.0000000000
51270  47.931  -21.694  23.441 0.0000000000
51269  48.818  -21.566  23.517 0.0000000000
51268  49.658  -21.442  23.588 0.0000000000
52180  51.925  -19.784  23.984 0.0000000000
49543  37.036  -23.198  27.704 0.0000000000
49530  37.767  -23.361  28.212 0.0000000000
49497  40.122  -24.132  30.803 0.0000000000
48588  41.118  -24.306  30.622 0.0000000000
48587  42.049  -24.450  30.604 0.0000000000
47665  43.465  -25.107  31.820 0.0000000000
47664  44.357  -25.293  31.896 0.0000000000
42150  36.163  -30.852  36.869 0.0000000000
43017  36.092  -30.051  35.896 0.0000000000
43905  36.387  -29.409  35.534 0.0000000000
44843  36.320  -28.399  34.571 0.0000000000
131945  36.677  -28.753  35.199 0.0000000000
44830  37.314  -28.411  35.497 0.0000000000
44829  37.869  -28.041  35.792 0.0000000000
41042  40.078  -32.742  41.302 0.0000000000
41041  40.841  -32.343  42.418 0.0000000000
42078  41.142  -31.781  40.289 0.0000000000
44799  40.630  -27.993  38.405 0.0000000000
44809  40.328  -27.394  37.879 0.0000000000
45753  40.561  -26.953  37.744 0.0000000000
45754  40.188  -26.705  37.193 0.0000000000
46662  40.204  -26.501  36.879 0.0000000000
46680  39.902  -26.004  36.303 0.0000000000
46661  41.052  -26.561  36.920 0.0000000000
46660  41.850  -26.798  37.001 0.0000000000
113629  42.580  -26.857  36.121 0.0000000000
64012  51.380  -7.370  13.525 0.0000000000
64964  51.053  -6.633  13.266 0.0000000000
64972  52.644  -6.478  12.005 0.0000000000
64043  54.282  -6.915  12.144 0.0000000000
125989  54.158  -7.216  12.674 0.0000000000
64009  54.395  -7.558  13.166 0.0000000000
60416  55.414  -11.446  15.329 0.0000000000
115304  56.201  -11.149  15.084 0.0000000000
60415  56.887  -11.695  15.028 0.0000000000
59591  56.833  -12.518  15.224 0.0000000000
65022  59.175  -6.309  7.469 0.0000000000
65041  58.758  -6.073  6.676 0.0000000000
65021  60.594  -5.864  7.723 0.0000000000
63090  59.388  -8.153  13.034 0.0000000000
62144  61.444  -9.475  14.099 0.0000000000
134370  24.818  -38.574  45.861 0.0000000000
122812  25.592  -38.574  45.677 0.0000000000
34821  25.193  -38.727  46.561 0.0000000000
34803  25.552  -38.743  47.562 0.0000000000
33777  24.437  -38.640  50.297 0.0000000000
30684  9.937  -41.945  46.182 0.0000000000
124109  9.496  -42.318  45.901 0.0000000000
26097  7.254  -48.246  49.046 0.0000000000
59569  46.493  -13.093  17.878 0.0000000000
58028  46.598  -13.972  18.631 0.0000000000
116256  46.677  -14.543  20.295 0.0000000000
114299  45.089  -23.601  26.326 0.0000000000
48604  47.301  -25.097  27.841 0.0000000000
28560  3.857  -44.734  43.231 0.0000000000
114934  3.384  -46.689  44.612 0.0000000000
25020  3.484  -48.201  45.101 0.0000000000
49553  39.698  -23.228  26.469 0.0000000000
42116  28.903  -31.355  38.523 0.0000000000
130993  30.071  -31.753  39.232 0.0000000000
34858  20.517  -38.696  44.534 0.0000000000
34876  19.419  -38.760  43.191 0.0000000000
33854  18.958  -39.078  43.722 0.0000000000
34878  17.686  -38.507  43.372 0.0000000000
120544  13.603  -37.546  40.737 0.0000000000
34920  13.324  -38.095  41.408 0.0000000000
36994  23.203  -35.937  39.056 0.0000000000
35941  22.955  -36.915  41.031 0.0000000000
35921  22.587  -37.361  41.720 0.0000000000
35905  22.321  -37.850  42.444 0.0000000000
58819  55.152  -13.625  15.756 0.0000000000
134361  55.589  -14.183  15.934 0.0000000000
58034  55.341  -15.036  16.935 0.0000000000
57999  52.154  -14.955  20.980 0.0000000000
122686  44.870  -17.886  21.248 0.0000000000
120926  45.758  -17.821  21.424 0.0000000000
117172  46.659  -17.836  21.486 0.0000000000
130546  47.620  -18.673  21.676 0.0000000000
49520  36.690  -22.857  29.501 0.0000000000
115234  38.101  -23.595  30.545 0.0000000000
49499  38.485  -23.794  31.276 0.0000000000
49490  38.673  -23.907  32.220 0.0000000000
49498  39.278  -23.988  31.385 0.0000000000
48561  40.460  -24.734  32.260 0.0000000000
114103  41.748  -25.415  32.917 0.0000000000
42153  33.285  -31.755  36.276 0.0000000000
42152  34.107  -31.761  36.604 0.0000000000
42151  35.566  -31.235  36.911 0.0000000000
41110  35.842  -32.141  37.952 0.0000000000
42991  36.800  -30.744  37.112 0.0000000000
42990  37.582  -30.549  37.362 0.0000000000
63061  49.587  -7.806  14.639 0.0000000000
63997  50.850  -7.876  14.054 0.0000000000
62134  50.856  -9.094  14.781 0.0000000000
63057  53.281  -8.773  14.176 0.0000000000
61234  54.326  -10.576  15.276 0.0000000000
61235  53.464  -10.892  15.633 0.0000000000
114910  54.640  -11.706  15.586 0.0000000000
58829  54.816  -12.770  15.654 0.0000000000
65879  56.414  -5.190  6.501 0.0000000000
65043  56.931  -5.769  6.475 0.0000000000
65864  56.148  -5.939  6.992 0.0000000000
117650  56.985  -6.447  6.989 0.0000000000
65023  57.951  -6.566  7.200 0.0000000000
64062  59.679  -6.828  10.038 0.0000000000
64051  59.299  -7.348  10.883 0.0000000000
64038  59.024  -7.620  11.730 0.0000000000
64052  57.506  -7.285  10.303 0.0000000000
116992  58.145  -7.515  11.113 0.0000000000
125101  58.104  -7.683  11.935 0.0000000000
64024  57.434  -7.739  12.524 0.0000000000
39063  27.980  -34.827  40.092 0.0000000000
36924  28.456  -36.682  42.487 0.0000000000
36925  27.410  -36.791  42.551 0.0000000000
35899  28.102  -37.134  43.134 0.0000000000
36911  28.891  -37.001  43.090 0.0000000000
35882  29.268  -37.356  43.612 0.0000000000
35869  29.597  -37.661  44.191 0.0000000000
34819  27.506  -38.628  46.403 0.0000000000
113045  19.143  -36.703  38.876 0.0000000000
32791  13.556  -40.353  47.570 0.0000000000
31742  13.068  -41.175  49.105 0.0000000000
32775  12.932  -40.838  48.249 0.0000000000
31743  12.202  -41.270  48.930 0.0000000000
31722  11.499  -41.866  49.729 0.0000000000
30655  10.859  -42.870  50.715 0.0000000000
29601  9.463  -43.761  49.475 0.0000000000
59574  51.234  -12.924  16.963 0.0000000000
58811  50.673  -13.853  17.359 0.0000000000
58011  51.425  -15.171  19.359 0.0000000000
58815  47.435  -12.840  17.557 0.0000000000
58026  48.452  -14.635  18.664 0.0000000000
58012  50.594  -15.023  19.781 0.0000000000
58000  51.365  -15.018  20.378 0.0000000000
57985  51.217  -14.849  21.493 0.0000000000
118579  50.871  -14.909  22.598 0.0000000000
57096  51.376  -15.366  23.145 0.0000000000
56085  51.796  -16.002  24.088 0.0000000000
52198  43.997  -20.555  22.197 0.0000000000
52197  44.888  -20.542  22.219 0.0000000000
118258  48.938  -23.543  24.473 0.0000000000
49547  46.596  -23.768  25.779 0.0000000000
48628  47.901  -24.654  25.713 0.0000000000
49580  48.342  -23.768  24.712 0.0000000000
49579  49.941  -24.183  24.636 0.0000000000
47636  36.984  -24.777  33.933 0.0000000000
40054  37.938  -33.998  41.365 0.0000000000
40037  39.317  -32.997  42.840 0.0000000000
62122  49.618  -9.578  15.595 0.0000000000
61227  49.500  -10.315  16.073 0.0000000000
67566  54.600  -3.641  9.213 0.0000000000
29650  7.303  -43.597  43.301 0.0000000000
27309  5.933  -45.314  43.160 0.0000000000
26129  4.625  -47.359  43.782 0.0000000000
125544  5.919  -49.195  45.167 0.0000000000
122684  43.083  -17.838  20.971 0.0000000000
53126  42.090  -19.286  21.369 0.0000000000
52218  43.500  -19.923  21.763 0.0000000000
51294  43.574  -21.116  22.710 0.0000000000
51275  43.119  -21.607  23.293 0.0000000000
49584  44.354  -23.001  25.035 0.0000000000
50416  40.904  -21.922  23.933 0.0000000000
50392  42.189  -22.442  24.536 0.0000000000
49564  44.778  -23.361  25.649 0.0000000000
113471  45.226  -23.803  27.107 0.0000000000
49522  45.278  -24.004  27.942 0.0000000000
49535  44.566  -23.783  27.688 0.0000000000
47675  46.140  -25.228  30.384 0.0000000000
43007  29.258  -30.498  35.967 0.0000000000
42156  30.700  -31.426  36.353 0.0000000000
42154  32.413  -31.794  36.149 0.0000000000
41126  33.513  -32.177  36.835 0.0000000000
41093  34.508  -32.880  38.163 0.0000000000
40102  33.968  -33.449  38.662 0.0000000000
40101  34.832  -33.405  38.838 0.0000000000
123542  35.083  -33.830  39.431 0.0000000000
39057  36.219  -34.502  40.728 0.0000000000
39041  36.636  -34.717  41.581 0.0000000000
39074  28.167  -34.062  39.672 0.0000000000
39062  28.792  -33.977  40.237 0.0000000000
40072  29.637  -33.447  40.762 0.0000000000
39047  29.759  -34.252  41.277 0.0000000000
124207  30.290  -32.839  40.991 0.0000000000
40071  30.937  -32.809  41.411 0.0000000000
40070  31.769  -32.969  41.247 0.0000000000
38008  31.368  -35.191  43.469 0.0000000000
38000  31.918  -34.744  43.966 0.0000000000
39015  31.755  -34.158  43.259 0.0000000000
40055  32.504  -33.684  41.216 0.0000000000
39044  33.282  -34.246  41.571 0.0000000000
39043  34.192  -34.625  41.860 0.0000000000
130042  33.714  -34.281  43.465 0.0000000000
119773  34.922  -34.724  41.328 0.0000000000
33766  22.488  -39.817  51.441 0.0000000000
33781  21.062  -39.662  49.221 0.0000000000
123416  20.451  -39.984  49.312 0.0000000000
117896  19.732  -40.871  50.623 0.0000000000
113839  20.130  -39.443  46.104 0.0000000000
32800  19.050  -40.586  46.466 0.0000000000
32785  19.286  -40.713  47.347 0.0000000000
31737  18.606  -42.045  48.840 0.0000000000
30665  17.774  -42.394  48.934 0.0000000000
123209  16.164  -41.505  48.612 0.0000000000
32788  16.453  -40.906  47.823 0.0000000000
32790  14.316  -40.285  47.881 0.0000000000
35966  19.287  -37.150  39.523 0.0000000000
35945  18.684  -37.348  40.217 0.0000000000
35946  17.924  -37.013  40.810 0.0000000000
35888  17.229  -37.782  43.091 0.0000000000
36945  16.491  -36.246  41.560 0.0000000000
36946  15.623  -36.277  41.405 0.0000000000
34879  16.968  -37.919  43.890 0.0000000000
34859  16.478  -38.266  44.716 0.0000000000
34842  15.621  -38.444  45.354 0.0000000000
33811  14.899  -39.269  46.435 0.0000000000
33796  14.335  -39.868  47.150 0.0000000000
32804  13.068  -40.281  46.901 0.0000000000
32805  12.473  -40.511  46.587 0.0000000000
121983  12.711  -39.861  45.403 0.0000000000
32817  12.249  -40.251  45.840 0.0000000000
32819  10.884  -40.923  45.218 0.0000000000
33873  11.338  -39.466  42.613 0.0000000000
33859  11.605  -39.661  43.450 0.0000000000
31807  10.216  -41.294  44.947 0.0000000000
31808  9.557  -41.703  44.713 0.0000000000
31823  9.304  -41.598  43.881 0.0000000000
31824  8.594  -42.193  43.477 0.0000000000
30729  7.969  -42.402  42.585 0.0000000000
31839  7.929  -41.837  41.707 0.0000000000
117824  7.326  -42.971  42.574 0.0000000000
29672  5.651  -42.918  41.984 0.0000000000
29662  5.206  -43.252  42.320 0.0000000000
43022  27.490  -29.663  36.379 0.0000000000
42159  27.303  -30.758  37.316 0.0000000000
40116  27.087  -32.801  38.007 0.0000000000
39089  27.227  -33.946  38.775 0.0000000000
126030  25.607  -32.706  36.232 0.0000000000
40129  25.921  -33.086  36.803 0.0000000000
40118  25.732  -33.702  37.175 0.0000000000
38060  27.077  -35.149  39.781 0.0000000000
36941  26.231  -36.446  41.503 0.0000000000
118758  25.814  -37.046  42.755 0.0000000000
34855  24.902  -38.329  44.460 0.0000000000
35920  23.794  -36.725  41.094 0.0000000000
35919  24.126  -36.906  41.876 0.0000000000
34894  23.167  -37.990  42.834 0.0000000000
35887  23.918  -37.896  42.852 0.0000000000
34838  24.818  -38.434  45.176 0.0000000000
34805  23.788  -38.848  47.067 0.0000000000
114548  23.178  -39.045  48.901 0.0000000000
31720  13.166  -41.532  50.006 0.0000000000
31704  13.114  -42.108  51.068 0.0000000000
27290  6.715  -46.086  45.631 0.0000000000
26103  6.812  -49.192  48.235 0.0000000000
116419  52.985  -14.578  17.331 0.0000000000
116602  54.096  -15.209  18.346 0.0000000000
57125  53.135  -15.071  20.708 0.0000000000
57123  55.095  -14.976  21.098 0.0000000000
113450  55.539  -14.981  20.447 0.0000000000
135744  46.030  -14.493  20.582 0.0000000000
127119  45.343  -14.880  21.506 0.0000000000
57112  45.757  -15.251  21.919 0.0000000000
57990  46.109  -14.827  21.729 0.0000000000
57989  46.894  -14.640  21.801 0.0000000000
57109  48.069  -14.719  22.257 0.0000000000
57099  48.657  -14.902  22.489 0.0000000000
57098  49.412  -15.173  22.788 0.0000000000
55063  51.650  -16.590  24.185 0.0000000000
133845  52.563  -16.991  24.991 0.0000000000
131959  45.595  -20.480  22.213 0.0000000000
52215  46.141  -20.076  21.963 0.0000000000
51291  47.533  -20.959  22.821 0.0000000000
53109  46.896  -19.893  21.977 0.0000000000
53107  48.538  -19.661  22.261 0.0000000000
53106  49.335  -19.147  22.335 0.0000000000
50406  49.943  -22.072  23.973 0.0000000000
121626  50.107  -20.715  23.273 0.0000000000
52182  49.855  -20.095  22.776 0.0000000000
135913  49.673  -19.645  22.554 0.0000000000
53097  51.726  -18.879  23.740 0.0000000000
54052  52.694  -17.664  25.001 0.0000000000
55052  53.195  -16.993  25.346 0.0000000000
49554  38.886  -23.139  26.438 0.0000000000
49540  40.003  -23.412  27.203 0.0000000000
119582  37.374  -23.259  29.014 0.0000000000
115976  38.096  -23.493  29.013 0.0000000000
49529  38.578  -23.503  28.362 0.0000000000
114435  39.826  -23.901  29.782 0.0000000000
113472  40.376  -23.565  27.962 0.0000000000
49539  40.865  -23.440  27.249 0.0000000000
134044  41.851  -23.617  27.980 0.0000000000
49525  42.449  -23.753  28.471 0.0000000000
48586  42.895  -24.316  30.178 0.0000000000
48594  43.497  -24.238  29.743 0.0000000000
114651  44.154  -24.440  29.745 0.0000000000
48583  45.299  -24.945  30.416 0.0000000000
43020  33.713  -30.730  35.160 0.0000000000
43031  34.994  -29.951  35.074 0.0000000000
43928  34.680  -29.615  34.418 0.0000000000
45819  35.695  -26.938  32.752 0.0000000000
45808  36.312  -27.063  33.409 0.0000000000
46718  37.342  -25.466  34.267 0.0000000000
40066  37.806  -33.819  40.708 0.0000000000
40080  38.036  -33.211  40.127 0.0000000000
41074  38.638  -32.454  39.502 0.0000000000
120240  40.053  -32.513  40.448 0.0000000000
121670  38.588  -31.940  39.057 0.0000000000
42113  38.536  -31.474  38.617 0.0000000000
42989  38.357  -30.293  37.588 0.0000000000
42094  41.421  -31.065  39.831 0.0000000000
42962  41.727  -30.025  39.504 0.0000000000
42963  40.739  -30.710  39.221 0.0000000000
42973  39.605  -30.237  38.323 0.0000000000
42988  38.974  -30.034  37.852 0.0000000000
43874  38.684  -29.396  37.339 0.0000000000
43887  38.176  -29.017  36.636 0.0000000000
44820  38.441  -28.045  36.311 0.0000000000
45783  38.344  -27.280  35.782 0.0000000000
45771  39.023  -27.021  36.310 0.0000000000
47621  37.962  -25.076  34.671 0.0000000000
48541  38.635  -24.766  34.405 0.0000000000
47634  39.545  -25.046  34.263 0.0000000000
47606  40.410  -25.855  35.636 0.0000000000
47618  39.953  -25.411  34.953 0.0000000000
129865  40.530  -25.417  33.969 0.0000000000
128860  41.459  -25.690  33.684 0.0000000000
119330  42.307  -25.755  33.340 0.0000000000
46647  43.317  -27.279  37.472 0.0000000000
46659  43.602  -27.141  36.341 0.0000000000
46677  43.373  -26.800  35.348 0.0000000000
46697  43.207  -26.430  34.344 0.0000000000
47632  42.856  -26.006  33.705 0.0000000000
113766  43.124  -25.724  33.008 0.0000000000
47631  43.918  -25.866  33.096 0.0000000000
132151  44.352  -25.667  32.587 0.0000000000
47650  45.008  -25.674  32.350 0.0000000000
46741  45.573  -26.047  32.789 0.0000000000
117062  45.854  -25.695  31.969 0.0000000000
66704  53.677  -4.694  9.521 0.0000000000
66696  53.153  -4.732  10.055 0.0000000000
128755  53.449  -5.313  9.753 0.0000000000
64054  55.016  -6.729  10.950 0.0000000000
64041  55.171  -6.975  11.922 0.0000000000
120936  56.089  -7.302  12.059 0.0000000000
64025  56.461  -7.594  12.730 0.0000000000
64006  56.893  -7.892  13.322 0.0000000000
131895  54.173  -8.384  14.049 0.0000000000
118813  54.948  -8.435  14.179 0.0000000000
63055  55.789  -8.537  14.247 0.0000000000
63054  56.663  -8.653  14.338 0.0000000000
62127  58.121  -9.670  14.627 0.0000000000
60428  57.915  -11.595  14.975 0.0000000000
33827  15.651  -38.846  46.087 0.0000000000
34872  23.721  -38.198  43.399 0.0000000000
34874  21.659  -38.335  43.565 0.0000000000
36908  31.042  -35.992  43.661 0.0000000000
36910  29.662  -36.856  43.202 0.0000000000
38044  29.252  -35.011  41.214 0.0000000000
38048  25.833  -35.886  40.153 0.0000000000
38064  24.032  -35.730  38.999 0.0000000000
38076  26.095  -34.972  38.724 0.0000000000
40058  30.286  -33.407  41.404 0.0000000000
40082  35.730  -34.094  39.916 0.0000000000
41089  38.066  -32.063  38.917 0.0000000000
41090  37.212  -32.172  38.683 0.0000000000
45736  40.917  -27.186  38.332 0.0000000000
46714  46.066  -26.383  33.307 0.0000000000
46717  43.448  -26.068  33.581 0.0000000000
47653  41.145  -25.078  32.584 0.0000000000
64989  53.019  -5.989  10.485 0.0000000000
65865  55.423  -5.421  7.503 0.0000000000
65878  57.650  -5.530  6.042 0.0000000000
66726  56.174  -4.366  6.640 0.0000000000
113473  41.189  -23.578  27.956 0.0000000000
115228  42.004  -23.934  29.272 0.0000000000
116129  40.544  -26.218  36.382 0.0000000000
116168  44.912  -24.659  29.698 0.0000000000
129505  56.586  -4.720  6.243 0.0000000000
134550  45.792  -16.461  21.931 0.0000000000
134684  55.429  -6.781  10.578 0.0000000000
135962  42.330  -23.038  25.426 0.0000000000
