#!ascii label  , from subject sub-v1s16x0051167_ses-1 vox2ras=TkReg
1382
31602  25.267  -42.655  -27.462 0.6000000238
30538  25.041  -43.680  -27.404 0.5000000000
33632  25.390  -40.571  -25.660 0.6999999881
33645  25.502  -40.248  -26.800 0.6000000238
35687  25.834  -38.814  -25.602 0.6000000238
114056  24.981  -42.626  -26.380 0.6999999881
127758  25.247  -41.861  -26.884 0.6000000238
126479  25.257  -41.191  -26.296 0.5000000000
115027  25.517  -40.998  -27.357 0.5000000000
33657  25.684  -40.295  -27.782 0.5000000000
120280  25.674  -39.440  -26.869 0.6000000238
113773  25.814  -38.826  -26.517 0.6000000238
30517  24.877  -43.310  -26.585 0.5000000000
34650  25.798  -38.893  -27.367 0.6000000238
28345  25.135  -45.594  -27.946 0.5000000000
35675  26.067  -38.749  -24.653 0.6000000238
36699  26.538  -37.960  -24.390 0.6999999881
33600  25.914  -40.917  -23.927 0.6000000238
34623  25.790  -40.181  -24.287 0.6999999881
118680  25.725  -39.476  -24.888 0.6000000238
35686  26.276  -38.151  -25.414 0.6000000238
32638  25.023  -42.047  -25.852 0.6000000238
121071  25.269  -41.453  -25.261 0.6999999881
123618  26.094  -38.282  -26.188 0.6000000238
29428  24.857  -43.657  -25.903 0.5000000000
31565  25.242  -42.421  -24.898 0.5000000000
35701  26.460  -37.579  -26.213 0.6000000238
123476  25.005  -44.756  -27.358 0.5000000000
36730  26.436  -37.307  -27.070 0.6000000238
133427  24.853  -45.042  -26.125 0.5000000000
38794  27.108  -36.073  -27.704 0.6999999881
36741  26.332  -37.056  -27.736 0.6000000238
120425  26.666  -36.499  -27.915 0.6000000238
38807  26.845  -36.001  -28.496 0.6000000238
38818  26.731  -35.747  -29.459 0.6000000238
37835  26.248  -36.283  -29.030 0.6000000238
39861  29.039  -34.259  -32.701 0.5000000000
41914  29.060  -31.579  -34.474 0.6999999881
40902  29.107  -32.990  -34.011 0.6000000238
40912  28.773  -32.243  -34.596 0.6999999881
36698  27.035  -37.497  -23.580 0.6000000238
116371  27.486  -36.708  -23.675 0.6999999881
34598  26.250  -40.178  -23.614 0.6999999881
34622  26.042  -39.459  -24.008 0.6999999881
35674  26.406  -38.751  -23.745 0.6000000238
36709  26.616  -37.524  -25.302 0.6999999881
37773  26.996  -37.019  -24.656 0.6999999881
121267  25.602  -41.643  -24.363 0.6000000238
131540  27.225  -36.429  -25.306 0.8000000119
30489  25.610  -43.149  -24.437 0.5000000000
31520  25.793  -42.393  -24.128 0.5000000000
37786  27.244  -36.269  -26.071 0.8000000119
37787  26.882  -36.929  -25.718 0.6000000238
126066  25.526  -44.016  -24.615 0.5000000000
121552  25.093  -43.364  -25.205 0.5000000000
37801  26.836  -36.795  -26.574 0.6000000238
28330  25.028  -45.813  -26.791 0.5000000000
37800  27.287  -36.097  -26.945 0.8000000119
38793  27.478  -35.624  -27.470 0.8000000119
37812  26.770  -36.636  -27.317 0.6999999881
38806  27.480  -35.499  -28.115 0.6999999881
39847  28.177  -34.706  -29.528 0.6999999881
39838  28.005  -34.894  -28.520 0.6999999881
38817  27.482  -35.356  -28.990 0.6000000238
39846  28.539  -34.243  -30.360 0.6999999881
39854  28.282  -34.843  -30.610 0.6999999881
38827  27.530  -35.230  -29.973 0.6000000238
40886  29.203  -33.347  -32.367 0.6999999881
39862  28.529  -34.847  -31.646 0.6000000238
126638  29.314  -32.288  -33.432 0.8000000119
123600  29.314  -31.276  -33.861 0.8999999762
41915  28.693  -31.337  -34.548 0.6999999881
42830  29.117  -30.376  -34.326 0.8000000119
37762  28.111  -36.443  -23.022 0.6000000238
38750  27.928  -35.937  -23.781 0.6999999881
35657  27.219  -38.047  -22.927 0.6000000238
38757  28.242  -35.173  -24.038 0.6000000238
35634  28.107  -38.714  -22.560 0.4000000060
35636  27.044  -39.372  -22.850 0.6000000238
36663  27.867  -37.968  -22.619 0.6000000238
121539  27.475  -36.216  -24.561 0.6999999881
33578  27.325  -39.920  -22.850 0.6000000238
38758  27.819  -35.588  -24.546 0.8000000119
31519  26.424  -42.339  -23.758 0.4000000060
32570  26.866  -41.575  -23.475 0.5000000000
124417  26.535  -40.859  -23.470 0.6000000238
38771  27.575  -35.703  -25.390 0.8000000119
30464  26.081  -42.932  -23.991 0.5000000000
38783  27.573  -35.563  -26.340 0.8000000119
39816  27.897  -34.908  -26.707 0.8000000119
123724  25.117  -45.159  -25.357 0.5000000000
39826  28.285  -34.298  -28.059 0.8000000119
40860  28.551  -33.622  -28.570 0.8000000119
39827  27.888  -35.010  -27.588 0.8000000119
40869  28.583  -33.750  -29.638 0.8000000119
39837  28.371  -34.291  -28.851 0.6999999881
131035  28.589  -32.037  -29.853 0.8999999762
40875  28.844  -33.515  -30.939 0.8999999762
116944  28.773  -32.773  -30.405 0.8999999762
41897  29.202  -32.493  -31.998 0.8999999762
42823  28.422  -30.326  -34.117 0.8000000119
131755  28.040  -29.918  -33.716 0.8000000119
41908  28.139  -31.064  -34.215 0.8000000119
42831  28.869  -30.911  -34.513 0.6999999881
38749  28.515  -35.546  -23.205 0.6999999881
134065  29.255  -34.370  -23.050 0.6000000238
37763  27.661  -37.291  -22.927 0.6000000238
37743  28.839  -36.088  -22.693 0.5000000000
39774  28.804  -34.572  -23.498 0.6999999881
122406  28.612  -38.115  -22.502 0.4000000060
36662  28.473  -37.142  -22.615 0.6000000238
39787  28.008  -35.012  -24.949 0.6999999881
34575  28.433  -39.426  -22.682 0.5000000000
131720  28.965  -40.880  -23.319 0.5000000000
33598  27.321  -40.695  -23.112 0.6000000238
31517  28.183  -42.284  -23.638 0.4000000060
32569  27.732  -41.536  -23.361 0.4000000060
40843  28.453  -33.378  -26.625 0.8000000119
39801  28.205  -34.227  -26.222 0.8000000119
30462  27.669  -43.073  -23.834 0.4000000060
39815  28.225  -34.241  -27.151 0.8000000119
29415  25.509  -44.881  -24.786 0.3000000119
115736  28.433  -32.008  -27.779 0.8000000119
41884  28.610  -32.840  -28.175 0.8000000119
40852  28.496  -33.537  -27.641 0.8000000119
41892  28.476  -32.058  -28.775 0.8000000119
42807  28.508  -31.262  -29.572 0.8999999762
120812  28.655  -32.884  -29.176 0.8999999762
133357  28.682  -31.522  -30.328 0.8999999762
42814  29.016  -31.013  -31.104 0.8999999762
126712  29.041  -31.699  -31.383 0.8999999762
43708  27.377  -30.624  -32.017 0.8000000119
120610  29.485  -30.640  -33.257 0.8999999762
43722  28.753  -29.797  -34.264 0.8000000119
43717  29.560  -29.970  -33.968 0.8000000119
123315  30.008  -34.968  -22.468 0.6000000238
38734  29.231  -35.059  -22.807 0.6000000238
40796  29.805  -33.398  -22.904 0.6000000238
38733  29.612  -35.786  -22.481 0.6000000238
36660  29.876  -37.973  -22.584 0.4000000060
121499  29.979  -37.259  -22.508 0.4000000060
37742  29.339  -36.678  -22.495 0.4000000060
39786  28.400  -34.442  -24.432 0.6999999881
35633  29.390  -38.518  -22.616 0.4000000060
128845  28.493  -33.848  -24.804 0.6999999881
34596  29.681  -39.757  -23.132 0.5000000000
34573  29.782  -39.103  -22.895 0.4000000060
40831  28.452  -33.516  -25.562 0.6999999881
33595  30.224  -40.119  -23.577 0.5000000000
41857  28.519  -32.751  -25.903 0.8000000119
42801  28.373  -31.245  -28.346 0.8000000119
43695  28.386  -30.495  -28.947 0.8999999762
44590  28.562  -29.811  -29.491 0.8999999762
43706  29.492  -30.289  -32.450 1.0000000000
44612  28.288  -29.809  -33.909 0.8000000119
44611  29.177  -29.756  -34.331 0.8000000119
44601  29.685  -29.899  -33.513 1.0000000000
39754  29.738  -34.162  -22.744 0.6000000238
41811  30.157  -32.954  -22.824 0.6000000238
39752  31.337  -34.319  -22.509 0.6000000238
41829  29.682  -32.771  -23.255 0.6999999881
36659  30.764  -37.055  -22.671 0.4000000060
37740  30.993  -36.251  -22.512 0.4000000060
38732  30.430  -35.667  -22.407 0.4000000060
36684  30.484  -37.840  -22.778 0.4000000060
40821  28.712  -33.215  -24.687 0.6999999881
34594  31.088  -39.005  -23.621 0.5000000000
36682  31.826  -37.517  -23.503 0.4000000060
130091  28.637  -32.840  -25.240 0.8000000119
41868  28.483  -32.548  -26.540 0.8000000119
42761  28.818  -31.630  -25.127 0.8000000119
43676  28.492  -30.398  -26.882 0.8000000119
115209  28.407  -31.930  -26.901 0.8000000119
43687  28.377  -30.468  -27.876 0.8000000119
42792  28.383  -31.204  -27.366 0.8000000119
43700  28.741  -30.444  -30.327 0.8999999762
44596  29.141  -29.744  -31.237 1.0000000000
45507  29.757  -29.385  -32.713 1.0000000000
45518  29.626  -29.348  -34.046 0.8000000119
40793  31.826  -33.650  -22.688 0.6000000238
39753  30.535  -34.240  -22.480 0.6000000238
41810  30.757  -32.876  -22.662 0.6000000238
41845  29.400  -32.146  -23.793 0.6999999881
42748  29.802  -31.403  -23.647 0.6999999881
37739  31.664  -35.857  -22.745 0.4000000060
132567  31.113  -35.584  -22.483 0.5000000000
124838  30.826  -34.980  -22.433 0.5000000000
37761  31.626  -36.789  -23.035 0.4000000060
42760  29.253  -31.500  -24.302 0.8000000119
136329  32.849  -36.762  -24.153 0.4000000060
37759  32.887  -36.234  -23.887 0.4000000060
42771  28.691  -30.901  -25.695 0.8000000119
42782  28.507  -31.888  -26.001 0.8000000119
130236  28.468  -31.161  -26.511 0.8000000119
124047  28.496  -29.277  -28.823 0.8999999762
122576  28.528  -29.125  -27.991 0.8000000119
118843  28.657  -29.125  -29.730 1.0000000000
45501  28.804  -28.452  -29.835 1.0000000000
121050  29.065  -29.056  -30.830 1.0000000000
45517  30.221  -28.754  -33.365 1.0000000000
45526  29.714  -28.807  -34.148 0.8999999762
45519  28.637  -29.277  -33.849 0.8000000119
46465  28.692  -28.390  -33.768 0.8999999762
46463  30.383  -28.258  -34.230 1.0000000000
124164  30.798  -27.893  -33.299 1.0000000000
47392  31.336  -26.985  -33.443 1.0000000000
47404  31.284  -26.652  -34.051 1.0000000000
48293  32.145  -25.462  -33.130 1.0000000000
48301  31.906  -26.160  -33.739 1.0000000000
42733  31.121  -32.170  -22.852 0.6999999881
41828  30.355  -32.350  -22.957 0.6999999881
42746  31.512  -31.434  -23.151 0.6999999881
41808  32.294  -32.980  -22.968 0.6000000238
41809  31.519  -32.882  -22.712 0.6000000238
42747  30.569  -31.511  -23.199 0.6999999881
40810  32.517  -33.781  -23.082 0.6000000238
39772  32.679  -34.584  -23.296 0.5000000000
122313  30.745  -30.119  -23.599 0.8000000119
38747  33.395  -35.515  -24.324 0.4000000060
43641  29.651  -30.731  -24.078 0.8000000119
43665  29.078  -30.132  -25.182 0.8000000119
134182  28.572  -30.625  -26.277 0.8000000119
44569  28.643  -29.636  -26.705 0.8000000119
44558  28.729  -30.035  -26.041 0.8000000119
44581  28.497  -29.716  -27.465 0.6999999881
45493  28.619  -28.569  -28.689 0.8999999762
46422  28.789  -27.864  -28.007 0.8000000119
46434  28.834  -27.798  -29.003 1.0000000000
130367  29.047  -27.865  -30.038 1.0000000000
46443  29.223  -27.213  -29.464 1.0000000000
48280  29.899  -25.878  -29.154 1.0000000000
46444  29.431  -28.577  -31.303 1.0000000000
47378  29.723  -26.614  -29.986 1.0000000000
116555  30.880  -25.481  -30.577 1.0000000000
47383  30.481  -26.855  -31.647 1.0000000000
46464  29.588  -28.326  -34.301 1.0000000000
48294  31.337  -26.075  -32.105 1.0000000000
47393  30.937  -27.552  -34.044 1.0000000000
47405  30.559  -27.244  -34.318 1.0000000000
48312  31.714  -25.788  -34.041 1.0000000000
48311  32.088  -25.367  -33.813 1.0000000000
42745  32.380  -31.477  -23.397 0.6999999881
43639  31.080  -30.713  -23.340 0.6999999881
41825  33.543  -32.550  -23.844 0.5000000000
41827  31.956  -32.183  -22.981 0.6999999881
43640  30.294  -30.703  -23.581 0.6999999881
117778  33.014  -33.145  -23.365 0.6000000238
39785  33.783  -34.009  -24.126 0.5000000000
132125  33.552  -33.356  -23.779 0.5000000000
44523  30.057  -29.892  -23.945 0.8000000119
122116  29.482  -30.183  -24.497 0.8000000119
44544  29.539  -29.395  -24.668 0.6999999881
128597  29.108  -29.466  -25.462 0.8000000119
45469  29.116  -28.349  -26.293 0.8000000119
44568  28.926  -29.167  -26.139 0.8000000119
45482  28.901  -28.069  -27.140 0.6999999881
45470  28.699  -28.925  -27.040 0.6999999881
46421  29.172  -27.317  -27.402 0.8999999762
47344  29.538  -26.727  -26.807 0.8000000119
115555  30.321  -25.377  -26.385 0.8000000119
129347  30.780  -24.637  -26.181 0.8000000119
47357  29.439  -26.544  -27.744 0.8999999762
48260  29.814  -25.845  -27.133 0.8000000119
129419  30.167  -25.284  -27.055 0.8000000119
47369  29.476  -26.503  -28.774 1.0000000000
48271  29.725  -25.820  -28.143 0.8999999762
48270  30.107  -25.217  -27.633 0.8999999762
50039  30.936  -23.968  -26.809 0.8000000119
48279  30.153  -25.203  -28.533 0.8999999762
48289  30.376  -26.014  -30.369 1.0000000000
49229  31.614  -25.216  -31.456 1.0000000000
49251  31.326  -25.271  -34.049 1.0000000000
49218  31.872  -24.555  -30.738 1.0000000000
49228  32.473  -24.776  -32.426 1.0000000000
132303  31.895  -25.178  -33.977 1.0000000000
50076  32.746  -24.150  -31.536 1.0000000000
49227  33.208  -24.207  -33.038 1.0000000000
49237  32.964  -24.051  -33.257 1.0000000000
42759  33.575  -31.064  -24.324 0.6999999881
43656  33.467  -30.265  -24.446 0.6999999881
43637  32.838  -30.676  -23.841 0.6999999881
129189  31.936  -30.686  -23.444 0.6999999881
43638  32.247  -29.921  -23.745 0.6999999881
42758  34.087  -31.339  -24.767 0.6000000238
124694  31.438  -30.006  -23.576 0.6999999881
130116  34.080  -32.464  -24.461 0.5000000000
44522  30.849  -29.347  -23.716 0.6999999881
40820  34.025  -33.161  -24.286 0.5000000000
45421  30.700  -28.633  -23.897 0.8000000119
44543  30.168  -28.997  -24.104 0.6999999881
45457  29.405  -28.658  -25.348 0.6999999881
45441  29.818  -28.624  -24.592 0.6999999881
46388  29.572  -27.771  -25.670 0.6999999881
46407  29.333  -27.541  -26.534 0.6999999881
47343  29.946  -26.203  -26.184 0.8000000119
135018  30.934  -25.306  -25.016 0.8000000119
127763  31.708  -24.165  -25.019 0.8000000119
49182  31.134  -24.698  -25.359 0.8000000119
49192  31.333  -24.009  -25.884 0.8000000119
49200  30.500  -24.514  -27.929 1.0000000000
50046  30.876  -23.854  -27.633 0.8999999762
50920  31.646  -23.193  -26.523 0.8000000119
50057  30.923  -23.974  -28.464 1.0000000000
50045  31.286  -23.415  -27.278 0.8000000119
48288  30.424  -25.326  -29.518 1.0000000000
49208  30.633  -24.642  -28.938 1.0000000000
49219  31.043  -24.895  -30.011 1.0000000000
113072  32.914  -23.611  -30.798 1.0000000000
50105  31.702  -24.482  -33.684 1.0000000000
50106  30.540  -24.501  -33.243 1.0000000000
50075  33.566  -23.537  -32.139 1.0000000000
50089  33.531  -23.405  -33.001 1.0000000000
50104  32.566  -23.860  -33.423 1.0000000000
50103  33.721  -22.880  -32.944 1.0000000000
44557  33.929  -29.856  -25.067 0.6999999881
134939  33.441  -29.563  -24.609 0.6999999881
44520  32.433  -29.157  -24.037 0.6000000238
44521  31.717  -29.293  -23.758 0.6000000238
45420  31.319  -28.644  -23.807 0.6000000238
46368  30.520  -27.404  -24.429 0.6999999881
46350  30.950  -27.995  -23.922 0.6999999881
46369  29.881  -27.953  -24.851 0.6999999881
46387  29.997  -27.182  -25.156 0.6999999881
48230  31.592  -25.038  -24.627 0.8000000119
47330  29.718  -26.982  -25.958 0.6999999881
48246  30.478  -25.856  -25.394 0.8000000119
50022  32.318  -23.656  -24.768 0.8000000119
50031  31.931  -23.411  -25.498 0.8000000119
50038  32.369  -22.684  -26.000 0.8000000119
50056  31.428  -23.353  -28.125 0.8000000119
50919  32.399  -22.408  -26.953 0.8000000119
132490  31.474  -23.688  -28.931 1.0000000000
50942  32.101  -22.823  -28.268 1.0000000000
50930  32.653  -22.343  -27.949 0.6999999881
50055  32.080  -23.218  -28.972 1.0000000000
50067  32.829  -23.188  -29.907 1.0000000000
117575  33.456  -23.171  -30.949 1.0000000000
50949  33.742  -22.589  -30.437 1.0000000000
50961  34.081  -22.760  -31.761 1.0000000000
50960  34.233  -22.194  -32.381 1.0000000000
50090  31.841  -23.512  -33.075 1.0000000000
50985  33.417  -23.126  -33.062 1.0000000000
44542  32.948  -29.750  -24.144 0.6999999881
46349  31.782  -27.926  -23.991 0.6000000238
46367  31.246  -27.272  -24.082 0.6999999881
47318  30.503  -26.589  -24.822 0.6999999881
132385  30.914  -26.713  -24.350 0.6999999881
48231  31.059  -25.942  -24.566 0.8000000119
49169  32.265  -24.357  -24.481 0.6999999881
129839  32.729  -23.887  -24.320 0.6999999881
50902  33.432  -22.490  -24.910 0.6999999881
50911  32.975  -22.384  -25.636 0.6999999881
50918  33.103  -22.089  -26.457 0.6999999881
51786  33.401  -21.944  -27.488 0.8000000119
50941  33.007  -22.564  -29.076 0.8999999762
50940  34.266  -21.859  -29.923 1.0000000000
125106  30.767  -23.799  -32.794 1.0000000000
50948  34.438  -21.876  -31.270 1.0000000000
50978  32.821  -22.906  -33.067 1.0000000000
51858  33.853  -22.298  -32.870 1.0000000000
45456  33.638  -28.375  -24.983 0.6000000238
45438  33.191  -27.962  -24.630 0.6000000238
45439  32.526  -28.348  -24.207 0.6000000238
46365  33.478  -27.103  -24.717 0.6000000238
46366  32.600  -27.355  -24.336 0.6000000238
47315  33.125  -26.446  -24.370 0.6000000238
47316  32.305  -26.510  -24.217 0.6000000238
117481  31.882  -25.783  -24.263 0.6000000238
48213  33.257  -25.071  -24.010 0.6999999881
49168  32.928  -24.410  -24.107 0.6999999881
49167  33.300  -23.791  -24.011 0.6999999881
50021  32.969  -23.294  -24.510 0.6999999881
50901  34.376  -22.475  -24.388 0.6999999881
50909  34.296  -21.903  -25.285 0.6999999881
54636  42.731  -18.444  -27.351 0.3000000119
51785  34.241  -21.708  -26.959 0.6999999881
50910  33.690  -21.950  -25.864 0.6999999881
55701  42.686  -17.650  -27.745 0.3000000119
50093  27.230  -24.004  -31.412 0.8999999762
50929  33.812  -21.922  -28.637 1.0000000000
50092  28.345  -24.195  -31.693 1.0000000000
50091  29.885  -23.921  -32.267 1.0000000000
50078  29.062  -23.611  -31.234 1.0000000000
51822  34.825  -21.158  -30.518 1.0000000000
52739  34.085  -20.890  -32.298 1.0000000000
51852  34.091  -21.850  -32.634 1.0000000000
50977  33.355  -22.221  -33.064 1.0000000000
51853  33.777  -21.709  -32.667 1.0000000000
46385  34.467  -27.617  -25.553 0.6000000238
46386  33.868  -27.712  -25.141 0.6000000238
46364  34.269  -27.039  -25.156 0.6000000238
133444  34.952  -26.449  -24.907 0.6000000238
47313  35.957  -26.264  -24.967 0.6000000238
48226  35.501  -25.723  -24.277 0.6999999881
48227  34.532  -25.777  -24.160 0.6999999881
48228  33.643  -25.749  -24.137 0.6000000238
48212  34.099  -25.096  -23.818 0.6999999881
49191  42.055  -24.904  -25.777 0.3000000119
49179  41.644  -24.478  -25.133 0.3000000119
50012  34.040  -23.713  -23.722 0.6999999881
50019  34.356  -23.133  -23.888 0.6999999881
53652  42.520  -19.639  -26.117 0.3000000119
54629  42.476  -18.599  -26.501 0.4000000060
115951  42.508  -17.732  -26.898 0.4000000060
55682  42.114  -17.833  -26.151 0.4000000060
50094  26.444  -24.127  -31.422 0.6999999881
50080  26.313  -23.511  -31.168 0.6999999881
57624  41.865  -14.935  -27.492 0.3000000119
126381  42.486  -17.077  -27.353 0.3000000119
51784  35.200  -21.455  -26.839 0.6999999881
50079  27.954  -23.525  -30.842 0.8999999762
58495  41.991  -14.854  -28.247 0.3000000119
51798  34.655  -21.583  -28.195 0.8000000119
57623  42.264  -15.581  -27.926 0.3000000119
130629  42.073  -16.219  -26.766 0.3000000119
51809  34.894  -21.344  -29.340 0.8000000119
51821  35.161  -20.802  -29.717 1.0000000000
50077  30.757  -23.039  -31.723 1.0000000000
51841  34.494  -21.154  -31.836 1.0000000000
50962  31.799  -22.451  -32.076 1.0000000000
51854  32.920  -21.766  -32.445 1.0000000000
52731  33.369  -20.661  -32.178 1.0000000000
52732  32.294  -19.527  -31.662 1.0000000000
48225  36.611  -25.624  -24.444 0.6999999881
48258  40.612  -25.575  -26.250 0.3000000119
48244  40.317  -25.260  -25.432 0.4000000060
48210  35.965  -25.018  -23.806 0.6999999881
49151  35.415  -24.299  -23.531 0.6999999881
49152  34.499  -24.348  -23.593 0.6999999881
49180  40.836  -24.689  -24.885 0.4000000060
50011  34.902  -23.525  -23.620 0.6999999881
50029  41.902  -23.738  -24.931 0.3000000119
49163  40.402  -24.216  -24.312 0.5000000000
126841  36.416  -22.778  -23.551 0.6999999881
128363  35.531  -22.847  -23.724 0.6999999881
50016  41.460  -23.222  -24.425 0.5000000000
50894  35.254  -22.275  -24.121 0.6999999881
52668  42.043  -21.266  -24.705 0.4000000060
51761  40.862  -21.589  -23.969 0.6000000238
52670  40.702  -20.868  -24.051 0.5000000000
51764  35.064  -21.801  -24.893 0.6999999881
52676  42.401  -20.631  -25.447 0.3000000119
57602  39.503  -15.487  -25.599 0.4000000060
135684  41.287  -19.656  -24.975 0.4000000060
51773  35.126  -21.540  -25.911 0.6999999881
50966  26.071  -22.831  -30.831 0.6999999881
117003  40.249  -14.791  -25.965 0.4000000060
54615  42.062  -18.786  -25.842 0.4000000060
114069  41.660  -18.223  -25.670 0.4000000060
49230  25.769  -23.911  -31.360 0.6000000238
58485  41.390  -14.315  -27.097 0.3000000119
57614  41.574  -15.057  -26.767 0.3000000119
57615  41.070  -15.302  -26.193 0.4000000060
55694  41.802  -17.128  -26.102 0.4000000060
54616  41.015  -18.071  -25.331 0.4000000060
51783  35.960  -20.978  -26.609 0.6999999881
126759  26.915  -23.238  -30.847 0.6999999881
124293  40.426  -16.467  -25.569 0.4000000060
55683  41.483  -17.561  -25.717 0.4000000060
55672  40.222  -17.900  -25.059 0.4000000060
51797  35.328  -21.303  -27.788 0.8000000119
57613  42.053  -15.629  -27.108 0.3000000119
56688  41.731  -16.492  -26.270 0.3000000119
55684  40.712  -17.317  -25.418 0.4000000060
51807  35.888  -20.612  -28.251 0.8000000119
128567  29.968  -23.445  -31.610 1.0000000000
51808  35.491  -20.881  -28.820 0.8999999762
51840  34.828  -20.434  -30.518 1.0000000000
51823  32.246  -20.803  -31.462 1.0000000000
119647  33.397  -19.904  -31.876 1.0000000000
52730  34.265  -20.197  -31.562 1.0000000000
51824  31.337  -21.053  -30.466 1.0000000000
128940  31.511  -19.846  -31.360 1.0000000000
48224  37.643  -25.826  -24.886 0.6000000238
133401  37.446  -25.269  -24.306 0.6000000238
48209  36.911  -24.867  -23.908 0.6999999881
48245  39.480  -25.437  -25.205 0.5000000000
48222  39.131  -25.041  -24.527 0.6000000238
49150  36.357  -24.243  -23.553 0.6999999881
49181  39.998  -24.879  -24.677 0.5000000000
49164  39.577  -24.413  -24.105 0.4000000060
50010  35.863  -23.510  -23.531 0.6999999881
50009  36.789  -23.485  -23.441 0.6999999881
50018  39.896  -23.685  -23.837 0.6000000238
134703  41.672  -22.559  -24.422 0.6000000238
50900  40.974  -22.518  -24.029 0.6000000238
51754  37.090  -22.044  -23.519 0.6999999881
51755  36.165  -22.072  -23.859 0.6999999881
51760  41.555  -21.844  -24.305 0.5000000000
51751  40.105  -21.214  -23.681 0.6000000238
118381  38.796  -21.824  -23.285 0.6000000238
122427  38.045  -16.922  -25.385 0.4000000060
53625  40.867  -20.142  -24.447 0.4000000060
52662  39.519  -20.479  -23.773 0.5000000000
52663  38.341  -20.905  -23.535 0.6000000238
51763  35.848  -21.630  -24.638 0.6999999881
56679  38.668  -15.917  -25.404 0.4000000060
52661  40.174  -20.352  -24.034 0.5000000000
51772  35.837  -21.260  -25.631 0.6999999881
113264  39.965  -15.988  -25.589 0.4000000060
56668  38.830  -16.837  -25.382 0.5000000000
54601  40.682  -19.218  -24.745 0.4000000060
54602  39.883  -18.649  -24.654 0.4000000060
57600  41.151  -16.077  -25.951 0.4000000060
51796  35.985  -20.765  -27.522 0.6999999881
50964  28.569  -22.960  -30.265 0.8999999762
52706  35.371  -20.201  -29.396 0.8999999762
50963  29.680  -22.831  -30.582 0.8999999762
51842  31.744  -21.471  -31.186 1.0000000000
53686  35.014  -19.744  -29.812 1.0000000000
50950  30.736  -21.981  -30.659 1.0000000000
53702  33.630  -19.334  -31.264 1.0000000000
51825  30.412  -21.187  -29.760 1.0000000000
53688  32.876  -18.826  -30.763 1.0000000000
54637  30.919  -18.525  -29.250 0.8999999762
53677  31.965  -18.630  -30.002 1.0000000000
53689  31.743  -18.695  -31.339 1.0000000000
53705  31.170  -19.080  -31.502 1.0000000000
54646  30.896  -18.347  -31.009 1.0000000000
54658  30.924  -18.731  -31.344 1.0000000000
128601  30.524  -18.731  -31.283 0.8999999762
53690  30.183  -18.286  -31.117 0.8999999762
49165  38.707  -24.576  -23.978 0.6000000238
49166  37.810  -24.714  -23.921 0.6999999881
49149  37.296  -24.167  -23.572 0.6999999881
49147  39.092  -23.887  -23.677 0.6999999881
128667  37.940  -22.879  -23.286 0.6999999881
50006  39.392  -23.265  -23.498 0.6000000238
50007  38.585  -23.247  -23.368 0.6000000238
50893  37.255  -22.811  -23.366 0.6999999881
50892  38.372  -22.468  -23.274 0.6999999881
135759  37.714  -22.388  -23.332 0.6000000238
51753  37.940  -21.781  -23.363 0.6000000238
52664  37.480  -21.138  -23.712 0.6000000238
57594  37.451  -15.544  -24.767 0.3000000119
129721  40.360  -22.043  -23.650 0.6000000238
117368  39.659  -21.971  -23.401 0.6000000238
51762  36.464  -21.358  -24.397 0.6000000238
56670  37.305  -16.764  -24.853 0.4000000060
57595  37.054  -16.052  -24.455 0.4000000060
130795  38.905  -20.468  -23.683 0.6000000238
53621  38.501  -19.974  -24.038 0.5000000000
126941  37.133  -20.567  -24.605 0.6000000238
53626  39.385  -19.255  -24.331 0.4000000060
51771  36.500  -20.857  -25.249 0.6000000238
55675  37.871  -17.318  -25.489 0.5000000000
54603  39.098  -18.481  -24.736 0.4000000060
52680  36.645  -20.298  -26.315 0.6000000238
55674  38.660  -17.637  -25.298 0.5000000000
55673  39.420  -17.808  -25.065 0.4000000060
52689  36.601  -19.615  -27.394 0.6000000238
52705  35.908  -19.978  -28.739 0.8999999762
52698  36.230  -19.764  -28.162 0.8000000119
50952  28.122  -22.156  -29.602 0.8999999762
50951  29.067  -22.368  -29.824 0.8999999762
119317  29.225  -21.454  -29.300 0.8999999762
127989  29.792  -22.009  -29.931 0.8999999762
53687  34.479  -19.603  -30.590 1.0000000000
52718  30.663  -19.722  -30.844 0.8999999762
54647  30.049  -17.880  -30.845 1.0000000000
54659  29.404  -17.968  -31.050 1.0000000000
53691  29.773  -18.500  -31.010 0.8999999762
54639  29.444  -17.739  -30.523 1.0000000000
127091  36.602  -16.603  -24.085 0.3000000119
118955  37.845  -20.179  -24.192 0.6000000238
130950  36.876  -17.302  -24.737 0.5000000000
55676  36.015  -17.787  -24.242 0.4000000060
53627  38.771  -19.177  -24.420 0.5000000000
53628  38.200  -19.179  -24.712 0.5000000000
52671  37.658  -19.329  -25.229 0.5000000000
54605  37.977  -17.798  -25.721 0.5000000000
54604  38.486  -18.213  -25.155 0.5000000000
54617  37.497  -17.955  -26.202 0.5000000000
53662  36.251  -18.935  -27.871 0.6000000238
53674  35.443  -19.346  -28.982 0.8999999762
53675  34.578  -19.094  -29.658 0.8999999762
119013  33.896  -18.972  -30.369 1.0000000000
52719  29.732  -20.182  -29.753 0.8999999762
54638  30.089  -18.273  -28.645 0.6999999881
57586  36.990  -15.260  -24.215 0.3000000119
57587  36.538  -15.812  -23.683 0.3000000119
56643  35.997  -16.368  -23.336 0.4000000060
55663  36.026  -17.134  -23.758 0.3000000119
55664  35.292  -17.463  -23.559 0.4000000060
54606  37.063  -17.677  -25.434 0.5000000000
54607  36.049  -18.231  -24.786 0.4000000060
53639  37.956  -18.173  -25.711 0.5000000000
52679  37.206  -19.700  -25.867 0.5000000000
54618  37.048  -17.810  -26.104 0.5000000000
52688  37.072  -18.865  -26.870 0.5000000000
53640  37.085  -18.123  -26.722 0.5000000000
53653  36.631  -18.517  -27.250 0.5000000000
53641  36.197  -18.254  -26.844 0.5000000000
53654  35.877  -18.483  -27.459 0.6000000238
53673  36.010  -19.325  -28.413 0.6000000238
53655  34.402  -18.723  -27.287 0.6999999881
53663  35.613  -18.763  -28.195 0.6999999881
53665  33.345  -18.826  -27.955 0.8000000119
53664  34.622  -18.798  -28.630 0.8000000119
53666  32.086  -18.800  -28.253 0.8999999762
53676  33.415  -18.748  -29.396 0.8999999762
124704  29.068  -19.213  -29.986 0.8999999762
114971  29.092  -18.140  -30.937 0.8999999762
55703  29.231  -17.574  -29.101 1.0000000000
129552  35.421  -16.186  -22.831 0.3000000119
56662  34.775  -17.118  -23.102 0.4000000060
57570  35.093  -15.713  -22.339 0.3000000119
54593  35.163  -18.106  -24.006 0.4000000060
55655  34.112  -17.121  -22.947 0.3000000119
54608  35.020  -18.540  -24.628 0.4000000060
55665  34.494  -17.646  -23.452 0.4000000060
53629  36.142  -18.269  -25.822 0.4000000060
54609  33.883  -18.684  -24.581 0.4000000060
53630  34.832  -18.676  -25.650 0.4000000060
53642  35.138  -18.555  -26.732 0.5000000000
55708  28.880  -17.742  -30.506 0.8999999762
54660  28.749  -17.860  -30.531 0.8999999762
55704  28.562  -17.203  -29.256 0.8999999762
55717  28.150  -17.465  -30.036 0.8000000119
56696  28.604  -16.602  -28.333 0.6999999881
123751  28.224  -16.187  -28.761 0.8000000119
57571  34.267  -15.824  -22.227 0.3000000119
56645  33.827  -16.502  -22.557 0.3000000119
55666  33.641  -17.737  -23.391 0.3000000119
55656  33.318  -17.110  -22.936 0.4000000060
54595  33.187  -18.385  -23.884 0.4000000060
55667  32.762  -17.749  -23.464 0.4000000060
122558  32.875  -18.712  -24.577 0.5000000000
135305  32.724  -18.852  -25.258 0.5000000000
54610  32.063  -18.622  -24.806 0.5000000000
53631  33.569  -18.854  -25.321 0.5000000000
54619  32.138  -18.852  -25.823 0.5000000000
53643  33.260  -18.879  -26.057 0.5000000000
53656  32.853  -18.930  -26.831 0.6000000238
136293  32.481  -18.880  -27.396 0.6999999881
53657  31.769  -18.859  -26.871 0.6999999881
54631  30.470  -18.467  -27.156 0.6999999881
55702  29.790  -17.943  -27.324 0.6999999881
118964  29.100  -17.194  -27.904 0.8000000119
58449  35.501  -14.927  -22.109 0.3000000119
57554  33.874  -15.171  -21.933 0.3000000119
57572  33.492  -15.855  -22.310 0.4000000060
56646  33.155  -16.472  -22.630 0.4000000060
54596  32.300  -18.321  -24.071 0.4000000060
55668  31.984  -17.655  -23.773 0.3000000119
54597  31.624  -18.137  -24.492 0.5000000000
54620  31.368  -18.417  -25.311 0.5000000000
55686  30.984  -17.874  -25.060 0.4000000060
119032  31.302  -18.687  -26.088 0.6999999881
54630  30.939  -18.681  -26.684 0.6000000238
116987  30.943  -18.732  -27.634 0.6999999881
55695  30.598  -18.233  -26.099 0.6999999881
55696  30.097  -17.315  -26.301 0.6000000238
57573  32.749  -15.894  -22.624 0.3000000119
56663  32.547  -16.873  -23.117 0.3000000119
56664  31.820  -16.715  -23.735 0.3000000119
132233  32.180  -16.152  -23.223 0.3000000119
56671  31.321  -16.363  -24.430 0.3000000119
56672  31.253  -15.543  -24.658 0.3000000119
55677  31.421  -17.360  -24.382 0.3000000119
56680  30.872  -16.936  -24.968 0.5000000000
135665  30.883  -16.092  -24.984 0.5000000000
55687  30.560  -17.421  -25.577 0.6000000238
59163  34.667  -13.672  -21.298 0.4000000060
59164  33.691  -13.564  -21.379 0.3000000119
57555  33.191  -15.174  -22.167 0.3000000119
58431  32.961  -14.545  -22.077 0.3000000119
58450  32.657  -14.977  -22.528 0.3000000119
58464  32.161  -14.475  -23.191 0.3000000119
57588  32.200  -15.388  -23.145 0.3000000119
133114  31.858  -14.985  -23.716 0.3000000119
57589  31.543  -14.984  -24.330 0.3000000119
134548  31.224  -14.937  -24.896 0.4000000060
56689  30.432  -16.400  -25.665 0.6000000238
57596  30.784  -15.334  -25.380 0.4000000060
57604  30.996  -14.477  -25.325 0.4000000060
57616  30.234  -15.463  -26.198 0.5000000000
56690  29.880  -16.355  -26.526 0.6000000238
57626  28.672  -15.914  -27.996 0.6999999881
59957  34.337  -12.872  -21.039 0.4000000060
119798  32.968  -13.842  -21.797 0.3000000119
120522  32.574  -14.138  -22.427 0.3000000119
59201  32.255  -13.694  -22.953 0.3000000119
121451  31.936  -13.707  -23.628 0.3000000119
58469  31.398  -14.381  -24.689 0.4000000060
59214  31.226  -13.762  -25.117 0.4000000060
59215  30.767  -13.840  -25.817 0.4000000060
58477  30.523  -14.619  -26.007 0.4000000060
57617  29.718  -15.521  -26.924 0.5000000000
120774  30.364  -13.934  -26.580 0.4000000060
56695  29.244  -16.348  -27.371 0.6000000238
58487  30.077  -14.712  -26.758 0.4000000060
57625  29.219  -15.546  -27.490 0.6999999881
58497  29.528  -14.820  -27.418 0.4000000060
59225  29.894  -14.022  -27.331 0.4000000060
58498  28.833  -15.103  -28.017 0.6000000238
58504  29.212  -14.161  -28.140 0.5000000000
57631  28.220  -15.539  -28.730 0.6999999881
58505  28.368  -14.635  -28.861 0.6999999881
59942  34.109  -12.084  -20.810 0.3000000119
59165  32.944  -12.936  -21.457 0.3000000119
131231  32.485  -13.162  -22.265 0.3000000119
59187  32.125  -12.978  -23.212 0.3000000119
59202  31.791  -12.981  -24.023 0.3000000119
118006  31.437  -13.028  -24.808 0.4000000060
115642  31.056  -13.090  -25.582 0.3000000119
60011  31.287  -12.328  -25.270 0.3000000119
123296  30.628  -13.165  -26.336 0.3000000119
59224  30.238  -13.252  -27.127 0.3000000119
60021  30.523  -12.471  -26.836 0.3000000119
60029  30.107  -12.567  -27.623 0.3000000119
59236  29.730  -13.331  -27.906 0.3000000119
113811  29.604  -12.639  -28.385 0.4000000060
59245  29.047  -13.350  -28.768 0.5000000000
58513  27.810  -14.571  -29.737 0.5000000000
59959  32.941  -12.071  -21.128 0.3000000119
59983  32.560  -12.248  -21.719 0.3000000119
59984  32.248  -12.126  -22.683 0.3000000119
59998  31.941  -12.187  -23.631 0.3000000119
60004  31.616  -12.247  -24.456 0.3000000119
60807  31.150  -11.635  -25.718 0.3000000119
60030  29.923  -11.932  -28.074 0.3000000119
59246  28.315  -13.877  -29.595 0.5000000000
120229  28.617  -12.973  -29.689 0.5000000000
60742  33.098  -11.209  -20.866 0.3000000119
60782  32.372  -11.594  -22.025 0.3000000119
60783  32.254  -11.308  -22.590 0.3000000119
60794  32.065  -11.381  -23.285 0.3000000119
60801  31.779  -11.418  -24.106 0.3000000119
60806  31.440  -11.527  -24.919 0.3000000119
60813  30.785  -11.699  -26.485 0.3000000119
125072  30.708  -11.101  -26.852 0.3000000119
124605  29.522  -12.025  -28.862 0.4000000060
60038  29.158  -12.610  -29.081 0.4000000060
60044  28.984  -12.111  -29.758 0.4000000060
60841  28.557  -11.674  -30.563 0.4000000060
59253  28.057  -13.368  -30.403 0.5000000000
60052  28.257  -12.562  -30.597 0.4000000060
114437  35.000  -10.078  -20.351 0.3000000119
61572  33.639  -10.580  -20.607 0.3000000119
61612  32.146  -10.681  -22.866 0.3000000119
61629  31.908  -10.629  -23.694 0.3000000119
125771  31.301  -10.968  -25.374 0.3000000119
60820  30.158  -11.305  -27.893 0.3000000119
61656  30.083  -10.638  -28.174 0.3000000119
60828  29.813  -11.361  -28.508 0.3000000119
60835  29.417  -11.408  -29.269 0.4000000060
61573  33.109  -10.419  -20.785 0.3000000119
61590  32.730  -10.599  -21.160 0.3000000119
62496  32.477  -9.806  -21.573 0.3000000119
61611  32.361  -10.793  -21.947 0.3000000119
62522  31.983  -9.932  -23.159 0.3000000119
61638  31.563  -10.582  -24.631 0.3000000119
62538  31.801  -9.826  -24.027 0.3000000119
124619  31.281  -10.249  -25.483 0.3000000119
62546  31.521  -9.512  -24.895 0.3000000119
61655  30.457  -10.887  -27.446 0.3000000119
62483  32.902  -9.847  -20.886 0.3000000119
117014  32.192  -10.081  -22.394 0.3000000119
63457  32.456  -8.836  -21.564 0.3000000119
62521  32.122  -9.215  -22.489 0.3000000119
125572  31.870  -9.182  -23.487 0.3000000119
61647  31.040  -10.107  -26.133 0.3000000119
61648  30.750  -10.324  -26.834 0.3000000119
125659  30.429  -10.212  -27.562 0.3000000119
122870  32.737  -9.242  -21.019 0.3000000119
125516  32.861  -8.538  -20.877 0.3000000119
63475  32.212  -8.226  -22.252 0.3000000119
126662  32.574  -7.975  -21.413 0.4000000060
125297  31.725  -9.134  -24.202 0.3000000119
62552  31.217  -9.497  -25.813 0.3000000119
63476  31.971  -8.455  -23.130 0.4000000060
63496  31.791  -8.533  -23.913 0.4000000060
64395  32.326  -7.219  -22.040 0.4000000060
134347  25.548  -40.135  -25.059 0.6000000238
34638  25.558  -39.617  -25.914 0.6000000238
29427  24.991  -44.330  -25.445 0.5000000000
34597  26.545  -39.447  -23.312 0.6000000238
35635  27.419  -38.679  -22.725 0.5000000000
30463  26.735  -43.033  -23.838 0.4000000060
33597  28.233  -40.815  -23.136 0.5000000000
121838  26.178  -43.614  -24.147 0.4000000060
39802  27.906  -34.951  -25.842 0.6999999881
39773  29.302  -33.711  -23.323 0.6999999881
33576  28.865  -40.131  -23.001 0.5000000000
33596  29.564  -40.525  -23.397 0.5000000000
120162  28.653  -32.299  -25.380 0.8000000119
29414  26.404  -44.587  -24.367 0.4000000060
41877  28.532  -32.732  -27.273 0.8000000119
41830  29.106  -32.983  -23.924 0.6999999881
35656  30.830  -38.452  -23.210 0.4000000060
122933  28.415  -29.805  -28.401 0.8000000119
45527  29.011  -29.016  -34.166 0.8000000119
40794  31.061  -33.558  -22.496 0.6000000238
37760  32.298  -36.097  -23.278 0.4000000060
125549  32.240  -37.803  -24.004 0.4000000060
43657  29.126  -30.836  -24.786 0.8000000119
38748  32.816  -35.407  -23.579 0.5000000000
41826  32.750  -32.319  -23.356 0.6999999881
46447  29.751  -27.655  -31.155 1.0000000000
49250  32.210  -24.730  -33.603 1.0000000000
49238  32.490  -24.751  -33.404 1.0000000000
50068  32.148  -23.847  -29.954 1.0000000000
50069  31.269  -24.243  -29.430 1.0000000000
118054  32.436  -25.062  -24.258 0.6999999881
47314  33.985  -26.404  -24.573 0.6000000238
48229  32.774  -25.758  -24.189 0.6999999881
51770  42.599  -21.670  -25.255 0.4000000060
52677  41.672  -20.392  -24.858 0.4000000060
53703  32.535  -19.150  -31.609 1.0000000000
51759  42.151  -22.146  -24.724 0.4000000060
52669  41.351  -21.013  -24.316 0.5000000000
55685  39.833  -17.117  -25.301 0.4000000060
131222  39.643  -19.890  -24.087 0.5000000000
52678  37.372  -18.461  -26.282 0.5000000000
135858  34.184  -18.780  -26.152 0.5000000000
55697  29.598  -17.095  -26.999 0.6999999881
38828  26.793  -35.632  -30.428 0.5000000000
36759  25.184  -36.901  -30.350 0.5000000000
131102  25.374  -37.054  -29.592 0.5000000000
37843  25.866  -36.255  -29.951 0.5000000000
36750  25.457  -37.678  -29.081 0.5000000000
35724  25.625  -38.420  -28.596 0.4000000060
127671  25.868  -37.547  -28.261 0.5000000000
34661  25.733  -39.085  -28.184 0.4000000060
119383  25.690  -39.636  -27.647 0.5000000000
35715  25.842  -38.306  -27.811 0.5000000000
47384  26.057  -26.873  -31.174 0.6999999881
46458  26.990  -27.027  -31.630 0.8000000119
46457  27.531  -27.913  -32.039 0.8000000119
117771  27.862  -27.252  -32.760 0.8999999762
47394  27.324  -26.325  -32.019 0.8999999762
116692  28.879  -27.568  -33.905 0.8999999762
48303  26.518  -25.539  -31.616 0.6000000238
47395  26.506  -26.352  -31.524 0.8000000119
47407  28.276  -26.526  -33.034 0.8999999762
47406  29.375  -26.881  -33.994 0.8999999762
116384  30.008  -26.282  -34.007 0.8999999762
122837  31.008  -26.176  -34.244 0.8999999762
45467  36.016  -28.015  -27.062 0.5000000000
128814  35.695  -27.800  -26.545 0.5000000000
45455  34.236  -28.380  -25.630 0.5000000000
44556  34.291  -29.381  -25.882 0.6000000238
132483  33.772  -29.054  -25.111 0.5000000000
43655  34.040  -30.660  -24.910 0.6000000238
49242  26.049  -24.673  -31.516 0.6000000238
48302  27.639  -25.576  -32.187 0.8999999762
48313  28.832  -25.725  -33.082 0.8999999762
49252  29.999  -25.291  -33.508 0.8999999762
47342  36.664  -26.970  -26.170 0.5000000000
47328  36.293  -26.689  -25.585 0.5000000000
46384  35.808  -27.278  -26.013 0.5000000000
116608  34.992  -27.162  -25.582 0.5000000000
46404  37.107  -27.212  -26.783 0.5000000000
126116  27.933  -24.836  -32.053 0.8999999762
49241  26.946  -24.758  -31.643 0.6999999881
49240  28.829  -24.851  -32.516 0.8999999762
121008  36.932  -26.572  -25.727 0.5000000000
47341  38.211  -26.509  -26.523 0.5000000000
46420  37.845  -26.868  -27.027 0.5000000000
49239  29.365  -24.369  -32.346 0.8999999762
47327  37.420  -26.307  -25.504 0.5000000000
135100  38.987  -25.884  -25.655 0.5000000000
128915  38.630  -25.634  -25.022 0.5000000000
47340  38.877  -26.215  -26.371 0.5000000000
50954  25.915  -22.114  -30.215 0.6000000238
132705  26.647  -22.671  -30.387 0.8000000119
50953  26.992  -22.194  -29.764 0.6999999881
51828  26.463  -21.493  -29.451 0.6999999881
52709  26.112  -20.725  -29.120 0.6999999881
52721  24.993  -20.472  -29.285 0.6999999881
50965  27.506  -22.854  -30.231 0.8000000119
51811  26.951  -20.946  -29.016 0.6999999881
52708  26.887  -20.224  -28.821 0.6999999881
121270  26.878  -19.293  -28.717 0.6999999881
51826  28.282  -21.292  -29.123 0.8000000119
51810  27.797  -20.610  -28.939 0.8000000119
52707  27.777  -19.538  -28.967 0.6999999881
135543  28.437  -19.777  -29.178 0.8000000119
52720  28.812  -20.506  -29.126 0.8000000119
53692  28.562  -18.681  -29.901 0.8000000119
54661  27.931  -17.415  -29.854 0.6000000238
55718  27.577  -16.899  -29.793 0.6000000238
113925  27.775  -16.868  -29.843 0.6000000238
56710  27.337  -16.436  -29.936 0.6000000238
56709  27.657  -16.169  -29.703 0.6999999881
57640  27.681  -15.239  -29.567 0.6000000238
56700  28.065  -16.744  -29.522 0.6999999881
35702  26.071  -38.108  -26.984 0.5000000000
37823  25.743  -36.875  -28.994 0.5000000000
130667  29.825  -27.800  -34.357 0.8999999762
48259  39.699  -25.797  -26.111 0.3000000119
45468  34.703  -28.721  -26.461 0.5000000000
51827  27.425  -21.493  -29.247 0.8000000119
53693  27.874  -18.422  -29.504 0.6999999881
39784  33.999  -34.390  -24.722 0.4000000060
39800  34.293  -34.445  -25.393 0.4000000060
40819  34.262  -33.747  -24.839 0.4000000060
119261  34.574  -33.640  -25.776 0.4000000060
41856  34.542  -32.150  -25.708 0.5000000000
41866  35.064  -32.714  -26.940 0.4000000060
40841  35.218  -33.410  -27.153 0.4000000060
43675  34.529  -30.667  -26.399 0.5000000000
43664  34.283  -30.278  -25.678 0.5000000000
42781  34.681  -31.550  -26.410 0.5000000000
42780  35.040  -31.893  -27.198 0.4000000060
41876  35.425  -32.648  -27.493 0.4000000060
42800  35.489  -31.909  -28.006 0.4000000060
41867  34.791  -32.403  -26.443 0.4000000060
41883  35.869  -32.677  -28.122 0.4000000060
44567  34.591  -29.490  -26.840 0.5000000000
42791  34.772  -30.910  -27.188 0.5000000000
134031  35.662  -30.465  -29.084 0.4000000060
42806  36.203  -31.195  -29.330 0.4000000060
43715  38.229  -30.403  -31.932 0.4000000060
42813  36.795  -30.766  -30.171 0.4000000060
130765  37.429  -30.900  -30.821 0.4000000060
43686  34.566  -30.152  -27.157 0.5000000000
43685  34.827  -30.277  -27.890 0.4000000060
111945  44.122  -26.559  -34.335 0.3000000119
43694  35.259  -30.358  -28.539 0.4000000060
47409  42.781  -26.880  -34.740 0.3000000119
43705  36.608  -30.047  -30.144 0.4000000060
47414  42.857  -27.039  -35.048 0.3000000119
45530  41.588  -28.389  -34.112 0.3000000119
45531  40.828  -29.160  -33.756 0.3000000119
44615  40.139  -29.446  -33.225 0.3000000119
44609  39.125  -29.577  -32.013 0.4000000060
43716  37.716  -30.059  -31.260 0.4000000060
44620  41.347  -29.155  -34.297 0.3000000119
43721  38.728  -30.160  -32.515 0.4000000060
44579  35.370  -29.253  -27.994 0.4000000060
129623  35.523  -30.008  -29.083 0.4000000060
44589  35.748  -29.536  -28.750 0.4000000060
111918  44.733  -26.388  -33.288 0.3000000119
47389  42.851  -26.480  -32.281 0.3000000119
119737  42.472  -26.805  -33.959 0.3000000119
47410  41.992  -26.950  -33.736 0.3000000119
46462  40.845  -27.848  -32.209 0.3000000119
45514  40.195  -28.434  -31.750 0.4000000060
45516  38.791  -29.220  -31.180 0.4000000060
44600  37.245  -29.856  -30.585 0.4000000060
46467  41.835  -27.535  -33.913 0.3000000119
45523  41.205  -28.134  -33.289 0.3000000119
45525  39.862  -29.212  -32.328 0.3000000119
45481  35.001  -29.005  -27.262 0.4000000060
47381  42.004  -26.333  -30.610 0.3000000119
46440  40.409  -26.911  -30.290 0.3000000119
45497  39.265  -28.071  -30.184 0.4000000060
46442  39.001  -27.701  -29.343 0.4000000060
45498  38.633  -28.269  -29.726 0.4000000060
113475  37.200  -28.447  -28.627 0.4000000060
112529  43.593  -26.394  -31.870 0.3000000119
47390  41.464  -26.625  -31.241 0.3000000119
47391  40.895  -26.848  -30.972 0.3000000119
114113  38.131  -28.662  -29.713 0.4000000060
45499  37.473  -28.869  -29.376 0.4000000060
130725  41.658  -26.768  -32.053 0.3000000119
46455  40.468  -27.570  -31.153 0.3000000119
46456  39.747  -28.178  -30.952 0.4000000060
45505  38.549  -28.797  -30.360 0.4000000060
44594  36.926  -29.550  -29.811 0.4000000060
47403  42.138  -26.688  -32.858 0.3000000119
45506  37.743  -29.237  -30.098 0.4000000060
112976  38.685  -26.556  -27.247 0.4000000060
46419  38.239  -27.150  -27.757 0.4000000060
128418  37.470  -27.481  -27.465 0.4000000060
45479  36.322  -28.208  -27.585 0.4000000060
46431  39.450  -26.894  -28.930 0.3000000119
46432  38.624  -27.422  -28.541 0.4000000060
45491  37.777  -27.769  -28.221 0.4000000060
45478  36.952  -28.036  -27.897 0.4000000060
47377  40.109  -26.725  -29.507 0.4000000060
45490  38.116  -28.131  -29.083 0.4000000060
45492  36.239  -28.737  -28.212 0.4000000060
54649  25.959  -18.981  -28.580 0.6000000238
55709  27.217  -17.407  -29.433 0.5000000000
54648  26.916  -18.295  -28.860 0.5000000000
55719  26.928  -16.871  -29.661 0.5000000000
57641  27.103  -15.695  -30.290 0.5000000000
128648  27.284  -14.938  -30.210 0.5000000000
63524  30.608  -8.566  -27.274 0.3000000119
63531  30.411  -7.877  -27.942 0.3000000119
63532  29.914  -7.973  -28.833 0.3000000119
63504  31.631  -8.615  -24.666 0.3000000119
63510  31.401  -8.709  -25.500 0.3000000119
63515  31.001  -8.806  -26.453 0.3000000119
64446  30.819  -7.836  -27.000 0.3000000119
64452  30.661  -6.952  -27.953 0.3000000119
64458  30.246  -7.031  -29.083 0.3000000119
121949  31.731  -7.879  -24.317 0.3000000119
64436  31.557  -7.901  -25.163 0.3000000119
64445  31.251  -7.892  -26.063 0.3000000119
114816  31.488  -7.109  -25.699 0.3000000119
123227  31.150  -6.897  -26.814 0.3000000119
121176  30.603  -6.065  -29.471 0.3000000119
122922  30.562  -5.204  -30.808 0.3000000119
125321  31.880  -7.935  -23.632 0.3000000119
64428  31.709  -7.129  -24.768 0.3000000119
128744  31.713  -6.289  -25.366 0.3000000119
65369  31.501  -6.427  -26.214 0.3000000119
66208  31.725  -5.728  -26.347 0.3000000119
65379  31.405  -5.958  -27.159 0.3000000119
65386  31.011  -6.057  -28.201 0.3000000119
66229  31.237  -5.039  -30.164 0.3000000119
64416  32.162  -6.922  -22.945 0.3000000119
65349  32.116  -6.345  -23.437 0.3000000119
65350  31.909  -6.379  -24.346 0.3000000119
66219  31.805  -5.197  -27.619 0.3000000119
66187  32.166  -5.677  -23.931 0.3000000119
66198  32.020  -5.646  -24.830 0.3000000119
67080  32.197  -4.910  -26.621 0.3000000119
131740  32.249  -5.691  -23.132 0.3000000119
114076  32.367  -4.945  -23.392 0.3000000119
67054  32.476  -4.270  -24.022 0.3000000119
66207  32.266  -4.949  -25.416 0.3000000119
135407  32.449  -4.189  -23.233 0.3000000119
113767  32.561  -3.878  -21.730 0.3000000119
130079  36.827  -31.709  -29.840 0.4000000060
38756  33.885  -35.043  -24.996 0.4000000060
126432  34.846  -33.894  -26.603 0.4000000060
41882  36.391  -32.809  -28.688 0.4000000060
129508  35.671  -33.245  -27.730 0.4000000060
126033  38.616  -30.780  -32.756 0.4000000060
42822  37.822  -31.402  -31.314 0.4000000060
42812  37.445  -31.758  -30.505 0.4000000060
46469  43.423  -27.207  -35.143 0.3000000119
45535  42.435  -28.304  -34.687 0.3000000119
45536  41.863  -28.508  -34.443 0.3000000119
44621  39.986  -29.900  -33.947 0.3000000119
43720  39.026  -30.489  -33.258 0.3000000119
47413  43.573  -26.870  -35.046 0.3000000119
112390  43.661  -26.432  -33.003 0.3000000119
111924  42.980  -26.340  -31.135 0.3000000119
111949  44.502  -26.361  -32.032 0.3000000119
129937  39.347  -26.416  -27.703 0.4000000060
47367  39.609  -26.495  -28.280 0.4000000060
47366  40.282  -26.374  -28.770 0.4000000060
47375  41.530  -26.287  -29.760 0.3000000119
47382  41.145  -26.502  -30.440 0.3000000119
47356  39.467  -26.193  -27.019 0.4000000060
53678  25.815  -19.834  -28.779 0.6000000238
65322  32.549  -6.361  -21.366 0.3000000119
66162  32.510  -5.515  -21.577 0.3000000119
66175  32.379  -5.254  -22.444 0.3000000119
67029  32.541  -4.702  -21.648 0.3000000119
67028  32.834  -4.150  -20.762 0.3000000119
112437  46.173  -26.268  -34.317 0.3000000119
41843  34.297  -31.968  -24.938 0.5000000000
44595  36.097  -29.845  -29.505 0.4000000060
47402  42.807  -26.559  -33.240 0.3000000119
64417  31.936  -7.177  -23.784 0.3000000119
65385  31.438  -5.384  -28.465 0.3000000119
135770  31.957  -5.521  -25.659 0.3000000119
67852  32.708  -3.207  -20.991 0.3000000119
130215  34.270  -35.313  -25.861 0.3000000119
40887  27.920  -31.672  -34.221 0.6000000238
40876  27.046  -32.173  -32.495 0.6999999881
39813  34.889  -34.505  -26.810 0.3000000119
30487  28.084  -43.874  -24.122 0.3000000119
31516  29.050  -42.151  -23.862 0.3000000119
126448  26.447  -30.671  -30.639 0.6999999881
36697  32.818  -37.314  -24.463 0.3000000119
132683  26.702  -31.335  -31.005 0.6999999881
41898  26.530  -32.111  -31.004 0.6999999881
37785  33.659  -36.689  -25.436 0.3000000119
118360  34.748  -35.235  -26.759 0.3000000119
42824  27.265  -31.279  -32.226 0.6999999881
124213  34.400  -35.872  -26.468 0.3000000119
39845  36.818  -34.275  -29.263 0.3000000119
38792  35.151  -35.559  -27.582 0.3000000119
39825  35.195  -34.749  -27.361 0.3000000119
39844  37.413  -34.292  -29.953 0.3000000119
40868  37.166  -33.563  -29.510 0.3000000119
39835  36.213  -34.220  -28.556 0.3000000119
32567  29.496  -41.350  -23.720 0.3000000119
34621  30.872  -39.697  -23.926 0.4000000060
44603  26.552  -29.798  -30.662 0.6999999881
36696  33.306  -37.178  -25.054 0.3000000119
129605  32.020  -38.446  -24.298 0.3000000119
43707  27.370  -30.050  -31.821 0.6999999881
135801  33.949  -36.851  -26.062 0.3000000119
38782  34.684  -36.105  -27.093 0.3000000119
38805  35.512  -35.878  -28.339 0.3000000119
40851  35.583  -34.030  -27.766 0.3000000119
39852  36.947  -34.942  -29.714 0.3000000119
32566  30.055  -40.802  -23.825 0.4000000060
125470  26.565  -29.076  -30.696 0.6999999881
35685  32.734  -38.490  -25.346 0.3000000119
35673  32.533  -38.126  -24.668 0.3000000119
36718  34.053  -37.341  -26.568 0.3000000119
37799  33.596  -37.483  -25.750 0.3000000119
44602  27.385  -29.362  -31.799 0.6999999881
37810  34.990  -36.394  -27.849 0.3000000119
41890  37.258  -32.646  -29.827 0.3000000119
41891  36.837  -32.970  -29.207 0.3000000119
40874  38.000  -33.485  -31.028 0.3000000119
41896  37.810  -32.721  -30.633 0.3000000119
128389  27.132  -28.576  -31.364 0.6999999881
35684  33.243  -38.178  -25.714 0.3000000119
133830  27.680  -28.963  -32.415 0.6999999881
36728  34.477  -37.678  -27.988 0.3000000119
36729  34.147  -37.883  -27.247 0.3000000119
41906  38.223  -31.990  -32.037 0.3000000119
35700  32.970  -38.790  -26.038 0.3000000119
120303  28.123  -28.731  -33.148 0.6999999881
118488  37.902  -32.134  -31.150 0.3000000119
47355  40.945  -26.002  -28.084 0.3000000119
40913  28.289  -33.203  -34.553 0.5000000000
124089  26.525  -33.160  -32.022 0.6999999881
40888  27.208  -32.624  -33.542 0.6000000238
39863  26.355  -33.629  -33.183 0.6000000238
40903  28.248  -32.182  -34.472 0.6000000238
42815  25.989  -31.566  -30.408 0.6999999881
32605  29.724  -41.987  -24.164 0.3000000119
120142  25.689  -30.135  -30.213 0.6999999881
33619  30.621  -40.511  -24.230 0.4000000060
45508  26.053  -28.381  -30.561 0.6999999881
33618  31.276  -40.063  -24.698 0.4000000060
34620  31.559  -39.146  -24.308 0.4000000060
46448  26.554  -27.702  -31.075 0.6999999881
34636  32.426  -39.193  -25.615 0.3000000119
34649  32.693  -39.493  -26.267 0.3000000119
136540  32.494  -40.113  -26.410 0.3000000119
38770  33.747  -35.875  -25.214 0.3000000119
34648  33.130  -39.037  -26.808 0.3000000119
33631  31.682  -40.425  -25.504 0.3000000119
133411  27.032  -35.646  -31.157 0.5000000000
38852  27.695  -36.011  -33.541 0.5000000000
38839  27.760  -35.323  -31.169 0.4000000060
37864  22.518  -36.278  -33.321 0.4000000060
37865  21.489  -36.243  -33.083 0.5000000000
39881  28.369  -35.227  -32.724 0.4000000060
39880  28.750  -34.327  -34.032 0.5000000000
37867  19.189  -36.332  -32.568 0.4000000060
36776  18.574  -36.799  -32.493 0.4000000060
132787  28.680  -33.248  -34.432 0.4000000060
37868  18.136  -36.117  -31.960 0.4000000060
36777  18.086  -36.755  -31.953 0.4000000060
38857  20.679  -35.442  -32.610 0.4000000060
121030  21.776  -35.546  -32.658 0.5000000000
132415  23.558  -35.518  -32.877 0.5000000000
39884  24.731  -34.764  -32.654 0.4000000060
40904  27.432  -33.185  -34.259 0.5000000000
39883  25.732  -34.457  -33.614 0.4000000060
39882  26.722  -34.092  -34.300 0.4000000060
37854  18.040  -36.197  -31.560 0.4000000060
39848  19.673  -34.312  -30.065 0.4000000060
39885  21.049  -34.705  -32.385 0.4000000060
41904  19.484  -32.552  -30.493 0.4000000060
38856  21.983  -34.960  -32.326 0.5000000000
40881  19.290  -33.175  -30.821 0.4000000060
38841  23.312  -35.080  -32.036 0.5000000000
41909  20.999  -32.557  -31.811 0.4000000060
42825  20.039  -32.264  -31.107 0.4000000060
39865  23.961  -34.540  -31.662 0.5000000000
114041  21.209  -31.174  -31.340 0.4000000060
38840  23.960  -35.128  -32.368 0.5000000000
127801  24.807  -34.188  -31.787 0.6000000238
39864  25.403  -34.170  -32.483 0.6000000238
39856  19.130  -34.707  -30.654 0.4000000060
39855  19.093  -33.801  -30.621 0.4000000060
39887  19.004  -34.946  -31.471 0.4000000060
39867  21.771  -34.187  -32.134 0.5000000000
40894  19.940  -33.355  -31.544 0.4000000060
39866  22.936  -34.375  -31.730 0.5000000000
41910  20.075  -32.797  -31.344 0.4000000060
40890  24.490  -33.786  -31.119 0.5000000000
119874  22.001  -30.626  -31.405 0.4000000060
40889  25.622  -33.625  -31.572 0.6000000238
39870  18.803  -34.660  -30.980 0.4000000060
39886  19.847  -34.615  -32.118 0.4000000060
39869  19.284  -33.990  -31.256 0.4000000060
40893  20.945  -33.275  -31.988 0.4000000060
40891  23.507  -33.695  -31.276 0.5000000000
41902  21.895  -32.116  -31.905 0.4000000060
41901  22.877  -31.680  -31.453 0.4000000060
40877  26.199  -32.962  -31.102 0.6000000238
40878  25.161  -33.220  -30.717 0.6000000238
38843  18.481  -35.405  -31.244 0.4000000060
39868  20.405  -33.917  -32.070 0.4000000060
40892  22.216  -33.249  -31.881 0.5000000000
40880  23.108  -32.761  -31.284 0.5000000000
40879  24.011  -33.113  -30.709 0.5000000000
127253  23.257  -31.009  -31.125 0.4000000060
41899  25.630  -32.418  -30.514 0.6000000238
41900  24.420  -32.422  -30.503 0.6000000238
134506  23.679  -32.398  -30.789 0.5000000000
45509  24.867  -28.338  -30.510 0.5000000000
44604  25.511  -29.241  -30.295 0.6000000238
44605  24.240  -29.097  -30.519 0.5000000000
119888  24.671  -29.991  -30.216 0.6000000238
119919  24.053  -30.761  -30.478 0.5000000000
119887  23.667  -29.759  -30.721 0.5000000000
42816  24.778  -31.615  -30.304 0.6000000238
42817  23.843  -31.694  -30.642 0.5000000000
43710  22.940  -30.206  -31.132 0.5000000000
46449  25.355  -27.477  -30.772 0.5000000000
43709  25.241  -30.815  -30.180 0.6000000238
38850  28.254  -34.946  -34.502 0.4000000060
132960  27.558  -33.890  -34.575 0.4000000060
39893  28.304  -34.162  -34.536 0.4000000060
129477  27.294  -35.713  -32.038 0.5000000000
38868  27.754  -36.097  -34.795 0.5000000000
38851  28.221  -35.430  -34.113 0.5000000000
126339  22.733  -35.510  -32.545 0.5000000000
38858  19.495  -35.437  -32.280 0.4000000060
41903  20.492  -31.804  -31.257 0.4000000060
40870  19.264  -33.000  -30.319 0.3000000119
42819  19.661  -31.905  -30.307 0.3000000119
42818  19.930  -31.200  -30.251 0.3000000119
42809  19.937  -31.753  -29.756 0.3000000119
29444  24.812  -44.133  -26.455 0.5000000000
30488  27.081  -43.821  -24.052 0.4000000060
31518  27.251  -42.314  -23.600 0.4000000060
31584  25.005  -42.733  -25.626 0.5000000000
32568  28.622  -41.514  -23.469 0.5000000000
32571  26.132  -41.650  -23.789 0.6000000238
33577  27.959  -40.079  -22.821 0.6000000238
33599  26.806  -40.085  -23.100 0.6000000238
33620  25.549  -40.830  -24.698 0.6999999881
33630  32.225  -39.929  -25.864 0.3000000119
34574  29.168  -39.316  -22.771 0.4000000060
34576  27.690  -39.371  -22.681 0.4000000060
34595  30.403  -39.263  -23.277 0.5000000000
34619  32.165  -38.829  -24.922 0.3000000119
34637  31.871  -39.597  -25.175 0.4000000060
34660  32.912  -39.866  -26.870 0.3000000119
35632  30.155  -38.548  -22.848 0.4000000060
35655  31.568  -38.310  -23.688 0.5000000000
35658  26.838  -38.742  -23.041 0.6000000238
35699  33.606  -38.217  -26.470 0.3000000119
35714  33.754  -38.645  -27.342 0.3000000119
36661  29.268  -37.609  -22.488 0.4000000060
36683  31.204  -37.673  -23.129 0.4000000060
36685  26.758  -38.191  -23.458 0.6000000238
36708  33.076  -37.809  -25.136 0.3000000119
36731  26.105  -37.664  -27.564 0.5000000000
37741  30.161  -36.435  -22.428 0.4000000060
37771  33.257  -36.522  -24.620 0.4000000060
37772  32.395  -36.949  -23.721 0.4000000060
37784  34.051  -36.186  -25.958 0.3000000119
37798  34.292  -36.559  -26.588 0.3000000119
37811  34.516  -37.011  -27.342 0.3000000119
37822  26.268  -36.698  -28.374 0.6000000238
38730  32.213  -35.252  -22.987 0.5000000000
38731  31.568  -35.081  -22.599 0.5000000000
38842  22.583  -34.872  -32.056 0.5000000000
38859  18.540  -35.659  -31.786 0.4000000060
38860  18.156  -35.839  -31.519 0.4000000060
38867  27.851  -35.170  -34.806 0.4000000060
39751  32.068  -34.444  -22.776 0.6000000238
39771  33.283  -34.704  -23.841 0.5000000000
39814  34.613  -34.514  -26.201 0.4000000060
39836  35.731  -34.980  -28.177 0.3000000119
39853  28.791  -34.233  -31.360 0.6000000238
40795  30.324  -33.514  -22.633 0.6000000238
40809  33.157  -33.934  -23.555 0.5000000000
40811  28.773  -33.778  -24.067 0.6999999881
40842  34.847  -33.163  -26.472 0.4000000060
40858  36.597  -33.555  -28.905 0.3000000119
40859  36.078  -33.433  -28.274 0.3000000119
40867  37.650  -33.500  -30.202 0.3000000119
41844  33.818  -31.827  -24.326 0.6000000238
41846  28.911  -32.363  -24.612 0.8000000119
41907  38.132  -32.751  -31.470 0.3000000119
42744  33.177  -31.641  -23.804 0.6999999881
42770  34.395  -31.225  -25.509 0.5000000000
42799  36.002  -32.000  -28.675 0.4000000060
42805  36.587  -32.230  -29.255 0.4000000060
42821  38.184  -31.096  -32.078 0.4000000060
43699  36.074  -30.239  -29.590 0.4000000060
43704  37.230  -30.234  -30.743 0.4000000060
44541  33.137  -28.885  -24.489 0.6000000238
44580  34.811  -29.698  -27.658 0.5000000000
44599  38.029  -29.546  -30.876 0.4000000060
44610  38.363  -29.843  -31.662 0.4000000060
44616  39.403  -29.916  -33.124 0.4000000060
45419  31.966  -28.684  -23.912 0.6000000238
45440  30.320  -28.252  -24.256 0.6999999881
45466  36.721  -27.736  -27.231 0.4000000060
45480  35.671  -28.582  -27.514 0.4000000060
45483  28.671  -28.500  -27.729 0.8000000119
45500  36.595  -29.175  -29.051 0.4000000060
45515  39.499  -28.880  -31.468 0.4000000060
45524  40.549  -28.746  -32.715 0.3000000119
46405  36.363  -27.523  -26.614 0.5000000000
46406  34.980  -27.869  -26.147 0.5000000000
46433  29.103  -27.170  -28.360 0.8999999762
46441  39.731  -27.329  -29.752 0.4000000060
46446  39.946  -27.620  -30.437 0.3000000119
46454  41.113  -27.063  -31.732 0.3000000119
46461  41.526  -27.215  -32.830 0.3000000119
46466  42.380  -27.119  -34.583 0.3000000119
46470  42.674  -27.348  -34.878 0.3000000119
46471  42.110  -27.770  -34.548 0.3000000119
47301  31.907  -27.132  -24.128 0.6999999881
47312  36.821  -26.237  -25.154 0.5000000000
47317  31.516  -26.548  -24.231 0.6999999881
47326  38.197  -26.198  -25.692 0.5000000000
47329  35.593  -26.774  -25.441 0.5000000000
47368  38.966  -26.752  -28.108 0.4000000060
47376  40.752  -26.439  -29.652 0.3000000119
47408  43.176  -26.615  -34.104 0.3000000119
48211  35.005  -25.090  -23.744 0.6999999881
48223  38.243  -25.211  -24.403 0.6000000238
48243  41.190  -25.086  -25.604 0.4000000060
49148  38.221  -24.041  -23.573 0.6999999881
49153  33.662  -24.393  -23.790 0.6999999881
49162  41.189  -23.989  -24.586 0.5000000000
49183  30.704  -25.158  -25.656 0.8000000119
49193  30.463  -24.727  -27.031 0.8000000119
50008  37.695  -23.455  -23.385 0.6999999881
50017  40.682  -23.420  -24.107 0.6000000238
50020  33.711  -23.121  -24.195 0.6999999881
50030  32.603  -22.952  -25.159 0.6999999881
50088  34.142  -23.125  -32.614 1.0000000000
50890  40.056  -22.807  -23.593 0.6000000238
50891  39.176  -22.621  -23.322 0.6999999881
50895  34.850  -22.844  -23.872 0.6999999881
50931  31.832  -22.851  -27.494 0.8000000119
50976  33.930  -22.482  -32.860 1.0000000000
51752  39.228  -21.145  -23.454 0.6000000238
51774  34.492  -21.689  -26.173 0.6999999881
52665  36.831  -21.455  -23.906 0.6000000238
53619  40.097  -19.557  -24.337 0.5000000000
53620  39.077  -19.856  -23.996 0.5000000000
53637  41.895  -19.668  -25.438 0.4000000060
53638  41.337  -18.881  -25.288 0.4000000060
53704  31.636  -18.958  -31.564 1.0000000000
54594  34.179  -18.294  -23.891 0.4000000060
55693  42.206  -16.956  -26.669 0.3000000119
56644  34.685  -16.490  -22.672 0.3000000119
56661  35.369  -16.807  -23.153 0.4000000060
56677  41.261  -16.828  -25.783 0.4000000060
56678  39.512  -16.307  -25.464 0.4000000060
57601  40.427  -15.684  -25.790 0.4000000060
58430  33.470  -14.466  -21.806 0.3000000119
58465  31.753  -14.377  -24.006 0.3000000119
58511  42.029  -14.822  -28.860 0.3000000119
59208  31.599  -13.713  -24.385 0.4000000060
60012  30.898  -12.399  -26.044 0.3000000119
60819  30.413  -11.713  -27.324 0.3000000119
61571  34.429  -10.721  -20.506 0.3000000119
61641  31.013  -10.866  -26.123 0.3000000119
62482  33.442  -9.842  -20.571 0.3000000119
64396  32.091  -7.656  -22.978 0.4000000060
65332  32.290  -6.190  -22.410 0.3000000119
66197  32.322  -4.982  -24.423 0.3000000119
67041  32.451  -4.445  -22.513 0.3000000119
112864  40.067  -26.148  -27.729 0.3000000119
113680  42.128  -26.496  -31.693 0.3000000119
114516  35.320  -28.331  -26.847 0.5000000000
114579  39.180  -28.624  -30.808 0.4000000060
115397  33.194  -9.139  -20.617 0.3000000119
115639  29.920  -32.008  -23.318 0.6999999881
116264  41.660  -15.785  -26.488 0.3000000119
116319  35.142  -31.053  -27.914 0.4000000060
117310  37.477  -26.646  -26.217 0.5000000000
118324  33.666  -34.727  -24.380 0.4000000060
119166  32.644  -11.442  -21.394 0.3000000119
119313  40.612  -29.793  -34.250 0.3000000119
120973  37.774  -30.599  -31.373 0.4000000060
122530  34.445  -32.852  -25.065 0.5000000000
122832  28.239  -34.331  -25.324 0.6999999881
123090  35.597  -31.138  -28.605 0.4000000060
124615  31.724  -15.720  -23.887 0.3000000119
126155  34.637  -32.850  -25.897 0.4000000060
126206  35.133  -29.879  -28.406 0.4000000060
127178  27.623  -35.446  -27.021 0.8000000119
127704  35.113  -34.120  -27.139 0.3000000119
128828  27.955  -35.572  -34.774 0.4000000060
129478  34.404  -29.976  -26.432 0.5000000000
129522  30.120  -26.558  -25.493 0.6999999881
129705  24.896  -43.141  -25.919 0.5000000000
131234  33.746  -22.640  -32.945 1.0000000000
131585  32.973  -7.827  -20.787 0.3000000119
131775  40.618  -18.540  -24.993 0.4000000060
132069  28.755  -38.833  -22.585 0.4000000060
132778  33.426  -11.869  -20.864 0.3000000119
135102  30.670  -24.248  -27.322 0.8999999762
135418  28.754  -13.994  -28.810 0.5000000000
