#!ascii label  , from subject sub-v1s16x0051167_ses-1 vox2ras=TkReg
629
30576  17.221  -43.415  -30.113 0.6000000238
27079  17.885  -46.873  -24.313 0.6999999881
126984  18.695  -47.339  -25.163 0.6999999881
25957  18.584  -47.340  -27.631 0.8999999762
114422  18.192  -46.020  -28.664 0.8000000119
28374  18.119  -45.300  -28.917 0.8000000119
31628  17.808  -42.870  -30.095 0.6000000238
117056  16.909  -42.678  -30.412 0.6999999881
115064  16.455  -41.863  -30.843 0.6999999881
27058  17.657  -46.274  -23.960 0.6999999881
27059  16.817  -46.426  -23.775 0.6999999881
25903  18.926  -46.793  -24.917 0.6999999881
28332  19.693  -45.960  -26.022 0.6000000238
27104  19.327  -46.648  -25.952 0.6999999881
25940  19.029  -47.183  -26.252 0.6999999881
25956  18.871  -47.077  -26.943 0.8000000119
29481  18.796  -44.854  -28.650 0.8000000119
28359  18.754  -45.715  -28.153 0.8000000119
29497  18.110  -44.417  -29.276 0.8000000119
30565  17.935  -43.633  -29.756 0.6000000238
31641  17.537  -42.033  -30.446 0.6000000238
32685  17.148  -41.129  -30.962 0.6999999881
32691  15.899  -40.889  -31.620 0.6999999881
28308  18.645  -45.620  -24.159 0.5000000000
28288  17.152  -45.638  -23.622 0.6000000238
28307  19.462  -45.350  -24.495 0.4000000060
27077  19.157  -46.083  -24.708 0.6000000238
28319  20.253  -45.232  -25.645 0.5000000000
29461  20.087  -44.799  -27.124 0.6000000238
28346  19.481  -45.706  -27.128 0.8000000119
28358  19.487  -44.952  -27.918 0.6999999881
30563  19.430  -43.578  -28.959 0.6999999881
31626  19.209  -42.940  -29.471 0.6999999881
32684  18.269  -41.337  -30.566 0.5000000000
33693  17.936  -40.461  -31.042 0.6000000238
34694  17.466  -39.439  -31.485 0.6000000238
33694  16.773  -40.155  -31.525 0.6000000238
33702  15.285  -40.303  -32.527 0.5000000000
29394  19.510  -44.135  -23.756 0.5000000000
29396  17.643  -44.781  -23.513 0.6000000238
125391  16.571  -44.939  -23.464 0.6000000238
124626  18.356  -45.056  -23.755 0.5000000000
28331  20.048  -45.290  -26.449 0.5000000000
30554  20.523  -43.385  -27.738 0.6000000238
31614  20.403  -42.874  -28.273 0.6000000238
117363  19.582  -42.270  -29.554 0.6000000238
32672  19.538  -41.604  -29.818 0.5000000000
32683  19.031  -41.368  -30.262 0.5000000000
34693  18.605  -39.827  -30.940 0.6000000238
35753  17.117  -38.612  -31.881 0.5000000000
34699  16.450  -39.313  -32.009 0.5000000000
35769  17.213  -38.385  -32.670 0.5000000000
127802  16.550  -38.937  -32.452 0.5000000000
30468  17.993  -43.749  -23.319 0.5000000000
29397  17.064  -44.078  -23.394 0.5000000000
29418  19.722  -44.726  -24.258 0.5000000000
29430  20.771  -44.572  -25.397 0.4000000060
31585  21.632  -42.579  -26.081 0.3000000119
30518  21.217  -43.295  -26.416 0.4000000060
124688  21.183  -41.909  -27.255 0.3000000119
118130  21.541  -41.857  -26.630 0.3000000119
31604  20.820  -42.503  -27.678 0.5000000000
32660  20.512  -42.142  -28.482 0.5000000000
125364  20.382  -40.893  -29.101 0.5000000000
126924  19.977  -41.086  -29.606 0.5000000000
33682  19.520  -40.865  -30.089 0.5000000000
125874  19.407  -40.099  -30.411 0.6000000238
30467  18.864  -43.712  -23.385 0.5000000000
30466  20.378  -43.630  -23.768 0.5000000000
30490  21.306  -43.658  -24.623 0.4000000060
29416  20.887  -44.288  -24.714 0.5000000000
32627  21.939  -41.807  -25.868 0.4000000060
32640  21.808  -41.123  -26.437 0.3000000119
33658  21.181  -40.548  -27.626 0.3000000119
33659  20.756  -40.691  -28.349 0.4000000060
33681  20.076  -40.281  -29.719 0.4000000060
35746  18.252  -38.730  -31.266 0.5000000000
36762  18.217  -37.072  -31.285 0.5000000000
35752  17.831  -37.739  -31.726 0.5000000000
35768  17.907  -38.023  -32.941 0.5000000000
35759  17.712  -37.640  -32.132 0.4000000060
35760  17.221  -38.312  -32.122 0.5000000000
31525  17.914  -42.949  -23.169 0.5000000000
31524  19.600  -43.162  -23.302 0.5000000000
31523  20.566  -42.825  -23.420 0.5000000000
31545  22.087  -42.116  -24.563 0.4000000060
32626  22.261  -41.678  -25.092 0.4000000060
33646  22.092  -40.423  -26.239 0.3000000119
122316  21.487  -39.727  -27.415 0.3000000119
33670  20.991  -39.867  -28.109 0.4000000060
34673  20.800  -39.217  -28.657 0.4000000060
35735  20.627  -38.556  -29.304 0.4000000060
33671  20.583  -40.055  -28.895 0.4000000060
34682  20.342  -39.371  -29.464 0.4000000060
35736  20.019  -38.648  -30.125 0.5000000000
36753  19.590  -37.728  -30.526 0.5000000000
35744  19.197  -38.440  -30.774 0.6000000238
37846  18.098  -36.440  -31.292 0.4000000060
36770  18.030  -36.890  -31.644 0.5000000000
31501  19.979  -42.254  -22.969 0.4000000060
31521  21.945  -42.009  -23.953 0.4000000060
32574  20.814  -41.992  -23.118 0.4000000060
33633  22.498  -40.904  -24.945 0.4000000060
112834  22.362  -39.789  -25.926 0.4000000060
33647  21.636  -40.433  -26.932 0.4000000060
34672  21.276  -39.047  -27.938 0.4000000060
35726  21.139  -38.418  -28.581 0.4000000060
36752  20.388  -37.836  -29.938 0.5000000000
121200  19.938  -37.009  -30.338 0.6000000238
36754  18.738  -36.686  -30.825 0.5000000000
38830  18.629  -35.308  -30.952 0.4000000060
38831  18.205  -35.900  -31.154 0.4000000060
32547  20.261  -41.428  -22.700 0.4000000060
32572  22.138  -41.241  -23.656 0.4000000060
32546  21.075  -41.185  -22.844 0.4000000060
34639  22.669  -39.963  -24.977 0.4000000060
34651  21.957  -39.690  -26.695 0.4000000060
35725  21.599  -38.242  -27.907 0.4000000060
36742  21.442  -37.627  -28.539 0.4000000060
36743  20.960  -37.753  -29.236 0.4000000060
125644  20.628  -37.155  -29.778 0.5000000000
37837  20.338  -36.264  -30.081 0.4000000060
37838  19.410  -36.270  -30.514 0.6000000238
33580  21.357  -40.382  -22.586 0.4000000060
33601  22.265  -40.600  -23.383 0.4000000060
34625  22.874  -39.628  -24.053 0.4000000060
124874  22.582  -39.234  -25.572 0.4000000060
118017  22.295  -39.005  -26.325 0.4000000060
36732  22.250  -37.334  -27.307 0.4000000060
36733  21.850  -37.487  -27.898 0.4000000060
122842  21.678  -36.953  -28.417 0.3000000119
37825  21.700  -36.058  -28.630 0.3000000119
37826  21.183  -36.805  -29.208 0.4000000060
38819  20.042  -35.233  -30.097 0.4000000060
38820  19.320  -35.573  -30.522 0.5000000000
33581  20.518  -40.618  -22.455 0.4000000060
35677  22.889  -38.963  -24.832 0.4000000060
35689  22.726  -38.505  -25.763 0.4000000060
36720  22.696  -37.170  -26.694 0.3000000119
37813  22.530  -36.565  -27.277 0.3000000119
37814  22.089  -36.731  -27.905 0.3000000119
38809  21.251  -35.040  -29.062 0.3000000119
38810  20.520  -34.886  -29.612 0.4000000060
39848  19.673  -34.312  -30.065 0.4000000060
33579  22.076  -40.166  -22.876 0.3000000119
34624  23.109  -38.834  -24.020 0.3000000119
35688  23.177  -38.079  -25.054 0.3000000119
36711  22.941  -37.672  -25.993 0.3000000119
37803  22.984  -36.429  -26.648 0.3000000119
38785  22.814  -35.794  -27.197 0.3000000119
37824  22.321  -35.916  -27.863 0.4000000060
38796  22.582  -35.115  -27.722 0.4000000060
38808  21.982  -35.148  -28.382 0.3000000119
39841  20.456  -34.071  -29.481 0.4000000060
40863  19.806  -33.081  -29.703 0.4000000060
124442  19.469  -33.558  -30.039 0.4000000060
40854  22.532  -33.638  -28.046 0.4000000060
39839  22.248  -34.373  -28.194 0.4000000060
40861  21.782  -33.555  -28.584 0.3000000119
40862  20.843  -33.367  -29.110 0.4000000060
41887  20.250  -32.481  -29.387 0.4000000060
41886  21.199  -32.686  -28.824 0.4000000060
42803  20.593  -31.796  -29.095 0.4000000060
41893  19.528  -32.394  -29.981 0.3000000119
29498  17.370  -44.129  -29.842 0.6999999881
27119  18.864  -46.474  -27.447 0.8000000119
29496  18.924  -44.185  -28.957 0.6999999881
31627  18.507  -43.079  -29.745 0.6999999881
33701  15.931  -39.947  -32.078 0.6000000238
29446  20.526  -44.666  -26.258 0.4000000060
29479  20.132  -44.183  -27.821 0.6999999881
31615  19.968  -42.749  -28.959 0.6999999881
31640  18.751  -42.215  -30.043 0.6999999881
29417  20.321  -44.291  -24.234 0.5000000000
32671  20.146  -41.758  -29.226 0.5000000000
32652  20.903  -41.471  -27.873 0.4000000060
34683  19.820  -39.472  -30.165 0.6000000238
36761  18.817  -37.573  -30.908 0.5000000000
35716  21.967  -37.989  -27.379 0.3000000119
37836  20.946  -35.730  -29.495 0.4000000060
39840  21.478  -34.277  -28.804 0.3000000119
42809  19.937  -31.753  -29.756 0.3000000119
21873  16.271  -51.414  -28.717 0.6000000238
21893  15.363  -51.662  -29.250 0.6000000238
21916  15.487  -51.325  -31.800 0.6000000238
22877  15.960  -50.925  -32.619 0.6000000238
20873  13.742  -52.035  -28.035 0.5000000000
115034  14.703  -51.881  -28.175 0.6000000238
22824  16.937  -50.816  -27.583 0.6999999881
22843  16.991  -50.886  -28.372 0.6999999881
135204  14.714  -51.859  -28.910 0.6000000238
21872  16.774  -51.006  -29.151 0.6000000238
22856  16.881  -50.853  -29.880 0.6000000238
22862  16.845  -50.754  -30.712 0.6000000238
22868  17.251  -50.110  -31.171 0.6000000238
22869  16.594  -50.808  -31.592 0.6000000238
22876  17.064  -50.222  -32.160 0.6000000238
136453  17.173  -49.447  -33.468 0.6999999881
122085  13.972  -51.866  -27.086 0.6000000238
22803  15.927  -50.921  -26.458 0.6999999881
21825  15.974  -51.314  -27.013 0.6999999881
21846  15.471  -51.647  -27.507 0.6999999881
23829  17.525  -50.146  -28.484 0.6999999881
22855  17.270  -50.452  -29.227 0.6999999881
22861  17.396  -50.104  -30.151 0.5000000000
23852  17.476  -49.367  -31.748 0.6000000238
24909  17.568  -48.548  -32.398 0.6000000238
23858  17.342  -49.394  -32.697 0.6999999881
121288  17.476  -47.713  -33.007 0.6999999881
117182  17.399  -48.492  -33.491 0.6999999881
120402  17.156  -47.432  -34.060 0.6999999881
27208  20.992  -46.120  -35.819 0.4000000060
27200  18.604  -46.225  -34.555 0.5000000000
28447  17.579  -46.040  -34.619 0.6000000238
27202  16.714  -46.529  -35.071 0.6000000238
113591  16.721  -46.618  -34.492 0.6999999881
22804  11.089  -50.885  -26.135 0.5000000000
21819  13.360  -51.031  -25.593 0.5000000000
22788  14.675  -50.627  -25.480 0.6000000238
127220  12.752  -51.340  -25.995 0.5000000000
22786  16.271  -50.400  -25.986 0.6999999881
21818  14.156  -51.165  -25.807 0.5000000000
21827  14.443  -51.573  -26.522 0.6000000238
23800  17.742  -49.731  -26.859 0.6999999881
22801  17.278  -50.347  -27.167 0.6999999881
23811  17.690  -49.895  -27.712 0.6999999881
24870  17.890  -48.846  -29.832 0.6999999881
24897  17.681  -48.494  -31.491 0.6000000238
26018  17.644  -47.847  -32.140 0.6000000238
27170  17.187  -46.956  -32.477 0.6999999881
132167  16.995  -47.009  -33.582 0.6999999881
27192  16.250  -46.018  -34.440 0.6999999881
28448  16.780  -46.410  -34.836 0.6000000238
23762  12.993  -48.965  -24.700 0.5000000000
23786  11.010  -49.663  -25.767 0.4000000060
22772  13.714  -49.889  -24.781 0.5000000000
23785  11.659  -49.476  -25.367 0.5000000000
124082  13.115  -50.385  -25.067 0.5000000000
114983  15.190  -49.492  -24.745 0.6000000238
22771  14.493  -50.033  -24.933 0.6000000238
23780  18.041  -48.938  -25.971 0.6999999881
23782  16.587  -49.757  -25.492 0.6000000238
119826  17.664  -49.434  -26.110 0.6999999881
23810  18.145  -49.111  -27.490 0.6999999881
23836  18.033  -48.978  -29.035 0.6999999881
24884  17.865  -48.246  -30.651 0.6999999881
23844  17.623  -49.259  -30.715 0.6999999881
26006  17.675  -47.598  -31.407 0.6999999881
132911  16.898  -46.276  -31.834 0.6999999881
27181  16.416  -46.109  -32.912 0.8000000119
27180  16.490  -46.367  -33.766 0.6999999881
28432  18.098  -45.519  -33.657 0.5000000000
28433  16.568  -45.875  -34.567 0.6000000238
28434  15.597  -45.565  -34.661 0.6000000238
24818  11.980  -48.685  -25.320 0.4000000060
118438  14.092  -48.722  -24.366 0.6000000238
23760  14.317  -49.358  -24.588 0.6000000238
24797  15.649  -48.707  -24.352 0.6000000238
24795  17.484  -48.382  -24.803 0.6000000238
24817  18.149  -48.449  -25.512 0.6000000238
119022  18.399  -48.583  -26.911 0.6999999881
24843  18.451  -48.249  -27.544 0.6999999881
24859  18.258  -48.576  -28.367 0.6999999881
24869  18.206  -48.315  -29.169 0.6999999881
25982  18.189  -47.553  -29.102 0.8000000119
25993  17.884  -46.992  -29.619 0.8000000119
25994  17.783  -47.328  -30.502 0.6000000238
129947  15.763  -45.650  -33.305 0.8000000119
28416  15.186  -45.379  -34.308 0.6999999881
29552  17.177  -45.254  -34.147 0.6000000238
29542  18.234  -44.905  -33.110 0.6000000238
25909  13.766  -47.569  -24.334 0.5000000000
25910  13.130  -47.613  -24.894 0.4000000060
25942  12.331  -47.076  -26.125 0.4000000060
25908  14.341  -48.001  -23.985 0.5000000000
24799  13.497  -48.348  -24.485 0.5000000000
25907  16.070  -47.985  -24.000 0.6000000238
24796  16.539  -48.578  -24.493 0.6000000238
25929  18.709  -47.792  -25.753 0.6000000238
25941  18.678  -47.848  -26.736 0.6999999881
132524  18.439  -47.900  -28.134 0.8000000119
27143  18.094  -46.716  -28.857 0.8000000119
120388  17.348  -45.706  -30.012 0.6000000238
28387  16.593  -45.169  -30.826 0.6000000238
28402  16.308  -45.574  -31.938 0.6999999881
29528  15.393  -45.129  -32.959 0.6999999881
29555  14.560  -43.978  -34.438 0.6999999881
30608  17.100  -44.493  -33.907 0.6000000238
30609  15.594  -44.233  -34.619 0.6000000238
31664  15.699  -42.794  -34.503 0.6000000238
27061  15.209  -46.701  -23.839 0.5000000000
27080  14.343  -46.944  -24.093 0.5000000000
27098  12.885  -46.778  -25.546 0.5000000000
27105  12.383  -46.293  -26.341 0.5000000000
25891  16.472  -47.202  -23.925 0.5000000000
25893  14.946  -47.427  -23.856 0.5000000000
25905  17.710  -47.520  -24.478 0.6000000238
28375  17.456  -44.980  -29.607 0.6999999881
126739  16.860  -43.820  -30.226 0.6000000238
122302  16.299  -43.857  -30.684 0.6000000238
29512  15.643  -43.857  -31.306 0.6000000238
30604  14.383  -43.545  -33.368 0.6999999881
31653  14.546  -42.782  -32.335 0.6000000238
30611  14.185  -43.043  -34.304 0.6000000238
30610  14.719  -43.652  -34.643 0.6999999881
30603  18.396  -43.983  -32.839 0.5000000000
31663  17.306  -42.301  -33.774 0.4000000060
126947  15.539  -45.959  -23.725 0.5000000000
28290  15.129  -45.299  -23.787 0.5000000000
28310  13.718  -45.260  -24.879 0.5000000000
29432  12.865  -44.550  -25.898 0.5000000000
29447  12.236  -44.726  -26.416 0.5000000000
30520  11.674  -43.987  -26.475 0.5000000000
31642  16.058  -42.581  -30.838 0.6000000238
31643  15.232  -42.640  -31.477 0.6000000238
32687  14.648  -42.137  -32.135 0.4000000060
31666  14.208  -42.290  -34.069 0.5000000000
32704  15.397  -41.858  -34.541 0.4000000060
32703  16.593  -41.568  -34.349 0.4000000060
28289  15.829  -45.325  -23.580 0.6000000238
29419  14.790  -44.573  -24.116 0.5000000000
29420  14.085  -44.509  -24.670 0.5000000000
30503  13.185  -43.740  -25.605 0.5000000000
30504  12.547  -43.856  -26.076 0.5000000000
30521  11.332  -43.070  -26.390 0.5000000000
30522  10.511  -42.961  -26.725 0.4000000060
32654  9.625  -42.039  -27.754 0.5000000000
32661  9.378  -41.377  -28.770 0.4000000060
115415  8.178  -41.342  -30.248 0.4000000060
31644  7.628  -42.124  -30.252 0.4000000060
32692  14.741  -41.305  -32.475 0.6000000238
33703  14.805  -40.707  -32.906 0.4000000060
33719  15.472  -41.099  -34.130 0.4000000060
32710  16.083  -41.216  -34.442 0.4000000060
30472  15.138  -43.938  -24.113 0.5000000000
30492  14.515  -43.777  -24.532 0.4000000060
125016  13.556  -42.957  -25.347 0.4000000060
126389  12.932  -43.049  -25.789 0.5000000000
32641  12.237  -41.460  -26.107 0.4000000060
32643  10.547  -41.683  -26.669 0.5000000000
130707  11.564  -40.898  -26.391 0.4000000060
116386  10.069  -40.552  -27.863 0.5000000000
32653  10.075  -41.439  -27.237 0.5000000000
33672  9.991  -39.637  -29.045 0.3000000119
32673  9.247  -40.504  -29.791 0.3000000119
33695  8.464  -39.974  -30.548 0.3000000119
125774  15.835  -39.413  -33.002 0.4000000060
123973  15.719  -43.620  -23.854 0.5000000000
30471  15.064  -43.133  -24.361 0.5000000000
31568  13.890  -42.194  -25.148 0.4000000060
30469  17.256  -43.209  -23.350 0.4000000060
31528  15.813  -42.566  -24.113 0.4000000060
31547  15.000  -42.191  -24.593 0.4000000060
32609  14.858  -41.180  -24.870 0.4000000060
31526  17.382  -42.410  -23.343 0.4000000060
32578  16.298  -41.770  -24.082 0.4000000060
32608  15.622  -41.568  -24.466 0.4000000060
32576  17.377  -41.583  -23.417 0.4000000060
116907  15.592  -40.823  -24.639 0.4000000060
33634  15.324  -40.220  -24.926 0.4000000060
34641  13.908  -39.772  -25.809 0.4000000060
32577  16.744  -41.219  -23.946 0.4000000060
32575  18.169  -42.187  -23.018 0.3000000119
125783  16.442  -39.720  -24.501 0.4000000060
34628  15.824  -39.449  -24.907 0.4000000060
118811  14.922  -38.661  -25.635 0.4000000060
33583  18.897  -40.925  -22.595 0.4000000060
35705  13.448  -38.112  -26.527 0.4000000060
35704  14.363  -37.981  -26.120 0.4000000060
122865  19.192  -39.986  -22.376 0.3000000119
115346  18.411  -40.260  -22.810 0.4000000060
34602  17.145  -39.768  -24.023 0.4000000060
34627  16.415  -39.051  -24.691 0.4000000060
35680  15.989  -38.608  -25.064 0.4000000060
35691  15.534  -38.202  -25.437 0.4000000060
35690  16.057  -37.811  -25.191 0.3000000119
30577  16.544  -43.260  -30.486 0.6000000238
32686  15.446  -41.872  -31.457 0.6000000238
33718  15.558  -40.149  -33.530 0.4000000060
129538  15.208  -51.506  -31.075 0.6000000238
27210  18.704  -46.548  -35.441 0.5000000000
28446  18.616  -45.897  -33.818 0.5000000000
27201  17.423  -46.380  -35.256 0.5000000000
22790  12.244  -50.158  -25.159 0.5000000000
24883  18.111  -47.898  -29.855 0.6999999881
29553  15.909  -45.227  -34.804 0.6000000238
23758  16.933  -49.119  -25.087 0.6000000238
115317  17.386  -46.766  -31.204 0.6999999881
27193  15.777  -45.837  -34.134 0.6999999881
25930  12.403  -47.786  -25.550 0.4000000060
27155  17.528  -46.453  -30.234 0.6000000238
27171  17.041  -45.886  -30.859 0.6000000238
29543  14.720  -44.687  -34.095 0.6999999881
28415  18.952  -45.302  -32.790 0.5000000000
29554  14.981  -44.820  -34.719 0.6999999881
29510  16.803  -44.511  -30.305 0.6999999881
29511  16.006  -44.632  -31.370 0.6999999881
29529  15.129  -44.259  -32.437 0.6999999881
31665  14.576  -42.598  -34.569 0.6000000238
116197  17.149  -43.427  -33.722 0.6000000238
126645  14.743  -46.036  -23.961 0.5000000000
27097  13.373  -46.008  -25.175 0.5000000000
28322  12.596  -45.372  -26.164 0.4000000060
30578  15.796  -43.242  -30.968 0.6000000238
120319  14.063  -42.328  -33.294 0.6000000238
31629  8.305  -42.274  -29.871 0.3000000119
32698  14.388  -41.512  -33.419 0.5000000000
33726  16.237  -40.543  -34.242 0.4000000060
31587  11.771  -42.319  -26.186 0.5000000000
33661  9.657  -40.535  -28.858 0.4000000060
125770  7.889  -40.848  -30.494 0.4000000060
33603  18.056  -41.128  -23.011 0.4000000060
33605  16.618  -40.446  -24.232 0.4000000060
18281  25.150  -54.347  -44.127 0.3000000119
19232  24.749  -53.554  -44.022 0.3000000119
23912  18.137  -49.562  -38.655 0.4000000060
23920  19.521  -49.407  -40.083 0.4000000060
22943  18.911  -50.178  -40.568 0.4000000060
22948  19.445  -50.481  -41.372 0.4000000060
23903  17.528  -49.077  -37.941 0.4000000060
23904  16.407  -49.091  -37.831 0.4000000060
131227  15.692  -49.465  -37.594 0.4000000060
121231  15.678  -49.024  -37.158 0.5000000000
23905  15.310  -49.763  -37.036 0.5000000000
22912  15.259  -50.312  -36.235 0.5000000000
24977  19.474  -48.611  -38.502 0.4000000060
23911  19.030  -49.199  -39.032 0.5000000000
23913  17.065  -49.814  -38.525 0.5000000000
123975  14.661  -50.940  -35.357 0.5000000000
24976  20.243  -48.221  -39.031 0.5000000000
24983  20.631  -48.560  -40.127 0.5000000000
23923  20.415  -49.152  -40.771 0.4000000060
23924  19.951  -49.805  -41.087 0.4000000060
22954  19.132  -50.894  -41.542 0.4000000060
22953  20.084  -50.776  -41.937 0.4000000060
21070  21.882  -51.378  -42.624 0.3000000119
20143  21.616  -52.101  -42.701 0.4000000060
26053  19.901  -47.087  -36.906 0.4000000060
26065  18.356  -47.761  -37.051 0.4000000060
26055  17.650  -47.175  -36.593 0.4000000060
26063  20.317  -47.263  -37.730 0.4000000060
24966  19.018  -48.296  -37.663 0.4000000060
24956  17.254  -47.695  -36.993 0.4000000060
24957  16.630  -47.999  -36.901 0.5000000000
24958  16.124  -48.489  -36.904 0.5000000000
26062  21.056  -46.816  -38.203 0.4000000060
26072  19.883  -47.914  -38.135 0.4000000060
24978  18.572  -48.912  -38.133 0.4000000060
24944  16.612  -47.784  -36.352 0.5000000000
24945  16.274  -48.666  -36.355 0.5000000000
23890  16.084  -49.554  -35.884 0.5000000000
23880  16.492  -49.798  -34.872 0.6000000238
22899  15.784  -50.543  -34.374 0.6000000238
117559  17.136  -47.954  -34.672 0.6000000238
23869  16.702  -50.035  -33.934 0.5000000000
23926  21.235  -49.668  -41.607 0.4000000060
23859  16.811  -50.196  -33.069 0.5000000000
22001  20.887  -51.033  -42.267 0.4000000060
27219  18.132  -46.793  -36.201 0.4000000060
26044  17.126  -46.797  -36.181 0.5000000000
26045  16.770  -47.004  -36.098 0.5000000000
27212  16.832  -46.674  -35.624 0.5000000000
24931  16.698  -48.564  -35.462 0.5000000000
26036  16.742  -46.952  -34.974 0.6000000238
17369  24.892  -56.327  -44.005 0.3000000119
19223  24.989  -54.419  -43.292 0.3000000119
20141  23.810  -51.888  -43.038 0.3000000119
27223  20.725  -46.613  -37.303 0.4000000060
27217  20.378  -46.582  -36.411 0.4000000060
27218  19.354  -46.854  -36.189 0.4000000060
26054  18.838  -47.292  -36.644 0.4000000060
27211  17.521  -46.569  -35.821 0.5000000000
22889  15.909  -50.678  -33.562 0.5000000000
24968  16.829  -48.389  -37.397 0.4000000060
22911  15.529  -50.449  -35.249 0.5000000000
21068  23.644  -51.518  -42.909 0.3000000119
26056  16.927  -47.285  -36.516 0.5000000000
116460  16.696  -47.293  -35.649 0.6000000238
21817  14.827  -51.149  -26.022 0.5000000000
21826  15.291  -51.392  -26.642 0.6999999881
21828  13.559  -51.591  -26.368 0.6000000238
21845  16.325  -51.339  -27.732 0.6999999881
21847  14.648  -51.796  -27.312 0.6999999881
21874  15.537  -51.706  -28.355 0.6000000238
21892  16.176  -51.372  -29.593 0.6000000238
21917  14.158  -51.689  -31.804 0.6000000238
22773  12.959  -49.650  -24.786 0.5000000000
22785  17.095  -50.065  -26.250 0.6999999881
22787  15.441  -50.680  -25.834 0.6999999881
22789  13.920  -50.542  -25.225 0.5000000000
22791  11.396  -50.260  -25.642 0.5000000000
22802  16.582  -50.799  -26.867 0.6999999881
22823  17.323  -50.465  -27.851 0.6999999881
22952  21.312  -50.712  -42.242 0.4000000060
23759  16.120  -49.294  -24.883 0.6000000238
23761  13.585  -49.162  -24.590 0.6000000238
23781  17.580  -48.990  -25.506 0.6000000238
23783  15.797  -49.973  -25.323 0.6000000238
23784  12.376  -49.227  -24.954 0.5000000000
23799  18.105  -49.080  -26.584 0.6999999881
23828  17.903  -49.400  -28.411 0.6999999881
23837  17.693  -49.643  -29.313 0.6999999881
23879  17.060  -49.067  -34.293 0.6000000238
23896  15.704  -49.233  -36.745 0.5000000000
23927  20.683  -50.301  -41.806 0.4000000060
24790  15.210  -48.059  -23.891 0.5000000000
24794  18.260  -47.821  -24.998 0.6999999881
24798  14.779  -48.725  -24.292 0.6000000238
24800  12.713  -48.447  -24.909 0.5000000000
24819  11.201  -48.871  -25.785 0.4000000060
24827  18.423  -48.495  -26.232 0.6999999881
24967  17.962  -48.417  -37.443 0.4000000060
24969  16.108  -48.660  -37.290 0.5000000000
24984  19.812  -48.806  -39.442 0.5000000000
25890  17.253  -47.027  -24.061 0.6999999881
25892  15.663  -47.324  -23.856 0.5000000000
25904  18.347  -47.140  -24.710 0.6999999881
25906  16.933  -47.809  -24.212 0.6000000238
25928  19.055  -47.054  -25.536 0.6999999881
25931  11.763  -48.258  -25.793 0.4000000060
25970  18.335  -47.332  -28.423 0.8000000119
26064  19.439  -47.637  -37.317 0.4000000060
27060  16.020  -46.575  -23.759 0.5000000000
27078  18.423  -46.407  -24.395 0.6999999881
27081  13.986  -46.053  -24.445 0.5000000000
27082  13.560  -46.817  -24.721 0.5000000000
27096  19.362  -46.396  -25.342 0.6999999881
27118  19.222  -46.508  -26.632 0.6999999881
27133  18.433  -46.572  -28.183 0.8000000119
27144  17.770  -45.976  -29.352 0.6999999881
28286  19.025  -44.875  -24.014 0.5000000000
28287  17.924  -45.561  -23.777 0.5000000000
28306  20.262  -44.942  -24.798 0.4000000060
28309  14.385  -45.292  -24.248 0.5000000000
28320  19.781  -45.712  -25.131 0.6000000238
28321  13.139  -45.251  -25.549 0.4000000060
28386  17.024  -45.235  -30.235 0.6999999881
28431  19.197  -45.703  -33.048 0.5000000000
29395  18.557  -44.393  -23.584 0.5000000000
29398  16.298  -44.143  -23.543 0.5000000000
29399  15.623  -44.571  -23.671 0.6000000238
29429  21.220  -44.043  -25.190 0.5000000000
29431  13.446  -44.485  -25.278 0.5000000000
29445  21.065  -44.025  -25.931 0.4000000060
29480  19.512  -44.245  -28.469 0.6999999881
30465  21.123  -43.277  -23.952 0.5000000000
30470  16.455  -43.353  -23.612 0.5000000000
30491  20.869  -43.871  -24.225 0.5000000000
30493  13.795  -43.689  -25.019 0.5000000000
30502  21.556  -43.332  -25.398 0.5000000000
30519  20.658  -43.947  -26.942 0.4000000060
30539  20.880  -43.139  -27.136 0.3000000119
30555  20.052  -43.532  -28.401 0.6999999881
30564  18.705  -43.660  -29.363 0.6999999881
30594  15.040  -43.395  -31.815 0.6000000238
31502  19.121  -42.360  -22.925 0.4000000060
31522  21.360  -42.475  -23.661 0.5000000000
31527  16.644  -42.513  -23.678 0.4000000060
31546  21.689  -42.805  -24.434 0.4000000060
31548  14.286  -42.829  -24.824 0.5000000000
31566  21.965  -42.442  -25.222 0.4000000060
31586  12.628  -42.316  -25.900 0.5000000000
31588  10.861  -42.301  -26.447 0.4000000060
31603  21.217  -42.553  -26.878 0.3000000119
32548  19.447  -41.593  -22.692 0.4000000060
32549  18.734  -41.669  -22.786 0.3000000119
32573  21.556  -41.652  -23.376 0.4000000060
32606  22.301  -41.456  -24.339 0.4000000060
32607  16.153  -41.002  -24.367 0.4000000060
32639  22.221  -41.080  -25.701 0.4000000060
32642  11.249  -41.584  -26.350 0.5000000000
32651  21.364  -41.201  -27.130 0.3000000119
32662  8.796  -41.505  -29.604 0.4000000060
32674  8.664  -40.374  -30.384 0.3000000119
32705  14.678  -41.803  -34.164 0.5000000000
32709  16.791  -40.945  -34.408 0.4000000060
33582  19.688  -40.790  -22.438 0.4000000060
33602  21.777  -40.894  -23.088 0.4000000060
33604  17.247  -40.740  -23.694 0.4000000060
33621  22.590  -40.593  -24.062 0.4000000060
33622  15.993  -40.262  -24.602 0.4000000060
33650  10.698  -40.823  -26.845 0.4000000060
33673  9.594  -39.776  -29.872 0.3000000119
33684  8.945  -39.606  -30.646 0.3000000119
33692  18.854  -40.689  -30.590 0.5000000000
33696  7.884  -40.271  -30.512 0.3000000119
33709  15.178  -40.021  -32.910 0.4000000060
33710  14.966  -40.887  -33.418 0.5000000000
34600  22.559  -39.959  -23.378 0.4000000060
34601  17.922  -39.601  -23.306 0.4000000060
34626  16.948  -38.936  -24.355 0.4000000060
34640  15.133  -39.476  -25.290 0.4000000060
34652  14.131  -38.880  -25.994 0.4000000060
34662  21.861  -38.825  -27.199 0.3000000119
34692  19.208  -39.300  -30.686 0.6000000238
34695  8.059  -39.698  -30.474 0.3000000119
34700  15.820  -39.637  -32.577 0.5000000000
35703  22.384  -38.069  -26.678 0.4000000060
35745  18.400  -37.869  -31.203 0.5000000000
36719  23.107  -36.976  -26.164 0.3000000119
36721  14.574  -37.240  -26.233 0.4000000060
38821  18.675  -35.870  -30.772 0.4000000060
113507  17.722  -40.317  -23.368 0.4000000060
114887  14.233  -41.058  -25.301 0.4000000060
117025  18.631  -43.037  -23.150 0.5000000000
118502  16.865  -41.889  -23.676 0.4000000060
118800  10.129  -42.210  -26.874 0.5000000000
120426  12.032  -46.932  -26.632 0.4000000060
120429  12.866  -45.927  -25.767 0.4000000060
120706  15.496  -38.880  -25.277 0.4000000060
121105  14.553  -40.261  -25.360 0.4000000060
123987  17.191  -49.507  -25.654 0.6999999881
126465  12.206  -43.116  -26.129 0.5000000000
130261  18.363  -47.957  -28.668 0.6999999881
130486  9.724  -41.216  -28.015 0.5000000000
131724  25.165  -55.493  -43.847 0.3000000119
131726  16.335  -45.819  -23.622 0.5000000000
132089  12.665  -50.805  -25.469 0.5000000000
132213  14.559  -39.408  -25.606 0.4000000060
132370  20.058  -48.939  -40.116 0.5000000000
134194  15.127  -50.160  -25.225 0.6000000238
134613  20.553  -41.398  -28.627 0.5000000000
134748  16.716  -39.366  -24.418 0.4000000060
135421  16.185  -51.212  -31.116 0.6000000238
135958  18.160  -45.966  -24.061 0.6999999881
136050  23.135  -38.516  -24.511 0.3000000119
136123  17.665  -49.480  -30.005 0.5000000000
136301  19.594  -38.984  -30.429 0.6000000238
136399  22.402  -40.441  -25.565 0.4000000060
