#Insight Transform File V1.0
#Transform 0
Transform: AffineTransform_float_3_3
Parameters: 0.999995 -0.00233488 -0.0022164 0.00234011 0.999994 0.00230782 0.0022106 -0.00231317 0.999995 0.0394842 0.159956 -0.19433
FixedParameters: 0 0 0

#Transform 1
Transform: AffineTransform_float_3_3
Parameters: 0.999995 -0.00235215 -0.0021992 0.00235685 0.999995 0.00220483 0.0021938 -0.00221017 0.999995 0.0428008 0.159934 -0.191773
FixedParameters: 0 0 0

#Transform 2
Transform: AffineTransform_float_3_3
Parameters: 0.999995 -0.00272336 -0.0020103 0.00272864 0.999993 0.00230853 0.0020047 -0.00231447 0.999996 0.0639419 0.135616 -0.167295
FixedParameters: 0 0 0

#Transform 3
Transform: AffineTransform_float_3_3
Parameters: 0.999995 -0.00268624 -0.00156149 0.00269076 0.999993 0.00241281 0.00155451 -0.00241719 0.999996 0.0846796 0.140619 -0.187481
FixedParameters: 0 0 0

#Transform 4
Transform: AffineTransform_float_3_3
Parameters: 0.999997 -0.00187847 -0.00109735 0.00188053 0.999995 0.00231194 0.00109265 -0.00231406 0.999996 0.0564793 0.135358 -0.179062
FixedParameters: 0 0 0

#Transform 5
Transform: AffineTransform_float_3_3
Parameters: 0.999996 -0.00232882 -0.00163711 0.00233118 0.999997 0.00133219 0.00163389 -0.00133581 0.999998 0.0649926 0.120782 -0.218003
FixedParameters: 0 0 0

#Transform 6
Transform: AffineTransform_float_3_3
Parameters: 0.999996 -0.00201977 -0.00201424 0.00202123 0.999998 0.00110593 0.00201176 -0.00111007 0.999998 0.0520371 0.103902 -0.271244
FixedParameters: 0 0 0

#Transform 7
Transform: AffineTransform_float_3_3
Parameters: 0.999996 -0.0022115 -0.00176015 0.0022135 0.999996 0.00142111 0.00175685 -0.00142489 0.999998 0.0579843 0.107738 -0.295649
FixedParameters: 0 0 0

#Transform 8
Transform: AffineTransform_float_3_3
Parameters: 0.999996 -0.00231248 -0.00167709 0.00231451 0.999997 0.000902122 0.00167491 -0.000906877 0.999998 0.06413 0.110528 -0.281774
FixedParameters: 0 0 0

#Transform 9
Transform: AffineTransform_float_3_3
Parameters: 0.999997 -0.00219757 -0.00160995 0.00219843 0.999997 0.000885464 0.00160805 -0.000888538 0.999999 0.0692381 0.107745 -0.254465
FixedParameters: 0 0 0

#Transform 10
Transform: AffineTransform_float_3_3
Parameters: 0.999996 -0.0028565 -0.00112537 0.0028595 0.999994 0.00222679 0.00111863 -0.00223021 0.999997 0.0942807 0.149011 -0.198907
FixedParameters: 0 0 0

#Transform 11
Transform: AffineTransform_float_3_3
Parameters: 0.999997 -0.00194506 -0.00106454 0.00194694 0.999997 0.00182093 0.00106045 -0.00182307 0.999998 0.0590852 0.114312 -0.270967
FixedParameters: 0 0 0

#Transform 12
Transform: AffineTransform_float_3_3
Parameters: 1 -1.53845e-05 -0.000569964 1.36154e-05 0.999997 -0.00242901 0.000570035 0.00242899 0.999997 0.00529824 0.0778707 -0.436599
FixedParameters: 0 0 0

#Transform 13
Transform: AffineTransform_float_3_3
Parameters: 0.999999 0.000791091 0.000263727 -0.000790908 0.999999 -0.000345209 -0.000264273 0.000345791 1 -0.0308137 0.073895 -0.368216
FixedParameters: 0 0 0

#Transform 14
Transform: AffineTransform_float_3_3
Parameters: 0.999999 -0.000690061 -0.00126506 0.00069194 0.999999 0.00153313 0.00126394 -0.00153387 0.999998 -0.00185356 0.115056 -0.323571
FixedParameters: 0 0 0

#Transform 15
Transform: AffineTransform_float_3_3
Parameters: 0.999999 0.000780868 -0.000787151 -0.000778132 0.999997 0.00237061 0.000788846 -0.00237038 0.999997 -0.0222752 0.109748 0.0528619
FixedParameters: 0 0 0

#Transform 16
Transform: AffineTransform_float_3_3
Parameters: 0.999995 0.00178256 0.0023251 -0.00178444 0.999998 0.000616854 -0.0023239 -0.000621145 0.999997 -0.0264802 0.026332 0.208644
FixedParameters: 0 0 0

#Transform 17
Transform: AffineTransform_float_3_3
Parameters: 0.999992 0.00228635 0.00328863 -0.00229265 0.999996 0.00201948 -0.00328437 -0.00202753 0.999992 -0.0267884 0.095666 0.550611
FixedParameters: 0 0 0

#Transform 18
Transform: AffineTransform_float_3_3
Parameters: 0.999993 0.00278272 0.00229592 -0.00278028 0.999996 -0.000751388 -0.00229808 0.00074461 0.999997 -0.0704025 0.0387419 0.128674
FixedParameters: 0 0 0

#Transform 19
Transform: AffineTransform_float_3_3
Parameters: 0.999994 0.00241884 0.00221408 -0.00241815 0.999997 -0.000384356 -0.00221492 0.000378645 0.999998 -0.0476402 0.0680929 0.142822
FixedParameters: 0 0 0

#Transform 20
Transform: AffineTransform_float_3_3
Parameters: 1 0.000813622 0.00058353 -0.00081338 1 0.000650526 -0.000582471 -0.000650474 0.999999 -0.0658728 0.0545611 0.0461257
FixedParameters: 0 0 0

#Transform 21
Transform: AffineTransform_float_3_3
Parameters: 0.999998 0.00173435 0.000996128 -0.00173465 0.999999 0.000649274 -0.000994873 -0.000650727 1 -0.108068 0.0730857 0.148586
FixedParameters: 0 0 0

#Transform 22
Transform: AffineTransform_float_3_3
Parameters: 0.999998 0.00201905 0.000602821 -0.00201895 0.999998 -8.92172e-05 -0.00060318 8.87823e-05 1 -0.0930033 0.073211 0.132601
FixedParameters: 0 0 0

#Transform 23
Transform: AffineTransform_float_3_3
Parameters: 0.999997 0.00224601 0.000789119 -0.00224499 0.999996 -0.00128377 -0.000791881 0.00128222 0.999999 -0.100538 0.0381885 0.013742
FixedParameters: 0 0 0

#Transform 24
Transform: AffineTransform_float_3_3
Parameters: 0.999996 0.00262328 0.000180012 -0.00262372 0.999996 -0.00152048 -0.000183988 0.00151952 0.999999 -0.122734 0.0405995 -0.0130383
FixedParameters: 0 0 0

#Transform 25
Transform: AffineTransform_float_3_3
Parameters: 0.999996 0.00274114 8.78332e-05 -0.00274086 0.999995 -0.00152025 -9.21659e-05 0.00151975 0.999999 -0.13418 0.0402441 0.0172869
FixedParameters: 0 0 0

#Transform 26
Transform: AffineTransform_float_3_3
Parameters: 0.999996 0.00278827 0.000159357 -0.00278873 0.999994 -0.00166545 -0.000163643 0.00166455 0.999998 -0.126358 0.0511951 -0.0697557
FixedParameters: 0 0 0

#Transform 27
Transform: AffineTransform_float_3_3
Parameters: 0.999996 0.00193363 -0.00202926 -0.00193637 0.999997 -0.00116507 0.00202674 0.00116892 0.999998 -0.113385 0.0836237 0.0539388
FixedParameters: 0 0 0

#Transform 28
Transform: AffineTransform_float_3_3
Parameters: 0.999996 0.00261907 -0.00097789 -0.00262193 0.999992 -0.00300945 0.000969109 0.00301255 0.999995 -0.123112 0.035018 -0.159955
FixedParameters: 0 0 0

#Transform 29
Transform: AffineTransform_float_3_3
Parameters: 0.999993 0.00365682 -0.00132184 -0.00366019 0.999991 -0.00241318 0.00131316 0.00241782 0.999996 -0.170765 0.0872334 -0.202665
FixedParameters: 0 0 0

#Transform 30
Transform: AffineTransform_float_3_3
Parameters: 0.999994 0.0033423 -0.000758532 -0.0033447 0.999992 -0.00225148 0.000751469 0.00225352 0.999997 -0.159474 0.0632447 -0.244987
FixedParameters: 0 0 0

#Transform 31
Transform: AffineTransform_float_3_3
Parameters: 0.999995 0.00299162 -0.000783152 -0.00299438 0.999991 -0.00305667 0.000773846 0.00305933 0.999995 -0.140301 0.0518421 -0.317295
FixedParameters: 0 0 0

#Transform 32
Transform: AffineTransform_float_3_3
Parameters: 0.999995 0.00293735 -0.00104038 -0.00294066 0.99999 -0.00352896 0.00102963 0.00353104 0.999993 -0.117604 0.049991 -0.340167
FixedParameters: 0 0 0

#Transform 33
Transform: AffineTransform_float_3_3
Parameters: 0.999997 0.00236905 -0.000272373 -0.00236995 0.999991 -0.00353336 0.000263628 0.00353363 0.999993 -0.0403162 0.0800408 0.460775
FixedParameters: 0 0 0

#Transform 34
Transform: AffineTransform_float_3_3
Parameters: 0.999998 0.00157569 0.000646078 -0.00157131 0.999982 -0.00566902 -0.000654917 0.00566797 0.999983 -0.0388604 0.032502 -0.315498
FixedParameters: 0 0 0

#Transform 35
Transform: AffineTransform_float_3_3
Parameters: 0.999998 0.00161284 0.000518403 -0.00161216 0.999998 -0.00161084 -0.000521597 0.00161016 0.999998 -0.022021 0.140288 -0.320292
FixedParameters: 0 0 0

#Transform 36
Transform: AffineTransform_float_3_3
Parameters: 0.999996 0.0027691 -0.000392674 -0.00277191 0.999984 -0.00493593 0.000379324 0.00493607 0.999987 -0.113245 0.0420003 -0.569211
FixedParameters: 0 0 0

#Transform 37
Transform: AffineTransform_float_3_3
Parameters: 0.999998 0.00192293 0.00132041 -0.00191708 0.999988 -0.00447554 -0.00132859 0.00447246 0.999989 -0.0455157 -0.0308949 -0.572147
FixedParameters: 0 0 0

#Transform 38
Transform: AffineTransform_float_3_3
Parameters: 0.999996 0.00277951 0.00061877 -0.00277449 0.999958 -0.00872675 -0.000643235 0.00872525 0.999961 -0.0821849 -0.0467571 -0.695769
FixedParameters: 0 0 0

#Transform 39
Transform: AffineTransform_float_3_3
Parameters: 0.999994 0.00343131 0.000639127 -0.00342569 0.999961 -0.00813024 -0.000666872 0.00812876 0.999966 -0.0899912 -0.07538 -0.709268
FixedParameters: 0 0 0

#Transform 40
Transform: AffineTransform_float_3_3
Parameters: 0.99999 0.00417602 0.00113359 -0.00416397 0.999937 -0.0104118 -0.0011774 0.0104062 0.999945 -0.111022 -0.0838547 -0.762462
FixedParameters: 0 0 0

#Transform 41
Transform: AffineTransform_float_3_3
Parameters: 0.999991 0.00414376 0.00108085 -0.00413223 0.999934 -0.0106706 -0.00112515 0.0106654 0.999943 -0.10007 -0.066677 -0.724329
FixedParameters: 0 0 0

#Transform 42
Transform: AffineTransform_float_3_3
Parameters: 0.999986 0.00511498 0.00138123 -0.00510102 0.999937 -0.00994218 -0.00143177 0.00993481 0.999949 -0.132127 -0.0585839 -0.763266
FixedParameters: 0 0 0

#Transform 43
Transform: AffineTransform_float_3_3
Parameters: 0.999986 0.00539525 0.000576853 -0.00539075 0.999947 -0.00874424 -0.000624152 0.00874076 0.999961 -0.144888 -0.0536669 -0.730831
FixedParameters: 0 0 0

#Transform 44
Transform: AffineTransform_float_3_3
Parameters: 0.999983 0.00561621 0.000982985 -0.00560479 0.999923 -0.0110557 -0.00104502 0.0110503 0.999939 -0.142292 -0.0724834 -0.83843
FixedParameters: 0 0 0

#Transform 45
Transform: AffineTransform_float_3_3
Parameters: 0.999988 0.00487588 0.000697074 -0.00486612 0.999896 -0.0135356 -0.000762925 0.0135314 0.999908 -0.138086 -0.101223 -0.985716
FixedParameters: 0 0 0

#Transform 46
Transform: AffineTransform_float_3_3
Parameters: 0.999987 0.00503651 0.000524905 -0.00502849 0.999873 -0.0151218 -0.000601103 0.0151192 0.999885 -0.129407 -0.124487 -1.05043
FixedParameters: 0 0 0

#Transform 47
Transform: AffineTransform_float_3_3
Parameters: 0.999987 0.00502759 0.000713625 -0.00501642 0.999868 -0.0154088 -0.000790383 0.0154052 0.999881 -0.124486 -0.13442 -1.08799
FixedParameters: 0 0 0

#Transform 48
Transform: AffineTransform_float_3_3
Parameters: 0.999986 0.00515788 0.000548 -0.00514911 0.999872 -0.015136 -0.000626001 0.015133 0.999886 -0.130484 -0.122992 -1.0844
FixedParameters: 0 0 0

#Transform 49
Transform: AffineTransform_float_3_3
Parameters: 0.999986 0.00522028 0.000856574 -0.00520471 0.999842 -0.0169647 -0.000945422 0.0169603 0.999855 -0.131751 -0.164914 -1.17509
FixedParameters: 0 0 0

#Transform 50
Transform: AffineTransform_float_3_3
Parameters: 0.999988 0.00451644 0.00186395 -0.00448256 0.999835 -0.0175696 -0.00194304 0.0175614 0.999844 -0.097924 -0.180277 -1.20195
FixedParameters: 0 0 0

#Transform 51
Transform: AffineTransform_float_3_3
Parameters: 0.999987 0.00500017 0.000828737 -0.00498383 0.999817 -0.0184824 -0.000921258 0.0184776 0.999829 -0.129233 -0.179384 -1.24048
FixedParameters: 0 0 0

#Transform 52
Transform: AffineTransform_float_3_3
Parameters: 0.999984 0.00562835 0.00125448 -0.00560464 0.999824 -0.0178993 -0.00135552 0.0178917 0.999839 -0.15488 -0.179079 -1.24563
FixedParameters: 0 0 0

#Transform 53
Transform: AffineTransform_float_3_3
Parameters: 0.999984 0.00533694 0.00156114 -0.00531206 0.999864 -0.0155655 -0.00164386 0.0155565 0.999877 -0.136681 -0.152451 -1.20484
FixedParameters: 0 0 0

#Transform 54
Transform: AffineTransform_float_3_3
Parameters: 0.999988 0.00444589 0.00229578 -0.00440311 0.999821 -0.0183603 -0.00237722 0.0183497 0.999829 -0.0922738 -0.209474 -1.35945
FixedParameters: 0 0 0

#Transform 55
Transform: AffineTransform_float_3_3
Parameters: 0.999985 0.00507581 0.00217187 -0.00504319 0.999877 -0.0148552 -0.00224714 0.0148438 0.999888 -0.112527 -0.175917 -1.17378
FixedParameters: 0 0 0

#Transform 56
Transform: AffineTransform_float_3_3
Parameters: 0.999985 0.00490522 0.0025238 -0.00486977 0.999888 -0.0141645 -0.0025932 0.0141515 0.999896 -0.103527 -0.153193 -1.14704
FixedParameters: 0 0 0

#Transform 57
Transform: AffineTransform_float_3_3
Parameters: 0.999985 0.00473922 0.00274098 -0.00470478 0.999908 -0.0127171 -0.00280103 0.0127039 0.999916 -0.0715629 -0.129626 -1.04076
FixedParameters: 0 0 0

#Transform 58
Transform: AffineTransform_float_3_3
Parameters: 0.999985 0.00466088 0.00295311 -0.00462412 0.999917 -0.0120438 -0.00300888 0.0120302 0.999923 -0.0781117 -0.106115 -1.0233
FixedParameters: 0 0 0

#Transform 59
Transform: AffineTransform_float_3_3
Parameters: 0.999986 0.00458041 0.00261881 -0.00454859 0.999919 -0.0118771 -0.00267319 0.0118649 0.999926 -0.0656828 -0.0878846 -1.02493
FixedParameters: 0 0 0

#Transform 60
Transform: AffineTransform_float_3_3
Parameters: 0.999987 0.00446567 0.00251503 -0.00443633 0.999922 -0.0116813 -0.00256697 0.0116697 0.999928 -0.0813157 -0.118129 -1.05992
FixedParameters: 0 0 0

#Transform 61
Transform: AffineTransform_float_3_3
Parameters: 0.999986 0.00468661 0.00245779 -0.00465338 0.999903 -0.0131116 -0.0025192 0.0130994 0.999911 -0.0773108 -0.135656 -1.15009
FixedParameters: 0 0 0

#Transform 62
Transform: AffineTransform_float_3_3
Parameters: 0.99998 0.00639942 0.000379636 -0.00639359 0.999896 -0.0128767 -0.000461361 0.0128743 0.999917 -0.156907 -0.120572 -1.13256
FixedParameters: 0 0 0

#Transform 63
Transform: AffineTransform_float_3_3
Parameters: 0.999981 0.00612643 0.000703431 -0.00611557 0.999883 -0.0139806 -0.00078856 0.0139754 0.999902 -0.152238 -0.127894 -1.13992
FixedParameters: 0 0 0

#Transform 64
Transform: AffineTransform_float_3_3
Parameters: 0.999979 0.00635902 0.00113396 -0.00633898 0.999837 -0.0168625 -0.00124105 0.0168555 0.999857 -0.150778 -0.153955 -1.27534
FixedParameters: 0 0 0

#Transform 65
Transform: AffineTransform_float_3_3
Parameters: 0.999978 0.00650553 0.00112977 -0.00648646 0.999842 -0.0165097 -0.00123723 0.0165013 0.999863 -0.152611 -0.16553 -1.25294
FixedParameters: 0 0 0

#Transform 66
Transform: AffineTransform_float_3_3
Parameters: 0.99998 0.00610179 0.00113644 -0.00608219 0.999842 -0.0166742 -0.00123857 0.0166668 0.999861 -0.136769 -0.145324 -1.29481
FixedParameters: 0 0 0

#Transform 67
Transform: AffineTransform_float_3_3
Parameters: 0.999978 0.00667085 0.000766834 -0.00665515 0.999795 -0.0190865 -0.000894167 0.0190805 0.999818 -0.172427 -0.199684 -1.41743
FixedParameters: 0 0 0

#Transform 68
Transform: AffineTransform_float_3_3
Parameters: 0.999974 0.00710801 -0.000403514 -0.00711497 0.999748 -0.0213017 0.000251484 0.0213043 0.999773 -0.20494 -0.241921 -1.71015
FixedParameters: 0 0 0

#Transform 69
Transform: AffineTransform_float_3_3
Parameters: 0.999974 0.00717926 -0.000204348 -0.00718174 0.99974 -0.0216311 4.8658e-05 0.0216319 0.999766 -0.191989 -0.260333 -1.74072
FixedParameters: 0 0 0

#Transform 70
Transform: AffineTransform_float_3_3
Parameters: 0.99997 0.00771513 -0.000554061 -0.00772587 0.999695 -0.0234464 0.000372938 0.0234506 0.999725 -0.220699 -0.271458 -1.87507
FixedParameters: 0 0 0

#Transform 71
Transform: AffineTransform_float_3_3
Parameters: 0.999974 0.00723504 0.000183615 -0.00722897 0.999715 -0.0227279 -0.000347385 0.0227261 0.999741 -0.213934 -0.272461 -1.83696
FixedParameters: 0 0 0

#Transform 72
Transform: AffineTransform_float_3_3
Parameters: 0.999975 0.00717015 -7.25878e-05 -0.00716986 0.999729 -0.0221151 -8.55843e-05 0.022115 0.999756 -0.197673 -0.251905 -1.82017
FixedParameters: 0 0 0

#Transform 73
Transform: AffineTransform_float_3_3
Parameters: 0.999974 0.00716802 0.000530444 -0.00715499 0.999744 -0.0214413 -0.000683554 0.0214366 0.99977 -0.181479 -0.240095 -1.80593
FixedParameters: 0 0 0

#Transform 74
Transform: AffineTransform_float_3_3
Parameters: 0.999974 0.00718176 0.000438803 -0.00717026 0.999756 -0.0209287 -0.000588184 0.0209253 0.999781 -0.198745 -0.247831 -1.76929
FixedParameters: 0 0 0

#Transform 75
Transform: AffineTransform_float_3_3
Parameters: 0.999976 0.00694476 0.00088385 -0.00692423 0.999741 -0.0216536 -0.00103416 0.0216473 0.999765 -0.165678 -0.248049 -1.78189
FixedParameters: 0 0 0

#Transform 76
Transform: AffineTransform_float_3_3
Parameters: 0.999996 0.00276014 0.000254901 -0.00275286 0.999691 -0.0247008 -0.000323093 0.0246992 0.999695 -0.0406304 -0.285773 -1.93233
FixedParameters: 0 0 0

#Transform 77
Transform: AffineTransform_float_3_3
Parameters: 0.999985 0.0053095 0.00144938 -0.00527249 0.999695 -0.024119 -0.00157761 0.024111 0.999708 -0.10078 -0.31469 -1.96402
FixedParameters: 0 0 0

#Transform 78
Transform: AffineTransform_float_3_3
Parameters: 0.999985 0.00535726 0.00125572 -0.00532376 0.999669 -0.0251421 -0.00138927 0.0251349 0.999683 -0.119737 -0.312047 -2.03567
FixedParameters: 0 0 0

#Transform 79
Transform: AffineTransform_float_3_3
Parameters: 0.999983 0.00583248 6.89143e-05 -0.00582951 0.999677 -0.0247078 -0.000213099 0.0247072 0.999694 -0.147069 -0.314014 -1.97333
FixedParameters: 0 0 0

#Transform 80
Transform: AffineTransform_float_3_3
Parameters: 0.99998 0.00635239 -0.00010285 -0.00635261 0.999679 -0.0245288 -5.28413e-05 0.0245292 0.999699 -0.153542 -0.282775 -1.94854
FixedParameters: 0 0 0

#Transform 81
Transform: AffineTransform_float_3_3
Parameters: 0.99998 0.00629585 0.000658597 -0.00627714 0.999655 -0.0255136 -0.000819409 0.0255094 0.999675 -0.132942 -0.30216 -2.05253
FixedParameters: 0 0 0

#Transform 82
Transform: AffineTransform_float_3_3
Parameters: 0.999978 0.00652145 0.000609732 -0.00650354 0.99966 -0.0252205 -0.000774259 0.0252165 0.999681 -0.145166 -0.303301 -2.0155
FixedParameters: 0 0 0

#Transform 83
Transform: AffineTransform_float_3_3
Parameters: 0.999978 0.00665283 0.000883048 -0.00662918 0.999673 -0.0246874 -0.00104695 0.0246806 0.999695 -0.151767 -0.295619 -1.74897
FixedParameters: 0 0 0

#Transform 84
Transform: AffineTransform_float_3_3
Parameters: 0.999979 0.00639918 -0.000332633 -0.00640483 0.999732 -0.0222753 0.000190366 0.0222777 0.999752 -0.188602 -0.234384 -1.55037
FixedParameters: 0 0 0

#Transform 85
Transform: AffineTransform_float_3_3
Parameters: 0.999979 0.00644197 -0.000469173 -0.00645103 0.999718 -0.0228254 0.00032183 0.0228275 0.99974 -0.190005 -0.253488 -1.67484
FixedParameters: 0 0 0

#Transform 86
Transform: AffineTransform_float_3_3
Parameters: 0.999979 0.00650949 -0.000929426 -0.0065285 0.999747 -0.0215364 0.000788565 0.0215416 0.999767 -0.197719 -0.227027 -1.59024
FixedParameters: 0 0 0

#Transform 87
Transform: AffineTransform_float_3_3
Parameters: 0.999979 0.00637629 -0.000455923 -0.00638471 0.999721 -0.0227085 0.00031108 0.0227114 0.999742 -0.197398 -0.24227 -1.64492
FixedParameters: 0 0 0

#Transform 88
Transform: AffineTransform_float_3_3
Parameters: 0.99998 0.00628619 -0.000638577 -0.00629783 0.999768 -0.0205894 0.000509429 0.0205926 0.999788 -0.163382 -0.211362 -1.52707
FixedParameters: 0 0 0

#Transform 89
Transform: AffineTransform_float_3_3
Parameters: 0.999975 0.00699879 -0.00113914 -0.00702223 0.999737 -0.0218375 0.000986856 0.0218455 0.999761 -0.214947 -0.226914 -1.59997
FixedParameters: 0 0 0

#Transform 90
Transform: AffineTransform_float_3_3
Parameters: 0.999971 0.00731527 -0.00185169 -0.00735473 0.999721 -0.022443 0.00168731 0.022456 0.999747 -0.221398 -0.226049 -1.64849
FixedParameters: 0 0 0

#Transform 91
Transform: AffineTransform_float_3_3
Parameters: 0.999972 0.00712803 -0.00217927 -0.00717896 0.999677 -0.02435 0.00200473 0.024365 0.999701 -0.209838 -0.26095 -1.73925
FixedParameters: 0 0 0

#Transform 92
Transform: AffineTransform_float_3_3
Parameters: 0.999976 0.00680412 -0.00070032 -0.00681787 0.99973 -0.0222117 0.000548687 0.0222153 0.999753 -0.199534 -0.251976 -1.18162
FixedParameters: 0 0 0

#Transform 93
Transform: AffineTransform_float_3_3
Parameters: 0.999978 0.00639979 -0.00178202 -0.00643222 0.999805 -0.0187 0.00166197 0.018711 0.999823 -0.189498 -0.178567 -0.756159
FixedParameters: 0 0 0

#Transform 94
Transform: AffineTransform_float_3_3
Parameters: 0.999964 0.00840588 -0.00155288 -0.0084411 0.999671 -0.0241938 0.00134812 0.0242062 0.999706 -0.261686 -0.232583 -1.21872
FixedParameters: 0 0 0

#Transform 95
Transform: AffineTransform_float_3_3
Parameters: 0.999969 0.00778802 -0.00123511 -0.00781797 0.999644 -0.0255091 0.00103587 0.0255179 0.999674 -0.245193 -0.267121 -1.32531
FixedParameters: 0 0 0

#Transform 96
Transform: AffineTransform_float_3_3
Parameters: 0.999958 0.00902067 -0.00160252 -0.00906135 0.999588 -0.0272546 0.00135647 0.0272684 0.999627 -0.265079 -0.289222 -1.32594
FixedParameters: 0 0 0

#Transform 97
Transform: AffineTransform_float_3_3
Parameters: 0.999957 0.00901581 -0.00213446 -0.00907617 0.999505 -0.0301029 0.00186154 0.030121 0.999544 -0.301441 -0.324051 -1.43981
FixedParameters: 0 0 0

#Transform 98
Transform: AffineTransform_float_3_3
Parameters: 0.999952 0.00953956 -0.00193595 -0.00958844 0.99958 -0.0273738 0.00167406 0.0273913 0.999624 -0.291171 -0.27554 -1.29827
FixedParameters: 0 0 0

#Transform 99
Transform: AffineTransform_float_3_3
Parameters: 0.999952 0.00938801 -0.00284774 -0.009464 0.999564 -0.0279614 0.00258425 0.0279876 0.999605 -0.304353 -0.273065 -1.39553
FixedParameters: 0 0 0

#Transform 100
Transform: AffineTransform_float_3_3
Parameters: 0.999952 0.00918399 -0.00340705 -0.009277 0.999554 -0.0283677 0.00314495 0.0283982 0.999591 -0.29952 -0.284497 -1.47078
FixedParameters: 0 0 0

#Transform 101
Transform: AffineTransform_float_3_3
Parameters: 0.999949 0.00934647 -0.00368144 -0.00944554 0.999563 -0.0280146 0.00341856 0.0280484 0.9996 -0.318357 -0.261684 -1.49436
FixedParameters: 0 0 0

#Transform 102
Transform: AffineTransform_float_3_3
Parameters: 0.999938 0.010407 -0.0038027 -0.010511 0.999541 -0.0284378 0.00350431 0.0284752 0.999589 -0.32734 -0.275496 -1.599
FixedParameters: 0 0 0

#Transform 103
Transform: AffineTransform_float_3_3
Parameters: 0.999947 0.00957338 -0.00379485 -0.00967659 0.99956 -0.0280138 0.00352413 0.0280492 0.999601 -0.318244 -0.269418 -1.60704
FixedParameters: 0 0 0

#Transform 104
Transform: AffineTransform_float_3_3
Parameters: 0.99994 0.0103492 -0.00337766 -0.0104388 0.999561 -0.0277484 0.00308835 0.0277816 0.999609 -0.326746 -0.261933 -1.6414
FixedParameters: 0 0 0

#Transform 105
Transform: AffineTransform_float_3_3
Parameters: 0.99994 0.0106633 -0.00274255 -0.0107447 0.999452 -0.0313265 0.00240644 0.0313536 0.999506 -0.318627 -0.313044 -1.58394
FixedParameters: 0 0 0

#Transform 106
Transform: AffineTransform_float_3_3
Parameters: 0.999939 0.0105782 -0.00310109 -0.0106598 0.99956 -0.0276726 0.00280691 0.0277044 0.999612 -0.311244 -0.269983 -1.38132
FixedParameters: 0 0 0

#Transform 107
Transform: AffineTransform_float_3_3
Parameters: 0.999955 0.00931234 -0.00172967 -0.00935667 0.999566 -0.0279111 0.00146934 0.0279259 0.999609 -0.281766 -0.314093 -0.95742
FixedParameters: 0 0 0

#Transform 108
Transform: AffineTransform_float_3_3
Parameters: 0.999974 0.00721962 2.41684e-06 -0.00721837 0.999757 -0.0208576 -0.000153587 0.0208564 0.999782 -0.169379 -0.14109 -0.93732
FixedParameters: 0 0 0

#Transform 109
Transform: AffineTransform_float_3_3
Parameters: 0.999966 0.00818486 -0.000928894 -0.00821014 0.999424 -0.0329095 0.000659138 0.0329155 0.999458 -0.235533 -0.387288 -2.30154
FixedParameters: 0 0 0

#Transform 110
Transform: AffineTransform_float_3_3
Parameters: 0.999957 0.00895428 -0.00268272 -0.00904673 0.999297 -0.0363883 0.00235526 0.0364107 0.999334 -0.242255 -0.456388 -2.72612
FixedParameters: 0 0 0

#Transform 111
Transform: AffineTransform_float_3_3
Parameters: 0.999925 0.0101339 -0.00690954 -0.010375 0.999306 -0.035795 0.00654145 0.035864 0.999336 -0.337799 -0.423084 -2.64509
FixedParameters: 0 0 0

#Transform 112
Transform: AffineTransform_float_3_3
Parameters: 0.999937 0.0104482 -0.0042358 -0.0106028 0.999209 -0.0383265 0.00383221 0.0383695 0.999257 -0.32775 -0.376504 -2.48517
FixedParameters: 0 0 0

#Transform 113
Transform: AffineTransform_float_3_3
Parameters: 0.999941 0.010488 -0.00307642 -0.010595 0.999256 -0.0371026 0.00268557 0.0371334 0.999306 -0.303453 -0.38663 -2.53266
FixedParameters: 0 0 0

#Transform 114
Transform: AffineTransform_float_3_3
Parameters: 0.999943 0.0106073 -0.000457446 -0.0106177 0.999222 -0.0380013 5.35294e-05 0.0380037 0.999277 -0.276488 -0.451239 -2.72072
FixedParameters: 0 0 0

#Transform 115
Transform: AffineTransform_float_3_3
Parameters: 0.999927 0.0118866 -0.00207546 -0.0119564 0.999228 -0.0374249 0.00162853 0.0374471 0.999298 -0.345467 -0.40861 -2.46085
FixedParameters: 0 0 0

#Transform 116
Transform: AffineTransform_float_3_3
Parameters: 0.999919 0.0124765 -0.0025863 -0.0125665 0.999177 -0.0385666 0.00210272 0.0385954 0.999252 -0.37018 -0.46229 -2.609
FixedParameters: 0 0 0

#Transform 117
Transform: AffineTransform_float_3_3
Parameters: 0.999912 0.0123486 -0.00481132 -0.0125214 0.999213 -0.037619 0.00434266 0.0376759 0.99928 -0.408508 -0.409958 -2.34252
FixedParameters: 0 0 0

#Transform 118
Transform: AffineTransform_float_3_3
Parameters: 0.999908 0.0113433 -0.0075111 -0.0116157 0.999236 -0.0373222 0.00708192 0.0374058 0.999275 -0.444023 -0.410105 -2.43323
FixedParameters: 0 0 0

#Transform 119
Transform: AffineTransform_float_3_3
Parameters: 0.999915 0.0111782 -0.00673465 -0.0114198 0.99925 -0.0370003 0.00631637 0.0370738 0.999293 -0.392114 -0.405997 -2.42563
FixedParameters: 0 0 0

#Transform 120
Transform: AffineTransform_float_3_3
Parameters: 0.99991 0.0120471 -0.0060017 -0.012273 0.999158 -0.0391499 0.00552532 0.0392191 0.999216 -0.400137 -0.407992 -2.55692
FixedParameters: 0 0 0

#Transform 121
Transform: AffineTransform_float_3_3
Parameters: 0.999883 0.0135319 -0.00716677 -0.0138211 0.999023 -0.0419588 0.00659221 0.0420531 0.999093 -0.428864 -0.482655 -2.8901
FixedParameters: 0 0 0

#Transform 122
Transform: AffineTransform_float_3_3
Parameters: 0.999859 0.0137487 -0.00971369 -0.0141723 0.998889 -0.0449417 0.00908531 0.0450733 0.998943 -0.49556 -0.513699 -3.09917
FixedParameters: 0 0 0

#Transform 123
Transform: AffineTransform_float_3_3
Parameters: 0.99985 0.013505 -0.0108444 -0.013985 0.998867 -0.0454751 0.0102186 0.0456198 0.998906 -0.543858 -0.432267 -3.08161
FixedParameters: 0 0 0

#Transform 124
Transform: AffineTransform_float_3_3
Parameters: 0.999925 0.0121084 -0.00212431 -0.0121976 0.998755 -0.0483688 0.00153566 0.0483913 0.998828 -0.821638 -0.568941 -3.50853
FixedParameters: 0 0 0

#Transform 125
Transform: AffineTransform_float_3_3
Parameters: 0.99985 0.0148174 -0.00895707 -0.0152817 0.998411 -0.0542493 0.00813896 0.0543778 0.998488 -0.836842 -0.452478 -3.25029
FixedParameters: 0 0 0

#Transform 126
Transform: AffineTransform_float_3_3
Parameters: 0.999859 0.0149572 -0.00761951 -0.0153558 0.998353 -0.0552878 0.00677951 0.0553972 0.998442 -0.864618 -0.449826 -3.39261
FixedParameters: 0 0 0

#Transform 127
Transform: AffineTransform_float_3_3
Parameters: 0.999857 0.0148449 -0.00807297 -0.0152662 0.998369 -0.0550217 0.00724309 0.0551374 0.998453 -0.860336 -0.461628 -3.43055
FixedParameters: 0 0 0

#Transform 128
Transform: AffineTransform_float_3_3
Parameters: 0.999844 0.013476 -0.0114788 -0.0141189 0.998222 -0.057908 0.0106772 0.058061 0.998256 -0.832993 -0.473385 -3.74561
FixedParameters: 0 0 0

#Transform 129
Transform: AffineTransform_float_3_3
Parameters: 0.999798 0.015725 -0.0124689 -0.0162329 0.998996 -0.04174 0.0118001 0.041934 0.99905 -0.913096 -0.488421 -3.04511
FixedParameters: 0 0 0

#Transform 130
Transform: AffineTransform_float_3_3
Parameters: 0.999812 0.0153125 -0.0118427 -0.0158914 0.998598 -0.0504903 0.0110523 0.0506688 0.998655 -0.878844 -0.390244 -3.30443
FixedParameters: 0 0 0

#Transform 131
Transform: AffineTransform_float_3_3
Parameters: 0.999822 0.015339 -0.0109643 -0.015908 0.998423 -0.0538502 0.0101207 0.0540149 0.998489 -0.885603 -0.475088 -3.54434
FixedParameters: 0 0 0

#Transform 132
Transform: AffineTransform_float_3_3
Parameters: 0.999819 0.0151295 -0.0115366 -0.0157535 0.9983 -0.0561124 0.0106675 0.0562836 0.998358 -0.875895 -0.444954 -3.56528
FixedParameters: 0 0 0

#Transform 133
Transform: AffineTransform_float_3_3
Parameters: 0.999841 0.0143346 -0.0105607 -0.0148694 0.998515 -0.0523953 0.00979423 0.0525447 0.998571 -0.84658 -0.406993 -3.41148
FixedParameters: 0 0 0

#Transform 134
Transform: AffineTransform_float_3_3
Parameters: 0.999834 0.0149425 -0.0103608 -0.0154515 0.998585 -0.0508733 0.00958615 0.0510247 0.998652 -0.849937 -0.382526 -3.33811
FixedParameters: 0 0 0

#Transform 135
Transform: AffineTransform_float_3_3
Parameters: 0.999846 0.0140693 -0.0105124 -0.0145587 0.998739 -0.0480584 0.0098226 0.0482047 0.998789 -0.81192 -0.373918 -3.34819
FixedParameters: 0 0 0

#Transform 136
Transform: AffineTransform_float_3_3
Parameters: 0.999835 0.0152337 -0.0099576 -0.0157143 0.998621 -0.0500778 0.0091814 0.0502252 0.998695 -0.843258 -0.394821 -3.41464
FixedParameters: 0 0 0

#Transform 137
Transform: AffineTransform_float_3_3
Parameters: 0.999823 0.0159701 -0.00993369 -0.016466 0.99851 -0.0520276 0.00908833 0.0521814 0.998597 -0.878721 -0.411231 -3.50224
FixedParameters: 0 0 0

#Transform 138
Transform: AffineTransform_float_3_3
Parameters: 0.999823 0.0153316 -0.0108616 -0.0158714 0.998549 -0.0514547 0.0100563 0.0516183 0.998617 -0.892754 -0.404979 -3.52861
FixedParameters: 0 0 0

#Transform 139
Transform: AffineTransform_float_3_3
Parameters: 0.99982 0.0147076 -0.011988 -0.0153064 0.998558 -0.0514518 0.011214 0.0516262 0.998603 -0.870871 -0.402279 -3.43236
FixedParameters: 0 0 0

#Transform 140
Transform: AffineTransform_float_3_3
Parameters: 0.999847 0.0147411 -0.00934972 -0.0152109 0.998513 -0.0523588 0.00856426 0.0524932 0.998584 -0.837811 -0.40092 -3.48939
FixedParameters: 0 0 0

#Transform 141
Transform: AffineTransform_float_3_3
Parameters: 0.999824 0.0149645 -0.0112597 -0.0155304 0.99853 -0.0519322 0.0104653 0.0520977 0.998587 -0.85598 -0.415029 -3.46065
FixedParameters: 0 0 0

#Transform 142
Transform: AffineTransform_float_3_3
Parameters: 0.999816 0.0153448 -0.0115703 -0.0159142 0.998581 -0.0508222 0.0107737 0.0509967 0.99864 -0.886616 -0.401281 -3.3954
FixedParameters: 0 0 0

#Transform 143
Transform: AffineTransform_float_3_3
Parameters: 0.999811 0.0157387 -0.011474 -0.0163183 0.998499 -0.0522777 0.010634 0.0524553 0.998566 -0.872947 -0.396393 -3.51309
FixedParameters: 0 0 0

#Transform 144
Transform: AffineTransform_float_3_3
Parameters: 0.999796 0.0160546 -0.0122557 -0.0166694 0.998518 -0.0517953 0.0114063 0.0519887 0.998583 -0.899917 -0.397374 -3.42203
FixedParameters: 0 0 0

#Transform 145
Transform: AffineTransform_float_3_3
Parameters: 0.999792 0.0163217 -0.0122706 -0.0169563 0.998424 -0.0535011 0.0113774 0.0536979 0.998493 -0.895843 -0.403741 -3.55738
FixedParameters: 0 0 0

#Transform 146
Transform: AffineTransform_float_3_3
Parameters: 0.999808 0.0157656 -0.0115833 -0.0163554 0.998477 -0.0526876 0.0107347 0.0528674 0.998544 -0.847338 -0.40277 -3.3912
FixedParameters: 0 0 0

#Transform 147
Transform: AffineTransform_float_3_3
Parameters: 0.999812 0.015755 -0.0113182 -0.016331 0.998474 -0.0527441 0.0104698 0.0529189 0.998544 -0.877945 -0.417087 -3.38371
FixedParameters: 0 0 0

#Transform 148
Transform: AffineTransform_float_3_3
Parameters: 0.999797 0.0173341 -0.0102643 -0.0178688 0.998351 -0.0545396 0.00930168 0.0547123 0.998459 -0.893935 -0.453279 -3.56981
FixedParameters: 0 0 0

#Transform 149
Transform: AffineTransform_float_3_3
Parameters: 0.999797 0.0169679 -0.0108538 -0.0175411 0.998327 -0.0550857 0.00990115 0.0552652 0.998422 -0.899372 -0.425836 -3.583
FixedParameters: 0 0 0

#Transform 150
Transform: AffineTransform_float_3_3
Parameters: 0.999817 0.0168868 -0.00896663 -0.0173152 0.998597 -0.0500419 0.00810836 0.0501881 0.998707 -0.887826 -0.447406 -3.26213
FixedParameters: 0 0 0

#Transform 151
Transform: AffineTransform_float_3_3
Parameters: 0.999802 0.0179014 -0.00868775 -0.0183456 0.998372 -0.0539963 0.00770723 0.0541447 0.998504 -0.884179 -0.497481 -2.25929
FixedParameters: 0 0 0

#Transform 152
Transform: AffineTransform_float_3_3
Parameters: 0.999799 0.0166056 -0.0112157 -0.0172063 0.998297 -0.0557412 0.0102703 0.0559238 0.998382 -0.858059 -0.450684 -1.36711
FixedParameters: 0 0 0

#Transform 153
Transform: AffineTransform_float_3_3
Parameters: 0.999809 0.0164772 -0.0105292 -0.0170327 0.998342 -0.0549722 0.00960571 0.0551418 0.998433 -0.85603 -0.437583 -1.52707
FixedParameters: 0 0 0

#Transform 154
Transform: AffineTransform_float_3_3
Parameters: 0.99981 0.0158818 -0.0113601 -0.0165052 0.998235 -0.0570494 0.0104339 0.0572266 0.998306 -0.891366 -0.491826 -1.61557
FixedParameters: 0 0 0

#Transform 155
Transform: AffineTransform_float_3_3
Parameters: 0.999823 0.0163403 -0.00934353 -0.0168797 0.997999 -0.0609431 0.00832949 0.06109 0.998098 -0.832975 -0.593632 -1.7204
FixedParameters: 0 0 0

#Transform 156
Transform: AffineTransform_float_3_3
Parameters: 0.999872 0.0147264 -0.00636243 -0.0150766 0.998137 -0.0591167 0.00547961 0.0592043 0.998231 -0.65192 -0.599832 -1.96676
FixedParameters: 0 0 0

#Transform 157
Transform: AffineTransform_float_3_3
Parameters: 0.999905 0.0137688 -0.000619016 -0.0137812 0.998404 -0.0547637 -0.000135979 0.0547673 0.998499 -0.650485 -0.533674 -1.53809
FixedParameters: 0 0 0

#Transform 158
Transform: AffineTransform_float_3_3
Parameters: 0.999862 0.0165711 -0.000978823 -0.0165999 0.998183 -0.0579347 1.71793e-05 0.0579433 0.99832 -0.693186 -0.551178 -1.79355
FixedParameters: 0 0 0

#Transform 159
Transform: AffineTransform_float_3_3
Parameters: 0.999846 0.0173893 -0.00208043 -0.0174817 0.998093 -0.0592007 0.0010466 0.0592273 0.998244 -0.728536 -0.546288 -1.89148
FixedParameters: 0 0 0

#Transform 160
Transform: AffineTransform_float_3_3
Parameters: 0.99984 0.01779 -0.00148458 -0.017848 0.997884 -0.0625315 0.000369412 0.0625486 0.998042 -0.728935 -0.611202 -2.36797
FixedParameters: 0 0 0

#Transform 161
Transform: AffineTransform_float_3_3
Parameters: 0.999865 0.0164293 0.00103932 -0.0163367 0.998025 -0.0606682 -0.00203472 0.0606428 0.998158 -0.651208 -0.542617 -2.41674
FixedParameters: 0 0 0

#Transform 162
Transform: AffineTransform_float_3_3
Parameters: 0.999854 0.0170141 0.00111788 -0.0169129 0.99796 -0.0615608 -0.0021631 0.0615321 0.998102 -0.67733 -0.57261 -2.50915
FixedParameters: 0 0 0

#Transform 163
Transform: AffineTransform_float_3_3
Parameters: 0.99984 0.0178456 0.00117616 -0.0177364 0.997881 -0.0626109 -0.0022908 0.0625802 0.998038 -0.711511 -0.552715 -2.47522
FixedParameters: 0 0 0

#Transform 164
Transform: AffineTransform_float_3_3
Parameters: 0.999843 0.0176749 0.000299082 -0.017621 0.997858 -0.0630021 -0.00141192 0.0629869 0.998014 -0.713343 -0.575495 -2.50036
FixedParameters: 0 0 0

#Transform 165
Transform: AffineTransform_float_3_3
Parameters: 0.999827 0.0186295 -3.63019e-05 -0.0185935 0.997798 -0.0636744 -0.00115028 0.0636646 0.99797 -0.727816 -0.582375 -2.56135
FixedParameters: 0 0 0

#Transform 166
Transform: AffineTransform_float_3_3
Parameters: 0.999806 0.0194233 -0.00308648 -0.0195747 0.997961 -0.0607613 0.00189954 0.0608097 0.998147 -0.777519 -0.526825 -2.51322
FixedParameters: 0 0 0

#Transform 167
Transform: AffineTransform_float_3_3
Parameters: 0.999812 0.0192459 -0.00260941 -0.0193721 0.997831 -0.0629093 0.00139359 0.0629477 0.998016 -0.792231 -0.566587 -2.61671
FixedParameters: 0 0 0

#Transform 168
Transform: AffineTransform_float_3_3
Parameters: 0.999813 0.0192554 -0.00135797 -0.0193026 0.997695 -0.0650639 0.000102061 0.0650781 0.99788 -0.759813 -0.590129 -2.74178
FixedParameters: 0 0 0

#Transform 169
Transform: AffineTransform_float_3_3
Parameters: 0.999824 0.0187564 -0.00126527 -0.0187986 0.997708 -0.0650107 4.37508e-05 0.0650233 0.997884 -0.752455 -0.571021 -2.70793
FixedParameters: 0 0 0

#Transform 170
Transform: AffineTransform_float_3_3
Parameters: 0.999817 0.019126 -0.000473102 -0.019115 0.997596 -0.0666092 -0.000802101 0.0666059 0.997779 -0.741021 -0.598797 -2.95331
FixedParameters: 0 0 0

#Transform 171
Transform: AffineTransform_float_3_3
Parameters: 0.999812 0.0193177 -0.0015854 -0.0193803 0.99768 -0.0652625 0.000320591 0.0652804 0.997867 -0.762366 -0.589722 -2.74989
FixedParameters: 0 0 0

#Transform 172
Transform: AffineTransform_float_3_3
Parameters: 0.999821 0.0188743 -0.0017679 -0.0189507 0.997618 -0.0663174 0.000512057 0.0663386 0.997797 -0.745966 -0.571039 -2.65789
FixedParameters: 0 0 0

#Transform 173
Transform: AffineTransform_float_3_3
Parameters: 0.99981 0.0194829 -0.00122107 -0.0195211 0.997621 -0.0661178 -7.00818e-05 0.0661292 0.997811 -0.756318 -0.561398 -2.71585
FixedParameters: 0 0 0

#Transform 174
Transform: AffineTransform_float_3_3
Parameters: 0.999813 0.0192515 -0.00181203 -0.0193296 0.997649 -0.0657492 0.000542938 0.0657717 0.997834 -0.75836 -0.570291 -2.72052
FixedParameters: 0 0 0

#Transform 175
Transform: AffineTransform_float_3_3
Parameters: 0.99981 0.0194393 -0.000930761 -0.0194577 0.99757 -0.0669006 -0.000371751 0.0669065 0.997759 -0.742957 -0.589105 -2.90121
FixedParameters: 0 0 0

#Transform 176
Transform: AffineTransform_float_3_3
Parameters: 0.999813 0.0192602 -0.00133003 -0.0193058 0.997585 -0.0667087 4.1974e-05 0.0667222 0.997771 -0.750761 -0.583569 -2.95107
FixedParameters: 0 0 0

#Transform 177
Transform: AffineTransform_float_3_3
Parameters: 0.999812 0.0193362 -0.00142018 -0.0193887 0.997532 -0.0674731 0.000111771 0.0674878 0.99772 -0.752367 -0.619642 -2.87947
FixedParameters: 0 0 0

#Transform 178
Transform: AffineTransform_float_3_3
Parameters: 0.999812 0.0193879 -0.000740105 -0.0193931 0.997458 -0.0685595 -0.000591102 0.0685604 0.997647 -0.743686 -0.60429 -3.01101
FixedParameters: 0 0 0

#Transform 179
Transform: AffineTransform_float_3_3
Parameters: 0.999801 0.0199032 -0.000708335 -0.0199058 0.997561 -0.0669042 -0.000625317 0.0669048 0.997759 -0.762744 -0.622109 -3.03161
FixedParameters: 0 0 0

#Transform 180
Transform: AffineTransform_float_3_3
Parameters: 0.999806 0.0196944 -0.00107383 -0.0197227 0.997542 -0.0672369 -0.000252853 0.0672441 0.997737 -0.773522 -0.590772 -2.898
FixedParameters: 0 0 0

#Transform 181
Transform: AffineTransform_float_3_3
Parameters: 0.999792 0.0203678 -0.00103392 -0.0203912 0.997492 -0.06777 -0.000348932 0.067777 0.997701 -0.787753 -0.601153 -2.96763
FixedParameters: 0 0 0

#Transform 182
Transform: AffineTransform_float_3_3
Parameters: 0.999802 0.0198991 -0.00109913 -0.019928 0.99755 -0.0670604 -0.000237142 0.0670696 0.997749 -0.765698 -0.570914 -3.04907
FixedParameters: 0 0 0

#Transform 183
Transform: AffineTransform_float_3_3
Parameters: 0.99979 0.0204354 -0.000973371 -0.0204535 0.997425 -0.0687465 -0.000434351 0.0687525 0.997633 -0.774824 -0.595689 -3.04032
FixedParameters: 0 0 0

#Transform 184
Transform: AffineTransform_float_3_3
Parameters: 0.999792 0.0203952 -0.000437942 -0.0203778 0.997421 -0.0688304 -0.000966987 0.0688246 0.997629 -0.767498 -0.59425 -3.17157
FixedParameters: 0 0 0

#Transform 185
Transform: AffineTransform_float_3_3
Parameters: 0.999784 0.0207554 -0.000893024 -0.0207676 0.997458 -0.0681632 -0.000523993 0.0681668 0.997674 -0.786762 -0.572076 -3.10406
FixedParameters: 0 0 0

#Transform 186
Transform: AffineTransform_float_3_3
Parameters: 0.999777 0.0211129 -0.000415661 -0.0210911 0.997374 -0.0692736 -0.00104767 0.0692673 0.997597 -0.799621 -0.603913 -3.2776
FixedParameters: 0 0 0

#Transform 187
Transform: AffineTransform_float_3_3
Parameters: 0.99978 0.0209216 -0.000857586 -0.0209314 0.997411 -0.0687982 -0.000584611 0.0688009 0.99763 -0.787631 -0.610785 -3.22182
FixedParameters: 0 0 0

#Transform 188
Transform: AffineTransform_float_3_3
Parameters: 0.999777 0.0211076 -0.000747568 -0.0211083 0.997307 -0.0702379 -0.000737595 0.0702381 0.99753 -0.786685 -0.617477 -3.2895
FixedParameters: 0 0 0

#Transform 189
Transform: AffineTransform_float_3_3
Parameters: 0.999777 0.0210839 -0.00122405 -0.0211181 0.997364 -0.0694287 -0.000243069 0.0694394 0.997586 -0.785927 -0.609873 -3.30756
FixedParameters: 0 0 0

#Transform 190
Transform: AffineTransform_float_3_3
Parameters: 0.999753 0.0221539 -0.0013888 -0.0221971 0.99742 -0.0682599 -0.000126814 0.068274 0.997666 -0.810352 -0.603998 -3.3524
FixedParameters: 0 0 0

#Transform 191
Transform: AffineTransform_float_3_3
Parameters: 0.999759 0.021795 -0.00256314 -0.021922 0.997234 -0.0710279 0.00100785 0.0710671 0.997471 -0.862741 -0.638948 -3.33726
FixedParameters: 0 0 0

#Transform 192
Transform: AffineTransform_float_3_3
Parameters: 0.999762 0.021686 -0.00239713 -0.021799 0.997436 -0.0681539 0.000912868 0.06819 0.997672 -0.848505 -0.561219 -2.6859
FixedParameters: 0 0 0

#Transform 193
Transform: AffineTransform_float_3_3
Parameters: 0.999758 0.021931 -0.00184656 -0.022006 0.997413 -0.0684319 0.00034144 0.0684561 0.997654 -0.834248 -0.558517 -2.99883
FixedParameters: 0 0 0

#Transform 194
Transform: AffineTransform_float_3_3
Parameters: 0.999763 0.0217371 -0.0016884 -0.0218019 0.997311 -0.0699658 0.000163607 0.0699862 0.997548 -0.819461 -0.616633 -3.01788
FixedParameters: 0 0 0

#Transform 195
Transform: AffineTransform_float_3_3
Parameters: 0.999754 0.0220249 -0.00232648 -0.022132 0.997452 -0.0678121 0.000826516 0.0678468 0.997696 -0.829837 -0.609998 -3.12342
FixedParameters: 0 0 0

#Transform 196
Transform: AffineTransform_float_3_3
Parameters: 0.99977 0.0213018 -0.00271886 -0.0214352 0.997582 -0.0661109 0.00130413 0.066154 0.997808 -0.826603 -0.604373 -3.00996
FixedParameters: 0 0 0

#Transform 197
Transform: AffineTransform_float_3_3
Parameters: 0.999762 0.0216211 -0.00313962 -0.0217809 0.997591 -0.0658643 0.00170839 0.0659166 0.997823 -0.81905 -0.583084 -2.96692
FixedParameters: 0 0 0

#Transform 198
Transform: AffineTransform_float_3_3
Parameters: 0.99975 0.0221544 -0.00277096 -0.0222856 0.997716 -0.0637632 0.00135207 0.0638089 0.997961 -0.835583 -0.568453 -2.95107
FixedParameters: 0 0 0

#Transform 199
Transform: AffineTransform_float_3_3
Parameters: 0.999792 0.0199527 -0.00409645 -0.0201723 0.99777 -0.0636165 0.0028186 0.0636854 0.997966 -0.793209 -0.553207 -2.9353
FixedParameters: 0 0 0

#Transform 200
Transform: AffineTransform_float_3_3
Parameters: 0.999805 0.019367 -0.00402333 -0.019571 0.998061 -0.0590969 0.00287067 0.0591642 0.998244 -0.790703 -0.578107 -2.18807
FixedParameters: 0 0 0

#Transform 201
Transform: AffineTransform_float_3_3
Parameters: 0.999779 0.0206897 -0.00366882 -0.0208762 0.997895 -0.061388 0.00239017 0.061451 0.998107 -0.834111 -0.54612 -2.34411
FixedParameters: 0 0 0

#Transform 202
Transform: AffineTransform_float_3_3
Parameters: 0.999787 0.0203605 -0.00339652 -0.0205245 0.998059 -0.0587868 0.00219251 0.0588441 0.998265 -0.803381 -0.490507 -2.24285
FixedParameters: 0 0 0

#Transform 203
Transform: AffineTransform_float_3_3
Parameters: 0.999779 0.020849 -0.00278073 -0.020979 0.997951 -0.060436 0.00151527 0.060481 0.998168 -0.815976 -0.540392 -2.40234
FixedParameters: 0 0 0

#Transform 204
Transform: AffineTransform_float_3_3
Parameters: 0.999791 0.0203771 -0.00194605 -0.0204569 0.997999 -0.0598297 0.00072295 0.0598573 0.998206 -0.770866 -0.531528 -2.27366
FixedParameters: 0 0 0

#Transform 205
Transform: AffineTransform_float_3_3
Parameters: 0.999791 0.0203987 -0.00120038 -0.0204343 0.998156 -0.0571684 3.25937e-05 0.0571816 0.998364 -0.775361 -0.478661 -2.2098
FixedParameters: 0 0 0

#Transform 206
Transform: AffineTransform_float_3_3
Parameters: 0.999752 0.0222995 0.000317129 -0.0222455 0.998156 -0.0564791 -0.00157584 0.0564579 0.998403 -0.801832 -0.475281 -2.3288
FixedParameters: 0 0 0

#Transform 207
Transform: AffineTransform_float_3_3
Parameters: 0.999751 0.0222644 0.00101054 -0.0221727 0.998163 -0.0563824 -0.00226349 0.0563456 0.998408 -0.788116 -0.477088 -2.3507
FixedParameters: 0 0 0

#Transform 208
Transform: AffineTransform_float_3_3
Parameters: 0.999758 0.0219815 0.00097102 -0.0218925 0.998199 -0.0558528 -0.00219696 0.0558182 0.998439 -0.805994 -0.477352 -2.29914
FixedParameters: 0 0 0

#Transform 209
Transform: AffineTransform_float_3_3
Parameters: 0.999758 0.0219527 0.0014963 -0.0218303 0.998098 -0.0576486 -0.00275872 0.0576024 0.998336 -0.771261 -0.508647 -2.458
FixedParameters: 0 0 0

#Transform 210
Transform: AffineTransform_float_3_3
Parameters: 0.999753 0.0221758 0.00132169 -0.0220642 0.99812 -0.0571702 -0.00258734 0.0571277 0.998363 -0.787577 -0.481794 -2.43776
FixedParameters: 0 0 0

#Transform 211
Transform: AffineTransform_float_3_3
Parameters: 0.999758 0.0219154 0.00198472 -0.0217616 0.998052 -0.0584583 -0.00326126 0.0584016 0.998288 -0.776099 -0.501694 -2.56327
FixedParameters: 0 0 0

#Transform 212
Transform: AffineTransform_float_3_3
Parameters: 0.999762 0.0217328 0.00225143 -0.0215632 0.99804 -0.0587586 -0.00352459 0.0586964 0.998269 -0.770477 -0.506317 -2.63466
FixedParameters: 0 0 0

#Transform 213
Transform: AffineTransform_float_3_3
Parameters: 0.999755 0.0220511 0.00197772 -0.0218979 0.998052 -0.0584157 -0.00326226 0.0583574 0.998291 -0.774237 -0.507227 -2.5443
FixedParameters: 0 0 0

#Transform 214
Transform: AffineTransform_float_3_3
Parameters: 0.999759 0.0218832 0.00177219 -0.0217358 0.997933 -0.0604791 -0.0030918 0.0604259 0.998168 -0.771227 -0.543541 -2.73318
FixedParameters: 0 0 0

#Transform 215
Transform: AffineTransform_float_3_3
Parameters: 0.999754 0.0221647 0.000724177 -0.0220813 0.997945 -0.0601548 -0.00205585 0.0601242 0.998189 -0.772168 -0.521519 -2.60843
FixedParameters: 0 0 0

#Transform 216
Transform: AffineTransform_float_3_3
Parameters: 0.999745 0.022572 0.000939669 -0.02248 0.998077 -0.0577769 -0.00224233 0.0577411 0.998329 -0.773939 -0.553942 -2.41781
FixedParameters: 0 0 0

#Transform 217
Transform: AffineTransform_float_3_3
Parameters: 0.999738 0.0224419 0.0044791 -0.0221471 0.998094 -0.0575903 -0.0057629 0.0574757 0.998331 -0.742855 -0.590998 -2.74783
FixedParameters: 0 0 0

#Transform 218
Transform: AffineTransform_float_3_3
Parameters: 0.999755 0.0202148 0.00909018 -0.0196273 0.997965 -0.0606643 -0.0102978 0.0604707 0.998117 -0.867154 -0.579916 -3.11489
FixedParameters: 0 0 0

#Transform 219
Transform: AffineTransform_float_3_3
Parameters: 0.99975 0.0212299 0.00699919 -0.0207771 0.998016 -0.0594303 -0.00824682 0.0592697 0.998208 -0.94634 -0.576597 -2.71672
FixedParameters: 0 0 0

#Transform 220
Transform: AffineTransform_float_3_3
Parameters: 0.999773 0.02041 0.00620404 -0.01999 0.997904 -0.061537 -0.00744698 0.061399 0.998086 -0.82463 -0.596681 -2.77112
FixedParameters: 0 0 0

#Transform 221
Transform: AffineTransform_float_3_3
Parameters: 0.999779 0.0200149 0.0065291 -0.0195691 0.99786 -0.0623976 -0.0077639 0.0622554 0.99803 -0.781433 -0.60184 -2.80962
FixedParameters: 0 0 0

#Transform 222
Transform: AffineTransform_float_3_3
Parameters: 0.999762 0.0213589 0.0044943 -0.021051 0.997975 -0.0600119 -0.00576769 0.059903 0.998187 -0.802496 -0.599845 -2.82517
FixedParameters: 0 0 0

#Transform 223
Transform: AffineTransform_float_3_3
Parameters: 0.999767 0.0215378 0.000976073 -0.0214262 0.997578 -0.0661763 -0.00239893 0.0661397 0.997807 -0.884258 -0.654484 -3.02358
FixedParameters: 0 0 0

#Transform 224
Transform: AffineTransform_float_3_3
Parameters: 0.999729 0.0231605 0.00230072 -0.0229566 0.997535 -0.0663178 -0.00383025 0.0662473 0.997796 -0.903186 -0.640202 -2.96431
FixedParameters: 0 0 0

#Transform 225
Transform: AffineTransform_float_3_3
Parameters: 0.999739 0.0228186 0.00014809 -0.0227504 0.997198 -0.071272 -0.00177394 0.0712501 0.997457 -0.936212 -0.715853 -3.42117
FixedParameters: 0 0 0

#Transform 226
Transform: AffineTransform_float_3_3
Parameters: 0.9997 0.0245052 0.000683204 -0.0243898 0.997034 -0.0729976 -0.00246979 0.0729594 0.997332 -0.894925 -0.635344 -3.64567
FixedParameters: 0 0 0

#Transform 227
Transform: AffineTransform_float_3_3
Parameters: 0.999679 0.0253574 0.000228441 -0.0252706 0.996938 -0.0739925 -0.00210354 0.0739634 0.997259 -0.905504 -0.672485 -3.6975
FixedParameters: 0 0 0

#Transform 228
Transform: AffineTransform_float_3_3
Parameters: 0.999695 0.0245011 0.00305849 -0.0242109 0.997014 -0.0733294 -0.0048465 0.0732326 0.997303 -0.864283 -0.706996 -3.74842
FixedParameters: 0 0 0

#Transform 229
Transform: AffineTransform_float_3_3
Parameters: 0.999673 0.0253449 0.00346565 -0.025024 0.99701 -0.0730996 -0.00530835 0.0729893 0.997318 -0.852085 -0.692101 -3.86777
FixedParameters: 0 0 0

#Transform 230
Transform: AffineTransform_float_3_3
Parameters: 0.999676 0.0252462 0.00308688 -0.0249528 0.99701 -0.0731337 -0.00492411 0.0730333 0.997318 -0.871614 -0.717699 -3.78154
FixedParameters: 0 0 0

#Transform 231
Transform: AffineTransform_float_3_3
Parameters: 0.999684 0.0249106 0.00317242 -0.0246074 0.996958 -0.0739534 -0.00500454 0.0738526 0.997256 -0.869676 -0.714217 -3.96007
FixedParameters: 0 0 0

#Transform 232
Transform: AffineTransform_float_3_3
Parameters: 0.999679 0.02507 0.00371497 -0.024729 0.996984 -0.0735635 -0.00554804 0.0734485 0.997283 -0.850336 -0.710185 -3.87247
FixedParameters: 0 0 0

#Transform 233
Transform: AffineTransform_float_3_3
Parameters: 0.999671 0.0252999 0.00426371 -0.0249161 0.996956 -0.0738846 -0.00612031 0.0737544 0.997257 -0.854626 -0.698721 -3.83172
FixedParameters: 0 0 0

#Transform 234
Transform: AffineTransform_float_3_3
Parameters: 0.99966 0.0256178 0.00471414 -0.0251952 0.996894 -0.0746161 -0.00661187 0.0744719 0.997201 -0.873543 -0.659305 -3.85551
FixedParameters: 0 0 0

#Transform 235
Transform: AffineTransform_float_3_3
Parameters: 0.999669 0.0253978 0.00427475 -0.0250082 0.996895 -0.0746727 -0.00615827 0.0745413 0.997199 -0.87698 -0.669849 -3.88562
FixedParameters: 0 0 0

#Transform 236
Transform: AffineTransform_float_3_3
Parameters: 0.999673 0.0251973 0.00425156 -0.0248117 0.996926 -0.0743138 -0.00611039 0.0741833 0.997226 -0.873296 -0.66139 -3.92499
FixedParameters: 0 0 0

#Transform 237
Transform: AffineTransform_float_3_3
Parameters: 0.999676 0.0252462 0.00327259 -0.0249438 0.997074 -0.0722481 -0.0050864 0.072143 0.997382 -0.8892 -0.682324 -3.77172
FixedParameters: 0 0 0

#Transform 238
Transform: AffineTransform_float_3_3
Parameters: 0.999654 0.0260784 0.00344324 -0.0257587 0.997004 -0.0729369 -0.00533481 0.072823 0.99733 -0.920418 -0.661661 -3.8609
FixedParameters: 0 0 0

#Transform 239
Transform: AffineTransform_float_3_3
Parameters: 0.999644 0.0262794 0.00449249 -0.0258826 0.997011 -0.0727922 -0.00639247 0.0726499 0.997337 -0.921874 -0.660006 -3.87312
FixedParameters: 0 0 0
