#!ascii label  , from subject sub-v1s16x0051196_ses-1 vox2ras=TkReg
981
77110  -34.754  34.093  27.890 0.0000000000
87830  -33.049  53.820  25.056 0.0000000000
81717  -39.605  43.134  37.134 0.0000000000
83753  -43.440  46.725  28.852 0.0000000000
89117  -38.078  57.485  25.559 0.0000000000
86003  -38.724  50.887  28.466 0.0000000000
86046  -42.101  50.395  23.106 0.0000000000
83225  -37.176  45.947  26.893 0.0000000000
77631  -41.157  34.830  37.297 0.0000000000
77035  -35.555  33.552  32.634 0.0000000000
109166  -28.044  55.546  20.154 0.0000000000
89180  -33.228  58.074  19.523 0.0000000000
90512  -38.464  61.629  18.840 0.0000000000
80501  -35.222  39.823  30.503 0.0000000000
84322  -34.839  47.820  28.734 0.0000000000
83158  -40.322  44.841  31.712 0.0000000000
80520  -40.123  39.812  27.867 0.0000000000
80974  -39.908  40.573  25.633 0.0000000000
101943  -34.901  40.819  27.123 0.0000000000
78387  -36.316  35.282  26.257 0.0000000000
89128  -40.739  58.292  24.105 0.0000000000
87850  -40.839  54.508  24.368 0.0000000000
87427  -40.914  53.386  23.184 0.0000000000
86064  -39.138  49.569  22.360 0.0000000000
77007  -38.891  33.152  34.955 0.0000000000
76312  -35.984  32.718  34.455 0.0000000000
88295  -25.578  55.000  21.406 0.0000000000
90042  -34.854  59.796  19.118 0.0000000000
109086  -32.718  38.533  31.762 0.0000000000
81332  -36.412  41.150  33.435 0.0000000000
87400  -30.751  53.185  25.832 0.0000000000
107810  -33.448  52.365  28.172 0.0000000000
85490  -41.860  49.252  28.972 0.0000000000
104908  -40.149  47.606  30.167 0.0000000000
83162  -44.289  45.980  32.569 0.0000000000
81775  -41.081  42.579  29.598 0.0000000000
81777  -43.104  42.604  28.047 0.0000000000
80976  -42.378  40.375  25.530 0.0000000000
82244  -41.481  43.397  27.338 0.0000000000
82240  -35.896  43.572  27.229 0.0000000000
112782  -35.702  55.499  24.570 0.0000000000
87360  -36.019  54.247  28.671 0.0000000000
87821  -37.359  54.761  26.772 0.0000000000
86491  -39.387  51.342  26.066 0.0000000000
101194  -40.922  48.541  26.697 0.0000000000
83768  -39.783  46.511  27.291 0.0000000000
84941  -39.623  48.486  24.910 0.0000000000
110420  -36.049  47.247  23.938 0.0000000000
77657  -40.613  34.680  34.166 0.0000000000
102834  -38.094  33.883  32.381 0.0000000000
77072  -34.626  33.412  30.362 0.0000000000
87382  -25.604  53.113  26.012 0.0000000000
87421  -28.294  53.549  23.576 0.0000000000
87868  -30.664  54.302  22.455 0.0000000000
88302  -33.118  55.701  21.899 0.0000000000
89148  -35.457  57.722  21.661 0.0000000000
90004  -37.829  59.293  22.060 0.0000000000
95742  -40.808  60.312  22.065 0.0000000000
90051  -41.158  60.250  18.809 0.0000000000
77680  -32.673  34.709  32.258 0.0000000000
78350  -33.134  35.366  30.412 0.0000000000
78940  -34.432  36.458  28.596 0.0000000000
83155  -36.038  44.901  31.129 0.0000000000
85485  -36.492  49.666  28.221 0.0000000000
83730  -37.872  45.977  29.907 0.0000000000
82189  -39.043  43.465  33.099 0.0000000000
81754  -38.072  42.223  31.059 0.0000000000
80509  -37.199  40.041  29.233 0.0000000000
79497  -36.653  37.252  27.519 0.0000000000
79510  -38.854  37.525  25.814 0.0000000000
80068  -40.375  39.100  23.771 0.0000000000
80066  -37.896  38.547  23.848 0.0000000000
101952  -38.105  43.866  27.247 0.0000000000
81389  -37.105  41.043  26.906 0.0000000000
80053  -35.374  38.480  25.380 0.0000000000
103829  -35.612  32.412  29.242 0.0000000000
76390  -35.503  32.439  28.348 0.0000000000
77756  -35.300  34.359  27.150 0.0000000000
88709  -40.238  56.992  23.648 0.0000000000
88710  -41.527  56.218  23.855 0.0000000000
87861  -39.453  54.632  23.326 0.0000000000
86945  -38.586  52.738  23.114 0.0000000000
81320  -39.933  41.744  36.771 0.0000000000
87402  -32.332  53.551  25.629 0.0000000000
114446  -44.127  48.369  28.662 0.0000000000
84892  -44.265  48.515  30.527 0.0000000000
83746  -44.988  46.768  30.227 0.0000000000
82677  -43.794  44.638  29.676 0.0000000000
82692  -43.716  44.634  29.241 0.0000000000
81801  -43.220  42.197  27.041 0.0000000000
82713  -42.308  44.318  28.048 0.0000000000
88694  -37.038  57.001  25.152 0.0000000000
88240  -36.735  55.507  27.533 0.0000000000
88249  -38.040  56.497  26.150 0.0000000000
86938  -40.667  52.263  23.989 0.0000000000
100101  -39.655  51.977  24.981 0.0000000000
86493  -40.178  51.163  24.633 0.0000000000
86012  -40.616  49.605  26.425 0.0000000000
85506  -41.506  48.980  24.639 0.0000000000
84927  -40.249  48.500  25.819 0.0000000000
84957  -41.972  48.609  23.301 0.0000000000
84971  -38.234  48.164  22.760 0.0000000000
76326  -36.877  33.244  33.672 0.0000000000
77019  -38.364  33.814  33.401 0.0000000000
77036  -36.444  33.583  32.419 0.0000000000
77057  -36.378  33.287  31.552 0.0000000000
77055  -34.769  33.633  31.289 0.0000000000
88308  -26.418  55.554  20.291 0.0000000000
87432  -26.780  53.741  22.962 0.0000000000
87865  -27.965  54.070  22.241 0.0000000000
87435  -29.243  53.645  23.089 0.0000000000
87882  -29.376  54.566  21.678 0.0000000000
89178  -31.624  57.420  19.204 0.0000000000
88735  -32.150  56.207  20.954 0.0000000000
88749  -32.962  56.744  20.631 0.0000000000
88737  -34.353  56.821  21.795 0.0000000000
89162  -34.316  57.873  20.703 0.0000000000
90043  -36.485  60.637  19.383 0.0000000000
96405  -36.647  60.364  20.183 0.0000000000
90033  -38.094  60.611  20.656 0.0000000000
95739  -39.783  60.655  22.283 0.0000000000
109585  -40.091  61.244  20.898 0.0000000000
96263  -41.065  60.461  19.813 0.0000000000
90527  -40.442  61.150  18.619 0.0000000000
78875  -30.812  36.321  34.502 0.0000000000
77004  -30.477  33.822  34.664 0.0000000000
77662  -31.213  34.985  33.847 0.0000000000
77014  -32.651  33.546  33.298 0.0000000000
78891  -31.819  36.433  33.018 0.0000000000
80499  -33.692  39.161  30.861 0.0000000000
79460  -32.675  37.375  30.896 0.0000000000
79474  -33.812  38.131  29.886 0.0000000000
78931  -33.971  36.835  29.186 0.0000000000
107565  -34.451  38.145  29.432 0.0000000000
84311  -33.625  47.040  29.318 0.0000000000
83166  -34.590  45.514  30.985 0.0000000000
83740  -35.085  46.582  29.624 0.0000000000
86475  -37.531  52.407  28.196 0.0000000000
106757  -36.321  51.693  28.080 0.0000000000
99630  -38.298  50.563  28.481 0.0000000000
83732  -40.988  45.870  31.288 0.0000000000
83744  -39.243  47.198  29.935 0.0000000000
83171  -39.685  45.465  31.107 0.0000000000
83156  -38.113  44.617  31.244 0.0000000000
82192  -39.246  43.732  32.380 0.0000000000
81741  -39.092  42.890  32.843 0.0000000000
81744  -39.293  43.385  31.870 0.0000000000
81373  -40.462  41.186  28.837 0.0000000000
99061  -38.682  40.636  29.304 0.0000000000
80951  -39.352  40.174  28.634 0.0000000000
99739  -37.356  38.620  28.213 0.0000000000
80020  -38.323  38.800  27.858 0.0000000000
79499  -38.350  37.849  26.750 0.0000000000
80032  -40.184  38.482  26.571 0.0000000000
80975  -41.616  40.394  25.316 0.0000000000
80056  -41.067  39.098  23.877 0.0000000000
80545  -40.266  39.453  24.277 0.0000000000
102970  -39.168  38.658  23.643 0.0000000000
102553  -39.001  39.515  24.744 0.0000000000
83767  -38.912  46.312  27.118 0.0000000000
103103  -39.348  44.844  27.503 0.0000000000
100847  -37.751  45.356  27.282 0.0000000000
81381  -35.176  41.460  27.191 0.0000000000
81382  -36.653  41.778  27.243 0.0000000000
80960  -35.644  40.861  26.942 0.0000000000
80539  -35.860  39.112  25.820 0.0000000000
100134  -35.113  39.514  26.500 0.0000000000
80052  -34.455  38.335  25.501 0.0000000000
77074  -38.847  33.271  31.114 0.0000000000
77767  -36.402  35.026  25.750 0.0000000000
89118  -39.731  58.795  24.916 0.0000000000
88250  -39.393  56.401  25.427 0.0000000000
88251  -40.910  56.315  24.578 0.0000000000
87416  -41.270  54.013  23.841 0.0000000000
86939  -40.899  52.382  23.294 0.0000000000
116741  -41.567  49.897  22.260 0.0000000000
86501  -39.575  50.848  22.466 0.0000000000
76997  -39.594  33.516  35.553 0.0000000000
76996  -38.947  32.892  36.154 0.0000000000
77016  -35.563  33.334  33.271 0.0000000000
89174  -26.044  56.934  19.105 0.0000000000
89588  -33.828  58.833  19.343 0.0000000000
90061  -37.263  60.381  17.540 0.0000000000
90062  -38.597  60.496  17.337 0.0000000000
79435  -32.169  37.979  33.222 0.0000000000
112886  -34.673  40.527  32.972 0.0000000000
81336  -35.912  41.323  32.122 0.0000000000
107198  -33.644  50.274  27.960 0.0000000000
85488  -40.185  49.860  29.090 0.0000000000
85474  -39.113  49.631  29.067 0.0000000000
84902  -41.603  49.277  30.034 0.0000000000
83733  -41.980  46.887  31.368 0.0000000000
83160  -42.775  45.608  31.999 0.0000000000
82200  -40.710  43.911  30.805 0.0000000000
112088  -41.896  44.129  30.439 0.0000000000
81776  -42.392  42.524  28.743 0.0000000000
81375  -42.815  41.434  27.573 0.0000000000
80962  -41.708  39.742  26.934 0.0000000000
80953  -43.119  41.395  26.695 0.0000000000
81807  -42.271  41.837  26.314 0.0000000000
81806  -40.732  41.842  26.359 0.0000000000
82709  -36.562  44.234  27.228 0.0000000000
82177  -35.916  43.205  34.594 0.0000000000
87832  -34.635  54.499  25.056 0.0000000000
87808  -34.300  54.212  27.804 0.0000000000
87819  -35.830  55.164  27.524 0.0000000000
87811  -36.816  54.777  28.629 0.0000000000
86924  -37.831  52.525  27.962 0.0000000000
87834  -38.510  54.443  25.713 0.0000000000
108406  -38.065  52.818  26.840 0.0000000000
86489  -39.145  51.228  27.589 0.0000000000
86009  -40.563  49.968  28.068 0.0000000000
85492  -41.846  48.913  28.036 0.0000000000
106193  -42.567  48.166  27.903 0.0000000000
83770  -41.555  46.547  27.918 0.0000000000
84334  -40.878  47.773  27.127 0.0000000000
100426  -38.849  47.441  26.419 0.0000000000
84349  -38.022  47.373  26.079 0.0000000000
84982  -39.604  48.348  22.551 0.0000000000
84378  -38.289  47.865  23.545 0.0000000000
77008  -39.553  33.808  34.659 0.0000000000
77665  -38.910  34.377  33.098 0.0000000000
77039  -38.872  34.289  32.415 0.0000000000
76351  -37.157  33.145  31.348 0.0000000000
76359  -36.554  32.731  30.785 0.0000000000
77085  -34.565  33.334  29.553 0.0000000000
86930  -27.094  52.797  26.744 0.0000000000
87398  -26.981  53.206  25.149 0.0000000000
106389  -28.224  53.176  26.118 0.0000000000
87399  -29.910  53.065  25.487 0.0000000000
96868  -30.837  53.326  24.913 0.0000000000
87846  -32.048  54.030  23.917 0.0000000000
88747  -29.185  55.994  19.917 0.0000000000
88299  -30.767  55.186  21.197 0.0000000000
88284  -31.927  55.090  22.092 0.0000000000
87858  -33.413  54.503  23.629 0.0000000000
88275  -34.629  55.351  23.433 0.0000000000
88707  -35.834  56.357  23.451 0.0000000000
89125  -37.029  57.786  23.590 0.0000000000
89581  -34.885  58.754  20.260 0.0000000000
89566  -36.188  58.185  22.029 0.0000000000
89556  -37.693  58.554  23.146 0.0000000000
89558  -39.905  60.014  23.833 0.0000000000
89570  -40.517  60.003  22.981 0.0000000000
95912  -39.789  59.044  21.711 0.0000000000
89592  -40.480  59.209  19.421 0.0000000000
98563  -39.863  59.869  17.228 0.0000000000
77015  -33.545  33.463  33.032 0.0000000000
77033  -33.880  33.810  32.365 0.0000000000
78892  -32.233  36.371  32.040 0.0000000000
77701  -32.917  34.867  31.537 0.0000000000
77702  -33.472  34.430  31.165 0.0000000000
77719  -33.534  34.577  30.248 0.0000000000
77745  -33.828  35.231  29.035 0.0000000000
78379  -34.632  35.662  28.124 0.0000000000
82182  -37.373  43.293  33.509 0.0000000000
108864  -34.521  53.616  28.346 0.0000000000
106758  -35.431  51.036  27.846 0.0000000000
116075  -35.604  49.195  28.178 0.0000000000
108691  -38.829  48.652  29.228 0.0000000000
84325  -37.196  48.116  28.720 0.0000000000
84314  -36.275  47.378  28.966 0.0000000000
83168  -36.361  45.416  30.451 0.0000000000
82653  -37.527  44.010  32.351 0.0000000000
81734  -40.124  43.576  34.928 0.0000000000
81329  -38.537  41.921  33.725 0.0000000000
81333  -36.951  41.611  32.466 0.0000000000
80933  -36.352  40.788  30.400 0.0000000000
81773  -39.183  42.136  30.135 0.0000000000
81362  -38.019  41.213  29.793 0.0000000000
80508  -36.277  39.700  29.459 0.0000000000
80018  -35.304  38.129  28.778 0.0000000000
79489  -36.015  37.685  28.054 0.0000000000
112644  -35.222  35.700  27.614 0.0000000000
78949  -36.387  36.633  27.250 0.0000000000
78958  -37.533  36.453  26.020 0.0000000000
78959  -38.502  36.886  25.406 0.0000000000
80033  -41.095  38.629  25.659 0.0000000000
79511  -39.924  37.745  25.014 0.0000000000
78975  -38.638  36.712  23.973 0.0000000000
79539  -38.992  37.963  23.401 0.0000000000
80078  -38.203  37.940  22.805 0.0000000000
106562  -40.122  45.082  27.623 0.0000000000
114365  -39.728  43.059  27.017 0.0000000000
108663  -38.801  42.372  26.805 0.0000000000
82241  -36.758  43.315  27.293 0.0000000000
81383  -37.572  41.747  27.085 0.0000000000
81390  -38.017  41.102  26.593 0.0000000000
80541  -37.809  39.640  25.358 0.0000000000
80065  -36.727  38.514  24.491 0.0000000000
76373  -34.917  32.922  28.981 0.0000000000
77098  -34.929  33.208  28.107 0.0000000000
88726  -38.948  56.756  22.740 0.0000000000
88291  -39.101  55.991  23.190 0.0000000000
80899  -37.803  40.887  36.554 0.0000000000
81307  -39.654  42.121  37.480 0.0000000000
102222  -32.674  53.500  26.551 0.0000000000
87403  -33.228  53.657  26.100 0.0000000000
105062  -43.804  47.904  28.463 0.0000000000
83745  -44.427  47.607  29.263 0.0000000000
83177  -44.348  46.168  29.536 0.0000000000
82693  -44.285  45.114  29.642 0.0000000000
83190  -43.719  45.368  29.052 0.0000000000
82691  -42.879  44.844  28.588 0.0000000000
83189  -42.531  46.043  28.466 0.0000000000
112489  -37.418  56.752  26.053 0.0000000000
88685  -38.150  57.105  25.994 0.0000000000
86494  -40.903  51.250  23.425 0.0000000000
86023  -41.416  50.102  24.201 0.0000000000
86015  -41.074  49.305  25.152 0.0000000000
86024  -42.145  49.226  24.186 0.0000000000
85521  -42.513  49.014  23.633 0.0000000000
85522  -42.859  49.163  23.044 0.0000000000
77639  -40.629  34.293  36.734 0.0000000000
77017  -36.263  33.517  33.140 0.0000000000
96459  -37.038  33.650  33.049 0.0000000000
77056  -35.593  33.528  31.848 0.0000000000
88309  -27.354  55.465  20.254 0.0000000000
87880  -27.344  54.446  21.568 0.0000000000
87891  -27.955  55.009  20.788 0.0000000000
87881  -28.412  54.509  21.590 0.0000000000
88297  -28.979  55.009  20.994 0.0000000000
89198  -32.086  57.985  18.722 0.0000000000
89197  -31.237  57.889  18.606 0.0000000000
89179  -32.413  57.635  19.355 0.0000000000
97512  -32.283  56.761  20.361 0.0000000000
89160  -32.732  57.290  20.019 0.0000000000
89161  -33.491  57.539  20.337 0.0000000000
90501  -37.569  61.259  19.123 0.0000000000
90487  -37.833  61.226  19.782 0.0000000000
90502  -38.857  61.865  19.567 0.0000000000
90488  -39.197  61.617  20.349 0.0000000000
90503  -39.869  61.848  20.012 0.0000000000
90513  -39.657  61.919  19.194 0.0000000000
79427  -30.837  37.109  34.978 0.0000000000
78299  -30.555  35.251  34.420 0.0000000000
78300  -31.157  35.693  33.985 0.0000000000
78308  -31.639  35.570  33.331 0.0000000000
80500  -34.478  39.496  30.689 0.0000000000
80000  -33.455  38.449  30.455 0.0000000000
80001  -34.262  38.801  30.109 0.0000000000
80506  -34.928  39.271  30.118 0.0000000000
103269  -34.362  48.486  28.362 0.0000000000
84321  -33.965  47.721  28.777 0.0000000000
84312  -34.505  47.123  29.204 0.0000000000
84313  -35.375  47.239  29.097 0.0000000000
86476  -38.172  51.527  28.277 0.0000000000
86002  -38.033  51.380  28.327 0.0000000000
83157  -39.281  44.628  31.646 0.0000000000
82661  -39.666  44.191  31.839 0.0000000000
82193  -39.729  43.968  31.899 0.0000000000
101451  -40.706  40.473  28.183 0.0000000000
80519  -39.007  39.439  28.133 0.0000000000
80021  -39.257  38.863  27.427 0.0000000000
80528  -40.241  39.191  27.286 0.0000000000
80985  -40.753  39.794  24.953 0.0000000000
80984  -39.405  40.005  25.294 0.0000000000
83766  -38.040  46.163  27.009 0.0000000000
80970  -35.217  40.250  26.845 0.0000000000
80959  -34.608  40.065  27.018 0.0000000000
80538  -34.294  39.242  26.693 0.0000000000
76360  -37.437  32.604  30.665 0.0000000000
77766  -35.847  34.524  26.305 0.0000000000
89119  -40.447  58.558  24.521 0.0000000000
89111  -40.602  57.984  24.788 0.0000000000
89120  -40.798  57.801  24.273 0.0000000000
106116  -41.065  54.352  23.435 0.0000000000
87851  -41.294  54.801  23.663 0.0000000000
87428  -41.139  53.877  23.560 0.0000000000
104160  -40.950  53.220  23.284 0.0000000000
86947  -40.836  52.802  23.133 0.0000000000
86502  -40.603  51.872  22.890 0.0000000000
86946  -40.220  52.740  22.965 0.0000000000
76985  -38.619  33.253  37.202 0.0000000000
76325  -36.187  33.122  33.755 0.0000000000
76324  -35.590  32.945  33.810 0.0000000000
88757  -25.517  56.550  19.657 0.0000000000
90060  -36.222  60.366  17.901 0.0000000000
104118  -35.924  59.108  16.037 0.0000000000
81323  -36.574  40.537  34.768 0.0000000000
80908  -35.637  40.439  34.396 0.0000000000
80912  -35.309  40.897  33.136 0.0000000000
96509  -35.049  40.721  32.137 0.0000000000
87385  -30.356  53.030  26.547 0.0000000000
86474  -34.311  51.457  27.921 0.0000000000
85476  -40.987  49.373  29.513 0.0000000000
85477  -41.924  49.307  29.794 0.0000000000
84295  -44.318  47.011  32.290 0.0000000000
84304  -42.901  47.631  31.547 0.0000000000
84294  -43.683  46.889  32.489 0.0000000000
83718  -42.333  45.881  31.980 0.0000000000
83719  -43.363  46.153  32.601 0.0000000000
82669  -42.287  44.898  31.294 0.0000000000
82664  -43.043  45.449  32.014 0.0000000000
102343  -43.119  43.775  28.651 0.0000000000
82213  -43.017  43.658  29.171 0.0000000000
81366  -42.280  41.737  28.342 0.0000000000
81790  -43.208  41.987  27.740 0.0000000000
81791  -43.289  41.942  27.322 0.0000000000
82245  -42.576  42.970  27.453 0.0000000000
81395  -43.122  41.838  26.576 0.0000000000
81800  -42.163  42.604  26.893 0.0000000000
81799  -40.805  42.557  26.718 0.0000000000
88246  -35.521  55.104  25.259 0.0000000000
87833  -35.312  54.745  26.221 0.0000000000
88247  -36.118  55.321  26.289 0.0000000000
88241  -37.045  55.481  27.039 0.0000000000
88233  -36.584  55.200  28.215 0.0000000000
87820  -37.030  54.807  28.046 0.0000000000
87372  -37.040  54.268  28.478 0.0000000000
87373  -37.383  53.443  27.755 0.0000000000
106126  -40.424  55.390  24.911 0.0000000000
101455  -39.150  55.284  25.407 0.0000000000
87835  -39.746  54.656  25.089 0.0000000000
86932  -38.902  52.352  25.828 0.0000000000
86488  -38.503  51.927  27.106 0.0000000000
86008  -39.822  50.529  28.105 0.0000000000
86011  -39.878  50.517  26.878 0.0000000000
85495  -40.950  48.826  26.052 0.0000000000
107132  -41.101  49.186  27.346 0.0000000000
84917  -41.502  48.489  27.350 0.0000000000
84918  -42.248  48.345  27.920 0.0000000000
98239  -41.734  48.185  27.387 0.0000000000
97691  -41.703  47.617  27.604 0.0000000000
84351  -40.959  48.445  26.705 0.0000000000
84363  -38.994  47.907  25.797 0.0000000000
86065  -40.412  49.799  22.186 0.0000000000
84983  -40.876  48.525  22.300 0.0000000000
85546  -40.028  48.756  22.153 0.0000000000
84387  -36.658  47.559  23.468 0.0000000000
84388  -37.698  47.846  23.092 0.0000000000
77038  -37.804  33.827  32.963 0.0000000000
115454  -38.407  34.066  32.837 0.0000000000
77059  -38.449  33.792  31.776 0.0000000000
77058  -37.650  33.627  31.830 0.0000000000
77073  -35.561  33.097  30.863 0.0000000000
76374  -35.145  32.860  29.862 0.0000000000
86928  -25.154  52.721  26.589 0.0000000000
86929  -26.120  52.677  26.618 0.0000000000
86917  -26.619  52.324  27.298 0.0000000000
87383  -26.543  53.058  26.004 0.0000000000
88282  -24.651  55.461  22.293 0.0000000000
87864  -25.497  54.448  22.621 0.0000000000
87433  -27.645  53.716  22.891 0.0000000000
87419  -26.508  53.590  23.747 0.0000000000
87409  -27.781  53.446  24.304 0.0000000000
116927  -27.464  53.340  24.733 0.0000000000
96852  -28.041  53.300  25.166 0.0000000000
98818  -28.903  53.167  25.760 0.0000000000
87411  -29.078  53.219  24.832 0.0000000000
87436  -30.224  53.734  23.067 0.0000000000
103157  -29.868  53.394  23.637 0.0000000000
87423  -30.691  53.514  23.845 0.0000000000
87413  -31.486  53.629  24.312 0.0000000000
87424  -31.419  53.878  23.685 0.0000000000
88312  -30.379  55.605  20.580 0.0000000000
88301  -32.441  55.632  21.633 0.0000000000
88300  -31.614  55.445  21.395 0.0000000000
88285  -32.718  55.233  22.274 0.0000000000
87871  -33.051  54.893  22.930 0.0000000000
88274  -33.884  55.026  23.119 0.0000000000
88287  -34.248  55.693  22.684 0.0000000000
89134  -34.976  57.132  22.100 0.0000000000
88722  -34.634  56.390  22.342 0.0000000000
88723  -35.417  56.680  22.678 0.0000000000
89124  -36.169  57.147  23.095 0.0000000000
89135  -35.791  57.401  22.339 0.0000000000
89590  -35.408  59.922  19.744 0.0000000000
90032  -37.046  59.786  20.930 0.0000000000
90019  -36.755  59.085  21.617 0.0000000000
89567  -37.133  58.679  22.371 0.0000000000
89568  -38.380  59.322  22.737 0.0000000000
89557  -39.172  59.686  23.746 0.0000000000
90005  -38.912  60.132  22.440 0.0000000000
95923  -40.266  60.777  21.789 0.0000000000
96181  -40.409  60.352  22.513 0.0000000000
96088  -40.686  60.133  22.544 0.0000000000
89150  -40.280  59.155  22.504 0.0000000000
95740  -40.835  59.809  21.411 0.0000000000
95741  -40.733  59.689  20.451 0.0000000000
89606  -41.191  59.522  18.356 0.0000000000
103651  -39.858  60.724  17.826 0.0000000000
76309  -32.829  32.489  34.363 0.0000000000
77664  -32.366  34.498  32.826 0.0000000000
77032  -32.917  33.986  32.633 0.0000000000
110687  -34.647  33.431  32.906 0.0000000000
79983  -32.546  38.516  32.824 0.0000000000
79439  -32.083  37.190  32.641 0.0000000000
79448  -32.366  37.208  31.695 0.0000000000
78917  -32.908  36.724  30.390 0.0000000000
78916  -32.541  36.599  31.138 0.0000000000
78349  -32.754  36.003  30.678 0.0000000000
78332  -33.150  34.932  30.882 0.0000000000
78939  -33.722  36.030  29.224 0.0000000000
78369  -34.134  35.631  28.673 0.0000000000
83167  -35.431  45.494  30.698 0.0000000000
82652  -35.628  44.154  32.680 0.0000000000
87809  -35.270  54.698  28.164 0.0000000000
87371  -34.773  54.221  28.473 0.0000000000
87803  -35.113  54.085  28.613 0.0000000000
86000  -36.396  50.746  28.107 0.0000000000
85484  -35.537  49.986  28.020 0.0000000000
84900  -39.677  49.244  29.408 0.0000000000
84317  -39.719  48.379  29.729 0.0000000000
83743  -38.302  46.805  29.659 0.0000000000
104744  -37.860  47.290  29.305 0.0000000000
83742  -37.416  46.678  29.418 0.0000000000
117004  -36.755  47.708  28.801 0.0000000000
105045  -36.693  46.799  29.265 0.0000000000
83729  -36.754  46.074  29.749 0.0000000000
83169  -37.404  45.301  30.421 0.0000000000
82654  -38.650  43.952  32.570 0.0000000000
82659  -37.762  44.244  31.792 0.0000000000
82188  -38.429  43.738  32.777 0.0000000000
82183  -38.915  43.461  33.354 0.0000000000
82179  -39.742  43.284  34.240 0.0000000000
81326  -39.804  42.663  34.279 0.0000000000
81738  -39.507  43.148  33.556 0.0000000000
81743  -38.055  42.373  31.892 0.0000000000
81334  -38.023  42.103  32.759 0.0000000000
81740  -37.350  41.922  31.933 0.0000000000
81337  -36.731  41.574  31.558 0.0000000000
81349  -36.848  41.365  30.700 0.0000000000
81757  -40.421  43.102  30.327 0.0000000000
81756  -39.523  42.916  30.667 0.0000000000
81774  -40.088  42.384  29.844 0.0000000000
80942  -37.834  40.576  29.411 0.0000000000
80934  -37.115  40.960  29.858 0.0000000000
80008  -35.856  38.975  29.113 0.0000000000
80009  -36.776  39.203  28.816 0.0000000000
80029  -36.964  37.943  27.854 0.0000000000
79496  -35.840  36.903  27.715 0.0000000000
78941  -35.159  36.370  27.926 0.0000000000
78948  -35.783  36.182  27.352 0.0000000000
79509  -37.954  37.197  26.397 0.0000000000
80530  -42.176  39.748  25.744 0.0000000000
80529  -41.279  39.084  26.249 0.0000000000
80542  -41.600  39.163  25.309 0.0000000000
80055  -40.695  38.436  24.271 0.0000000000
79528  -39.723  38.049  24.134 0.0000000000
78968  -38.969  37.055  24.430 0.0000000000
78976  -39.144  37.501  23.791 0.0000000000
114334  -39.373  38.086  23.703 0.0000000000
100048  -38.843  38.204  23.457 0.0000000000
80077  -37.883  38.245  22.845 0.0000000000
83769  -40.692  46.946  27.486 0.0000000000
83207  -40.577  45.858  27.654 0.0000000000
82711  -38.395  44.689  27.432 0.0000000000
82243  -39.271  43.867  27.289 0.0000000000
99513  -38.702  43.060  27.042 0.0000000000
80961  -36.268  41.179  26.988 0.0000000000
80972  -37.571  40.335  26.241 0.0000000000
80054  -36.148  38.629  25.109 0.0000000000
80064  -35.920  38.357  24.535 0.0000000000
76358  -35.992  32.489  30.058 0.0000000000
75675  -36.051  31.842  28.266 0.0000000000
101324  -40.756  58.486  23.796 0.0000000000
89129  -40.875  57.458  23.986 0.0000000000
88278  -40.402  55.537  23.515 0.0000000000
102298  -39.474  53.684  23.189 0.0000000000
81324  -37.215  40.404  35.782 0.0000000000
81328  -37.679  41.168  34.407 0.0000000000
87401  -31.468  53.369  25.731 0.0000000000
97129  -32.003  53.412  26.573 0.0000000000
87358  -33.345  53.331  28.126 0.0000000000
85478  -42.822  49.207  29.151 0.0000000000
84904  -43.767  49.244  29.910 0.0000000000
97590  -44.402  48.562  29.418 0.0000000000
84319  -44.792  47.757  30.228 0.0000000000
83734  -44.752  46.609  32.037 0.0000000000
83172  -43.993  45.467  32.038 0.0000000000
83178  -44.776  45.602  30.296 0.0000000000
82678  -44.309  45.017  29.806 0.0000000000
82228  -43.072  42.695  27.821 0.0000000000
82714  -43.110  43.741  28.445 0.0000000000
116532  -42.827  43.430  27.867 0.0000000000
97538  -41.818  43.877  27.631 0.0000000000
113329  -36.752  56.336  25.488 0.0000000000
88248  -36.799  55.988  26.297 0.0000000000
88680  -37.265  55.961  26.605 0.0000000000
87415  -40.773  53.728  24.242 0.0000000000
86935  -39.924  52.955  24.688 0.0000000000
86014  -40.254  50.287  25.537 0.0000000000
84928  -40.991  48.839  25.686 0.0000000000
84942  -41.674  48.878  24.396 0.0000000000
84956  -40.652  48.606  23.986 0.0000000000
85545  -38.784  48.619  22.476 0.0000000000
97240  -40.893  34.359  34.958 0.0000000000
76314  -37.475  32.894  34.351 0.0000000000
77006  -38.279  33.291  34.141 0.0000000000
77018  -37.634  33.462  33.568 0.0000000000
77037  -37.333  33.710  32.450 0.0000000000
96466  -36.984  33.552  31.920 0.0000000000
87396  -25.125  53.513  25.432 0.0000000000
88296  -26.131  55.064  20.910 0.0000000000
87878  -25.727  54.601  21.956 0.0000000000
87879  -26.374  54.605  21.524 0.0000000000
108882  -27.122  54.022  22.285 0.0000000000
87434  -28.405  53.764  22.812 0.0000000000
87422  -29.159  53.361  23.963 0.0000000000
87866  -28.865  54.150  22.330 0.0000000000
87867  -29.778  54.159  22.390 0.0000000000
87883  -30.287  54.624  21.730 0.0000000000
89177  -30.823  57.220  19.021 0.0000000000
97331  -30.807  56.249  20.135 0.0000000000
98552  -31.606  56.500  20.297 0.0000000000
88736  -33.061  56.201  21.338 0.0000000000
88721  -33.810  56.155  21.939 0.0000000000
88750  -33.766  57.003  21.208 0.0000000000
89147  -34.656  57.443  21.416 0.0000000000
96399  -38.284  59.931  21.522 0.0000000000
96101  -39.558  61.054  21.298 0.0000000000
95743  -40.702  60.483  21.281 0.0000000000
96448  -40.493  61.092  20.323 0.0000000000
90514  -40.567  61.253  19.494 0.0000000000
79420  -30.560  37.374  35.661 0.0000000000
78874  -30.488  36.633  35.139 0.0000000000
78298  -29.822  35.056  35.018 0.0000000000
77654  -30.147  34.448  34.745 0.0000000000
76321  -32.293  33.003  33.875 0.0000000000
77013  -31.854  33.763  33.697 0.0000000000
77663  -31.834  34.624  33.346 0.0000000000
78309  -32.181  35.127  32.750 0.0000000000
80489  -33.259  39.311  31.780 0.0000000000
107459  -32.547  37.841  31.433 0.0000000000
79990  -33.121  38.752  31.089 0.0000000000
79461  -33.228  37.602  30.195 0.0000000000
96496  -33.189  36.030  29.976 0.0000000000
79475  -33.876  37.497  29.529 0.0000000000
79487  -34.498  37.399  28.932 0.0000000000
83739  -34.203  46.493  29.788 0.0000000000
83727  -34.812  46.014  30.270 0.0000000000
86909  -37.010  53.584  28.444 0.0000000000
86908  -36.278  53.551  28.409 0.0000000000
106420  -36.799  52.635  28.242 0.0000000000
86001  -37.209  51.641  28.214 0.0000000000
104625  -37.384  50.639  28.282 0.0000000000
84303  -41.001  47.281  30.650 0.0000000000
84302  -39.968  46.559  30.491 0.0000000000
83731  -38.906  46.187  30.252 0.0000000000
83170  -38.525  45.315  30.758 0.0000000000
82660  -38.940  44.053  32.214 0.0000000000
102791  -39.145  43.761  32.641 0.0000000000
109255  -39.254  43.361  32.594 0.0000000000
109161  -38.849  42.897  31.983 0.0000000000
81365  -41.096  41.817  29.100 0.0000000000
81364  -39.831  41.618  29.460 0.0000000000
80943  -39.605  40.873  29.066 0.0000000000
80950  -38.304  39.996  28.912 0.0000000000
80518  -37.807  39.338  28.537 0.0000000000
80030  -37.865  38.194  27.532 0.0000000000
79498  -37.481  37.546  27.202 0.0000000000
80031  -38.830  38.394  27.094 0.0000000000
80042  -39.399  37.992  26.170 0.0000000000
80986  -41.658  39.655  24.995 0.0000000000
80547  -41.407  39.320  24.582 0.0000000000
80546  -41.302  39.088  23.980 0.0000000000
80554  -40.697  39.099  23.558 0.0000000000
80067  -39.523  38.663  23.637 0.0000000000
80553  -39.863  39.056  23.569 0.0000000000
80552  -38.467  39.079  24.276 0.0000000000
83206  -39.524  45.687  27.433 0.0000000000
83205  -38.644  45.519  27.334 0.0000000000
114988  -35.521  42.435  27.280 0.0000000000
81795  -36.105  42.633  27.286 0.0000000000
108654  -35.742  41.802  27.197 0.0000000000
80971  -36.513  40.488  26.614 0.0000000000
102718  -35.853  39.954  26.495 0.0000000000
80041  -34.862  38.735  26.098 0.0000000000
80040  -33.926  38.544  26.229 0.0000000000
77060  -39.335  34.075  31.731 0.0000000000
105584  -38.818  58.357  25.001 0.0000000000
88686  -39.024  57.520  25.618 0.0000000000
89110  -39.872  58.198  25.107 0.0000000000
88687  -40.220  57.422  25.095 0.0000000000
88264  -41.299  55.357  24.278 0.0000000000
88265  -41.584  55.738  23.803 0.0000000000
107135  -41.021  53.334  23.722 0.0000000000
86503  -41.333  51.218  23.032 0.0000000000
86066  -42.115  50.362  22.819 0.0000000000
86518  -41.001  50.715  22.609 0.0000000000
103721  -39.258  51.936  22.804 0.0000000000
76986  -39.426  33.508  36.676 0.0000000000
76315  -38.105  32.799  34.828 0.0000000000
76291  -38.236  32.767  36.676 0.0000000000
76303  -38.141  32.546  35.733 0.0000000000
88306  -24.815  55.995  20.839 0.0000000000
88746  -25.768  55.994  20.083 0.0000000000
88758  -26.376  56.229  19.573 0.0000000000
88317  -27.028  55.887  19.817 0.0000000000
100913  -35.451  60.274  18.957 0.0000000000
90050  -36.327  60.623  18.667 0.0000000000
90511  -37.272  60.951  18.391 0.0000000000
90525  -38.099  61.116  18.071 0.0000000000
90083  -37.553  59.650  16.667 0.0000000000
80906  -34.093  39.964  33.335 0.0000000000
80480  -33.774  39.792  32.311 0.0000000000
80911  -34.355  40.202  32.234 0.0000000000
80920  -34.794  40.099  31.312 0.0000000000
80921  -35.599  40.614  31.068 0.0000000000
85483  -33.974  49.309  28.045 0.0000000000
86004  -39.456  50.321  28.735 0.0000000000
85487  -39.014  50.333  28.793 0.0000000000
113153  -39.604  50.041  29.014 0.0000000000
84901  -40.602  49.271  29.640 0.0000000000
84318  -41.072  48.558  30.160 0.0000000000
84891  -43.152  48.959  30.870 0.0000000000
105238  -42.099  48.288  30.853 0.0000000000
83159  -41.545  45.209  31.706 0.0000000000
82194  -40.120  44.290  31.701 0.0000000000
82668  -41.099  44.670  31.535 0.0000000000
82212  -41.625  43.284  29.818 0.0000000000
82201  -43.016  44.441  30.219 0.0000000000
81374  -41.595  41.154  28.275 0.0000000000
80952  -42.386  40.669  27.260 0.0000000000
80963  -42.789  40.524  26.180 0.0000000000
81394  -42.980  41.259  26.099 0.0000000000
81393  -42.187  41.123  25.619 0.0000000000
81392  -40.441  41.197  25.964 0.0000000000
83204  -36.880  45.137  27.164 0.0000000000
83203  -36.026  45.019  27.053 0.0000000000
108289  -35.734  44.317  27.127 0.0000000000
82239  -35.288  43.051  27.272 0.0000000000
81794  -35.026  42.221  27.337 0.0000000000
81380  -34.575  41.471  27.442 0.0000000000
87831  -33.898  53.962  25.528 0.0000000000
87817  -33.996  54.040  26.688 0.0000000000
108909  -34.557  54.299  26.094 0.0000000000
87818  -34.909  54.486  27.107 0.0000000000
114392  -35.836  55.086  28.432 0.0000000000
88239  -36.589  55.570  27.202 0.0000000000
87810  -36.364  55.362  28.114 0.0000000000
87805  -36.510  54.560  28.704 0.0000000000
87362  -36.994  54.209  28.570 0.0000000000
86923  -37.201  53.304  28.285 0.0000000000
86910  -37.727  52.245  28.229 0.0000000000
88242  -38.089  55.638  26.095 0.0000000000
86934  -38.677  53.318  25.677 0.0000000000
87390  -37.706  53.775  26.623 0.0000000000
86485  -38.339  51.685  28.082 0.0000000000
86477  -38.940  51.018  28.386 0.0000000000
86005  -40.176  50.096  28.673 0.0000000000
85489  -41.000  49.560  28.609 0.0000000000
112856  -40.448  50.040  27.382 0.0000000000
85493  -42.447  48.758  28.417 0.0000000000
84914  -43.008  48.499  28.332 0.0000000000
84326  -43.473  48.290  28.356 0.0000000000
83752  -42.646  47.359  28.226 0.0000000000
117071  -40.056  47.232  27.095 0.0000000000
84350  -39.894  47.843  26.570 0.0000000000
83787  -39.267  47.066  26.874 0.0000000000
83786  -38.373  46.919  26.700 0.0000000000
83785  -37.475  46.794  26.555 0.0000000000
84984  -41.813  48.813  22.345 0.0000000000
84973  -40.518  48.269  22.696 0.0000000000
84955  -39.291  48.262  23.725 0.0000000000
84972  -38.881  48.110  22.864 0.0000000000
84362  -38.444  47.886  24.689 0.0000000000
76987  -40.154  33.841  36.133 0.0000000000
76998  -40.226  34.065  34.994 0.0000000000
77656  -39.821  34.422  34.050 0.0000000000
77020  -39.064  33.910  33.929 0.0000000000
77666  -39.471  34.579  33.406 0.0000000000
77682  -39.528  34.784  32.792 0.0000000000
115190  -39.395  34.528  32.290 0.0000000000
76352  -37.976  33.157  31.222 0.0000000000
77097  -34.371  33.776  28.826 0.0000000000
87407  -25.531  53.681  24.769 0.0000000000
87431  -25.945  53.884  23.143 0.0000000000
87408  -26.307  53.457  24.546 0.0000000000
87397  -26.011  53.304  25.315 0.0000000000
96696  -27.479  53.113  26.056 0.0000000000
86931  -28.076  53.075  26.979 0.0000000000
110672  -28.715  53.136  26.555 0.0000000000
87384  -29.473  53.058  26.509 0.0000000000
87412  -29.930  53.204  24.398 0.0000000000
97189  -31.674  53.499  25.010 0.0000000000
87414  -32.239  53.734  24.651 0.0000000000
88319  -28.447  55.960  19.784 0.0000000000
88311  -29.531  55.487  20.463 0.0000000000
88298  -29.910  54.990  21.041 0.0000000000
88313  -31.225  55.859  20.754 0.0000000000
87884  -31.140  54.790  21.848 0.0000000000
87869  -31.482  54.505  22.559 0.0000000000
87856  -31.798  54.274  23.246 0.0000000000
87847  -32.824  54.140  24.186 0.0000000000
87848  -33.727  54.167  24.486 0.0000000000
87849  -34.264  54.661  23.913 0.0000000000
88262  -34.980  55.159  24.320 0.0000000000
88706  -34.980  56.050  23.057 0.0000000000
88276  -35.411  55.706  23.816 0.0000000000
88693  -36.255  56.110  24.458 0.0000000000
88708  -36.597  56.982  24.026 0.0000000000
89116  -37.598  57.651  24.556 0.0000000000
89580  -33.994  58.422  19.981 0.0000000000
89576  -35.177  58.187  21.010 0.0000000000
89582  -35.866  59.293  20.751 0.0000000000
89577  -35.844  58.435  21.408 0.0000000000
89136  -36.596  57.920  22.737 0.0000000000
89126  -38.300  58.465  24.009 0.0000000000
89127  -39.583  59.362  24.386 0.0000000000
89547  -40.095  59.319  24.233 0.0000000000
89569  -39.791  60.318  23.191 0.0000000000
89991  -40.111  60.181  23.268 0.0000000000
89559  -40.295  59.551  23.612 0.0000000000
89139  -40.513  59.066  23.116 0.0000000000
88727  -40.164  57.989  23.214 0.0000000000
95738  -39.340  58.675  20.659 0.0000000000
90526  -39.201  61.367  18.313 0.0000000000
90063  -40.841  60.178  18.066 0.0000000000
76311  -34.975  32.551  34.306 0.0000000000
76322  -33.124  32.931  33.598 0.0000000000
76323  -34.088  32.836  33.585 0.0000000000
109256  -34.995  33.013  33.484 0.0000000000
77034  -34.782  33.728  32.121 0.0000000000
78318  -32.055  35.790  32.623 0.0000000000
78319  -32.474  35.480  31.960 0.0000000000
107764  -32.500  35.968  31.336 0.0000000000
77681  -33.363  34.317  31.947 0.0000000000
77054  -34.046  33.950  31.614 0.0000000000
77720  -34.003  33.933  30.723 0.0000000000
77734  -34.057  33.871  29.792 0.0000000000
78359  -33.490  35.281  29.663 0.0000000000
77733  -33.850  34.543  29.305 0.0000000000
100164  -34.255  34.811  28.461 0.0000000000
82649  -35.488  43.776  33.665 0.0000000000
113031  -36.340  43.364  33.805 0.0000000000
81733  -38.778  43.080  35.537 0.0000000000
105840  -34.436  52.846  28.145 0.0000000000
105442  -35.541  52.407  28.083 0.0000000000
106647  -34.603  50.180  27.844 0.0000000000
112142  -34.859  49.258  28.118 0.0000000000
84910  -35.212  48.541  28.389 0.0000000000
106958  -38.439  49.870  28.670 0.0000000000
84913  -38.013  48.935  28.703 0.0000000000
84316  -38.619  47.708  29.480 0.0000000000
84899  -37.924  47.988  29.051 0.0000000000
84912  -36.964  48.827  28.452 0.0000000000
84324  -36.469  48.075  28.614 0.0000000000
84323  -35.683  47.928  28.657 0.0000000000
83741  -35.966  46.665  29.423 0.0000000000
83728  -35.715  46.053  30.031 0.0000000000
82667  -37.020  44.727  31.018 0.0000000000
82658  -36.710  44.327  31.649 0.0000000000
82187  -37.413  43.657  32.841 0.0000000000
81737  -39.042  43.314  34.124 0.0000000000
81730  -40.572  43.473  36.194 0.0000000000
81321  -40.923  42.828  36.745 0.0000000000
111420  -39.165  41.783  34.608 0.0000000000
81330  -38.964  42.578  33.453 0.0000000000
103106  -37.502  41.539  33.287 0.0000000000
80922  -36.247  41.186  31.147 0.0000000000
82199  -39.850  43.665  31.250 0.0000000000
81755  -38.781  42.617  30.923 0.0000000000
81363  -38.934  41.351  29.710 0.0000000000
81351  -38.378  41.853  30.338 0.0000000000
81350  -37.595  41.559  30.464 0.0000000000
104004  -35.896  40.126  30.136 0.0000000000
80507  -35.524  39.463  29.786 0.0000000000
80019  -36.361  38.436  28.458 0.0000000000
79488  -35.166  37.197  28.283 0.0000000000
77755  -34.896  34.977  27.676 0.0000000000
99227  -35.698  35.294  27.005 0.0000000000
113483  -36.531  36.051  26.636 0.0000000000
79508  -37.106  36.832  26.898 0.0000000000
78388  -37.027  35.663  25.652 0.0000000000
80043  -40.566  38.195  25.364 0.0000000000
80044  -41.244  38.722  24.718 0.0000000000
79520  -39.275  37.395  24.900 0.0000000000
116988  -37.891  36.211  24.283 0.0000000000
78985  -38.743  37.304  23.386 0.0000000000
83208  -41.720  45.403  28.096 0.0000000000
101544  -41.087  44.797  27.785 0.0000000000
82712  -40.455  44.190  27.476 0.0000000000
108428  -40.589  43.283  27.164 0.0000000000
81805  -39.421  41.853  26.467 0.0000000000
81391  -39.049  41.220  26.228 0.0000000000
81796  -37.134  42.499  27.294 0.0000000000
81797  -38.041  42.457  27.058 0.0000000000
81384  -38.447  41.818  26.718 0.0000000000
80973  -38.627  40.545  26.000 0.0000000000
80983  -38.404  40.014  25.633 0.0000000000
80540  -36.744  39.763  25.947 0.0000000000
102065  -37.045  39.057  25.002 0.0000000000
76307  -30.802  33.204  34.712 0.0000000000
76313  -36.704  32.764  34.394 0.0000000000
78289  -30.205  35.883  35.027 0.0000000000
78331  -32.788  35.443  31.110 0.0000000000
78884  -31.387  36.426  33.828 0.0000000000
78930  -33.440  36.788  29.712 0.0000000000
79999  -32.834  38.134  30.884 0.0000000000
80007  -35.067  38.789  29.560 0.0000000000
80488  -32.891  39.043  32.535 0.0000000000
80490  -34.018  39.717  31.472 0.0000000000
80548  -41.895  39.705  25.185 0.0000000000
80888  -38.217  41.358  37.207 0.0000000000
80907  -34.789  40.305  33.986 0.0000000000
80941  -36.539  40.362  29.775 0.0000000000
81297  -39.204  42.421  37.545 0.0000000000
81298  -40.357  42.842  37.537 0.0000000000
81299  -40.818  43.005  37.614 0.0000000000
81308  -40.731  42.773  37.417 0.0000000000
81309  -40.866  42.954  37.537 0.0000000000
81325  -38.694  41.269  35.607 0.0000000000
81338  -37.384  41.824  31.216 0.0000000000
81376  -43.341  41.771  27.150 0.0000000000
81718  -40.774  43.160  37.409 0.0000000000
81735  -40.528  43.184  35.257 0.0000000000
81798  -39.619  42.475  26.745 0.0000000000
82178  -37.147  42.980  34.429 0.0000000000
82181  -36.359  43.719  33.097 0.0000000000
82662  -40.666  44.811  31.639 0.0000000000
82663  -41.840  45.254  31.735 0.0000000000
82670  -43.467  45.016  31.014 0.0000000000
82671  -44.346  45.176  30.673 0.0000000000
83161  -43.732  45.878  32.570 0.0000000000
83173  -44.654  45.770  31.512 0.0000000000
83720  -44.104  46.364  32.773 0.0000000000
83735  -45.041  46.368  30.990 0.0000000000
84293  -42.874  46.627  32.244 0.0000000000
84305  -43.866  47.748  31.425 0.0000000000
84306  -44.665  47.485  31.275 0.0000000000
84307  -45.010  47.005  30.949 0.0000000000
84315  -37.138  47.386  29.034 0.0000000000
84890  -42.190  49.167  30.458 0.0000000000
84903  -42.583  49.341  30.241 0.0000000000
84911  -36.045  48.670  28.355 0.0000000000
84958  -42.650  48.842  23.043 0.0000000000
84974  -41.827  48.590  22.641 0.0000000000
84975  -42.525  48.878  22.706 0.0000000000
85475  -40.061  49.717  29.323 0.0000000000
85486  -37.608  49.736  28.429 0.0000000000
85539  -42.365  49.417  22.516 0.0000000000
85547  -41.230  49.063  22.062 0.0000000000
86025  -42.590  49.498  23.398 0.0000000000
86047  -42.727  49.801  22.965 0.0000000000
86907  -33.771  53.211  28.186 0.0000000000
87361  -36.660  54.223  28.638 0.0000000000
87386  -31.887  53.220  27.631 0.0000000000
87387  -32.538  53.401  27.262 0.0000000000
87388  -33.342  53.626  27.265 0.0000000000
87389  -37.190  54.241  27.657 0.0000000000
87404  -39.734  53.887  24.929 0.0000000000
87410  -28.470  53.388  24.368 0.0000000000
87420  -27.339  53.550  23.623 0.0000000000
87804  -35.796  54.586  28.671 0.0000000000
87855  -31.042  54.046  23.151 0.0000000000
87857  -32.561  54.428  23.429 0.0000000000
87870  -32.264  54.708  22.735 0.0000000000
87890  -26.906  54.955  20.845 0.0000000000
88228  -36.400  55.075  28.608 0.0000000000
88263  -36.236  55.658  25.327 0.0000000000
88279  -41.532  55.249  23.733 0.0000000000
88283  -25.129  54.919  22.049 0.0000000000
88286  -33.502  55.393  22.426 0.0000000000
88307  -25.491  55.577  20.722 0.0000000000
88310  -28.694  55.475  20.331 0.0000000000
88688  -40.775  57.318  24.479 0.0000000000
88695  -41.273  56.843  24.070 0.0000000000
88745  -25.127  56.247  20.304 0.0000000000
88759  -27.241  56.333  19.335 0.0000000000
89109  -39.018  58.015  25.503 0.0000000000
89159  -31.956  57.101  19.875 0.0000000000
89548  -40.586  58.931  24.088 0.0000000000
89589  -34.511  59.198  19.517 0.0000000000
89593  -41.265  59.878  18.880 0.0000000000
95952  -40.640  60.405  22.015 0.0000000000
96853  -31.219  53.201  26.638 0.0000000000
97800  -26.294  54.194  22.317 0.0000000000
98146  -40.280  42.170  35.453 0.0000000000
98808  -33.356  32.306  34.753 0.0000000000
100422  -27.059  53.389  24.338 0.0000000000
102199  -35.278  53.592  28.407 0.0000000000
104126  -32.311  34.067  33.152 0.0000000000
104227  -43.860  48.773  28.775 0.0000000000
106467  -32.365  37.876  32.231 0.0000000000
110130  -40.691  48.814  25.031 0.0000000000
110312  -31.359  34.327  33.870 0.0000000000
112116  -43.264  41.766  26.762 0.0000000000
114267  -26.772  54.287  21.897 0.0000000000
114999  -37.620  32.572  35.104 0.0000000000
