#!ascii label  , from subject sub-v1s16x0051196_ses-1 vox2ras=TkReg
478
13506  -57.765  -49.537  27.068 0.0000000000
11482  -50.032  -52.566  20.086 0.0000000000
16679  -62.217  -42.345  24.220 0.0000000000
12488  -55.179  -51.257  21.682 0.0000000000
97514  -54.999  -44.721  23.045 0.0000000000
106314  -57.345  -45.298  30.773 0.0000000000
18793  -54.420  -40.666  24.658 0.0000000000
20309  -47.504  -38.661  24.303 0.0000000000
18086  -58.963  -41.949  21.293 0.0000000000
15998  -59.476  -44.154  22.818 0.0000000000
16703  -58.925  -44.177  20.988 0.0000000000
16661  -57.309  -43.112  26.994 0.0000000000
17329  -53.221  -42.591  26.389 0.0000000000
21886  -46.693  -35.995  22.221 0.0000000000
20323  -48.666  -38.298  22.030 0.0000000000
10916  -54.364  -54.764  23.520 0.0000000000
12001  -52.472  -51.906  20.550 0.0000000000
9785  -54.506  -55.121  17.563 0.0000000000
9243  -51.410  -56.892  17.654 0.0000000000
15323  -60.110  -45.677  26.272 0.0000000000
13009  -56.707  -49.731  23.698 0.0000000000
14727  -54.785  -46.879  24.266 0.0000000000
100648  -51.971  -48.137  22.402 0.0000000000
16647  -60.609  -42.912  27.496 0.0000000000
18051  -60.148  -40.903  25.415 0.0000000000
110346  -55.403  -40.972  23.337 0.0000000000
18041  -48.722  -41.719  25.516 0.0000000000
19552  -50.425  -39.331  24.302 0.0000000000
18822  -51.324  -40.248  22.503 0.0000000000
18119  -52.208  -41.747  20.768 0.0000000000
10355  -54.975  -54.015  19.649 0.0000000000
13026  -46.771  -49.139  20.915 0.0000000000
10951  -47.767  -52.936  19.142 0.0000000000
9267  -47.736  -56.347  15.610 0.0000000000
102310  -58.609  -42.037  21.003 0.0000000000
17380  -59.237  -42.531  20.479 0.0000000000
11942  -55.810  -52.517  25.467 0.0000000000
11483  -51.702  -52.315  20.304 0.0000000000
10955  -52.068  -53.698  19.444 0.0000000000
10375  -50.754  -54.847  18.834 0.0000000000
8746  -50.496  -57.350  17.277 0.0000000000
10374  -49.422  -54.612  18.707 0.0000000000
15978  -60.991  -44.315  25.146 0.0000000000
104691  -60.700  -44.360  24.352 0.0000000000
15996  -56.666  -44.585  23.358 0.0000000000
15349  -56.828  -45.528  24.562 0.0000000000
15347  -55.007  -45.973  24.209 0.0000000000
14143  -53.244  -47.317  23.323 0.0000000000
14738  -53.494  -46.346  23.422 0.0000000000
108869  -59.682  -44.622  29.357 0.0000000000
15952  -59.451  -44.291  29.281 0.0000000000
17348  -56.478  -41.920  25.704 0.0000000000
17335  -58.829  -42.057  26.411 0.0000000000
18049  -57.104  -41.088  25.208 0.0000000000
18810  -57.461  -40.659  24.131 0.0000000000
18808  -55.812  -40.623  24.210 0.0000000000
18800  -47.969  -40.059  24.916 0.0000000000
18788  -49.422  -41.065  25.285 0.0000000000
19551  -49.317  -39.026  24.262 0.0000000000
20330  -48.984  -38.248  20.999 0.0000000000
19562  -49.643  -39.214  22.227 0.0000000000
18833  -50.526  -40.415  21.252 0.0000000000
18103  -51.699  -41.381  21.399 0.0000000000
13019  -55.979  -50.399  22.677 0.0000000000
99479  -55.561  -52.022  22.186 0.0000000000
10945  -54.861  -52.810  20.596 0.0000000000
8732  -54.336  -56.766  16.882 0.0000000000
13603  -45.849  -48.961  20.594 0.0000000000
11998  -47.193  -51.083  19.921 0.0000000000
10384  -47.070  -53.952  17.409 0.0000000000
17363  -62.100  -41.792  22.421 0.0000000000
15999  -60.738  -44.006  22.424 0.0000000000
16705  -61.186  -43.796  19.872 0.0000000000
16021  -58.803  -44.281  21.419 0.0000000000
97243  -57.525  -44.308  21.778 0.0000000000
16644  -57.384  -44.208  28.590 0.0000000000
16659  -55.429  -43.205  26.827 0.0000000000
17346  -54.415  -42.017  25.736 0.0000000000
21124  -46.692  -37.245  23.478 0.0000000000
21126  -48.124  -37.880  23.195 0.0000000000
21890  -47.420  -36.695  21.958 0.0000000000
113095  -48.341  -37.074  21.234 0.0000000000
21140  -49.491  -37.573  20.451 0.0000000000
11979  -54.135  -51.651  21.143 0.0000000000
11485  -54.604  -52.956  20.134 0.0000000000
10956  -54.029  -53.594  18.911 0.0000000000
9784  -53.640  -55.295  17.598 0.0000000000
8215  -53.053  -57.843  16.110 0.0000000000
8228  -52.015  -58.588  15.976 0.0000000000
8227  -50.299  -58.494  16.249 0.0000000000
107214  -48.559  -58.098  15.276 0.0000000000
14094  -59.299  -47.159  26.945 0.0000000000
13531  -58.238  -48.913  25.794 0.0000000000
14133  -58.245  -48.001  24.810 0.0000000000
13551  -56.362  -48.649  24.117 0.0000000000
15351  -58.849  -44.889  24.486 0.0000000000
14729  -56.619  -46.575  24.792 0.0000000000
13568  -54.837  -48.700  23.498 0.0000000000
103306  -53.413  -48.953  22.634 0.0000000000
13031  -52.508  -49.947  21.716 0.0000000000
12484  -50.918  -50.748  20.951 0.0000000000
14688  -59.584  -46.293  27.946 0.0000000000
15962  -60.548  -43.918  27.608 0.0000000000
16664  -61.498  -42.225  26.085 0.0000000000
16645  -59.283  -43.279  28.042 0.0000000000
17336  -60.359  -41.781  26.750 0.0000000000
18058  -61.894  -41.038  24.368 0.0000000000
113839  -59.877  -41.211  23.412 0.0000000000
18066  -57.630  -41.352  22.744 0.0000000000
17378  -55.421  -41.937  22.037 0.0000000000
17342  -50.170  -42.246  25.790 0.0000000000
113963  -52.159  -41.373  25.496 0.0000000000
18805  -52.822  -40.175  24.379 0.0000000000
19557  -50.008  -38.860  23.908 0.0000000000
19559  -51.607  -39.408  23.427 0.0000000000
18814  -52.987  -40.181  23.784 0.0000000000
18823  -53.716  -40.754  23.286 0.0000000000
17391  -53.735  -41.937  21.710 0.0000000000
11955  -55.966  -51.804  23.764 0.0000000000
113652  -54.161  -54.825  21.294 0.0000000000
10367  -54.790  -54.395  18.441 0.0000000000
8715  -53.682  -57.127  18.322 0.0000000000
14747  -52.121  -46.300  22.664 0.0000000000
100161  -50.900  -49.236  21.571 0.0000000000
12507  -50.097  -51.094  20.738 0.0000000000
11999  -48.657  -51.566  20.258 0.0000000000
11494  -49.240  -52.842  19.749 0.0000000000
10373  -48.385  -54.375  18.442 0.0000000000
9253  -48.244  -56.445  16.349 0.0000000000
17393  -56.214  -42.243  21.174 0.0000000000
17394  -58.720  -42.280  20.604 0.0000000000
11932  -56.109  -51.959  25.930 0.0000000000
12434  -56.805  -50.685  25.639 0.0000000000
113712  -50.711  -52.268  20.313 0.0000000000
10941  -51.084  -52.967  19.893 0.0000000000
113928  -50.863  -53.642  19.535 0.0000000000
10363  -50.046  -54.019  19.257 0.0000000000
16671  -61.584  -43.382  24.708 0.0000000000
103368  -61.270  -43.991  24.196 0.0000000000
111596  -55.808  -44.732  23.455 0.0000000000
15984  -56.194  -44.966  24.136 0.0000000000
15995  -55.328  -45.191  23.897 0.0000000000
14739  -54.225  -46.189  23.806 0.0000000000
15356  -54.515  -45.398  23.568 0.0000000000
15273  -57.470  -46.083  31.988 0.0000000000
15938  -58.302  -45.227  30.696 0.0000000000
15939  -59.134  -44.955  30.343 0.0000000000
15951  -58.974  -44.528  29.955 0.0000000000
18048  -55.972  -41.208  25.163 0.0000000000
18794  -55.394  -40.766  24.638 0.0000000000
18795  -56.343  -40.780  24.690 0.0000000000
21120  -46.196  -37.702  24.020 0.0000000000
20308  -46.449  -38.431  24.369 0.0000000000
18799  -47.365  -39.576  24.743 0.0000000000
19550  -48.272  -39.200  24.502 0.0000000000
20331  -49.731  -38.494  20.435 0.0000000000
19580  -49.509  -39.131  20.880 0.0000000000
18849  -50.741  -40.463  20.669 0.0000000000
108774  -50.553  -39.919  20.387 0.0000000000
12473  -55.635  -50.915  22.104 0.0000000000
11968  -55.429  -51.566  21.793 0.0000000000
11980  -54.971  -51.821  21.248 0.0000000000
110244  -47.085  -51.735  19.337 0.0000000000
10964  -47.160  -53.719  17.994 0.0000000000
10963  -46.925  -53.444  17.671 0.0000000000
18087  -60.009  -41.885  21.504 0.0000000000
16706  -61.663  -43.385  20.510 0.0000000000
17382  -61.340  -42.808  20.305 0.0000000000
16704  -59.700  -43.999  20.369 0.0000000000
16020  -57.515  -44.308  22.240 0.0000000000
17331  -54.973  -42.554  26.164 0.0000000000
17345  -53.561  -42.094  25.787 0.0000000000
21884  -46.288  -36.462  23.096 0.0000000000
21887  -47.069  -36.862  22.816 0.0000000000
21139  -48.805  -37.314  20.857 0.0000000000
9749  -53.622  -55.768  22.330 0.0000000000
11978  -53.419  -51.794  20.849 0.0000000000
11484  -53.807  -52.513  20.279 0.0000000000
103199  -52.904  -52.604  20.113 0.0000000000
9772  -52.383  -54.930  18.524 0.0000000000
9232  -53.008  -56.110  17.427 0.0000000000
8730  -53.087  -56.752  16.860 0.0000000000
9242  -49.886  -56.609  17.587 0.0000000000
8765  -49.711  -57.692  16.618 0.0000000000
8239  -49.401  -58.815  15.489 0.0000000000
8779  -49.090  -57.935  15.891 0.0000000000
104787  -59.765  -46.191  26.865 0.0000000000
14114  -59.120  -47.447  25.647 0.0000000000
103027  -57.088  -48.369  24.386 0.0000000000
14132  -57.475  -47.579  24.668 0.0000000000
15987  -59.921  -44.488  23.968 0.0000000000
114534  -58.950  -44.466  23.925 0.0000000000
14728  -55.664  -46.722  24.599 0.0000000000
14130  -55.518  -47.715  24.390 0.0000000000
14129  -54.713  -47.787  24.022 0.0000000000
13006  -54.474  -49.282  22.837 0.0000000000
13566  -52.831  -48.113  22.834 0.0000000000
111682  -52.644  -48.729  22.409 0.0000000000
13015  -52.157  -49.076  22.024 0.0000000000
12485  -51.846  -50.493  21.245 0.0000000000
13030  -51.605  -49.557  21.619 0.0000000000
15961  -60.056  -43.793  28.488 0.0000000000
15291  -60.149  -44.490  28.563 0.0000000000
16663  -61.135  -42.990  26.898 0.0000000000
104249  -61.117  -42.084  26.882 0.0000000000
98055  -57.962  -43.634  27.765 0.0000000000
16662  -58.432  -42.889  27.141 0.0000000000
18050  -58.524  -41.048  25.456 0.0000000000
18035  -59.776  -41.369  26.059 0.0000000000
18052  -61.395  -40.963  25.320 0.0000000000
18057  -60.856  -40.812  24.562 0.0000000000
18056  -59.296  -40.753  24.632 0.0000000000
18818  -56.961  -40.820  23.698 0.0000000000
18819  -57.746  -40.879  23.598 0.0000000000
18065  -56.355  -41.013  23.267 0.0000000000
18085  -57.120  -41.791  22.218 0.0000000000
18084  -55.907  -41.572  22.618 0.0000000000
18042  -49.473  -41.997  25.596 0.0000000000
101166  -50.249  -40.331  25.055 0.0000000000
18789  -50.823  -40.764  25.262 0.0000000000
18790  -51.559  -40.626  25.188 0.0000000000
109353  -52.270  -40.449  25.023 0.0000000000
18804  -51.929  -39.980  24.464 0.0000000000
20319  -48.691  -38.190  23.111 0.0000000000
20311  -49.236  -38.514  23.713 0.0000000000
20320  -49.227  -38.561  22.843 0.0000000000
117107  -51.068  -39.638  22.779 0.0000000000
115376  -51.293  -39.270  23.227 0.0000000000
19564  -51.695  -39.518  23.130 0.0000000000
19565  -52.196  -39.846  23.457 0.0000000000
115387  -53.331  -40.403  23.663 0.0000000000
98620  -52.162  -40.306  22.961 0.0000000000
18104  -52.655  -41.775  21.575 0.0000000000
13553  -57.592  -49.350  24.812 0.0000000000
12993  -57.067  -49.988  24.456 0.0000000000
12462  -56.637  -50.299  23.727 0.0000000000
10928  -55.073  -52.782  21.418 0.0000000000
10927  -54.849  -53.489  21.422 0.0000000000
9761  -54.048  -55.088  20.125 0.0000000000
100884  -52.878  -57.008  20.608 0.0000000000
9206  -53.472  -55.991  19.879 0.0000000000
10366  -54.611  -54.321  18.193 0.0000000000
10354  -54.872  -53.812  18.896 0.0000000000
9774  -54.683  -54.819  17.702 0.0000000000
7743  -53.238  -59.446  17.282 0.0000000000
8205  -54.159  -57.767  16.936 0.0000000000
16017  -53.343  -45.236  22.718 0.0000000000
15374  -52.562  -45.561  22.545 0.0000000000
103453  -50.433  -48.544  21.701 0.0000000000
106102  -50.117  -50.304  21.086 0.0000000000
13029  -50.150  -49.431  21.378 0.0000000000
12008  -47.767  -51.696  19.867 0.0000000000
97111  -48.068  -50.958  20.386 0.0000000000
11493  -48.370  -52.394  19.721 0.0000000000
10952  -48.562  -53.219  19.330 0.0000000000
10362  -48.922  -53.902  19.007 0.0000000000
10961  -48.050  -53.657  18.790 0.0000000000
9792  -47.731  -55.220  16.902 0.0000000000
9797  -48.110  -55.815  16.781 0.0000000000
9252  -47.682  -55.739  16.214 0.0000000000
116612  -58.273  -41.908  21.487 0.0000000000
17381  -60.950  -42.981  19.778 0.0000000000
16716  -59.506  -42.844  20.260 0.0000000000
22724  -47.037  -35.073  21.717 0.0000000000
23516  -47.348  -34.173  21.494 0.0000000000
10900  -54.671  -54.472  24.482 0.0000000000
10942  -52.587  -53.087  19.781 0.0000000000
10364  -51.421  -54.302  19.186 0.0000000000
9783  -51.702  -55.567  18.326 0.0000000000
9231  -50.810  -56.185  18.092 0.0000000000
102231  -50.046  -55.404  18.428 0.0000000000
9782  -49.322  -55.880  17.857 0.0000000000
15338  -60.369  -44.986  25.777 0.0000000000
15977  -60.148  -44.939  24.927 0.0000000000
14732  -59.547  -45.618  24.931 0.0000000000
15997  -57.705  -44.391  23.015 0.0000000000
15986  -58.256  -44.521  23.792 0.0000000000
15985  -57.134  -44.766  24.060 0.0000000000
106478  -54.057  -47.846  23.630 0.0000000000
14144  -54.027  -47.033  23.829 0.0000000000
16631  -59.730  -43.694  28.601 0.0000000000
17333  -56.857  -42.548  26.356 0.0000000000
17334  -57.752  -42.533  26.518 0.0000000000
17349  -57.566  -41.864  25.906 0.0000000000
18796  -57.190  -40.713  24.677 0.0000000000
18809  -56.644  -40.666  24.201 0.0000000000
97466  -55.519  -40.688  23.802 0.0000000000
108316  -47.193  -40.351  25.125 0.0000000000
18787  -48.551  -40.714  25.140 0.0000000000
18802  -49.466  -39.968  24.835 0.0000000000
20324  -49.225  -38.847  21.650 0.0000000000
19570  -50.065  -39.801  21.662 0.0000000000
18821  -50.655  -40.127  22.064 0.0000000000
108251  -51.650  -40.902  22.169 0.0000000000
18834  -51.064  -40.784  21.678 0.0000000000
18102  -51.057  -40.998  20.967 0.0000000000
18118  -51.588  -41.348  20.703 0.0000000000
12461  -56.333  -50.671  23.174 0.0000000000
12474  -56.025  -50.952  22.658 0.0000000000
97725  -55.224  -52.133  21.533 0.0000000000
13050  -46.205  -49.715  20.301 0.0000000000
96683  -46.921  -49.909  20.544 0.0000000000
12505  -47.451  -50.399  20.449 0.0000000000
10372  -47.638  -54.042  18.220 0.0000000000
10385  -47.354  -54.543  17.107 0.0000000000
10399  -47.337  -54.907  16.239 0.0000000000
17364  -62.447  -41.974  22.452 0.0000000000
16689  -61.924  -43.247  22.520 0.0000000000
16707  -62.132  -42.733  21.697 0.0000000000
16688  -61.075  -44.154  20.649 0.0000000000
114104  -60.880  -43.823  19.770 0.0000000000
16022  -60.081  -44.174  20.271 0.0000000000
105492  -58.717  -44.228  22.430 0.0000000000
16019  -56.254  -44.440  22.563 0.0000000000
15950  -57.986  -44.629  29.795 0.0000000000
98722  -56.818  -43.709  27.622 0.0000000000
16660  -56.334  -43.183  26.883 0.0000000000
17332  -55.916  -42.598  26.244 0.0000000000
109291  -54.969  -41.995  25.707 0.0000000000
18047  -54.966  -41.328  25.276 0.0000000000
20313  -47.062  -37.954  23.880 0.0000000000
20314  -47.939  -38.107  23.773 0.0000000000
21125  -47.476  -37.554  23.313 0.0000000000
21129  -47.691  -37.331  22.578 0.0000000000
21130  -48.204  -37.808  22.396 0.0000000000
22725  -47.505  -35.945  21.500 0.0000000000
21891  -47.987  -36.598  21.361 0.0000000000
21134  -48.439  -37.675  21.500 0.0000000000
12487  -54.370  -51.109  21.505 0.0000000000
11466  -54.538  -52.372  20.701 0.0000000000
10943  -54.230  -53.140  19.601 0.0000000000
9773  -54.143  -54.757  17.734 0.0000000000
9233  -54.343  -55.861  17.391 0.0000000000
8216  -54.079  -57.889  16.010 0.0000000000
8766  -51.169  -58.010  16.750 0.0000000000
7778  -50.222  -59.682  15.144 0.0000000000
7788  -49.565  -60.002  14.567 0.0000000000
7777  -49.146  -59.309  14.852 0.0000000000
14093  -58.838  -48.038  26.611 0.0000000000
13530  -57.756  -49.546  25.857 0.0000000000
112458  -58.847  -48.042  25.863 0.0000000000
14113  -58.595  -48.138  25.371 0.0000000000
13554  -58.119  -48.745  25.047 0.0000000000
14715  -58.777  -47.383  24.996 0.0000000000
97096  -57.665  -48.547  24.551 0.0000000000
13570  -56.549  -49.452  23.650 0.0000000000
13007  -55.653  -49.654  22.911 0.0000000000
15988  -61.137  -43.897  23.228 0.0000000000
15350  -57.861  -45.221  24.572 0.0000000000
14131  -56.438  -47.618  24.624 0.0000000000
13550  -55.454  -48.441  23.966 0.0000000000
13018  -55.225  -50.114  22.366 0.0000000000
13017  -54.025  -49.792  22.336 0.0000000000
12471  -53.573  -50.293  21.856 0.0000000000
12486  -53.118  -50.927  21.364 0.0000000000
13016  -53.010  -49.456  22.169 0.0000000000
106000  -52.441  -51.251  20.965 0.0000000000
11977  -51.671  -51.251  20.806 0.0000000000
12508  -50.943  -51.588  20.609 0.0000000000
14080  -58.658  -48.130  27.875 0.0000000000
15290  -59.797  -45.407  29.039 0.0000000000
15311  -60.171  -45.237  27.625 0.0000000000
15324  -60.442  -44.804  26.754 0.0000000000
15970  -60.916  -44.102  26.403 0.0000000000
108749  -61.413  -43.322  25.816 0.0000000000
111225  -61.769  -42.551  25.209 0.0000000000
16630  -58.828  -43.984  28.939 0.0000000000
16646  -60.172  -43.094  27.915 0.0000000000
17318  -59.758  -42.520  27.348 0.0000000000
17319  -60.660  -42.302  27.192 0.0000000000
17350  -61.365  -41.424  25.952 0.0000000000
18053  -61.844  -41.186  24.934 0.0000000000
17354  -62.283  -41.572  23.870 0.0000000000
18069  -62.144  -41.554  23.349 0.0000000000
18088  -61.262  -41.804  21.931 0.0000000000
18811  -58.427  -40.781  23.975 0.0000000000
18067  -58.651  -41.329  22.912 0.0000000000
17379  -56.836  -42.078  21.689 0.0000000000
18043  -50.176  -41.403  25.463 0.0000000000
18044  -51.050  -41.721  25.595 0.0000000000
17344  -52.662  -42.204  25.841 0.0000000000
18045  -53.124  -41.346  25.428 0.0000000000
18791  -52.794  -40.674  25.108 0.0000000000
18792  -53.518  -40.581  24.836 0.0000000000
20310  -48.541  -38.507  24.054 0.0000000000
20316  -49.917  -38.853  23.398 0.0000000000
19558  -50.849  -39.046  23.631 0.0000000000
19553  -51.443  -39.341  23.993 0.0000000000
19554  -52.184  -39.736  23.762 0.0000000000
18806  -53.768  -40.306  24.203 0.0000000000
18815  -53.859  -40.409  23.848 0.0000000000
18816  -54.651  -40.698  23.644 0.0000000000
18081  -52.327  -41.227  22.288 0.0000000000
18082  -53.203  -41.437  22.464 0.0000000000
18064  -54.772  -41.308  22.867 0.0000000000
17377  -54.509  -41.792  22.153 0.0000000000
17392  -54.824  -42.065  21.428 0.0000000000
12445  -56.564  -50.930  25.027 0.0000000000
12444  -56.307  -51.364  24.446 0.0000000000
11459  -55.518  -52.565  23.540 0.0000000000
10917  -54.795  -53.658  22.690 0.0000000000
9748  -53.126  -56.714  21.818 0.0000000000
10944  -54.930  -53.404  19.957 0.0000000000
9207  -54.548  -55.157  18.319 0.0000000000
99613  -54.327  -56.144  17.420 0.0000000000
105139  -53.888  -56.310  18.612 0.0000000000
17395  -59.865  -42.563  20.068 0.0000000000
16034  -56.664  -44.365  21.645 0.0000000000
98015  -55.314  -44.432  22.094 0.0000000000
15355  -53.767  -45.611  23.285 0.0000000000
14737  -52.761  -46.388  23.033 0.0000000000
14142  -52.262  -47.205  22.783 0.0000000000
14746  -51.460  -46.699  22.391 0.0000000000
114272  -51.678  -47.448  22.455 0.0000000000
13575  -51.349  -48.715  21.913 0.0000000000
96553  -50.919  -49.953  21.314 0.0000000000
98933  -50.059  -51.858  20.431 0.0000000000
12506  -48.290  -50.181  20.794 0.0000000000
12482  -48.949  -49.880  21.033 0.0000000000
12483  -49.528  -49.903  21.139 0.0000000000
97176  -49.146  -50.669  20.755 0.0000000000
11481  -49.281  -52.120  20.137 0.0000000000
10953  -49.331  -53.446  19.414 0.0000000000
9781  -48.792  -55.136  18.148 0.0000000000
9241  -48.746  -56.214  17.145 0.0000000000
9793  -48.353  -55.516  17.416 0.0000000000
8764  -48.691  -57.219  16.174 0.0000000000
8229  -53.487  -58.499  15.640 0.0000000000
9219  -54.502  -55.398  17.603 0.0000000000
10340  -54.555  -54.227  21.419 0.0000000000
10954  -50.059  -53.233  19.659 0.0000000000
10959  -46.917  -53.049  18.150 0.0000000000
11458  -55.138  -53.044  22.903 0.0000000000
11467  -54.949  -52.375  20.962 0.0000000000
11500  -46.714  -52.861  17.516 0.0000000000
11969  -55.781  -51.522  22.446 0.0000000000
12000  -49.438  -51.462  20.484 0.0000000000
12433  -56.296  -51.283  26.317 0.0000000000
12472  -54.756  -50.588  21.912 0.0000000000
12504  -46.633  -50.435  20.038 0.0000000000
12981  -57.250  -50.180  25.721 0.0000000000
13008  -56.383  -49.915  23.174 0.0000000000
13507  -58.479  -48.595  26.317 0.0000000000
13552  -57.076  -49.158  24.112 0.0000000000
13567  -53.739  -48.402  23.199 0.0000000000
13569  -56.035  -49.227  23.445 0.0000000000
15354  -53.161  -45.786  23.038 0.0000000000
15994  -54.042  -44.987  22.961 0.0000000000
16000  -61.580  -43.672  21.599 0.0000000000
16678  -61.804  -43.270  23.619 0.0000000000
16690  -62.417  -42.381  22.928 0.0000000000
17337  -61.034  -41.671  26.705 0.0000000000
17343  -50.882  -42.491  26.167 0.0000000000
17347  -55.537  -41.972  25.675 0.0000000000
17351  -61.957  -41.658  25.075 0.0000000000
17383  -62.062  -42.407  21.316 0.0000000000
18036  -60.911  -41.227  26.183 0.0000000000
18046  -54.013  -41.289  25.302 0.0000000000
18055  -58.046  -40.692  24.661 0.0000000000
18068  -61.424  -41.278  23.422 0.0000000000
18083  -53.989  -41.470  22.552 0.0000000000
18786  -47.717  -40.785  25.254 0.0000000000
18801  -48.722  -39.765  24.743 0.0000000000
18803  -51.096  -39.989  24.711 0.0000000000
18807  -54.778  -40.473  24.137 0.0000000000
18817  -56.232  -40.708  23.856 0.0000000000
19563  -50.445  -39.336  22.738 0.0000000000
19569  -49.638  -39.433  21.370 0.0000000000
20315  -48.559  -38.232  23.619 0.0000000000
21133  -47.977  -37.219  21.782 0.0000000000
21896  -48.561  -36.618  20.901 0.0000000000
97515  -52.888  -40.300  23.452 0.0000000000
102263  -47.562  -52.270  19.392 0.0000000000
112772  -47.390  -54.216  17.711 0.0000000000
114570  -57.681  -40.783  25.048 0.0000000000
115918  -52.894  -40.755  22.989 0.0000000000
116130  -51.652  -51.734  20.568 0.0000000000
116633  -53.590  -57.787  18.089 0.0000000000
