#!ascii label  , from subject sub-v1s16x0051196_ses-1 vox2ras=TkReg
296
9677  38.547  -56.853  28.165 0.0000000000
6423  31.019  -62.699  28.761 0.0000000000
8286  35.552  -59.687  33.208 0.0000000000
7036  37.902  -61.919  28.139 0.0000000000
4678  34.331  -65.607  33.771 0.0000000000
6338  36.339  -63.187  35.351 0.0000000000
5238  32.803  -65.238  34.410 0.0000000000
7673  34.737  -60.664  29.244 0.0000000000
9018  37.115  -58.835  27.039 0.0000000000
8963  36.601  -58.541  30.556 0.0000000000
6977  38.316  -61.783  32.052 0.0000000000
97036  35.490  -62.397  31.407 0.0000000000
5810  32.479  -63.900  30.755 0.0000000000
3685  32.817  -67.942  31.014 0.0000000000
110281  36.441  -53.751  28.410 0.0000000000
10373  35.078  -56.011  29.891 0.0000000000
96686  33.328  -57.603  32.612 0.0000000000
7745  41.651  -61.815  25.818 0.0000000000
6341  32.995  -63.165  34.248 0.0000000000
7016  32.526  -61.478  29.761 0.0000000000
8344  34.255  -59.473  28.528 0.0000000000
8301  36.824  -59.680  31.859 0.0000000000
7619  37.294  -60.891  33.267 0.0000000000
5772  35.609  -64.447  34.905 0.0000000000
6363  36.879  -63.262  33.781 0.0000000000
5785  34.490  -63.959  32.897 0.0000000000
6378  33.858  -62.535  31.729 0.0000000000
5259  33.420  -65.151  31.990 0.0000000000
4154  31.713  -66.855  29.467 0.0000000000
11040  33.212  -55.226  31.543 0.0000000000
10357  34.248  -56.403  30.989 0.0000000000
11031  32.320  -55.486  32.636 0.0000000000
7035  39.464  -62.047  28.464 0.0000000000
7725  40.014  -61.370  26.629 0.0000000000
9720  37.207  -57.375  26.315 0.0000000000
9058  39.338  -58.237  25.642 0.0000000000
7609  34.716  -60.606  34.371 0.0000000000
6957  36.564  -61.672  34.759 0.0000000000
101453  34.634  -62.490  35.226 0.0000000000
5227  34.238  -64.698  35.123 0.0000000000
99856  34.036  -65.954  34.453 0.0000000000
7038  36.200  -61.401  28.920 0.0000000000
7708  37.503  -60.667  27.542 0.0000000000
104471  36.214  -59.608  27.829 0.0000000000
9019  35.780  -58.326  27.440 0.0000000000
105700  30.348  -63.284  27.844 0.0000000000
96531  37.722  -58.259  29.401 0.0000000000
6993  39.097  -61.606  30.069 0.0000000000
99223  38.402  -62.589  29.965 0.0000000000
6349  37.776  -62.495  33.610 0.0000000000
6391  37.407  -62.731  31.141 0.0000000000
104368  37.119  -62.519  29.952 0.0000000000
6995  35.147  -61.809  30.341 0.0000000000
6997  32.948  -61.737  30.311 0.0000000000
5826  31.780  -63.283  29.792 0.0000000000
4131  33.331  -67.399  31.628 0.0000000000
4693  32.482  -65.758  30.351 0.0000000000
105574  31.876  -65.315  29.771 0.0000000000
5307  31.128  -64.393  28.808 0.0000000000
11751  38.146  -54.471  27.806 0.0000000000
11075  37.366  -55.544  28.373 0.0000000000
11727  36.109  -54.535  28.711 0.0000000000
10371  36.463  -56.646  29.315 0.0000000000
9653  35.889  -57.152  29.917 0.0000000000
9622  34.974  -57.942  31.510 0.0000000000
8942  34.135  -58.791  32.869 0.0000000000
9613  32.808  -57.407  32.695 0.0000000000
102438  33.966  -59.617  33.368 0.0000000000
8405  40.196  -60.201  25.705 0.0000000000
114370  38.604  -56.228  27.929 0.0000000000
109490  39.952  -56.389  27.545 0.0000000000
106569  39.399  -57.067  27.810 0.0000000000
7017  31.922  -61.853  29.473 0.0000000000
7692  32.311  -60.400  29.000 0.0000000000
8285  36.533  -60.060  32.751 0.0000000000
7607  36.270  -60.422  33.666 0.0000000000
5246  34.696  -64.780  33.741 0.0000000000
5784  35.424  -64.419  34.003 0.0000000000
98085  33.724  -64.158  32.261 0.0000000000
98674  33.854  -65.794  32.909 0.0000000000
100963  31.095  -68.720  28.643 0.0000000000
6440  39.101  -62.206  28.340 0.0000000000
7050  39.499  -61.898  27.856 0.0000000000
7706  39.234  -61.570  27.237 0.0000000000
10420  38.330  -56.934  25.715 0.0000000000
6949  34.941  -61.604  35.090 0.0000000000
6950  34.044  -62.062  34.580 0.0000000000
5760  32.566  -64.154  34.230 0.0000000000
5759  33.606  -64.002  34.766 0.0000000000
5228  33.583  -65.021  34.792 0.0000000000
104702  34.375  -65.334  34.912 0.0000000000
4661  33.563  -65.950  34.494 0.0000000000
7672  35.575  -60.777  28.857 0.0000000000
7689  36.371  -60.930  28.453 0.0000000000
7690  34.888  -60.099  28.733 0.0000000000
8994  34.603  -58.862  28.136 0.0000000000
9020  34.998  -58.254  27.715 0.0000000000
9701  35.358  -57.611  27.298 0.0000000000
8975  36.937  -58.037  29.829 0.0000000000
8962  37.399  -58.853  30.163 0.0000000000
6388  38.976  -62.303  30.014 0.0000000000
6389  38.454  -62.482  30.737 0.0000000000
6337  36.954  -62.693  34.993 0.0000000000
6956  37.400  -62.276  34.286 0.0000000000
6350  37.308  -62.840  34.232 0.0000000000
100260  36.139  -62.931  32.562 0.0000000000
109578  37.162  -62.932  32.882 0.0000000000
6376  36.797  -62.749  31.899 0.0000000000
6392  36.275  -62.418  30.724 0.0000000000
6406  36.108  -62.114  29.838 0.0000000000
5809  32.959  -62.958  31.222 0.0000000000
6394  33.413  -62.112  30.903 0.0000000000
6395  32.726  -62.439  30.534 0.0000000000
6407  32.225  -62.362  29.941 0.0000000000
114095  32.034  -63.862  30.141 0.0000000000
1870  30.385  -70.961  30.350 0.0000000000
2703  32.500  -69.196  30.512 0.0000000000
2692  32.499  -69.438  31.030 0.0000000000
3169  33.276  -68.096  31.810 0.0000000000
111842  34.162  -68.130  32.020 0.0000000000
4687  32.998  -66.050  31.268 0.0000000000
3673  33.120  -67.477  31.312 0.0000000000
105699  31.977  -66.369  29.716 0.0000000000
4708  31.345  -65.971  29.134 0.0000000000
100977  31.416  -65.194  29.205 0.0000000000
5308  30.882  -65.195  28.534 0.0000000000
98503  38.188  -52.665  27.838 0.0000000000
95860  37.736  -53.864  27.884 0.0000000000
97139  38.080  -55.216  27.964 0.0000000000
12377  36.943  -54.204  28.291 0.0000000000
11055  34.787  -55.191  29.763 0.0000000000
11728  35.222  -54.505  29.194 0.0000000000
100196  35.569  -55.252  29.273 0.0000000000
107804  36.205  -55.317  28.898 0.0000000000
10372  35.702  -56.527  29.717 0.0000000000
9652  36.542  -57.399  29.661 0.0000000000
10341  33.473  -57.027  32.284 0.0000000000
9635  34.558  -57.240  31.290 0.0000000000
9623  34.049  -57.715  32.160 0.0000000000
8953  34.489  -58.379  32.305 0.0000000000
9611  33.701  -58.099  32.667 0.0000000000
8955  31.949  -58.034  31.544 0.0000000000
8954  32.610  -58.144  32.139 0.0000000000
8943  33.623  -58.466  32.725 0.0000000000
8362  37.706  -59.802  27.108 0.0000000000
110997  38.391  -59.978  26.753 0.0000000000
8387  38.851  -59.677  26.293 0.0000000000
102527  40.153  -58.259  25.462 0.0000000000
7674  33.771  -60.620  29.460 0.0000000000
7691  34.021  -60.093  28.957 0.0000000000
8318  37.091  -59.304  30.986 0.0000000000
8333  37.909  -59.681  30.665 0.0000000000
8300  37.653  -60.112  31.500 0.0000000000
7618  38.020  -61.443  32.792 0.0000000000
5771  36.160  -63.964  35.257 0.0000000000
6351  36.738  -63.350  34.803 0.0000000000
5783  36.261  -63.988  34.441 0.0000000000
6364  35.601  -63.540  33.176 0.0000000000
6377  34.881  -62.649  32.050 0.0000000000
6365  34.420  -63.083  32.382 0.0000000000
5797  33.699  -63.299  32.029 0.0000000000
5798  33.108  -64.004  31.546 0.0000000000
105132  32.372  -67.175  30.222 0.0000000000
3686  32.132  -67.793  29.817 0.0000000000
3695  31.370  -67.403  29.039 0.0000000000
113418  34.379  -55.682  30.399 0.0000000000
11039  33.732  -55.741  31.188 0.0000000000
10342  33.365  -56.280  31.946 0.0000000000
10343  32.364  -56.464  32.774 0.0000000000
7724  40.917  -61.698  26.514 0.0000000000
8385  40.629  -61.309  26.075 0.0000000000
9042  37.621  -58.190  26.460 0.0000000000
9041  38.570  -58.506  26.069 0.0000000000
111227  38.671  -57.661  25.777 0.0000000000
9741  39.145  -57.198  25.577 0.0000000000
7608  35.246  -60.171  34.101 0.0000000000
114050  36.091  -60.823  34.402 0.0000000000
7596  35.551  -61.098  34.795 0.0000000000
6339  35.453  -62.714  35.428 0.0000000000
6327  34.911  -63.363  35.466 0.0000000000
5741  35.698  -63.743  35.532 0.0000000000
5226  34.997  -64.890  35.056 0.0000000000
4670  34.426  -65.482  34.531 0.0000000000
7037  37.010  -61.789  28.640 0.0000000000
109820  37.691  -61.348  27.779 0.0000000000
7688  37.161  -61.188  28.052 0.0000000000
8363  36.900  -59.689  27.491 0.0000000000
103883  36.302  -58.982  27.454 0.0000000000
8343  34.998  -59.491  28.360 0.0000000000
8364  35.504  -59.081  27.877 0.0000000000
112196  36.423  -58.342  27.175 0.0000000000
9043  36.816  -57.930  26.770 0.0000000000
9721  36.462  -57.205  26.609 0.0000000000
6424  30.576  -62.722  28.135 0.0000000000
9650  38.086  -57.609  28.711 0.0000000000
8993  38.905  -57.764  28.295 0.0000000000
8974  38.518  -58.480  28.921 0.0000000000
6419  39.051  -62.401  28.861 0.0000000000
6420  38.556  -62.388  28.689 0.0000000000
6964  38.130  -62.155  32.986 0.0000000000
6362  37.585  -62.836  33.378 0.0000000000
6375  37.669  -62.771  32.325 0.0000000000
102321  38.017  -62.679  31.387 0.0000000000
6390  37.964  -62.710  30.419 0.0000000000
6405  38.045  -62.606  29.459 0.0000000000
6422  37.284  -62.319  29.164 0.0000000000
7012  36.532  -61.989  29.270 0.0000000000
7013  35.548  -61.423  29.428 0.0000000000
7014  34.464  -61.140  29.787 0.0000000000
6393  34.443  -62.038  31.150 0.0000000000
6996  33.977  -61.512  30.413 0.0000000000
7015  33.395  -61.119  29.930 0.0000000000
6408  31.561  -62.564  29.368 0.0000000000
4102  33.446  -66.547  33.907 0.0000000000
2251  31.793  -69.884  30.845 0.0000000000
4130  33.901  -67.844  32.078 0.0000000000
4686  33.468  -66.513  32.177 0.0000000000
5274  32.700  -64.920  31.003 0.0000000000
4151  32.469  -66.578  30.288 0.0000000000
4703  32.144  -65.984  29.833 0.0000000000
5292  32.135  -64.689  30.255 0.0000000000
5293  31.632  -64.337  29.566 0.0000000000
5827  31.270  -63.472  29.146 0.0000000000
100754  30.698  -64.419  28.275 0.0000000000
95612  39.906  -53.515  27.430 0.0000000000
95611  38.889  -53.529  27.569 0.0000000000
11750  38.793  -54.755  27.634 0.0000000000
10391  38.020  -56.117  28.142 0.0000000000
12348  34.633  -53.795  29.283 0.0000000000
11076  36.791  -55.025  28.526 0.0000000000
11053  36.646  -55.818  28.810 0.0000000000
10369  37.797  -56.871  28.544 0.0000000000
9651  37.250  -57.314  29.161 0.0000000000
9633  36.215  -57.805  30.253 0.0000000000
10356  35.161  -56.813  30.369 0.0000000000
9634  35.447  -57.526  30.683 0.0000000000
8964  35.808  -58.244  30.976 0.0000000000
8951  36.263  -58.951  31.364 0.0000000000
8941  34.975  -59.057  32.634 0.0000000000
8287  34.644  -59.453  33.352 0.0000000000
8288  34.036  -59.206  33.134 0.0000000000
7707  38.332  -60.745  27.071 0.0000000000
8386  39.695  -60.477  26.125 0.0000000000
8404  40.928  -60.919  25.699 0.0000000000
9057  39.930  -59.142  25.555 0.0000000000
9056  40.753  -59.675  25.480 0.0000000000
1869  31.093  -70.470  30.623 0.0000000000
2691  32.744  -68.846  31.190 0.0000000000
3187  32.757  -68.668  30.951 0.0000000000
3205  31.638  -68.317  29.265 0.0000000000
4141  32.849  -66.670  30.860 0.0000000000
4649  34.915  -64.664  35.310 0.0000000000
4672  32.525  -65.904  34.069 0.0000000000
4704  31.731  -65.781  29.520 0.0000000000
5237  34.910  -64.893  34.474 0.0000000000
5247  34.096  -64.853  32.927 0.0000000000
5742  35.204  -64.138  35.549 0.0000000000
5743  34.489  -64.020  35.298 0.0000000000
5758  35.497  -64.385  35.399 0.0000000000
5843  30.760  -63.573  28.411 0.0000000000
5862  30.325  -63.986  27.852 0.0000000000
6360  38.180  -62.474  32.252 0.0000000000
6361  38.028  -62.647  32.988 0.0000000000
6421  37.758  -62.334  28.758 0.0000000000
6948  36.066  -62.127  35.311 0.0000000000
7039  32.043  -61.145  29.249 0.0000000000
7051  38.838  -62.032  27.957 0.0000000000
7052  38.265  -61.462  27.581 0.0000000000
7064  40.169  -61.644  27.256 0.0000000000
7675  32.829  -60.770  29.493 0.0000000000
7709  36.633  -60.347  27.944 0.0000000000
7710  35.746  -60.028  28.334 0.0000000000
7726  39.070  -60.733  26.599 0.0000000000
8302  35.929  -59.306  32.267 0.0000000000
8388  38.041  -59.121  26.638 0.0000000000
8944  33.170  -58.185  32.649 0.0000000000
8952  35.394  -58.650  31.790 0.0000000000
9040  39.423  -59.365  25.817 0.0000000000
9700  36.108  -57.717  27.059 0.0000000000
9719  37.993  -57.555  26.014 0.0000000000
9740  39.900  -57.243  25.464 0.0000000000
10370  37.230  -56.393  28.689 0.0000000000
10422  36.799  -56.641  26.242 0.0000000000
11030  33.002  -55.816  32.165 0.0000000000
11054  35.955  -55.927  29.314 0.0000000000
11056  34.019  -55.056  30.452 0.0000000000
11752  37.501  -54.730  28.159 0.0000000000
94135  33.360  -62.469  34.261 0.0000000000
97433  38.673  -62.539  29.353 0.0000000000
98417  31.399  -61.797  28.854 0.0000000000
100699  32.336  -63.121  30.377 0.0000000000
106718  39.577  -54.381  27.442 0.0000000000
108903  33.389  -54.666  30.851 0.0000000000
109787  38.393  -62.305  31.533 0.0000000000
113374  39.038  -62.378  29.364 0.0000000000
113390  39.616  -57.707  25.532 0.0000000000
