#!ascii label  , from subject sub-v1s16x0051196_ses-1 vox2ras=TkReg
232
52322  29.151  -6.677  -8.783 0.0000000000
47237  23.777  -12.503  -2.970 0.0000000000
55795  29.885  -3.440  -12.592 0.0000000000
62923  33.145  5.757  -17.146 0.0000000000
45489  22.255  -14.019  -1.848 0.0000000000
56753  31.944  -2.003  -13.506 0.0000000000
59205  32.656  1.683  -12.535 0.0000000000
51405  25.745  -7.570  -7.543 0.0000000000
49315  26.365  -9.702  -5.894 0.0000000000
50426  29.046  -8.216  -6.080 0.0000000000
99534  32.319  -5.646  -10.139 0.0000000000
51384  32.322  -7.581  -6.871 0.0000000000
54137  29.862  -5.315  -10.307 0.0000000000
54184  32.892  -4.945  -14.442 0.0000000000
61415  31.604  3.908  -15.317 0.0000000000
102445  33.390  3.757  -12.627 0.0000000000
48185  26.140  -11.273  -3.162 0.0000000000
57643  30.690  -0.662  -14.414 0.0000000000
59214  31.713  1.156  -13.757 0.0000000000
52306  27.252  -7.103  -8.072 0.0000000000
51389  27.676  -8.217  -7.457 0.0000000000
102842  28.839  -7.707  -7.356 0.0000000000
46332  22.914  -13.454  -2.177 0.0000000000
54957  29.785  -4.416  -11.919 0.0000000000
54152  30.571  -5.185  -12.046 0.0000000000
54977  30.289  -4.127  -14.208 0.0000000000
57630  33.325  -0.530  -11.583 0.0000000000
55806  33.328  -1.997  -12.474 0.0000000000
95910  33.227  4.610  -19.962 0.0000000000
61422  30.668  3.997  -16.143 0.0000000000
62149  31.820  4.728  -16.327 0.0000000000
62136  35.722  5.116  -15.015 0.0000000000
105049  34.899  5.269  -13.291 0.0000000000
62129  33.605  5.145  -13.930 0.0000000000
61395  33.889  4.564  -12.624 0.0000000000
61384  34.183  4.154  -11.991 0.0000000000
49301  26.637  -9.806  -4.990 0.0000000000
48212  26.184  -10.397  -4.502 0.0000000000
45480  21.727  -14.347  -1.201 0.0000000000
55818  30.190  -3.086  -14.629 0.0000000000
100942  30.022  -1.288  -14.945 0.0000000000
57631  32.259  -0.581  -12.945 0.0000000000
98902  33.371  1.030  -11.340 0.0000000000
49329  24.529  -9.394  -6.669 0.0000000000
50429  25.774  -9.049  -7.112 0.0000000000
50415  27.673  -8.847  -6.136 0.0000000000
50404  28.863  -8.825  -4.880 0.0000000000
53312  30.517  -6.077  -9.399 0.0000000000
52302  30.867  -6.670  -7.908 0.0000000000
52319  32.659  -6.534  -8.806 0.0000000000
99957  27.246  -5.823  -8.423 0.0000000000
54123  28.359  -5.363  -9.039 0.0000000000
53332  29.485  -5.801  -9.717 0.0000000000
53345  31.456  -5.319  -10.850 0.0000000000
53352  33.166  -5.515  -12.656 0.0000000000
53359  34.886  -6.167  -13.327 0.0000000000
54975  32.697  -3.589  -14.155 0.0000000000
55815  34.545  -3.571  -13.035 0.0000000000
110599  31.710  3.238  -14.513 0.0000000000
62138  33.453  5.466  -15.428 0.0000000000
61414  32.820  4.611  -14.436 0.0000000000
61404  32.298  3.837  -14.403 0.0000000000
60685  31.951  2.818  -14.149 0.0000000000
59954  33.106  3.003  -12.430 0.0000000000
59940  33.301  2.419  -11.896 0.0000000000
47252  23.495  -12.187  -3.837 0.0000000000
49303  25.055  -10.433  -5.483 0.0000000000
51386  30.209  -7.585  -6.513 0.0000000000
49313  30.576  -8.412  -5.002 0.0000000000
59215  30.145  0.577  -15.354 0.0000000000
59222  31.054  1.462  -14.702 0.0000000000
111271  28.532  -7.070  -8.417 0.0000000000
51402  28.219  -7.694  -7.859 0.0000000000
52304  28.950  -7.249  -8.039 0.0000000000
44655  20.871  -14.907  0.102 0.0000000000
44669  21.301  -14.609  -0.486 0.0000000000
112105  23.518  -12.948  -2.335 0.0000000000
54958  29.731  -3.504  -11.016 0.0000000000
54968  29.949  -4.293  -13.184 0.0000000000
58426  33.578  0.301  -10.903 0.0000000000
62928  33.747  5.949  -18.106 0.0000000000
62170  33.127  5.283  -18.806 0.0000000000
62157  31.750  5.068  -16.940 0.0000000000
62156  32.848  5.515  -16.525 0.0000000000
61394  34.691  4.945  -12.376 0.0000000000
48210  27.934  -9.826  -3.886 0.0000000000
48211  27.017  -10.060  -4.167 0.0000000000
46344  22.194  -12.968  -3.396 0.0000000000
102396  29.842  -1.549  -14.812 0.0000000000
58448  31.197  0.208  -14.230 0.0000000000
98947  32.016  0.021  -13.173 0.0000000000
103151  32.943  0.207  -12.007 0.0000000000
58436  32.520  0.871  -12.571 0.0000000000
62933  33.203  5.378  -18.783 0.0000000000
50440  25.302  -8.312  -7.275 0.0000000000
50439  26.238  -8.423  -7.427 0.0000000000
51388  28.315  -8.275  -6.830 0.0000000000
50427  27.367  -8.756  -7.006 0.0000000000
50405  27.976  -9.048  -5.225 0.0000000000
50414  28.520  -8.566  -5.716 0.0000000000
52337  31.831  -6.012  -9.354 0.0000000000
52320  31.311  -6.360  -8.656 0.0000000000
53316  26.326  -5.753  -8.138 0.0000000000
54139  28.731  -4.742  -9.352 0.0000000000
53331  29.982  -5.760  -9.991 0.0000000000
54136  30.359  -5.296  -10.746 0.0000000000
54163  31.585  -5.121  -13.193 0.0000000000
53361  33.002  -5.336  -13.518 0.0000000000
53360  34.284  -6.084  -13.431 0.0000000000
53367  33.585  -5.390  -14.123 0.0000000000
55817  31.398  -2.872  -14.104 0.0000000000
55824  31.228  -3.736  -14.397 0.0000000000
110563  32.621  -2.595  -13.489 0.0000000000
55816  33.610  -2.918  -13.194 0.0000000000
104763  35.076  -4.545  -13.055 0.0000000000
61416  29.955  3.462  -15.893 0.0000000000
60698  30.910  3.284  -15.259 0.0000000000
60693  30.523  2.632  -15.205 0.0000000000
62137  34.125  5.529  -14.757 0.0000000000
103656  35.094  5.617  -15.458 0.0000000000
111172  33.293  5.167  -14.720 0.0000000000
61403  33.274  4.449  -13.445 0.0000000000
60692  32.630  3.573  -13.591 0.0000000000
60684  32.708  3.122  -13.058 0.0000000000
60672  33.724  3.351  -11.803 0.0000000000
109393  33.959  2.985  -10.984 0.0000000000
47262  23.202  -11.949  -4.653 0.0000000000
49328  25.253  -9.498  -6.666 0.0000000000
49317  24.552  -9.992  -6.213 0.0000000000
49316  25.536  -9.893  -6.059 0.0000000000
48199  25.610  -11.065  -4.070 0.0000000000
104228  25.486  -10.637  -4.830 0.0000000000
102148  24.787  -11.436  -3.984 0.0000000000
51399  31.581  -7.046  -7.239 0.0000000000
51400  30.518  -7.108  -7.198 0.0000000000
51385  31.276  -7.446  -6.513 0.0000000000
57644  29.978  -0.900  -15.061 0.0000000000
58449  30.074  -0.141  -15.110 0.0000000000
52307  26.284  -6.755  -7.863 0.0000000000
51404  26.715  -7.704  -7.731 0.0000000000
51403  27.508  -7.762  -7.848 0.0000000000
51387  29.267  -7.851  -6.650 0.0000000000
45479  22.763  -14.129  -1.043 0.0000000000
45488  23.078  -13.726  -1.552 0.0000000000
45478  23.723  -13.688  -0.916 0.0000000000
53329  33.623  -6.018  -10.726 0.0000000000
52336  33.203  -6.241  -9.690 0.0000000000
54942  29.167  -4.073  -9.659 0.0000000000
54154  29.680  -4.530  -10.511 0.0000000000
54153  30.000  -4.945  -11.360 0.0000000000
54164  30.017  -4.808  -12.416 0.0000000000
54174  30.402  -4.805  -13.281 0.0000000000
54185  31.797  -4.703  -14.330 0.0000000000
56744  32.694  -1.256  -12.617 0.0000000000
56743  33.532  -1.271  -11.712 0.0000000000
98632  35.007  5.355  -14.366 0.0000000000
62128  34.325  5.355  -13.837 0.0000000000
62122  34.065  5.110  -13.144 0.0000000000
49302  25.865  -10.138  -5.290 0.0000000000
48198  26.577  -10.697  -3.695 0.0000000000
45481  20.557  -14.338  -1.207 0.0000000000
45490  21.185  -14.183  -2.038 0.0000000000
46333  21.927  -13.607  -2.654 0.0000000000
46343  22.893  -13.026  -2.835 0.0000000000
47238  22.985  -12.669  -3.465 0.0000000000
56745  29.689  -2.404  -13.891 0.0000000000
55807  29.860  -3.386  -14.210 0.0000000000
56755  29.853  -2.646  -14.698 0.0000000000
56754  30.179  -2.092  -14.701 0.0000000000
97828  31.224  -1.353  -13.996 0.0000000000
101498  33.059  4.365  -20.326 0.0000000000
50430  24.904  -8.949  -7.000 0.0000000000
50417  26.098  -9.480  -6.654 0.0000000000
50428  26.605  -9.017  -7.128 0.0000000000
50416  26.875  -9.275  -6.505 0.0000000000
49314  27.148  -9.373  -5.596 0.0000000000
49300  27.487  -9.554  -4.709 0.0000000000
49299  28.401  -9.382  -4.444 0.0000000000
52321  30.114  -6.457  -8.738 0.0000000000
52303  29.797  -6.879  -8.010 0.0000000000
52301  32.058  -6.761  -8.001 0.0000000000
100949  32.520  -7.233  -7.554 0.0000000000
52318  33.764  -7.167  -9.638 0.0000000000
51416  33.400  -7.372  -8.567 0.0000000000
51398  33.264  -8.106  -7.863 0.0000000000
52325  26.994  -6.410  -8.189 0.0000000000
52324  27.701  -6.556  -8.470 0.0000000000
52323  28.498  -6.545  -8.769 0.0000000000
54124  27.511  -5.048  -8.609 0.0000000000
110448  28.641  -6.025  -9.134 0.0000000000
53314  29.050  -6.217  -9.316 0.0000000000
53313  29.590  -6.171  -9.395 0.0000000000
53330  31.052  -5.573  -10.029 0.0000000000
54151  32.128  -5.307  -11.808 0.0000000000
108626  32.634  -5.462  -10.901 0.0000000000
53344  33.693  -5.917  -11.859 0.0000000000
53351  34.768  -6.453  -12.735 0.0000000000
54984  30.405  -3.712  -14.480 0.0000000000
54976  31.028  -4.328  -14.475 0.0000000000
54983  32.159  -4.388  -14.455 0.0000000000
54974  33.973  -3.911  -14.132 0.0000000000
99683  33.417  -4.547  -14.432 0.0000000000
54973  34.557  -4.406  -13.839 0.0000000000
59959  31.003  2.073  -14.998 0.0000000000
106048  33.590  5.830  -16.101 0.0000000000
62148  32.889  5.293  -15.943 0.0000000000
62139  32.448  4.718  -15.421 0.0000000000
59941  32.296  2.242  -13.332 0.0000000000
59204  33.186  1.610  -11.770 0.0000000000
59929  33.725  2.008  -10.861 0.0000000000
48226  24.139  -10.727  -5.606 0.0000000000
48213  24.711  -11.076  -4.787 0.0000000000
48200  24.034  -11.599  -4.267 0.0000000000
47251  24.352  -11.882  -3.507 0.0000000000
51401  29.563  -7.378  -7.289 0.0000000000
50425  29.900  -8.084  -5.893 0.0000000000
51379  30.978  -7.955  -5.824 0.0000000000
50413  29.408  -8.420  -5.330 0.0000000000
49298  29.712  -8.756  -4.674 0.0000000000
51390  27.051  -8.397  -7.495 0.0000000000
52305  27.972  -7.198  -8.341 0.0000000000
53315  28.037  -5.952  -8.791 0.0000000000
53333  28.958  -5.675  -9.470 0.0000000000
54138  29.361  -5.088  -9.794 0.0000000000
54170  34.684  -5.414  -13.854 0.0000000000
54171  34.368  -5.755  -13.874 0.0000000000
54172  32.237  -5.059  -14.104 0.0000000000
54173  31.043  -4.805  -14.104 0.0000000000
54182  34.179  -4.742  -14.353 0.0000000000
54183  33.939  -5.250  -14.429 0.0000000000
55819  29.989  -3.333  -14.629 0.0000000000
113076  34.238  -6.333  -12.881 0.0000000000
