#!ascii label  , from subject sub-v1s16x0051187_ses-1 vox2ras=TkReg
826
55679  17.344  2.338  -2.486 0.2500000000
54754  17.839  1.487  -2.690 0.7500000000
57490  14.831  4.989  -2.105 0.2500000000
57502  15.227  4.484  -2.038 0.1250000000
57507  15.550  4.920  -2.789 0.3750000000
56600  16.511  3.705  -2.274 0.2500000000
56590  16.841  3.042  -1.960 0.2500000000
55684  17.470  2.788  -3.464 0.7500000000
118385  17.110  2.863  -2.655 0.3750000000
112849  18.574  1.293  -3.450 0.8750000000
55683  18.025  2.026  -3.445 0.8750000000
54761  19.248  1.090  -4.275 0.8750000000
57506  15.902  4.228  -2.440 0.3750000000
56607  16.605  3.995  -3.125 0.3750000000
56606  17.145  3.536  -3.886 0.8750000000
56599  16.927  3.326  -2.827 0.7500000000
111456  19.176  1.187  -6.539 1.0000000000
55691  18.850  2.320  -5.283 1.0000000000
104548  18.285  2.521  -4.356 0.8750000000
54770  19.316  1.501  -5.406 1.0000000000
54769  19.433  0.496  -6.167 1.0000000000
58383  14.433  5.687  -2.147 0.2500000000
102997  16.179  4.681  -3.474 0.7500000000
57513  16.764  4.341  -4.453 0.8750000000
56611  17.447  3.803  -4.967 0.8750000000
107023  19.282  1.658  -6.718 1.0000000000
55695  18.910  2.913  -6.059 1.0000000000
116347  18.228  3.504  -5.714 1.0000000000
52924  20.252  -0.613  -7.302 1.0000000000
54775  19.318  0.525  -6.794 1.0000000000
53913  19.430  -0.616  -6.862 1.0000000000
99323  13.627  5.812  -1.196 0.1250000000
58382  14.836  5.198  -2.315 0.6250000000
116549  17.285  4.416  -5.386 1.0000000000
104817  15.792  5.352  -3.713 0.8750000000
56617  17.804  4.164  -5.755 1.0000000000
54780  20.632  1.772  -7.367 1.0000000000
55707  19.757  2.499  -6.978 1.0000000000
108005  19.337  2.826  -6.730 1.0000000000
55702  18.866  3.560  -6.668 1.0000000000
54779  21.514  1.042  -7.451 1.0000000000
54781  19.612  1.295  -7.086 1.0000000000
53914  24.081  -0.120  -6.462 1.0000000000
53917  21.975  -0.445  -7.365 1.0000000000
61826  15.921  10.359  -3.738 0.2500000000
59232  14.214  6.754  -2.328 0.3750000000
58392  14.590  6.168  -2.609 0.5000000000
58403  15.563  6.075  -4.019 1.0000000000
59243  14.944  6.814  -3.434 0.6250000000
58402  16.254  5.255  -4.634 1.0000000000
57531  18.481  4.929  -6.671 1.0000000000
57523  16.917  5.072  -5.495 1.0000000000
116994  21.757  2.172  -7.462 1.0000000000
55705  21.052  2.677  -7.524 1.0000000000
57530  19.429  4.146  -7.147 1.0000000000
55701  21.583  2.815  -7.437 1.0000000000
54777  23.545  1.026  -6.798 1.0000000000
56621  22.875  2.917  -6.647 1.0000000000
55699  23.635  1.947  -6.539 1.0000000000
61837  15.968  10.295  -4.095 0.5000000000
61813  14.930  9.067  -3.393 0.3750000000
112810  14.671  8.583  -3.170 0.3750000000
60042  14.287  7.928  -2.633 0.5000000000
111822  16.151  7.010  -5.172 0.8750000000
59258  16.015  6.110  -4.955 1.0000000000
60082  16.901  7.238  -5.726 1.0000000000
102902  18.903  4.779  -6.920 1.0000000000
58410  17.339  5.812  -6.245 1.0000000000
57528  21.048  3.831  -7.043 1.0000000000
57529  20.134  3.999  -7.261 1.0000000000
56616  22.466  3.555  -6.676 1.0000000000
56622  21.866  3.071  -7.250 1.0000000000
109385  23.681  2.816  -6.237 0.8750000000
62777  16.451  10.316  -3.974 0.5000000000
60913  15.118  9.063  -3.717 0.5000000000
112808  16.399  9.146  -4.402 0.6250000000
60931  16.308  8.658  -4.642 0.6250000000
60072  16.257  7.874  -5.064 1.0000000000
60073  15.705  7.662  -4.626 0.7500000000
59265  18.172  6.650  -6.422 1.0000000000
58407  21.331  5.121  -5.726 1.0000000000
58408  20.273  5.321  -6.142 1.0000000000
59270  18.458  5.920  -6.622 1.0000000000
57519  21.669  4.409  -6.351 1.0000000000
57520  20.658  4.567  -6.638 1.0000000000
58405  23.129  4.994  -5.396 0.8750000000
57518  22.607  4.256  -6.108 1.0000000000
56615  23.378  3.643  -6.108 0.8750000000
61836  17.024  9.194  -4.426 0.5000000000
60930  17.087  8.830  -4.624 0.8750000000
60069  19.784  7.454  -4.528 1.0000000000
60080  18.638  7.367  -5.749 1.0000000000
58400  21.937  5.679  -5.089 1.0000000000
112351  20.543  6.351  -4.876 1.0000000000
59255  22.598  6.426  -5.045 1.0000000000
58406  22.291  4.982  -5.511 1.0000000000
58399  22.889  5.777  -5.111 1.0000000000
62786  17.349  9.909  -3.776 0.5000000000
61835  17.906  8.929  -4.412 0.8750000000
60929  18.877  8.601  -4.303 1.0000000000
60941  21.111  8.423  -4.482 1.0000000000
105877  20.803  7.619  -4.319 1.0000000000
104687  18.857  8.016  -4.744 1.0000000000
60926  22.836  7.670  -6.088 1.0000000000
60925  23.122  7.822  -6.429 1.0000000000
60067  22.328  7.051  -4.999 1.0000000000
59254  23.101  6.755  -5.388 1.0000000000
60066  22.987  7.301  -5.757 1.0000000000
115025  23.421  6.280  -5.041 0.8750000000
63674  21.724  11.249  -6.875 1.0000000000
63665  21.674  11.143  -5.888 0.3750000000
118233  22.034  10.718  -7.402 0.8750000000
61844  22.165  9.278  -5.841 1.0000000000
99370  23.060  8.260  -6.874 1.0000000000
60940  22.441  8.319  -5.875 1.0000000000
64563  20.496  11.853  -8.575 0.8750000000
118520  20.884  11.347  -8.930 1.0000000000
63685  21.755  11.256  -7.627 1.0000000000
113163  22.296  10.912  -7.812 1.0000000000
62794  22.684  9.538  -7.146 1.0000000000
99171  23.024  8.787  -7.200 1.0000000000
99170  22.847  9.190  -7.172 1.0000000000
64564  19.961  11.880  -9.238 0.7500000000
63694  21.668  11.302  -8.506 1.0000000000
113065  22.418  11.170  -8.447 1.0000000000
113101  23.010  10.685  -7.851 1.0000000000
99053  22.982  9.939  -7.529 1.0000000000
99586  20.948  10.924  -9.786 1.0000000000
113384  21.862  11.202  -9.189 1.0000000000
98961  22.819  10.635  -7.807 1.0000000000
107960  19.560  20.841  -5.431 0.1250000000
70996  19.708  21.782  -5.007 0.1250000000
111652  19.929  18.944  -7.082 0.2500000000
70390  19.718  20.670  -6.412 0.1250000000
69666  20.061  19.756  -7.196 0.3750000000
71017  19.863  21.306  -6.847 0.2500000000
69665  20.515  19.261  -7.662 0.5000000000
70396  20.423  20.187  -7.438 0.2500000000
69664  21.016  19.818  -7.782 0.3750000000
71598  19.937  22.559  -5.842 0.2500000000
71016  20.257  21.274  -7.280 0.2500000000
71007  19.966  22.338  -6.842 0.2500000000
71625  20.246  23.468  -6.954 0.2500000000
70395  21.215  20.580  -7.650 0.2500000000
71015  21.121  21.597  -7.491 0.2500000000
108894  20.341  22.283  -7.213 0.2500000000
114048  22.075  20.428  -7.869 0.3750000000
103981  22.066  21.002  -7.683 0.2500000000
55670  16.286  2.647  -1.192 0.1250000000
57501  16.020  4.066  -2.115 0.1250000000
52922  21.788  -1.983  -7.013 1.0000000000
112576  17.967  8.478  -4.853 0.8750000000
117341  21.409  7.143  -4.543 1.0000000000
54747  16.027  1.998  -0.566 0.1250000000
53894  19.347  0.012  -3.147 0.7500000000
57489  15.631  4.424  -2.344 0.1250000000
56591  16.378  3.517  -1.701 0.1250000000
53912  19.982  -0.100  -5.586 1.0000000000
52920  21.743  -0.862  -6.102 1.0000000000
117140  24.142  -1.211  -6.303 1.0000000000
99719  12.861  6.673  -0.767 0.3750000000
60907  14.541  8.564  -2.847 0.2500000000
99541  13.577  8.830  -1.316 0.2500000000
55694  24.201  2.197  -5.827 0.8750000000
57517  23.433  4.392  -5.581 0.8750000000
56614  24.073  3.147  -5.774 0.8750000000
57512  23.923  4.846  -5.093 0.8750000000
63658  21.713  10.777  -5.014 0.1250000000
62776  18.350  9.645  -3.668 0.3750000000
61834  19.119  8.901  -4.092 0.6250000000
60065  23.265  7.432  -5.792 1.0000000000
58398  23.636  5.595  -5.005 0.8750000000
64549  21.498  12.027  -7.112 0.5000000000
63686  21.241  11.721  -8.029 0.8750000000
62795  21.748  10.043  -4.946 0.8750000000
61832  23.434  8.589  -6.794 1.0000000000
113186  23.519  9.332  -6.869 1.0000000000
113303  23.280  9.841  -7.282 1.0000000000
64571  19.569  12.180  -9.851 0.8750000000
63713  20.276  10.953  -11.464 1.0000000000
99282  21.618  11.015  -10.162 1.0000000000
113100  22.856  11.271  -8.343 1.0000000000
70371  19.462  21.005  -4.181 0.1250000000
68985  19.470  18.501  -5.749 0.1250000000
116410  20.115  16.709  -8.291 0.6250000000
68999  20.335  18.380  -7.724 0.6250000000
68289  20.976  17.972  -8.766 0.5000000000
71008  19.757  21.594  -6.124 0.2500000000
69003  21.354  18.514  -8.617 0.5000000000
71597  20.242  23.333  -5.597 0.2500000000
71611  20.161  23.595  -6.576 0.2500000000
69671  21.351  19.191  -8.204 0.5000000000
105127  22.118  19.460  -8.441 0.5000000000
72256  20.226  24.925  -6.968 0.1250000000
115293  21.086  22.831  -7.304 0.2500000000
70394  22.910  21.127  -7.805 0.2500000000
70404  22.612  20.031  -8.323 0.3750000000
72255  20.483  24.572  -7.129 0.1250000000
55669  16.721  2.264  -1.555 0.1250000000
54755  17.326  1.779  -1.932 0.3750000000
53903  19.063  0.674  -3.477 0.7500000000
54762  18.788  1.837  -4.338 0.8750000000
53902  19.647  0.312  -4.015 1.0000000000
53909  19.810  0.681  -4.960 1.0000000000
56605  17.812  3.139  -4.591 1.0000000000
52921  20.412  -0.692  -6.154 1.0000000000
51936  20.605  -1.375  -7.213 1.0000000000
58391  15.205  5.702  -3.125 0.8750000000
57521  18.352  4.241  -6.471 1.0000000000
54778  22.504  1.258  -7.282 1.0000000000
56630  19.802  3.202  -7.012 1.0000000000
56625  19.384  3.618  -7.041 1.0000000000
119152  22.298  0.497  -7.303 1.0000000000
99593  22.811  -1.507  -7.211 1.0000000000
59244  14.422  7.130  -2.734 0.5000000000
59259  15.558  6.929  -4.387 0.8750000000
58411  16.589  5.721  -5.530 1.0000000000
57532  18.039  5.571  -6.559 1.0000000000
55700  22.490  2.243  -7.137 1.0000000000
56623  21.186  3.083  -7.531 1.0000000000
57534  19.975  3.635  -7.229 1.0000000000
56624  20.693  3.429  -7.340 1.0000000000
119840  21.320  3.296  -7.350 1.0000000000
60053  15.064  7.981  -3.878 0.6250000000
102128  15.631  8.486  -4.349 0.6250000000
59266  17.472  6.577  -6.282 1.0000000000
60081  17.804  7.437  -6.068 1.0000000000
58413  19.528  4.753  -6.899 1.0000000000
58415  18.450  5.484  -6.628 1.0000000000
57527  21.835  3.683  -6.898 1.0000000000
60070  18.087  7.958  -5.592 1.0000000000
58409  19.234  5.601  -6.459 1.0000000000
58401  20.948  5.791  -5.184 1.0000000000
60068  20.655  6.954  -4.490 1.0000000000
59257  19.712  6.726  -5.110 1.0000000000
59256  21.499  6.469  -4.747 1.0000000000
59264  18.947  6.434  -6.182 1.0000000000
60928  19.915  8.184  -4.229 1.0000000000
119782  21.731  8.836  -5.077 1.0000000000
60927  21.836  7.646  -4.812 1.0000000000
98337  21.979  10.396  -6.928 1.0000000000
104756  21.909  10.147  -5.843 0.7500000000
113304  22.957  8.775  -7.055 1.0000000000
63695  20.321  11.196  -9.673 0.8750000000
99031  22.531  10.255  -7.513 1.0000000000
113929  23.021  8.889  -7.293 1.0000000000
112938  22.705  11.452  -9.324 1.0000000000
62826  20.508  10.599  -11.231 1.0000000000
63702  20.360  10.675  -10.719 1.0000000000
101088  19.342  20.044  -4.826 0.1250000000
108177  19.642  19.090  -6.229 0.1250000000
69649  19.402  19.158  -5.316 0.1250000000
70397  19.936  20.523  -7.046 0.2500000000
68990  19.682  18.294  -6.474 0.3750000000
71014  22.221  21.784  -7.509 0.2500000000
120302  22.615  20.627  -7.944 0.2500000000
54746  16.728  1.466  -1.338 0.2500000000
54737  15.839  1.475  -0.468 0.1250000000
54745  17.565  1.053  -1.958 0.6250000000
53895  18.451  0.622  -2.709 0.7500000000
53908  20.315  -0.127  -4.620 1.0000000000
62783  21.196  9.937  -4.436 0.5000000000
107933  20.028  8.874  -4.155 0.8750000000
62784  20.237  9.203  -4.164 0.7500000000
61833  21.142  9.336  -4.568 0.8750000000
63709  20.077  10.865  -11.288 1.0000000000
63712  20.670  10.759  -11.386 1.0000000000
98329  22.809  11.504  -10.495 1.0000000000
68277  19.712  17.469  -6.612 0.3750000000
98470  20.228  16.890  -9.365 0.7500000000
68290  20.470  17.483  -8.748 0.7500000000
68283  20.278  17.587  -7.950 0.5000000000
68296  20.826  17.350  -9.702 0.7500000000
70403  23.295  20.532  -8.282 0.2500000000
69669  23.545  19.893  -8.973 0.3750000000
101976  19.980  -3.124  -0.927 0.7500000000
50305  22.188  -3.580  -0.647 0.7500000000
117913  19.143  -3.009  -0.640 0.7500000000
51909  19.114  -2.379  -1.102 0.7500000000
51094  22.037  -3.198  -1.275 0.7500000000
51095  21.022  -3.291  -1.162 0.7500000000
51108  20.274  -2.558  -1.412 0.7500000000
51106  21.742  -2.472  -1.769 0.7500000000
51920  20.787  -2.123  -1.993 0.7500000000
52906  18.795  -0.355  -2.440 0.7500000000
51931  20.023  -1.551  -2.282 0.7500000000
52905  19.844  -0.911  -2.820 0.8750000000
51105  22.611  -2.404  -1.633 0.7500000000
51930  20.819  -1.597  -2.754 0.7500000000
52904  20.728  -1.091  -3.357 0.8750000000
52914  20.132  -0.492  -3.697 0.8750000000
120360  22.440  -1.659  -2.863 0.7500000000
52903  21.872  -1.381  -3.329 0.7500000000
52912  23.061  -1.189  -3.738 0.7500000000
118935  22.234  -1.002  -4.122 0.8750000000
52917  22.057  -0.794  -4.985 0.8750000000
52911  24.025  -1.057  -4.235 0.8750000000
52915  24.226  -1.038  -5.280 0.8750000000
53910  24.544  -0.735  -6.056 0.8750000000
112517  25.711  1.439  -2.914 0.3750000000
107880  25.398  1.350  -3.699 0.6250000000
54768  24.650  0.480  -5.041 0.7500000000
55682  25.594  2.055  -4.096 0.7500000000
54767  24.698  1.602  -5.143 0.7500000000
56586  26.604  2.978  -2.209 0.1250000000
112800  26.269  2.733  -3.248 0.3750000000
55681  25.975  2.758  -3.800 0.6250000000
55689  25.131  2.102  -4.620 0.6250000000
55693  24.576  2.798  -4.986 0.6250000000
56585  26.596  3.408  -1.777 0.1250000000
109855  26.381  3.180  -2.759 0.1250000000
56598  26.159  3.376  -3.402 0.1250000000
57500  26.024  3.941  -2.738 0.1250000000
57510  25.536  4.290  -4.165 0.6250000000
57511  24.748  4.553  -4.637 0.6250000000
110498  25.773  5.226  -1.513 0.1250000000
58390  25.595  5.370  -3.629 0.1250000000
58396  25.277  5.072  -4.202 0.5000000000
58397  24.491  5.388  -4.680 0.6250000000
59253  24.180  6.181  -4.790 0.7500000000
58360  26.390  4.466  -1.187 0.1250000000
59252  25.105  5.918  -4.273 0.5000000000
118007  19.779  12.660  -8.861 0.6250000000
66087  19.686  14.214  -8.616 0.5000000000
60052  24.562  7.632  -4.373 0.6250000000
60923  24.239  8.070  -4.916 0.6250000000
60924  23.582  7.845  -6.005 0.8750000000
60912  24.736  8.259  -3.736 0.5000000000
65388  19.453  13.078  -10.428 0.7500000000
98336  23.172  10.359  -7.531 0.8750000000
61831  24.056  8.437  -5.898 0.7500000000
106990  23.765  10.240  -6.563 0.8750000000
98338  23.580  10.955  -6.749 0.8750000000
98334  23.308  11.228  -7.462 0.8750000000
61820  24.345  8.891  -4.218 0.5000000000
61821  24.179  9.258  -6.007 0.6250000000
61819  24.971  9.147  -2.947 0.2500000000
103504  24.613  9.761  -3.699 0.3750000000
116318  24.241  9.318  -4.762 0.5000000000
66100  19.626  14.221  -9.547 0.6250000000
98460  19.451  14.354  -10.688 0.7500000000
64575  19.665  11.796  -11.222 0.8750000000
117115  19.996  11.346  -11.629 0.8750000000
113399  23.718  11.790  -10.024 0.7500000000
98333  23.126  11.597  -8.158 0.8750000000
62782  24.184  10.191  -5.845 0.6250000000
62771  24.416  10.268  -4.587 0.5000000000
98335  23.712  11.983  -6.782 0.7500000000
100250  19.788  14.956  -9.002 0.6250000000
64583  19.890  12.361  -11.914 0.8750000000
64581  20.563  11.205  -11.566 0.8750000000
98331  21.628  11.089  -11.131 0.8750000000
108709  20.232  12.401  -11.723 0.7500000000
63701  24.400  11.203  -11.160 0.8750000000
64562  23.523  12.330  -8.640 0.7500000000
63657  24.127  11.100  -5.834 0.5000000000
63655  24.513  12.133  -4.144 0.2500000000
63656  24.327  11.201  -4.836 0.5000000000
62770  24.885  10.655  -3.317 0.2500000000
98468  19.970  15.920  -9.068 0.5000000000
98466  19.377  16.105  -10.444 0.6250000000
109859  19.148  14.897  -13.622 0.7500000000
106028  20.411  14.511  -13.411 0.7500000000
65409  20.196  14.880  -14.347 0.7500000000
65401  20.772  13.898  -11.947 0.7500000000
65395  23.648  12.864  -11.781 0.7500000000
99611  21.619  12.501  -10.891 0.7500000000
66122  20.931  14.974  -13.227 0.7500000000
98328  24.601  12.986  -12.333 0.7500000000
65387  24.467  12.651  -10.268 0.7500000000
112303  24.584  13.098  -11.229 0.7500000000
65349  23.875  12.884  -7.027 0.5000000000
65360  23.769  12.941  -7.998 0.3750000000
64522  24.578  12.886  -4.568 0.2500000000
64527  24.359  12.798  -5.388 0.3750000000
64536  24.155  12.804  -6.206 0.3750000000
68297  19.954  16.917  -10.548 0.6250000000
113120  19.279  16.016  -12.406 0.7500000000
67598  20.531  15.868  -13.739 0.7500000000
66114  21.633  14.935  -11.453 0.7500000000
66113  22.839  14.784  -10.941 0.7500000000
109581  24.126  13.598  -10.301 0.6250000000
65359  24.187  13.614  -7.335 0.3750000000
66086  24.155  13.764  -9.324 0.3750000000
66061  25.135  14.105  -5.363 0.1250000000
65348  24.451  13.573  -6.481 0.2500000000
67580  19.847  16.797  -11.749 0.6250000000
67592  20.227  16.359  -12.968 0.7500000000
66855  21.307  16.005  -12.548 0.6250000000
66112  23.654  13.967  -10.795 0.3750000000
65394  24.326  13.142  -11.677 0.7500000000
66079  24.421  14.435  -7.610 0.2500000000
65374  24.118  13.645  -8.281 0.3750000000
66810  26.099  14.842  -5.209 0.1250000000
66068  25.552  14.640  -5.383 0.1250000000
65334  25.208  13.620  -4.268 0.1250000000
68307  20.707  17.081  -10.990 0.6250000000
67591  21.441  16.681  -12.204 0.3750000000
112836  20.879  16.313  -13.142 0.3750000000
66847  22.280  15.814  -11.373 0.3750000000
66834  24.309  15.566  -9.682 0.2500000000
66099  23.896  14.745  -10.022 0.3750000000
66820  25.308  15.572  -7.094 0.1250000000
66085  24.329  14.601  -8.473 0.3750000000
66067  26.898  14.827  -5.175 0.1250000000
66821  24.773  15.133  -7.092 0.1250000000
69008  22.464  18.087  -10.348 0.3750000000
69009  21.684  18.027  -9.356 0.3750000000
68306  21.498  17.115  -11.341 0.3750000000
67590  22.196  17.180  -11.568 0.3750000000
68311  21.921  17.016  -11.761 0.3750000000
67578  23.574  16.625  -11.104 0.3750000000
66846  22.715  16.578  -11.387 0.3750000000
66854  21.951  16.609  -11.780 0.3750000000
67561  24.457  16.411  -10.428 0.3750000000
66835  23.978  15.728  -10.422 0.3750000000
102188  23.305  15.502  -10.837 0.3750000000
67539  26.336  16.103  -7.809 0.1250000000
66825  24.846  15.410  -7.870 0.1250000000
66830  24.627  15.471  -8.836 0.2500000000
66819  26.077  15.647  -6.320 0.1250000000
69015  23.041  18.137  -11.739 0.2500000000
68309  23.479  18.069  -12.082 0.2500000000
68310  22.856  17.794  -11.787 0.3750000000
68305  22.367  17.440  -11.256 0.3750000000
67560  24.984  17.415  -11.289 0.1250000000
68304  23.661  17.547  -11.769 0.3750000000
67589  23.019  17.473  -11.730 0.3750000000
67547  26.333  16.684  -8.816 0.1250000000
116407  24.820  16.032  -9.445 0.1250000000
69678  22.785  18.730  -9.643 0.3750000000
69007  23.390  18.590  -10.776 0.3750000000
69014  23.809  18.490  -11.872 0.2500000000
68303  24.310  17.911  -12.058 0.1250000000
68308  24.717  18.243  -12.004 0.1250000000
119710  25.007  17.991  -12.010 0.1250000000
68293  26.507  17.673  -10.723 0.1250000000
69681  24.700  19.305  -11.161 0.1250000000
69012  25.989  18.205  -11.279 0.1250000000
67558  27.677  16.775  -10.269 0.1250000000
67546  27.120  16.505  -9.285 0.1250000000
52913  21.127  -0.844  -4.201 0.8750000000
53907  24.462  -0.471  -4.812 0.6250000000
59242  24.659  6.844  -4.459 0.6250000000
66836  19.697  15.204  -9.722 0.6250000000
99493  19.404  13.273  -11.945 0.8750000000
65402  19.901  13.471  -12.442 0.8750000000
98463  19.571  14.056  -13.270 0.7500000000
98332  23.207  11.686  -11.796 0.7500000000
98325  25.326  11.473  -12.405 0.7500000000
64570  24.780  11.687  -10.655 0.7500000000
64528  23.980  11.962  -5.920 0.5000000000
64523  24.162  12.069  -5.017 0.5000000000
109079  25.860  16.291  -8.121 0.1250000000
68302  25.646  17.957  -11.684 0.1250000000
67559  26.863  17.127  -9.869 0.1250000000
56604  25.826  3.519  -4.050 0.5000000000
56609  25.033  3.658  -4.559 0.6250000000
56610  24.163  3.922  -5.253 0.7500000000
60051  25.122  7.408  -3.521 0.3750000000
101571  25.218  16.657  -9.832 0.1250000000
50290  21.150  -4.472  -0.264 0.7500000000
50291  20.276  -4.415  -0.161 0.7500000000
50308  19.692  -3.609  -0.393 0.7500000000
50289  21.713  -4.200  -0.216 0.7500000000
50307  20.697  -3.871  -0.642 0.7500000000
52893  18.257  -0.709  -1.700 0.6250000000
51921  19.649  -1.871  -1.719 0.7500000000
51093  22.679  -3.008  -1.049 0.6250000000
51918  23.062  -1.771  -2.380 0.7500000000
52902  23.814  -1.115  -3.415 0.6250000000
53901  24.445  -0.611  -3.797 0.5000000000
53892  24.928  -0.045  -2.589 0.3750000000
54753  24.711  -0.058  -3.298 0.5000000000
55667  25.965  1.487  -2.167 0.1250000000
55666  26.380  2.271  -1.935 0.1250000000
56564  26.787  3.652  -1.221 0.1250000000
57463  26.896  4.543  -0.939 0.1250000000
102834  26.347  5.035  -0.982 0.1250000000
100143  19.720  13.403  -8.239 0.3750000000
110870  25.738  5.361  -2.592 0.1250000000
60041  25.466  7.043  -2.225 0.1250000000
99150  19.944  15.810  -8.072 0.5000000000
62769  25.822  10.617  -2.718 0.1250000000
103228  25.140  10.047  -2.861 0.2500000000
103748  25.174  12.136  -3.400 0.1250000000
66054  26.020  14.059  -4.068 0.1250000000
68284  19.946  17.104  -7.386 0.3750000000
66059  26.455  14.523  -4.570 0.1250000000
66058  27.365  14.489  -4.556 0.1250000000
66824  26.425  15.650  -6.983 0.1250000000
66084  27.809  14.877  -8.428 0.1250000000
71589  20.441  22.772  -4.587 0.1250000000
69677  24.257  19.129  -11.170 0.2500000000
69676  24.757  19.474  -11.065 0.1250000000
120886  24.926  19.768  -10.896 0.1250000000
68301  26.620  17.876  -10.954 0.1250000000
67576  27.276  17.502  -10.461 0.1250000000
66833  27.873  15.879  -9.943 0.1250000000
54774  24.397  0.799  -6.127 0.7500000000
60064  23.959  7.426  -5.160 0.7500000000
103197  23.654  6.879  -5.102 0.7500000000
64550  20.766  12.393  -7.529 0.3750000000
103853  23.240  -0.951  -5.676 0.8750000000
52918  20.908  -0.584  -5.304 0.8750000000
104431  23.339  8.115  -6.630 0.8750000000
103367  21.341  10.846  -11.103 0.8750000000
98330  23.287  11.336  -11.462 0.8750000000
99329  23.292  11.855  -9.050 0.8750000000
119719  22.262  18.401  -9.473 0.3750000000
69670  22.812  19.343  -8.955 0.3750000000
108001  23.619  19.238  -9.868 0.2500000000
50306  21.607  -3.871  -0.708 0.7500000000
51096  18.409  -2.535  -0.365 0.7500000000
51107  21.192  -2.721  -1.541 0.7500000000
52892  19.181  -1.164  -2.083 0.7500000000
53887  17.906  0.174  -1.889 0.6250000000
51919  21.907  -2.001  -2.450 0.7500000000
120118  22.998  -1.423  -3.110 0.7500000000
52916  23.164  -0.963  -4.592 0.8750000000
54744  25.427  0.706  -2.341 0.2500000000
54752  25.115  0.652  -3.134 0.5000000000
54760  24.782  0.383  -3.999 0.6250000000
54759  25.082  1.336  -4.451 0.7500000000
55678  25.995  2.100  -3.454 0.5000000000
55677  26.341  2.303  -2.711 0.2500000000
55688  25.397  2.804  -4.345 0.6250000000
57482  26.242  3.730  -1.982 0.1250000000
57481  26.527  3.939  -1.452 0.1250000000
57505  25.934  4.093  -3.620 0.5000000000
58381  25.791  4.672  -3.071 0.1250000000
58361  25.818  4.563  -1.881 0.1250000000
116611  25.690  4.702  -3.787 0.5000000000
59231  25.487  6.313  -3.375 0.1250000000
64548  23.467  12.179  -7.647 0.7500000000
98461  18.777  14.721  -12.272 0.6250000000
63645  24.640  11.330  -3.788 0.3750000000
99500  23.989  11.146  -12.356 0.7500000000
105746  23.978  12.266  -9.715 0.7500000000
64521  25.056  12.946  -3.791 0.1250000000
63644  25.541  11.303  -3.171 0.1250000000
98467  19.873  15.652  -13.756 0.7500000000
65396  22.154  13.928  -10.983 0.7500000000
65375  24.002  12.893  -9.052 0.6250000000
65340  24.725  13.523  -5.776 0.3750000000
66075  24.622  14.395  -6.772 0.3750000000
65335  24.819  13.597  -4.991 0.1250000000
66069  25.032  14.407  -5.939 0.1250000000
66098  24.235  14.838  -9.220 0.3750000000
66815  25.686  15.279  -5.823 0.1250000000
66814  26.383  15.251  -5.740 0.1250000000
66060  25.565  14.274  -4.768 0.1250000000
66816  25.115  15.223  -6.455 0.1250000000
68295  21.629  17.436  -10.415 0.3750000000
110700  25.661  15.566  -6.518 0.1250000000
67532  25.889  15.879  -7.157 0.1250000000
116847  25.510  15.881  -7.726 0.1250000000
67577  24.161  17.160  -11.317 0.3750000000
67538  26.792  16.186  -8.414 0.1250000000
67549  25.303  16.103  -8.640 0.1250000000
106565  26.554  15.381  -6.304 0.1250000000
69016  23.969  18.383  -12.060 0.2500000000
68288  26.194  17.187  -9.724 0.1250000000
67548  25.774  16.785  -9.134 0.1250000000
69682  24.403  18.825  -11.783 0.1250000000
69013  25.064  18.511  -11.726 0.1250000000
68294  25.729  17.313  -10.389 0.1250000000
66829  27.440  15.726  -8.808 0.1250000000
49466  20.556  -4.884  0.251 0.7500000000
49465  21.187  -4.723  0.174 0.7500000000
50292  19.303  -3.973  0.236 0.7500000000
49467  19.749  -4.782  0.493 0.7500000000
52884  17.705  -1.066  -1.020 0.5000000000
51922  18.646  -1.503  -1.418 0.6250000000
53886  23.713  -1.124  -2.668 0.6250000000
53885  24.375  -0.566  -2.162 0.5000000000
59213  25.719  5.999  -1.916 0.1250000000
59212  26.130  5.635  -0.916 0.1250000000
66823  27.054  15.565  -7.753 0.1250000000
48560  20.613  -5.149  0.775 0.6250000000
49454  21.280  -4.793  1.150 0.6250000000
50280  22.221  -3.855  1.298 0.3750000000
49464  21.720  -4.265  0.666 0.6250000000
101441  22.960  -2.806  0.702 0.2500000000
101830  22.686  -3.056  -0.323 0.3750000000
100240  19.853  15.076  -8.281 0.3750000000
67540  19.833  16.231  -7.387 0.2500000000
101058  19.934  17.973  -7.234 0.2500000000
116477  22.994  -2.672  -0.788 0.5000000000
106532  23.308  -1.866  -1.456 0.5000000000
102694  23.737  -1.123  -1.797 0.3750000000
50268  22.620  -3.952  2.170 0.5000000000
48550  21.181  -6.049  1.711 0.6250000000
51084  17.888  -2.719  0.397 0.3750000000
50293  18.285  -3.465  0.661 0.3750000000
115979  21.054  -5.406  1.325 0.6250000000
49444  22.437  -4.661  2.509 0.3750000000
51911  17.489  -2.028  0.057 0.2500000000
49443  23.144  -4.178  3.057 0.3750000000
51073  23.335  -2.576  1.626 0.2500000000
50279  22.827  -3.267  1.604 0.2500000000
51082  23.092  -2.282  -0.003 0.2500000000
51908  23.291  -2.026  -0.773 0.3750000000
52883  23.673  -1.082  -0.822 0.2500000000
53875  24.433  -0.537  -1.254 0.2500000000
60876  14.061  9.087  -1.177 0.1250000000
54735  25.564  0.584  -1.047 0.2500000000
62785  19.066  9.402  -3.722 0.2500000000
61812  15.267  10.054  -3.121 0.1250000000
99048  13.120  8.759  -0.602 0.2500000000
53888  16.980  0.647  -1.226 0.2500000000
116594  23.053  -2.493  -1.169 0.5000000000
50309  18.761  -3.242  -0.063 0.5000000000
51083  22.291  -3.605  0.344 0.5000000000
53884  25.210  0.013  -1.641 0.2500000000
51910  18.051  -1.846  -0.761 0.3750000000
52894  17.354  -0.236  -1.159 0.2500000000
100498  17.197  -1.304  -0.239 0.3750000000
49453  21.995  -4.454  1.619 0.5000000000
49455  19.874  -5.437  0.812 0.6250000000
48540  22.267  -5.333  2.881 0.3750000000
48549  21.744  -5.289  1.906 0.5000000000
51899  23.502  -1.298  0.104 0.2500000000
117934  24.134  -0.370  -0.394 0.2500000000
113668  13.410  8.672  -0.310 0.1250000000
47636  19.445  -6.729  1.515 0.5000000000
47609  21.391  -6.616  2.914 0.3750000000
48541  21.640  -6.044  2.399 0.5000000000
48561  19.746  -6.116  1.181 0.5000000000
47623  18.828  -7.110  1.838 0.3750000000
49456  18.555  -5.473  1.652 0.5000000000
48562  19.246  -5.990  1.179 0.5000000000
102963  19.103  -5.206  0.983 0.3750000000
46665  17.404  -7.610  2.862 0.1250000000
46675  18.130  -7.369  2.291 0.3750000000
112008  18.183  -4.522  1.608 0.2500000000
45748  17.890  -9.073  3.678 0.1250000000
46663  19.419  -8.214  2.666 0.3750000000
47608  22.111  -5.950  3.379 0.2500000000
47610  20.888  -7.412  2.291 0.3750000000
47622  20.387  -7.228  1.823 0.5000000000
46652  16.694  -8.339  3.775 0.1250000000
46673  20.189  -7.820  2.133 0.3750000000
47611  17.137  -6.006  3.453 0.1250000000
49445  17.633  -4.715  2.419 0.1250000000
60911  25.276  8.116  -2.618 0.1250000000
49468  18.749  -4.270  0.887 0.3750000000
117212  20.426  -5.797  1.212 0.5000000000
48551  20.365  -6.504  1.533 0.5000000000
50281  17.758  -3.656  1.436 0.2500000000
48539  22.893  -5.340  3.718 0.2500000000
116355  19.603  -7.410  1.817 0.5000000000
47637  18.711  -6.352  1.686 0.5000000000
47621  21.184  -6.838  1.972 0.3750000000
46674  19.124  -7.782  2.085 0.3750000000
47624  18.104  -6.586  2.272 0.2500000000
48552  17.964  -5.688  2.371 0.1250000000
120834  16.929  -7.768  3.379 0.1250000000
115598  16.767  -7.381  3.866 0.1250000000
46676  17.465  -6.780  2.837 0.1250000000
102893  17.012  -6.991  3.415 0.1250000000
45758  17.333  -8.423  3.222 0.1250000000
46664  18.262  -8.097  2.546 0.3750000000
46661  21.059  -7.204  3.473 0.2500000000
47625  17.511  -6.002  2.884 0.1250000000
45757  18.630  -8.630  3.163 0.2500000000
46650  20.538  -7.759  3.996 0.2500000000
52885  16.861  -0.589  -0.449 0.2500000000
47598  21.887  -6.595  4.030 0.2500000000
46662  20.370  -7.836  2.976 0.2500000000
46651  19.755  -8.351  3.542 0.1250000000
64551  20.080  12.702  -8.092 0.1250000000
65362  19.859  13.560  -7.405 0.1250000000
65351  19.676  14.327  -6.966 0.1250000000
100249  19.540  15.978  -6.448 0.1250000000
66080  19.709  14.290  -7.758 0.1250000000
66817  19.410  15.534  -6.059 0.1250000000
100436  19.463  15.001  -6.457 0.1250000000
100873  19.494  16.931  -6.033 0.1250000000
65361  20.256  13.061  -7.067 0.1250000000
68265  19.073  18.000  -4.283 0.1250000000
64537  21.463  12.018  -6.227 0.1250000000
64538  20.911  12.604  -6.613 0.1250000000
50294  17.328  -2.926  1.133 0.1250000000
51900  16.567  -1.447  0.597 0.1250000000
64530  21.164  12.547  -6.030 0.1250000000
65350  20.391  13.282  -6.464 0.1250000000
115817  19.960  13.691  -6.781 0.1250000000
66064  19.833  14.975  -5.092 0.1250000000
66809  19.690  16.115  -3.993 0.1250000000
68261  19.059  18.386  -3.446 0.1250000000
68977  19.205  18.283  -4.875 0.1250000000
66826  19.684  15.229  -7.315 0.1250000000
114214  19.719  16.730  -6.756 0.1250000000
51085  16.986  -2.219  0.847 0.1250000000
63650  19.825  9.385  -3.822 0.1250000000
53876  16.419  0.171  -0.524 0.1250000000
119212  16.430  -0.879  0.136 0.1250000000
114598  16.063  -0.329  0.066 0.1250000000
52876  15.993  -0.751  0.632 0.1250000000
66076  19.755  14.242  -6.458 0.1250000000
67526  19.392  16.421  -5.795 0.1250000000
66812  19.527  15.774  -4.741 0.1250000000
101501  19.243  17.395  -5.251 0.1250000000
67523  19.289  16.588  -4.449 0.1250000000
68256  19.143  18.774  -3.020 0.1250000000
49434  22.900  -4.826  3.236 0.1250000000
50253  23.968  -3.788  3.311 0.1250000000
50267  23.317  -3.473  2.629 0.1250000000
50266  24.033  -3.000  2.851 0.1250000000
99903  23.949  -2.238  2.202 0.1250000000
51886  23.562  -1.969  1.071 0.1250000000
51885  24.217  -1.579  1.752 0.1250000000
52865  24.598  -0.398  0.942 0.1250000000
118134  23.767  -0.757  -0.191 0.1250000000
53849  25.005  0.186  0.840 0.1250000000
53865  25.184  0.799  0.445 0.1250000000
54718  25.125  0.863  -0.192 0.1250000000
47607  22.773  -5.999  4.204 0.1250000000
48531  23.671  -5.626  4.253 0.1250000000
49412  25.101  -4.792  3.947 0.1250000000
48530  23.883  -4.752  3.740 0.1250000000
51062  24.761  -2.509  2.875 0.1250000000
51870  24.767  -1.791  2.350 0.1250000000
51869  25.442  -1.454  2.412 0.1250000000
52863  26.081  0.027  1.874 0.1250000000
54717  25.485  1.517  0.138 0.1250000000
54696  25.748  1.301  0.807 0.1250000000
110647  25.622  0.827  -1.691 0.1250000000
53874  25.048  -0.003  -0.783 0.1250000000
46649  21.340  -7.315  4.417 0.1250000000
111917  24.625  -5.449  4.267 0.1250000000
50252  24.909  -3.401  3.340 0.1250000000
51898  24.118  -1.129  0.999 0.1250000000
51884  24.832  -1.001  1.811 0.1250000000
52864  25.299  -0.238  1.515 0.1250000000
53866  24.535  0.210  0.183 0.1250000000
53848  25.546  0.538  1.214 0.1250000000
46648  22.287  -7.118  4.879 0.1250000000
102239  22.756  -6.595  4.620 0.1250000000
49432  25.537  -4.147  3.675 0.1250000000
51118  21.301  -1.999  -7.213 1.0000000000
51935  20.987  -2.067  -7.122 1.0000000000
52875  24.043  -0.572  0.255 0.1250000000
52919  23.238  -1.587  -6.750 1.0000000000
52923  20.281  -1.754  -6.881 1.0000000000
53893  24.285  -0.559  -2.984 0.5000000000
53911  23.977  -1.268  -6.761 0.8750000000
53915  23.003  0.013  -6.869 1.0000000000
53916  19.481  -0.236  -7.020 1.0000000000
53918  21.019  -0.087  -7.488 1.0000000000
53919  20.334  0.552  -7.352 1.0000000000
55690  19.051  2.046  -6.367 1.0000000000
55706  20.282  2.388  -7.208 1.0000000000
56626  18.907  4.219  -6.986 1.0000000000
56629  20.428  3.083  -7.285 1.0000000000
57522  17.779  4.930  -6.117 1.0000000000
58414  18.803  5.284  -6.748 1.0000000000
58416  17.941  6.036  -6.653 1.0000000000
59263  19.912  6.003  -5.616 1.0000000000
59267  16.704  6.371  -5.761 1.0000000000
60054  14.582  7.777  -3.118 0.6250000000
60071  17.197  8.115  -5.323 1.0000000000
61827  15.141  9.362  -3.757 0.5000000000
62820  20.787  10.536  -10.782 1.0000000000
63703  19.859  11.185  -10.415 1.0000000000
63707  25.400  12.231  -11.799 0.7500000000
63708  24.608  10.863  -11.949 0.7500000000
63711  25.457  11.919  -12.192 0.7500000000
64569  25.176  12.333  -11.101 0.7500000000
64574  25.156  11.343  -11.430 0.7500000000
64579  25.387  12.330  -12.091 0.7500000000
64580  25.217  12.737  -12.203 0.7500000000
64582  20.027  11.743  -11.797 0.8750000000
64586  25.371  12.318  -12.270 0.7500000000
65376  19.608  13.270  -9.181 0.3750000000
65393  25.021  13.093  -12.032 0.7500000000
65400  25.000  12.904  -12.714 0.7500000000
65405  20.058  14.518  -14.026 0.7500000000
66128  20.657  15.547  -13.791 0.7500000000
66129  20.419  14.945  -14.179 0.7500000000
66861  20.398  15.230  -14.221 0.7500000000
67579  20.882  16.831  -12.219 0.7500000000
68968  19.111  18.886  -2.964 0.1250000000
68998  20.824  18.574  -8.194 0.5000000000
69002  22.077  18.781  -8.864 0.5000000000
69017  23.447  18.167  -12.028 0.2500000000
69657  19.796  19.818  -6.698 0.2500000000
70405  21.739  19.913  -7.997 0.3750000000
71590  20.014  22.495  -4.729 0.1250000000
98323  21.143  -0.946  -7.372 1.0000000000
98324  21.758  -1.558  -7.250 1.0000000000
98326  24.351  12.272  -12.835 0.7500000000
98327  24.697  11.116  -12.922 0.7500000000
98410  12.999  8.145  -0.981 0.2500000000
98457  19.402  15.840  -10.420 0.6250000000
98458  19.372  15.665  -10.633 0.6250000000
98459  19.387  16.525  -10.836 0.6250000000
98462  19.144  14.089  -13.131 0.7500000000
98464  19.550  14.531  -13.803 0.7500000000
98465  19.907  14.790  -14.342 0.7500000000
98469  19.594  16.141  -10.105 0.6250000000
98911  19.343  16.059  -10.475 0.6250000000
98982  19.376  15.817  -10.401 0.6250000000
99363  25.219  12.151  -13.024 0.7500000000
100658  21.213  -1.580  -7.272 1.0000000000
100893  21.371  -1.982  -7.195 1.0000000000
100968  25.416  12.112  -12.402 0.7500000000
101194  25.275  12.477  -12.550 0.7500000000
102173  23.465  -2.850  2.241 0.2500000000
103236  19.616  21.245  -3.198 0.1250000000
104240  23.483  13.646  -11.118 0.7500000000
106900  19.544  13.513  -12.475 0.7500000000
110567  19.554  19.925  -5.860 0.1250000000
112622  15.574  9.206  -4.111 0.6250000000
112940  19.375  15.848  -10.433 0.6250000000
114395  19.821  16.598  -10.081 0.7500000000
115524  12.962  5.863  -0.469 0.1250000000
115933  18.421  2.865  -5.213 1.0000000000
116930  26.811  14.170  -4.106 0.1250000000
118649  19.356  20.744  -3.419 0.1250000000
118690  12.839  8.433  -0.368 0.2500000000
119341  21.239  2.048  -7.448 1.0000000000
120512  15.891  5.681  -4.365 1.0000000000
120741  20.579  18.022  -8.297 0.6250000000
120791  19.783  -1.087  -7.116 1.0000000000
