#!ascii label  , from subject sub-v1s16x0051165_ses-1 vox2ras=TkReg
917
108756  -21.174  -22.660  5.372 0.4285714328
45606  -22.318  -21.606  3.923 0.2857142985
45605  -21.633  -22.159  4.408 0.4285714328
46436  -22.937  -21.177  4.310 0.4285714328
46420  -23.984  -20.824  5.004 0.4285714328
46458  -22.899  -21.239  3.482 0.2857142985
46437  -23.526  -20.723  4.098 0.4285714328
47343  -24.094  -20.377  3.415 0.4285714328
47364  -23.854  -20.532  2.303 0.4285714328
47365  -24.601  -20.051  2.799 0.4285714328
47391  -24.203  -20.218  0.558 0.4285714328
48278  -24.888  -19.680  1.282 0.4285714328
48289  -24.490  -19.269  -0.315 0.5714285970
94757  -24.718  -19.584  0.071 0.5714285970
48279  -25.489  -19.114  0.971 0.4285714328
48280  -26.124  -18.547  0.690 0.2857142985
48298  -25.260  -18.633  -0.885 0.7142857313
48291  -25.930  -18.435  -0.500 0.7142857313
49147  -27.202  -17.171  0.153 0.7142857313
49148  -27.894  -16.622  0.915 0.4285714328
49131  -26.652  -17.842  0.443 0.7142857313
50086  -28.335  -16.063  0.557 0.5714285970
50085  -27.002  -17.021  -0.991 0.5714285970
50972  -28.779  -15.620  0.061 0.5714285970
97321  -29.199  -15.841  0.859 0.5714285970
108166  -27.674  -16.484  -0.061 0.5714285970
113293  -30.109  -15.821  0.899 0.4285714328
51892  -30.509  -15.154  -0.165 0.5714285970
51893  -31.357  -15.249  -0.559 0.5714285970
51919  -28.757  -14.969  -1.483 0.7142857313
51908  -31.784  -14.876  -1.511 0.7142857313
50991  -32.550  -15.702  -1.409 0.5714285970
51905  -29.125  -15.000  -0.838 0.5714285970
50998  -26.792  -16.126  -2.639 0.5714285970
51920  -29.621  -14.573  -1.297 0.8571428657
51909  -33.342  -15.593  -2.404 0.7142857313
50992  -34.083  -16.508  -2.475 0.5714285970
94852  -28.744  -14.710  -2.309 0.7142857313
51923  -34.206  -15.629  -3.399 0.7142857313
51001  -34.534  -16.067  -3.073 0.5714285970
51921  -30.674  -14.407  -1.646 0.7142857313
105106  -32.719  -14.953  -2.474 0.7142857313
51934  -34.530  -15.295  -3.749 0.5714285970
51922  -31.666  -14.479  -2.245 0.7142857313
51935  -34.880  -15.205  -3.200 0.5714285970
52854  -30.752  -14.205  -2.346 0.5714285970
52863  -31.516  -14.232  -2.967 0.7142857313
52865  -34.481  -14.530  -3.706 0.7142857313
52864  -32.493  -14.374  -3.972 0.7142857313
51933  -34.157  -15.232  -4.621 0.7142857313
101402  -34.353  -15.088  -4.493 0.7142857313
53788  -34.107  -13.346  -3.775 0.7142857313
53784  -34.192  -13.019  -2.689 0.5714285970
51939  -34.162  -14.927  -5.190 0.7142857313
102991  -31.193  -14.080  -3.702 0.5714285970
54714  -33.705  -12.094  -2.936 0.5714285970
95680  -33.120  -11.011  -2.275 0.5714285970
52881  -34.149  -14.593  -5.503 0.8571428657
52872  -33.516  -14.823  -5.300 0.8571428657
54713  -33.123  -11.350  -3.253 0.7142857313
53795  -34.002  -13.664  -4.895 0.8571428657
54721  -33.544  -12.410  -3.934 0.7142857313
55511  -32.018  -9.893  -4.025 0.8571428657
55501  -32.620  -10.043  -2.336 0.5714285970
105149  -32.585  -10.688  -3.619 0.8571428657
55518  -32.450  -10.941  -4.605 0.8571428657
54727  -33.464  -12.706  -5.059 0.8571428657
54720  -33.021  -11.594  -4.194 0.8571428657
57166  -31.332  -8.377  -4.436 0.8571428657
57155  -31.425  -8.099  -3.613 0.8571428657
100266  -31.212  -6.703  -4.110 0.8571428657
98924  -31.187  -7.788  -5.023 1.0000000000
105231  -31.173  -7.104  -4.731 1.0000000000
56311  -31.509  -9.308  -4.725 0.8571428657
58921  -31.147  -6.439  -4.884 1.0000000000
107129  -31.143  -5.763  -5.068 1.0000000000
105519  -31.167  -4.677  -6.335 0.7142857313
58931  -31.127  -6.202  -5.864 1.0000000000
93758  -31.164  -5.246  -5.656 1.0000000000
63220  -31.659  -0.600  -6.387 1.0000000000
62645  -31.341  -1.370  -6.832 0.8571428657
63829  -31.118  0.300  -7.594 0.8571428657
103931  -31.614  0.098  -6.860 1.0000000000
65637  -31.013  2.779  -10.587 0.8571428657
65029  -31.072  1.910  -9.280 0.8571428657
94701  -30.796  0.974  -8.767 1.0000000000
66925  -30.959  5.357  -11.345 0.8571428657
66272  -30.954  4.706  -11.274 0.8571428657
67612  -30.939  6.045  -11.235 0.7142857313
66924  -30.376  5.083  -11.266 0.5714285970
68300  -31.119  7.375  -10.029 0.7142857313
68295  -30.072  7.717  -8.892 0.5714285970
67607  -30.316  6.060  -9.696 0.5714285970
69005  -29.801  8.367  -8.532 0.4285714328
69662  -29.895  9.528  -9.042 0.4285714328
69663  -30.180  9.755  -9.209 0.4285714328
69647  -29.211  9.762  -6.734 0.2857142985
98939  -29.316  9.255  -7.368 0.2857142985
95266  -29.333  10.182  -5.978 0.2857142985
50990  -29.167  -15.284  -0.338 0.5714285970
55512  -32.332  -9.944  -3.100 0.8571428657
56302  -31.921  -9.331  -3.315 0.8571428657
58035  -31.245  -7.532  -4.202 0.8571428657
106847  -31.341  -3.430  -5.864 0.8571428657
69639  -30.452  10.079  -4.296 0.1428571492
45624  -22.306  -21.771  2.857 0.2857142985
46469  -22.404  -21.758  1.957 0.2857142985
46459  -23.393  -20.905  2.942 0.2857142985
48247  -24.948  -19.683  2.288 0.4285714328
46478  -23.095  -20.990  0.801 0.2857142985
46470  -23.100  -21.286  1.696 0.4285714328
48262  -25.582  -19.169  2.253 0.4285714328
47396  -24.096  -20.013  -0.110 0.5714285970
102911  -24.919  -19.082  -0.486 0.5714285970
49155  -25.028  -18.115  -1.296 0.2857142985
48299  -25.648  -18.051  -1.337 0.7142857313
49146  -26.438  -17.742  -0.800 0.7142857313
50093  -26.861  -16.737  -1.972 0.5714285970
50077  -31.717  -16.291  0.410 0.4285714328
50999  -27.308  -16.140  -2.207 0.7142857313
50973  -29.787  -15.409  0.253 0.7142857313
50975  -31.984  -15.907  -0.435 0.4285714328
51907  -30.621  -14.768  -0.822 0.7142857313
51006  -27.311  -15.643  -2.869 0.5714285970
51000  -28.024  -15.448  -2.318 0.5714285970
52856  -34.871  -14.642  -2.167 0.5714285970
51931  -28.725  -14.590  -3.189 0.5714285970
51925  -35.064  -15.686  -2.761 0.5714285970
51932  -33.060  -14.752  -3.277 0.7142857313
52855  -34.546  -13.923  -2.447 0.5714285970
52862  -30.393  -14.070  -3.097 0.8571428657
52873  -34.313  -14.465  -4.665 0.7142857313
92902  -31.231  -5.775  -4.226 1.0000000000
97785  -31.138  -8.055  -6.104 1.0000000000
93374  -31.300  -2.975  -6.613 0.7142857313
93622  -31.454  -2.621  -5.717 1.0000000000
106948  -31.529  -1.856  -6.074 1.0000000000
93357  -31.288  -2.236  -6.804 0.7142857313
64428  -31.183  1.135  -7.771 1.0000000000
64424  -31.654  1.072  -6.910 1.0000000000
110488  -29.969  8.894  -9.029 0.7142857313
66918  -30.630  5.966  -10.943 0.5714285970
67608  -30.828  6.742  -10.462 0.7142857313
69014  -30.780  8.214  -9.418 0.7142857313
104102  -29.836  7.098  -8.406 0.4285714328
70263  -29.220  10.665  -8.357 0.2857142985
70270  -29.666  10.523  -9.144 0.4285714328
112993  -30.869  8.548  -9.354 0.4285714328
70823  -29.029  11.526  -7.213 0.2857142985
102302  -28.988  11.447  -9.011 0.4285714328
50083  -25.501  -17.489  -1.604 0.4285714328
50091  -25.887  -16.884  -1.920 0.4285714328
98403  -29.619  9.052  -8.333 0.4285714328
69006  -30.320  8.356  -9.161 0.7142857313
69656  -29.386  9.843  -8.082 0.2857142985
70254  -29.160  10.517  -7.190 0.2857142985
107494  -22.065  -22.064  5.461 0.4285714328
108146  -22.633  -21.533  4.984 0.4285714328
45623  -21.645  -22.208  3.206 0.2857142985
45592  -23.487  -21.349  5.488 0.4285714328
47379  -23.670  -20.680  1.134 0.2857142985
47380  -24.370  -20.172  1.702 0.4285714328
47390  -23.589  -20.411  0.410 0.4285714328
48297  -24.799  -18.671  -0.755 0.2857142985
48290  -25.375  -18.957  -0.129 0.4285714328
50084  -26.185  -17.293  -1.748 0.5714285970
50988  -27.546  -16.325  -1.102 0.5714285970
50989  -28.339  -15.567  -1.035 0.5714285970
50974  -30.951  -15.576  0.366 0.4285714328
50976  -33.000  -16.398  -1.382 0.5714285970
113721  -26.813  -16.419  -2.361 0.7142857313
52853  -29.723  -14.218  -2.381 0.5714285970
51924  -34.783  -15.740  -3.213 0.5714285970
52871  -31.777  -14.040  -4.737 0.8571428657
109705  -32.731  -10.592  -2.878 0.8571428657
56301  -31.599  -8.940  -3.851 0.8571428657
54726  -33.192  -12.876  -6.204 0.8571428657
57172  -31.269  -8.693  -5.347 1.0000000000
92907  -31.193  -3.781  -6.803 0.8571428657
65643  -30.510  3.633  -11.551 0.8571428657
67609  -31.329  6.485  -10.689 0.7142857313
68296  -30.627  7.618  -9.642 0.5714285970
67600  -30.286  6.996  -9.317 0.5714285970
68285  -29.616  7.687  -7.911 0.4285714328
69640  -29.226  9.593  -5.671 0.2857142985
68994  -29.349  8.555  -7.385 0.2857142985
113551  -29.426  9.996  -5.355 0.2857142985
71768  -31.542  14.236  -8.197 0.2857142985
72659  -30.671  15.828  -7.371 0.1428571492
71327  -30.249  13.089  -9.546 0.2857142985
71773  -31.880  13.335  -8.410 0.2857142985
72210  -29.661  15.437  -7.758 0.1428571492
72656  -31.137  16.086  -6.787 0.1428571492
71322  -28.008  13.046  -8.941 0.1428571492
70839  -28.943  12.624  -10.127 0.2857142985
71763  -28.341  13.880  -8.167 0.1428571492
70831  -32.299  11.242  -7.917 0.2857142985
100470  -30.693  12.300  -9.186 0.2857142985
67604  -34.316  6.288  -8.835 0.2857142985
68287  -32.745  7.737  -7.574 0.2857142985
72646  -30.604  16.013  -6.732 0.1428571492
70271  -30.090  10.625  -9.303 0.2857142985
67602  -32.592  6.698  -9.195 0.2857142985
70264  -31.259  10.748  -8.649 0.2857142985
70837  -30.367  11.564  -9.272 0.2857142985
66262  -33.471  5.470  -9.190 0.1428571492
67591  -32.447  7.287  -8.449 0.2857142985
68996  -32.047  8.639  -7.857 0.2857142985
72209  -29.259  15.482  -7.322 0.1428571492
110465  -31.512  9.639  -8.462 0.2857142985
65625  -34.162  3.617  -7.394 0.1428571492
65631  -33.555  4.711  -8.604 0.1428571492
66921  -33.051  6.000  -9.569 0.4285714328
68297  -31.759  7.499  -9.490 0.2857142985
65022  -32.232  2.605  -7.483 0.2857142985
66261  -32.762  4.895  -9.794 0.4285714328
67610  -32.199  6.294  -10.400 0.2857142985
69007  -30.413  8.957  -9.224 0.2857142985
64420  -33.030  1.991  -5.400 0.1428571492
112529  -32.925  4.333  -8.520 0.2857142985
66920  -32.488  5.608  -10.291 0.4285714328
65630  -32.268  4.093  -9.066 0.5714285970
66267  -31.800  5.220  -10.922 0.7142857313
64413  -32.736  1.097  -5.172 0.1428571492
65009  -32.696  2.127  -5.984 0.1428571492
63213  -32.531  -0.444  -4.280 0.2857142985
112367  -32.391  -0.342  -4.962 0.7142857313
65629  -31.600  3.377  -9.071 0.7142857313
63823  -32.169  0.854  -6.057 0.8571428657
65622  -31.745  2.746  -8.257 0.5714285970
92910  -32.122  -1.827  -3.470 0.2857142985
62615  -32.271  -1.182  -3.868 0.2857142985
65014  -31.829  1.888  -7.116 0.7142857313
65034  -30.403  1.400  -10.647 0.5714285970
65021  -31.426  1.963  -8.005 0.8571428657
92906  -32.357  -2.142  -2.866 0.1428571492
106962  -32.166  -2.966  -2.708 0.1428571492
55529  -30.709  -9.790  -8.457 0.5714285970
100418  -31.136  -7.128  -6.553 0.8571428657
98625  -31.104  -6.298  -7.079 0.8571428657
100351  -31.127  -7.165  -7.792 0.4285714328
59877  -31.116  -5.425  -6.606 0.5714285970
92913  -31.400  -3.443  -4.856 0.8571428657
62638  -31.694  -1.214  -5.878 0.8571428657
106788  -32.022  -3.715  -2.592 0.2857142985
95135  -31.705  -1.777  -5.238 0.8571428657
108807  -32.017  -0.585  -5.537 0.8571428657
92904  -32.146  -4.322  -2.150 0.4285714328
92911  -31.804  -1.964  -4.189 0.7142857313
63212  -32.106  -1.065  -4.782 0.7142857313
55526  -30.496  -10.386  -8.212 0.2857142985
111352  -31.229  -8.708  -7.066 0.5714285970
57175  -31.127  -8.877  -8.032 0.5714285970
100419  -31.138  -7.106  -5.490 0.8571428657
93721  -31.268  -4.294  -5.507 0.8571428657
93818  -31.554  -2.548  -4.785 0.8571428657
93315  -31.577  -4.290  -3.027 0.4285714328
106588  -31.458  -3.823  -3.865 0.8571428657
59847  -31.677  -5.142  -2.373 0.4285714328
52877  -29.212  -13.883  -5.127 0.7142857313
53799  -28.988  -12.855  -5.772 0.4285714328
52878  -30.872  -13.670  -5.474 0.7142857313
53802  -32.619  -13.456  -6.989 0.8571428657
53805  -30.719  -12.471  -6.810 0.5714285970
54732  -30.192  -11.574  -7.095 0.5714285970
55523  -29.530  -10.791  -6.896 0.4285714328
54730  -32.061  -12.149  -7.141 0.8571428657
54737  -31.164  -11.456  -7.868 0.5714285970
55527  -30.970  -10.639  -8.298 0.5714285970
55517  -31.873  -10.340  -5.225 0.8571428657
101683  -31.435  -9.975  -6.861 0.7142857313
55524  -31.285  -10.693  -7.853 0.5714285970
58026  -31.400  -7.180  -3.321 0.7142857313
58912  -31.338  -6.206  -3.372 0.7142857313
92901  -31.311  -4.994  -4.105 0.7142857313
111012  -31.528  -6.127  -0.878 0.2857142985
58899  -31.416  -5.770  -1.674 0.4285714328
95706  -31.466  -5.809  -2.673 0.5714285970
52861  -29.270  -14.314  -3.611 0.4285714328
52869  -28.725  -14.283  -4.388 0.4285714328
53792  -28.720  -13.592  -5.137 0.4285714328
53794  -33.684  -14.020  -6.187 0.7142857313
52887  -33.167  -14.276  -6.726 0.7142857313
53803  -33.066  -13.604  -6.971 0.7142857313
55522  -32.426  -11.643  -5.948 0.8571428657
57147  -31.601  -7.932  -2.853 0.7142857313
96886  -32.091  -6.839  -1.749 0.2857142985
58015  -31.665  -7.262  -2.518 0.5714285970
51930  -27.934  -15.162  -3.307 0.4285714328
52859  -27.076  -14.195  -2.827 0.5714285970
52870  -30.100  -14.020  -4.339 0.5714285970
111669  -33.093  -14.452  -6.504 0.7142857313
57135  -32.234  -8.581  -1.895 0.4285714328
58006  -32.341  -7.818  -1.264 0.4285714328
58016  -32.063  -7.800  -2.148 0.4285714328
50997  -26.232  -16.255  -2.273 0.5714285970
51002  -34.954  -16.313  -2.930 0.4285714328
54700  -33.667  -11.692  -1.051 0.4285714328
54690  -33.257  -11.138  -0.451 0.4285714328
55489  -32.811  -10.221  -1.532 0.4285714328
48263  -26.353  -18.738  2.754 0.1428571492
52841  -34.438  -13.548  -1.429 0.4285714328
53772  -34.122  -12.642  -1.435 0.4285714328
48281  -26.898  -18.007  1.688 0.1428571492
49117  -27.728  -17.409  2.248 0.1428571492
50076  -30.903  -16.147  1.155 0.2857142985
49157  -34.554  -17.673  -1.727 0.2857142985
51887  -34.574  -15.032  0.596 0.2857142985
50088  -34.935  -16.964  -1.533 0.2857142985
50087  -33.868  -17.220  -1.917 0.4285714328
51895  -34.589  -14.773  -0.192 0.2857142985
50977  -34.820  -15.707  -0.821 0.2857142985
50993  -34.691  -17.044  -2.250 0.2857142985
52832  -34.502  -14.187  -0.249 0.2857142985
52842  -34.504  -13.894  -0.854 0.4285714328
48264  -27.455  -18.082  2.659 0.1428571492
99704  -26.229  -18.654  1.811 0.1428571492
49118  -28.602  -17.206  2.536 0.2857142985
49134  -29.113  -16.733  2.071 0.2857142985
49137  -32.468  -18.051  0.481 0.2857142985
49150  -33.821  -18.362  -1.503 0.2857142985
102549  -33.340  -17.625  -1.195 0.2857142985
50067  -32.277  -17.250  0.179 0.2857142985
109530  -34.183  -18.092  -1.635 0.2857142985
48265  -28.218  -17.793  2.953 0.1428571492
105377  -31.300  -17.476  2.280 0.2857142985
48266  -29.082  -17.689  3.133 0.2857142985
50053  -30.905  -16.776  1.877 0.2857142985
49135  -29.963  -16.807  2.208 0.2857142985
49133  -28.206  -16.867  1.787 0.2857142985
49136  -31.848  -17.487  1.430 0.2857142985
46438  -24.428  -20.394  4.370 0.2857142985
113762  -25.967  -19.116  3.149 0.1428571492
47367  -26.601  -18.937  3.521 0.1428571492
44576  -22.090  -22.454  6.152 0.2857142985
43636  -22.346  -23.111  6.742 0.2857142985
47344  -24.905  -20.061  3.732 0.2857142985
95831  -22.818  -22.527  6.551 0.1428571492
43635  -21.470  -23.105  6.329 0.2857142985
43612  -20.719  -23.750  6.591 0.1428571492
49120  -30.497  -17.278  2.585 0.2857142985
48304  -34.401  -18.289  -1.398 0.2857142985
50994  -35.074  -16.277  -2.276 0.4285714328
52831  -34.260  -13.349  0.265 0.2857142985
53800  -29.930  -13.145  -6.107 0.7142857313
53761  -34.202  -12.929  -0.528 0.4285714328
101190  -33.706  -11.863  -1.918 0.4285714328
56290  -32.147  -9.213  -2.566 0.4285714328
107844  -32.429  -8.759  -1.128 0.2857142985
58884  -32.338  -6.863  -0.828 0.2857142985
96621  -31.393  -5.249  -3.343 0.7142857313
66271  -30.174  4.355  -11.719 0.4285714328
63817  -32.005  0.004  -6.063 0.8571428657
68995  -31.212  8.803  -9.086 0.2857142985
65015  -32.563  2.389  -6.638 0.4285714328
65623  -32.462  3.500  -8.058 0.4285714328
101780  -30.306  14.834  -5.971 0.1428571492
70265  -32.263  10.303  -7.677 0.2857142985
108711  -22.866  -21.866  6.021 0.1428571492
44603  -20.736  -22.710  4.238 0.2857142985
47366  -25.363  -19.574  3.185 0.1428571492
48248  -27.071  -18.507  3.120 0.1428571492
101398  -28.651  -18.211  3.574 0.1428571492
48250  -29.508  -18.187  3.685 0.1428571492
49149  -28.685  -16.277  1.385 0.2857142985
48300  -33.998  -18.865  -1.420 0.2857142985
99361  -34.751  -17.728  -1.166 0.2857142985
52860  -27.856  -14.791  -3.754 0.5714285970
50078  -32.581  -16.720  -0.683 0.2857142985
53783  -27.736  -13.281  -3.411 0.2857142985
51894  -34.444  -14.139  0.598 0.2857142985
53753  -33.835  -12.663  1.020 0.2857142985
52884  -29.752  -13.524  -5.663 0.7142857313
52886  -32.321  -13.963  -6.499 0.5714285970
54725  -28.757  -11.843  -5.394 0.4285714328
108261  -33.986  -12.533  0.251 0.4285714328
55528  -30.183  -9.658  -8.354 0.2857142985
54735  -30.062  -10.729  -7.646 0.5714285970
110968  -33.804  -11.979  -0.285 0.2857142985
54734  -31.526  -12.260  -7.327 0.7142857313
95813  -30.740  -8.900  -8.528 0.2857142985
55471  -32.855  -10.473  0.188 0.1428571492
56272  -32.588  -9.548  -0.916 0.4285714328
107236  -32.452  -8.931  -0.343 0.1428571492
92903  -31.230  -5.081  -4.826 0.8571428657
57124  -32.418  -8.300  -0.583 0.1428571492
58898  -31.521  -6.496  -2.567 0.5714285970
93218  -31.641  -3.350  -3.229 0.7142857313
106589  -32.552  -3.399  -1.980 0.2857142985
100036  -32.742  -2.539  -2.243 0.1428571492
110257  -28.960  11.213  -8.099 0.2857142985
106849  -31.826  -2.511  -3.376 0.4285714328
93928  -32.641  -1.368  -3.122 0.1428571492
108455  -32.544  1.615  -5.753 0.5714285970
63200  -32.881  -0.601  -3.527 0.1428571492
63813  -32.706  0.252  -4.699 0.1428571492
108202  -28.768  14.780  -7.439 0.1428571492
63814  -33.206  0.826  -4.420 0.1428571492
65023  -33.252  3.000  -7.155 0.2857142985
65624  -33.460  3.966  -7.896 0.1428571492
67603  -33.477  6.334  -8.703 0.2857142985
66912  -33.796  5.835  -8.969 0.2857142985
100568  -34.179  5.599  -8.886 0.1428571492
99350  -34.220  5.043  -8.714 0.1428571492
45575  -25.139  -21.632  6.433 0.1428571492
47368  -27.373  -18.793  3.829 0.1428571492
100518  -34.730  -16.983  -0.357 0.2857142985
65632  -34.413  4.285  -8.103 0.1428571492
45593  -24.452  -21.312  5.817 0.1428571492
46421  -24.879  -20.630  5.214 0.1428571492
46439  -25.328  -20.207  4.556 0.1428571492
102833  -26.829  -18.392  2.415 0.1428571492
49132  -27.406  -17.268  1.262 0.2857142985
54699  -33.230  -11.030  -1.302 0.4285714328
52879  -32.701  -14.310  -5.993 0.7142857313
56313  -31.467  -9.684  -5.787 0.8571428657
66260  -31.614  4.210  -10.427 0.7142857313
66919  -31.626  5.888  -11.082 0.5714285970
67601  -31.764  6.930  -10.128 0.2857142985
70272  -30.694  9.990  -8.992 0.2857142985
108360  -31.920  -8.463  -2.504 0.4285714328
50092  -26.476  -16.582  -2.188 0.5714285970
50066  -31.538  -16.728  1.093 0.2857142985
57174  -31.291  -9.086  -6.373 0.5714285970
70836  -29.363  11.690  -9.680 0.2857142985
69664  -30.755  9.416  -9.114 0.2857142985
70835  -28.602  12.392  -9.495 0.2857142985
54731  -32.647  -12.771  -6.816 0.8571428657
71772  -30.923  13.598  -8.869 0.2857142985
72211  -30.551  15.045  -8.113 0.1428571492
72215  -30.455  14.332  -8.765 0.2857142985
72655  -30.069  15.970  -7.079 0.1428571492
71771  -29.701  13.962  -9.605 0.2857142985
70838  -31.671  11.883  -8.649 0.2857142985
72214  -29.520  14.629  -8.832 0.1428571492
71325  -28.489  13.269  -9.825 0.1428571492
67592  -33.140  6.906  -8.008 0.2857142985
69648  -32.441  9.342  -7.313 0.2857142985
68286  -31.882  8.045  -8.665 0.2857142985
65010  -33.405  2.515  -6.069 0.1428571492
63818  -32.343  0.218  -5.406 0.4285714328
64425  -32.205  1.712  -6.361 0.5714285970
108149  -31.882  -1.152  -5.342 0.8571428657
56316  -31.015  -9.867  -8.306 0.5714285970
97784  -31.193  -7.995  -7.378 0.5714285970
58058  -31.082  -7.988  -8.687 0.4285714328
93663  -31.333  -4.365  -4.475 0.8571428657
93378  -31.554  -2.929  -4.020 0.8571428657
112444  -31.394  -4.540  -3.746 0.7142857313
52876  -28.476  -14.112  -4.618 0.5714285970
53793  -29.209  -13.562  -5.588 0.4285714328
53801  -31.409  -13.183  -6.625 0.7142857313
53807  -32.311  -13.017  -7.180 0.7142857313
54729  -29.703  -12.345  -6.358 0.4285714328
54733  -31.119  -11.971  -7.597 0.5714285970
55516  -28.918  -10.809  -5.264 0.2857142985
106150  -31.504  -11.609  -7.541 0.7142857313
55521  -31.723  -10.895  -6.697 0.8571428657
52868  -28.247  -14.460  -4.212 0.5714285970
56277  -32.466  -9.392  -1.730 0.4285714328
51910  -34.868  -15.043  -1.382 0.4285714328
55481  -32.855  -10.348  -0.683 0.4285714328
50075  -29.818  -16.265  1.578 0.2857142985
49156  -34.224  -17.760  -1.818 0.2857142985
94150  -27.840  -18.332  3.383 0.1428571492
49119  -29.544  -17.212  2.651 0.2857142985
99758  -33.125  -18.307  -0.673 0.2857142985
43637  -23.200  -23.081  7.013 0.1428571492
44577  -23.631  -22.332  6.661 0.1428571492
71764  -29.275  15.048  -6.754 0.1428571492
45573  -23.757  -21.726  6.131 0.1428571492
45594  -25.431  -21.102  5.870 0.1428571492
71753  -29.126  13.729  -6.880 0.1428571492
64435  -30.208  -0.042  -10.208 0.5714285970
63834  -30.697  -0.286  -7.669 0.4285714328
108403  -30.339  0.285  -8.583 0.5714285970
103873  -31.139  -0.311  -7.480 0.4285714328
106753  -31.022  -2.760  -7.827 0.4285714328
92914  -31.014  -1.857  -7.741 0.4285714328
62651  -31.036  -1.261  -7.619 0.5714285970
63224  -31.267  -0.700  -7.204 0.5714285970
92912  -31.049  -4.614  -7.318 0.5714285970
50963  -34.399  -15.061  2.035 0.1428571492
51886  -34.344  -14.344  1.517 0.1428571492
99456  -23.574  -18.265  0.075 0.2857142985
103475  -34.670  -16.082  0.049 0.1428571492
50054  -33.989  -16.427  3.059 0.1428571492
108457  -34.489  -15.839  1.849 0.1428571492
103378  -33.725  -15.622  3.551 0.1428571492
50953  -34.161  -15.731  2.599 0.1428571492
103921  -33.605  -14.737  3.804 0.1428571492
48288  -23.829  -19.296  -0.221 0.2857142985
48293  -34.397  -19.155  -0.534 0.1428571492
49124  -34.457  -17.517  1.492 0.1428571492
49138  -34.629  -17.577  0.097 0.1428571492
50055  -34.409  -16.526  2.160 0.1428571492
50021  -33.557  -16.188  4.730 0.1428571492
105849  -34.217  -17.255  2.655 0.1428571492
51792  -33.983  -15.027  7.459 0.1428571492
50909  -33.556  -15.525  5.464 0.1428571492
51815  -33.770  -14.657  6.696 0.1428571492
47395  -23.416  -19.923  0.052 0.2857142985
48277  -22.112  -19.063  0.712 0.2857142985
48282  -32.497  -19.632  0.628 0.1428571492
47397  -33.332  -20.788  -0.966 0.1428571492
47401  -33.554  -20.161  -0.928 0.1428571492
48292  -32.756  -19.222  -0.179 0.1428571492
48301  -34.181  -19.178  -1.167 0.1428571492
49123  -34.270  -18.147  2.278 0.1428571492
48283  -34.303  -19.494  0.550 0.1428571492
49108  -33.815  -17.101  3.515 0.1428571492
106318  -34.371  -18.480  1.381 0.1428571492
112848  -33.533  -17.484  4.683 0.1428571492
49997  -33.561  -16.774  6.413 0.1428571492
49981  -33.691  -16.553  7.274 0.1428571492
50898  -33.574  -15.942  6.191 0.1428571492
47389  -22.777  -19.797  0.343 0.2857142985
47388  -22.233  -20.359  0.767 0.2857142985
102382  -21.223  -20.096  1.127 0.2857142985
49121  -31.879  -18.146  2.166 0.1428571492
47381  -32.525  -20.572  0.661 0.1428571492
105750  -32.738  -20.718  -0.399 0.1428571492
45637  -33.644  -21.246  -0.635 0.1428571492
48269  -34.124  -18.844  2.753 0.1428571492
47392  -34.005  -20.796  0.087 0.1428571492
107926  -33.646  -17.710  4.026 0.1428571492
49073  -33.505  -17.112  5.717 0.1428571492
95485  -33.547  -18.155  4.661 0.1428571492
50885  -34.319  -15.550  8.113 0.1428571492
49982  -33.884  -16.220  7.904 0.1428571492
49107  -31.070  -17.993  2.953 0.1428571492
48268  -32.275  -19.190  1.680 0.1428571492
48267  -31.818  -18.851  2.662 0.1428571492
46479  -32.748  -21.476  -0.201 0.1428571492
48253  -32.314  -19.856  1.989 0.1428571492
96150  -33.991  -20.647  1.802 0.1428571492
47371  -34.058  -19.700  2.926 0.1428571492
47382  -34.113  -20.274  1.198 0.1428571492
48254  -33.805  -18.680  3.776 0.1428571492
49062  -33.628  -17.467  7.224 0.1428571492
48218  -33.500  -18.456  5.446 0.1428571492
49967  -33.806  -16.914  8.014 0.1428571492
48252  -31.265  -18.711  3.394 0.1428571492
49106  -30.021  -17.716  3.183 0.1428571492
47370  -32.289  -20.337  2.172 0.1428571492
104954  -33.192  -21.005  0.431 0.1428571492
103413  -32.559  -20.927  0.796 0.1428571492
46461  -33.964  -20.645  2.849 0.1428571492
47353  -33.821  -19.644  3.913 0.1428571492
98178  -33.540  -19.385  5.504 0.1428571492
103624  -33.499  -17.780  6.180 0.1428571492
46460  -32.201  -20.682  2.407 0.1428571492
47369  -31.788  -19.527  3.178 0.1428571492
45633  -33.517  -21.256  1.209 0.1428571492
46471  -32.641  -21.141  1.304 0.1428571492
46472  -33.562  -21.225  1.311 0.1428571492
46445  -33.762  -20.287  4.254 0.1428571492
46480  -33.575  -21.304  0.424 0.1428571492
101678  -33.456  -19.228  -1.043 0.1428571492
49968  -34.265  -16.433  8.530 0.1428571492
98601  -34.992  -15.169  8.368 0.1428571492
97707  -33.633  -16.122  6.794 0.1428571492
49088  -33.581  -16.960  4.315 0.1428571492
50007  -33.531  -16.415  5.600 0.1428571492
51871  -33.944  -14.261  2.432 0.1428571492
46477  -22.462  -21.451  1.225 0.2857142985
95486  -33.490  -18.778  6.275 0.1428571492
48191  -33.617  -18.309  7.687 0.1428571492
50869  -35.058  -15.968  8.801 0.1428571492
50870  -35.646  -15.292  8.572 0.1428571492
92917  -30.746  -3.714  -8.107 0.4285714328
51771  -34.648  -14.720  7.932 0.1428571492
50884  -33.677  -15.476  6.787 0.1428571492
106294  -33.567  -14.794  5.193 0.1428571492
51793  -34.326  -14.253  7.353 0.1428571492
52805  -33.941  -13.649  2.016 0.1428571492
52822  -34.105  -13.467  1.268 0.1428571492
65040  -30.005  2.131  -11.627 0.4285714328
100025  -34.688  6.181  -9.512 0.1428571492
67593  -33.939  6.797  -7.945 0.1428571492
50964  -34.556  -15.536  1.214 0.1428571492
49122  -32.320  -18.509  1.170 0.1428571492
49151  -34.601  -18.423  -0.831 0.1428571492
54682  -33.608  -11.960  0.683 0.1428571492
54681  -33.259  -11.274  0.406 0.1428571492
107371  -34.555  -16.534  0.981 0.1428571492
103156  -33.874  -14.935  2.941 0.1428571492
50039  -33.662  -16.354  3.881 0.1428571492
112686  -33.612  -15.855  4.166 0.1428571492
107541  -33.502  -13.998  3.999 0.1428571492
50922  -33.584  -15.298  4.498 0.1428571492
103704  -34.493  -18.405  0.397 0.1428571492
99169  -33.520  -16.956  5.076 0.1428571492
98946  -33.591  -15.276  6.193 0.1428571492
101851  -32.980  -19.929  -0.690 0.1428571492
46491  -33.616  -20.808  -0.937 0.1428571492
48270  -34.260  -19.120  1.799 0.1428571492
104730  -33.989  -17.932  3.194 0.1428571492
98179  -33.488  -17.659  5.296 0.1428571492
46481  -33.720  -21.258  -0.184 0.1428571492
108228  -34.163  -19.719  2.160 0.1428571492
48236  -33.626  -18.978  4.695 0.1428571492
42738  -19.626  -24.213  6.286 0.1428571492
44575  -20.780  -23.192  5.932 0.1428571492
43652  -19.184  -23.664  5.436 0.1428571492
43653  -19.805  -23.204  4.973 0.1428571492
44592  -20.463  -23.130  5.378 0.1428571492
45622  -20.893  -22.416  2.712 0.1428571492
45621  -19.906  -22.297  2.871 0.1428571492
111034  -21.177  -21.956  2.131 0.1428571492
45632  -21.724  -22.077  2.362 0.1428571492
100946  -21.795  -21.750  1.707 0.1428571492
46457  -19.392  -21.453  2.668 0.1428571492
46466  -19.513  -20.909  2.160 0.1428571492
46468  -20.913  -21.328  1.687 0.1428571492
46476  -21.573  -21.009  1.244 0.1428571492
47386  -19.800  -19.051  1.535 0.1428571492
48275  -20.347  -18.586  1.344 0.1428571492
48276  -21.266  -19.213  1.119 0.1428571492
49130  -22.183  -18.040  0.933 0.2857142985
48287  -22.983  -18.979  0.275 0.1428571492
49143  -22.875  -18.017  0.625 0.1428571492
49144  -24.190  -17.958  -0.506 0.1428571492
49142  -22.286  -17.234  0.877 0.2857142985
50082  -24.912  -17.254  -1.251 0.2857142985
101485  -26.194  -14.831  -2.023 0.4285714328
51929  -27.396  -15.189  -3.223 0.4285714328
109319  -27.384  -14.835  -3.366 0.4285714328
93844  -30.966  -5.501  -7.705 0.2857142985
93885  -30.481  -4.657  -8.310 0.2857142985
107489  -30.444  -0.677  -7.791 0.2857142985
93889  -29.744  -0.340  -10.142 0.4285714328
50061  -21.353  -17.052  1.028 0.1428571492
103716  -23.054  -17.469  0.611 0.2857142985
49145  -24.622  -17.839  -1.022 0.1428571492
44616  -19.654  -22.473  3.662 0.1428571492
47378  -19.842  -19.804  1.659 0.1428571492
49129  -21.145  -17.997  1.258 0.1428571492
50071  -21.498  -16.295  0.843 0.2857142985
50073  -23.615  -17.255  0.275 0.2857142985
50072  -22.587  -16.504  0.741 0.2857142985
50971  -23.493  -16.205  0.390 0.2857142985
50074  -24.280  -17.109  -0.369 0.2857142985
50987  -25.529  -16.295  -1.744 0.4285714328
51904  -25.263  -15.292  -1.271 0.4285714328
110348  -25.577  -14.765  -1.496 0.2857142985
105014  -31.066  -7.142  -8.888 0.2857142985
59891  -30.420  -5.644  -8.797 0.2857142985
59890  -30.001  -4.744  -9.147 0.2857142985
62654  -30.553  -1.512  -8.015 0.2857142985
92919  -30.247  -1.143  -7.840 0.2857142985
50985  -24.372  -15.939  -0.361 0.2857142985
113837  -30.121  -5.468  -9.357 0.2857142985
58959  -30.282  -6.618  -9.770 0.2857142985
93840  -30.187  -3.820  -8.952 0.2857142985
92918  -29.837  -2.725  -8.790 0.2857142985
107308  -30.400  -2.981  -8.834 0.2857142985
96804  -30.444  -2.216  -8.420 0.2857142985
93607  -29.987  -1.795  -8.273 0.2857142985
60651  -29.967  -4.536  -9.140 0.2857142985
101024  -29.853  -3.739  -9.125 0.2857142985
51918  -26.548  -15.664  -2.551 0.4285714328
51005  -26.985  -15.583  -2.939 0.4285714328
50986  -25.069  -16.548  -1.311 0.4285714328
44618  -21.047  -22.570  3.494 0.1428571492
44602  -19.884  -22.869  4.185 0.1428571492
107110  -30.735  -0.892  -7.680 0.2857142985
47387  -20.509  -19.491  1.369 0.1428571492
44617  -20.316  -22.659  3.401 0.1428571492
45631  -20.232  -21.677  2.193 0.1428571492
46467  -20.007  -20.743  1.747 0.1428571492
101841  -19.304  -20.119  2.045 0.1428571492
46475  -20.648  -20.405  1.430 0.1428571492
113058  -24.960  -15.825  -1.073 0.4285714328
93970  -29.737  -2.872  -8.757 0.2857142985
52852  -26.451  -13.983  -2.090 0.2857142985
101725  -27.986  -14.240  -4.154 0.2857142985
68979  -35.102  9.204  -6.139 0.1428571492
68988  -35.432  8.829  -6.655 0.1428571492
68978  -34.430  9.100  -6.083 0.1428571492
68280  -34.290  7.934  -6.816 0.1428571492
68289  -34.535  7.433  -7.398 0.1428571492
69643  -35.543  9.901  -5.958 0.1428571492
68986  -33.844  8.653  -6.397 0.1428571492
100087  -32.493  12.028  -8.032 0.1428571492
71318  -33.103  13.315  -6.947 0.1428571492
108115  -27.544  -14.303  -3.543 0.2857142985
67594  -34.781  7.065  -8.263 0.1428571492
68997  -35.791  8.715  -7.456 0.1428571492
69649  -33.076  9.969  -6.837 0.1428571492
68288  -33.683  7.383  -7.331 0.1428571492
99424  -33.349  11.417  -6.520 0.1428571492
70824  -32.822  11.729  -7.257 0.1428571492
71769  -32.505  13.598  -7.833 0.1428571492
104987  -32.174  14.624  -7.638 0.1428571492
68985  -32.799  8.556  -7.041 0.1428571492
100139  -33.182  9.102  -6.657 0.1428571492
51928  -26.829  -14.996  -2.902 0.2857142985
70249  -35.135  10.458  -5.541 0.1428571492
68987  -34.720  8.532  -6.407 0.1428571492
69641  -33.829  9.627  -6.124 0.1428571492
70250  -36.022  10.594  -5.917 0.1428571492
70255  -32.955  10.876  -7.115 0.1428571492
68290  -35.293  7.848  -7.745 0.1428571492
58947  -29.617  -6.119  -7.931 0.1428571492
108232  -30.054  -6.145  -9.929 0.1428571492
59892  -29.904  -5.234  -9.203 0.1428571492
92933  -29.800  -2.338  -8.373 0.1428571492
92938  -29.778  -2.291  -7.220 0.1428571492
92939  -29.874  -1.431  -7.152 0.1428571492
58061  -30.693  -7.367  -9.399 0.1428571492
93810  -30.034  -0.762  -6.973 0.1428571492
106960  -30.268  -0.037  -6.884 0.1428571492
63828  -30.382  0.244  -7.716 0.2857142985
95186  -29.379  -9.243  -6.668 0.1428571492
56317  -29.933  -9.059  -8.546 0.1428571492
58057  -29.716  -7.734  -8.822 0.1428571492
59831  -31.614  -4.840  -1.375 0.1428571492
102176  -29.740  -5.250  -8.394 0.1428571492
93830  -29.862  0.075  -8.918 0.1428571492
64431  -29.755  0.585  -8.611 0.2857142985
65033  -28.647  0.701  -10.795 0.2857142985
66908  -29.592  5.791  -7.749 0.2857142985
99341  -29.523  5.004  -7.202 0.2857142985
67590  -29.484  6.757  -7.445 0.2857142985
102282  -29.157  9.165  -5.170 0.1428571492
111966  -29.843  -0.284  -10.945 0.2857142985
64434  -28.999  -0.054  -9.880 0.2857142985
65038  -28.503  1.047  -12.043 0.2857142985
66270  -29.367  3.843  -11.867 0.2857142985
65636  -28.944  3.475  -11.399 0.2857142985
66257  -29.567  4.179  -8.016 0.2857142985
66917  -30.164  5.415  -10.675 0.2857142985
104094  -29.673  5.026  -8.428 0.2857142985
67599  -29.869  6.385  -8.514 0.2857142985
66905  -28.667  5.838  -6.152 0.2857142985
104919  -29.484  10.871  -6.094 0.1428571492
70247  -29.867  11.275  -5.169 0.1428571492
97279  -29.579  4.111  -6.755 0.1428571492
93540  -30.087  1.082  -7.315 0.2857142985
66906  -29.271  5.836  -6.770 0.2857142985
68278  -29.227  7.798  -6.852 0.1428571492
67586  -28.932  6.874  -6.367 0.2857142985
68976  -28.128  8.404  -5.432 0.1428571492
68274  -26.986  8.754  -5.813 0.1428571492
93473  -30.117  -0.261  -6.226 0.2857142985
66904  -26.750  6.025  -6.079 0.1428571492
68271  -29.497  8.053  -4.557 0.1428571492
68983  -26.176  8.140  -5.807 0.1428571492
92954  -29.697  -0.948  -4.190 0.1428571492
106694  -31.858  -3.915  -1.085 0.1428571492
94903  -29.341  -10.022  -6.801 0.1428571492
58056  -29.405  -7.819  -7.756 0.1428571492
58940  -29.481  -6.851  -7.087 0.1428571492
59884  -29.657  -5.321  -7.458 0.1428571492
60640  -29.698  -4.816  -6.791 0.1428571492
92928  -29.735  -3.625  -8.520 0.1428571492
93877  -29.864  -1.746  -7.949 0.1428571492
108546  -29.980  -0.984  -5.984 0.1428571492
94659  -30.278  -0.669  -7.507 0.1428571492
107112  -30.234  0.591  -6.817 0.2857142985
65028  -29.175  0.919  -9.339 0.1428571492
65628  -29.142  2.006  -9.795 0.1428571492
111022  -29.220  3.054  -10.249 0.2857142985
106362  -29.415  3.221  -8.867 0.1428571492
67580  -25.730  6.870  -5.521 0.1428571492
66902  -27.516  5.874  -6.014 0.2857142985
68276  -26.285  8.301  -5.904 0.1428571492
105227  -26.954  8.646  -5.384 0.1428571492
68984  -29.078  9.210  -6.474 0.1428571492
110547  -28.373  8.571  -5.052 0.1428571492
59817  -31.720  -5.367  -0.749 0.1428571492
105302  -31.968  -4.472  -0.570 0.1428571492
66266  -29.594  4.585  -10.980 0.2857142985
68977  -28.909  8.930  -5.619 0.1428571492
92934  -29.512  0.291  -11.453 0.2857142985
55520  -29.165  -10.446  -6.051 0.1428571492
65642  -29.350  2.932  -12.231 0.2857142985
57178  -30.770  -8.176  -9.133 0.1428571492
57993  -32.419  -7.663  -0.352 0.1428571492
65039  -29.072  1.605  -12.270 0.2857142985
93325  -30.491  -0.100  -7.648 0.1428571492
58954  -29.814  -6.684  -9.170 0.1428571492
60646  -29.711  -4.569  -7.876 0.1428571492
92932  -29.691  -2.977  -7.925 0.1428571492
104709  -29.592  -5.770  -6.559 0.1428571492
92940  -29.987  -1.241  -7.785 0.1428571492
57176  -29.966  -8.255  -8.979 0.1428571492
57173  -29.406  -8.620  -7.171 0.1428571492
98727  -28.638  2.002  -11.432 0.2857142985
64439  -28.772  0.802  -12.095 0.2857142985
101476  -29.051  0.045  -11.258 0.2857142985
109797  -29.859  5.685  -8.720 0.2857142985
66254  -29.226  5.036  -6.329 0.1428571492
68972  -29.580  8.966  -4.699 0.1428571492
65641  -28.842  2.313  -12.277 0.2857142985
66259  -29.487  4.201  -9.705 0.2857142985
66911  -29.842  5.189  -9.664 0.2857142985
101154  -28.893  8.650  -6.258 0.1428571492
67582  -27.858  7.185  -5.975 0.2857142985
70814  -30.066  12.086  -5.381 0.1428571492
68277  -28.466  8.078  -5.908 0.2857142985
98447  -20.336  -15.500  0.036 0.1428571492
50970  -21.616  -15.671  0.586 0.1428571492
106369  -22.322  -15.453  0.496 0.1428571492
50981  -20.272  -15.005  -0.397 0.1428571492
51914  -20.895  -13.946  -1.161 0.1428571492
105109  -21.103  -13.572  -1.542 0.1428571492
51901  -21.488  -14.330  -0.639 0.1428571492
52848  -21.442  -13.427  -1.610 0.1428571492
105825  -22.450  -14.352  -0.369 0.1428571492
50984  -23.103  -15.084  0.260 0.1428571492
106010  -22.277  -12.770  -1.930 0.1428571492
52839  -23.923  -13.989  -0.731 0.1428571492
51903  -24.569  -14.975  -0.647 0.1428571492
52851  -24.401  -13.352  -1.124 0.1428571492
52840  -24.924  -14.359  -1.043 0.1428571492
53767  -21.684  -12.859  -2.103 0.1428571492
53768  -22.882  -12.365  -2.031 0.1428571492
103274  -25.587  -13.864  -1.470 0.1428571492
53771  -26.057  -12.936  -1.619 0.1428571492
53787  -28.238  -13.476  -4.378 0.1428571492
50069  -19.959  -16.148  0.432 0.1428571492
51900  -20.907  -14.407  -0.779 0.1428571492
50969  -20.857  -15.531  0.266 0.1428571492
51902  -23.589  -14.618  -0.269 0.1428571492
50982  -20.628  -14.931  -0.356 0.1428571492
50983  -21.243  -14.916  -0.058 0.1428571492
52836  -19.893  -13.858  -0.950 0.1428571492
51915  -21.184  -13.906  -1.156 0.1428571492
51916  -21.837  -13.856  -1.068 0.1428571492
52849  -22.116  -13.329  -1.523 0.1428571492
52838  -22.828  -13.861  -0.869 0.1428571492
52850  -23.140  -13.126  -1.344 0.1428571492
53779  -22.044  -12.273  -2.636 0.1428571492
53777  -21.114  -12.510  -2.498 0.1428571492
45641  -33.730  -21.204  -0.863 0.1428571492
46419  -23.298  -21.066  4.803 0.4285714328
46485  -33.586  -21.140  -0.689 0.1428571492
46486  -33.833  -21.071  -0.351 0.1428571492
46490  -33.529  -21.156  -0.931 0.1428571492
47398  -34.020  -20.217  -0.660 0.1428571492
48296  -24.289  -18.671  -0.486 0.5714285970
49154  -24.621  -18.255  -0.912 0.2857142985
49958  -34.793  -16.786  9.115 0.1428571492
51906  -29.817  -14.972  -0.450 0.5714285970
51917  -25.890  -15.594  -1.989 0.4285714328
51938  -28.303  -14.672  -3.923 0.5714285970
52837  -20.563  -13.839  -1.217 0.1428571492
52880  -33.582  -14.524  -5.982 0.7142857313
52885  -30.789  -13.399  -6.010 0.7142857313
53806  -31.761  -12.737  -7.233 0.7142857313
54736  -30.799  -11.161  -7.986 0.5714285970
55525  -29.832  -10.085  -7.969 0.2857142985
56289  -31.704  -8.670  -3.105 0.8571428657
56314  -31.261  -9.559  -7.514 0.5714285970
56315  -29.496  -9.595  -7.588 0.1428571492
56318  -30.382  -8.804  -8.736 0.2857142985
57177  -30.383  -7.788  -9.319 0.1428571492
58054  -29.450  -7.632  -6.511 0.1428571492
58059  -30.103  -7.372  -9.465 0.1428571492
58060  -30.305  -7.104  -9.630 0.2857142985
58948  -30.988  -6.384  -8.283 0.2857142985
58955  -30.653  -6.571  -9.362 0.2857142985
58958  -30.165  -6.587  -9.828 0.2857142985
59893  -29.950  -5.523  -9.422 0.1428571492
59894  -30.321  -5.943  -9.756 0.1428571492
60650  -29.819  -4.457  -8.813 0.2857142985
65042  -28.908  2.057  -12.343 0.2857142985
66895  -25.663  6.018  -5.381 0.1428571492
66901  -26.174  5.950  -5.892 0.1428571492
67573  -25.429  6.704  -5.235 0.1428571492
67581  -26.905  6.870  -6.131 0.1428571492
67585  -26.262  7.013  -6.039 0.1428571492
68267  -25.383  6.807  -5.233 0.1428571492
68273  -25.849  7.475  -5.556 0.1428571492
68279  -33.427  8.102  -6.901 0.1428571492
68281  -35.078  8.040  -6.918 0.1428571492
68969  -25.973  7.638  -5.290 0.1428571492
68975  -26.350  8.361  -5.830 0.1428571492
70256  -33.579  10.584  -6.303 0.1428571492
70813  -29.720  11.597  -6.080 0.1428571492
70830  -28.473  12.072  -8.525 0.2857142985
71323  -32.264  12.682  -8.266 0.2857142985
71326  -29.575  12.435  -9.888 0.2857142985
71328  -31.408  12.782  -8.813 0.2857142985
71329  -29.161  13.309  -10.129 0.2857142985
71767  -28.300  13.853  -9.140 0.1428571492
71770  -28.875  14.051  -9.619 0.2857142985
72204  -29.894  15.758  -6.747 0.1428571492
72213  -28.779  14.777  -8.419 0.1428571492
92925  -29.785  -3.180  -9.065 0.2857142985
93736  -29.847  -3.352  -9.115 0.2857142985
94125  -29.592  -8.760  -8.322 0.1428571492
95302  -29.596  -10.271  -7.418 0.2857142985
95318  -20.399  -22.959  4.793 0.1428571492
97460  -22.832  -21.448  2.541 0.2857142985
98027  -25.382  -16.982  -1.662 0.4285714328
102163  -33.790  -15.804  7.410 0.1428571492
102588  -29.510  -7.091  -8.214 0.1428571492
103623  -33.647  -19.643  4.720 0.1428571492
104158  -29.783  -5.821  -8.977 0.1428571492
104933  -32.958  -11.882  -5.149 0.8571428657
105339  -29.890  -5.927  -9.766 0.1428571492
105691  -31.192  8.152  -9.472 0.2857142985
106087  -29.197  -11.600  -6.211 0.2857142985
107488  -33.430  -20.924  -0.988 0.1428571492
107932  -29.903  -3.959  -9.130 0.2857142985
108438  -22.042  -14.716  0.042 0.1428571492
108505  -29.749  -9.518  -8.195 0.2857142985
109676  -33.303  8.603  -6.711 0.1428571492
109743  -28.756  1.578  -12.315 0.2857142985
110059  -33.577  -21.362  -0.351 0.1428571492
112620  -23.069  -20.398  0.393 0.2857142985
112796  -28.108  -15.973  -0.256 0.5714285970
113050  -27.306  -13.485  -2.806 0.2857142985
113079  -34.511  -14.962  1.397 0.1428571492
