#!ascii label  , from subject sub-v1s16x0051165_ses-1 vox2ras=TkReg
809
50861  19.717  -3.421  -1.454 0.2500000000
97843  20.341  -3.874  -1.794 0.2500000000
49985  21.086  -4.400  -2.084 0.7500000000
53403  19.476  -0.314  -3.613 0.2500000000
52578  19.944  -1.168  -3.456 0.1250000000
53402  20.316  -0.707  -4.187 0.3750000000
52565  20.361  -2.007  -3.249 0.2500000000
51712  19.308  -2.663  -1.438 0.2500000000
50882  21.502  -3.450  -2.915 0.7500000000
50860  20.135  -3.177  -2.136 0.3750000000
49984  21.863  -4.855  -2.142 0.8750000000
50001  21.682  -4.054  -2.544 0.8750000000
49983  22.508  -4.754  -2.019 0.8750000000
52577  20.798  -1.551  -4.010 0.3750000000
51728  21.742  -2.957  -3.398 0.8750000000
51729  20.815  -2.914  -3.004 0.7500000000
50858  24.225  -3.486  -1.568 1.0000000000
50880  22.701  -3.257  -2.791 1.0000000000
50881  22.162  -3.570  -2.908 0.8750000000
49982  23.183  -4.520  -1.714 1.0000000000
49966  24.487  -4.607  -0.727 1.0000000000
54184  19.828  0.337  -4.450 0.2500000000
52576  21.630  -1.701  -4.213 0.7500000000
52564  22.588  -2.176  -3.534 0.8750000000
51736  22.013  -2.368  -3.877 0.8750000000
105880  25.166  -3.094  -1.320 1.0000000000
51711  23.479  -3.196  -2.264 1.0000000000
51726  23.026  -2.629  -2.899 1.0000000000
50841  25.907  -3.600  -0.688 1.0000000000
50842  24.872  -3.880  -0.997 1.0000000000
49965  25.484  -4.336  -0.352 1.0000000000
49981  23.962  -4.194  -1.286 1.0000000000
54177  18.932  0.635  -3.589 0.1250000000
52581  21.172  -0.919  -4.502 0.6250000000
52563  23.405  -1.809  -2.957 1.0000000000
52575  22.215  -1.678  -4.126 0.8750000000
50840  27.018  -3.466  -0.757 1.0000000000
51694  26.195  -2.897  -1.103 1.0000000000
51710  24.437  -2.792  -1.838 1.0000000000
51725  23.912  -2.338  -2.389 1.0000000000
49980  27.931  -4.374  -1.007 1.0000000000
93374  28.429  -5.240  -2.862 1.0000000000
89898  22.950  3.139  -4.083 0.2500000000
109004  20.406  1.205  -5.515 0.3750000000
53407  21.364  -0.015  -4.977 0.5000000000
53399  23.162  -0.489  -3.614 1.0000000000
53406  22.121  -0.162  -4.786 0.6250000000
52574  22.925  -1.338  -3.576 1.0000000000
52551  25.792  -1.687  -1.651 1.0000000000
52562  24.309  -1.540  -2.508 1.0000000000
50856  28.359  -3.652  -1.608 1.0000000000
50857  27.817  -3.215  -1.202 1.0000000000
95330  27.212  -2.011  -1.328 1.0000000000
50878  28.855  -3.417  -3.083 1.0000000000
49999  28.606  -4.818  -3.596 1.0000000000
50899  28.684  -4.361  -4.674 1.0000000000
101433  23.141  2.892  -4.112 0.5000000000
89365  22.357  2.797  -4.593 0.3750000000
90178  21.492  2.605  -5.250 0.3750000000
54901  21.197  1.726  -5.498 0.5000000000
54900  22.075  1.797  -4.969 0.5000000000
54175  23.301  0.361  -3.705 0.8750000000
54166  23.838  -0.080  -3.318 1.0000000000
54174  24.127  0.697  -3.336 1.0000000000
52550  26.756  -1.345  -1.478 1.0000000000
53389  25.338  -0.432  -2.252 1.0000000000
51723  29.081  -2.255  -3.085 1.0000000000
51707  28.581  -1.829  -1.686 1.0000000000
51743  29.310  -3.393  -6.216 1.0000000000
102866  28.825  -3.620  -5.364 1.0000000000
50903  28.949  -4.454  -5.750 0.8750000000
55601  23.805  3.240  -3.595 0.5000000000
89364  22.908  2.055  -4.288 0.5000000000
55602  23.710  2.371  -3.760 0.6250000000
54893  24.358  1.672  -3.360 0.6250000000
54881  24.926  1.017  -2.840 1.0000000000
54894  23.495  1.327  -3.778 0.7500000000
54146  26.126  -0.045  -1.877 1.0000000000
89775  29.347  -0.878  -6.963 1.0000000000
99432  29.531  -0.957  -4.153 1.0000000000
101328  29.380  -1.314  -3.025 1.0000000000
96136  28.487  -0.881  -1.565 1.0000000000
52580  29.593  -1.534  -5.314 1.0000000000
52573  29.116  -1.954  -4.183 1.0000000000
52561  29.179  -1.503  -2.153 1.0000000000
51742  29.573  -1.881  -7.054 0.8750000000
51739  29.468  -2.272  -6.195 1.0000000000
95570  24.567  2.699  -3.324 0.5000000000
54892  25.213  1.964  -2.913 0.8750000000
54863  29.107  1.161  -2.131 1.0000000000
54864  27.208  1.016  -1.902 1.0000000000
89352  29.775  -0.127  -5.438 1.0000000000
53388  29.681  0.051  -3.161 1.0000000000
91977  28.193  -0.052  -1.632 1.0000000000
106996  29.571  0.830  -5.020 1.0000000000
90022  29.655  -0.615  -8.079 1.0000000000
102507  29.229  0.719  -7.269 1.0000000000
89348  29.228  0.585  -8.593 1.0000000000
93153  24.770  3.568  -3.126 0.5000000000
55600  25.650  2.955  -2.805 0.8750000000
108722  26.037  2.104  -2.501 1.0000000000
90919  28.108  2.355  -2.232 1.0000000000
54878  27.834  1.604  -1.839 1.0000000000
94782  27.483  2.330  -1.955 1.0000000000
100924  29.260  2.680  -4.898 1.0000000000
97340  29.214  1.941  -3.360 1.0000000000
90031  29.575  2.134  -6.821 1.0000000000
106908  29.308  2.034  -5.249 1.0000000000
93182  29.451  1.285  -4.228 1.0000000000
89355  29.012  2.227  -8.891 1.0000000000
94957  29.348  1.807  -5.564 1.0000000000
89991  29.945  1.074  -10.010 0.8750000000
101469  28.467  6.267  -4.016 1.0000000000
57648  27.300  5.889  -2.929 0.3750000000
57647  28.150  5.845  -3.376 0.8750000000
56287  27.959  3.914  -2.653 1.0000000000
55599  29.630  3.101  -5.347 1.0000000000
55586  28.960  3.230  -4.321 1.0000000000
59052  28.457  7.291  -3.988 0.8750000000
90050  28.786  6.466  -3.834 1.0000000000
57646  28.581  5.729  -3.869 1.0000000000
56963  28.205  4.927  -3.218 1.0000000000
89674  28.916  5.766  -4.155 1.0000000000
56275  28.674  3.824  -3.543 1.0000000000
56274  29.596  3.835  -5.324 1.0000000000
99343  27.711  8.477  -3.977 0.7500000000
89790  29.143  6.360  -4.584 1.0000000000
102505  29.470  5.418  -5.188 1.0000000000
89380  30.017  4.606  -5.822 1.0000000000
89379  29.832  4.760  -5.659 1.0000000000
90204  29.788  4.480  -5.564 1.0000000000
108275  28.802  6.985  -4.224 1.0000000000
90144  29.706  6.093  -5.449 1.0000000000
90720  29.972  5.189  -5.714 1.0000000000
63723  27.772  14.923  -2.327 0.1250000000
64345  28.356  15.564  -2.009 0.1250000000
63734  28.480  14.554  -3.111 0.2500000000
64351  28.785  15.363  -2.826 0.1250000000
63733  29.486  14.898  -3.780 0.3750000000
64350  29.626  15.539  -3.254 0.2500000000
63738  30.154  14.679  -4.292 0.5000000000
93909  30.107  15.198  -3.930 0.2500000000
63732  30.894  15.058  -4.102 0.3750000000
64343  30.122  15.732  -2.559 0.2500000000
64349  30.534  15.459  -3.438 0.2500000000
64342  31.120  15.559  -2.608 0.2500000000
64348  31.496  15.254  -3.525 0.2500000000
99292  31.741  15.022  -3.935 0.3750000000
64347  32.298  15.096  -3.323 0.2500000000
51730  19.838  -2.368  -2.408 0.2500000000
52566  19.514  -1.527  -2.650 0.1250000000
49963  27.510  -5.057  -0.444 1.0000000000
108548  29.485  1.368  -2.236 1.0000000000
50827  18.789  -3.697  0.219 0.1250000000
49150  21.231  -5.103  -1.663 0.6250000000
48215  22.113  -6.143  -1.526 0.7500000000
53392  19.183  -0.701  -2.873 0.1250000000
49136  22.695  -6.105  -1.432 1.0000000000
51713  18.784  -2.042  -1.100 0.1250000000
49134  24.149  -5.348  -0.557 1.0000000000
49941  26.012  -4.998  0.218 1.0000000000
49962  27.911  -5.607  -1.114 1.0000000000
91462  19.915  1.263  -5.347 0.3750000000
89367  20.764  3.241  -5.395 0.2500000000
54904  20.739  2.559  -5.599 0.2500000000
50030  29.052  -5.344  -5.441 0.8750000000
51746  30.595  -2.672  -7.195 0.8750000000
50907  29.468  -4.617  -6.157 0.8750000000
89351  31.205  -1.209  -9.843 0.8750000000
57649  26.303  5.748  -2.873 0.1250000000
56277  26.732  3.561  -2.277 0.6250000000
89360  29.496  2.196  -8.050 1.0000000000
93470  29.908  0.211  -9.970 0.8750000000
58329  27.879  6.270  -3.402 0.5000000000
57653  26.733  5.198  -2.662 0.3750000000
107823  27.073  4.311  -2.294 0.8750000000
55611  29.716  2.863  -5.532 1.0000000000
106944  30.097  3.122  -5.582 1.0000000000
55598  30.145  3.400  -5.418 1.0000000000
56286  30.019  4.447  -5.629 1.0000000000
59793  28.509  8.409  -4.194 0.8750000000
59814  29.765  8.360  -5.373 1.0000000000
89381  29.799  6.794  -5.583 1.0000000000
89382  30.067  5.110  -5.680 1.0000000000
63716  27.479  15.031  -1.556 0.1250000000
63122  27.440  13.926  -2.705 0.1250000000
98018  28.614  11.978  -3.770 0.6250000000
63135  29.851  14.178  -4.387 0.6250000000
63134  30.129  13.925  -4.490 0.5000000000
63133  30.819  13.773  -4.112 0.5000000000
64993  30.821  15.742  -1.727 0.2500000000
63731  31.410  14.579  -4.062 0.5000000000
64992  31.791  15.806  -1.641 0.1250000000
64341  32.092  15.451  -2.486 0.2500000000
63730  32.316  14.540  -3.605 0.3750000000
64346  33.108  14.863  -2.931 0.2500000000
50843  19.193  -3.373  -0.663 0.1250000000
106938  19.815  -3.957  -1.149 0.3750000000
49986  20.422  -4.547  -1.372 0.5000000000
52553  19.101  -1.815  -1.806 0.1250000000
49149  21.849  -5.524  -1.754 0.7500000000
50000  22.189  -4.260  -2.440 0.8750000000
49148  22.323  -5.494  -1.765 1.0000000000
49147  22.949  -5.350  -1.615 1.0000000000
51727  22.341  -2.856  -3.308 1.0000000000
50859  22.772  -3.937  -2.325 1.0000000000
49964  26.788  -4.356  -0.255 1.0000000000
53401  21.847  -0.953  -4.525 0.8750000000
50879  28.624  -4.075  -2.410 1.0000000000
99440  25.575  -2.419  -1.476 1.0000000000
51709  26.445  -2.173  -1.333 1.0000000000
94411  28.392  -4.493  -1.871 1.0000000000
49979  28.203  -5.527  -2.088 1.0000000000
54905  20.293  1.995  -5.705 0.3750000000
54182  21.704  0.761  -5.194 0.5000000000
54176  22.716  -0.071  -4.087 0.8750000000
53391  23.846  -0.878  -3.044 1.0000000000
53378  25.168  -1.262  -2.151 1.0000000000
102764  28.318  -2.780  -1.621 1.0000000000
95736  27.839  -2.350  -1.406 1.0000000000
107791  28.621  -2.531  -1.819 1.0000000000
51735  28.894  -3.014  -4.271 1.0000000000
54181  22.616  0.840  -4.440 0.6250000000
54165  24.624  -0.011  -2.821 1.0000000000
54163  26.400  0.786  -2.033 1.0000000000
53377  25.952  -0.872  -1.784 1.0000000000
53376  26.659  -0.540  -1.659 1.0000000000
51740  29.047  -2.669  -5.285 1.0000000000
50038  29.384  -5.190  -5.968 0.8750000000
54880  25.779  1.329  -2.417 1.0000000000
54145  27.130  0.202  -1.728 1.0000000000
52547  29.527  -0.535  -2.239 1.0000000000
103128  29.594  -0.555  -3.228 1.0000000000
90056  30.495  -1.405  -8.468 0.8750000000
54162  28.477  1.283  -2.057 1.0000000000
54879  26.800  1.682  -2.111 1.0000000000
54862  29.514  0.891  -2.069 1.0000000000
54143  28.801  0.502  -1.981 1.0000000000
52572  29.792  0.064  -4.115 1.0000000000
53373  29.337  -0.067  -2.136 1.0000000000
89361  29.093  1.849  -7.770 1.0000000000
91689  28.905  1.621  -8.650 1.0000000000
54891  26.795  2.659  -2.221 1.0000000000
55588  27.533  3.237  -2.110 1.0000000000
55587  28.292  3.274  -2.375 1.0000000000
98816  28.592  2.423  -2.538 1.0000000000
90019  29.651  2.421  -5.833 1.0000000000
95883  28.952  2.653  -3.772 1.0000000000
54877  29.197  1.557  -2.214 1.0000000000
56969  27.331  5.118  -2.901 0.7500000000
56276  27.252  3.944  -2.081 1.0000000000
56967  28.271  4.383  -2.861 1.0000000000
59051  28.641  7.724  -4.229 0.8750000000
102615  28.746  5.352  -3.324 1.0000000000
89906  29.058  4.352  -4.707 1.0000000000
89832  29.408  6.807  -5.183 1.0000000000
89378  29.167  4.953  -4.816 1.0000000000
89383  30.189  6.152  -5.739 1.0000000000
59067  29.413  7.562  -5.201 1.0000000000
59062  28.887  7.918  -4.491 1.0000000000
63717  26.844  14.375  -1.914 0.1250000000
64344  29.217  15.787  -2.355 0.2500000000
63130  28.378  13.678  -3.279 0.3750000000
63129  29.206  13.875  -3.769 0.5000000000
63737  30.646  14.447  -4.237 0.5000000000
49968  19.603  -4.522  -0.380 0.2500000000
49944  18.292  -4.007  0.932 0.1250000000
49943  18.730  -4.522  0.639 0.1250000000
49138  20.598  -5.321  -0.972 0.6250000000
49137  21.456  -5.846  -1.347 0.7500000000
49135  23.396  -5.789  -1.043 1.0000000000
55589  25.686  3.882  -2.653 0.6250000000
56288  26.551  4.177  -2.231 0.7500000000
103280  26.829  4.645  -2.300 0.7500000000
56968  27.509  4.283  -2.596 1.0000000000
103512  29.083  8.592  -4.713 1.0000000000
89388  30.256  6.630  -5.492 1.0000000000
62534  27.254  12.924  -2.779 0.3750000000
62545  29.411  12.170  -4.514 0.7500000000
62544  29.793  13.184  -4.608 0.7500000000
62538  28.829  12.875  -3.708 0.5000000000
63127  32.704  13.518  -3.366 0.3750000000
45345  22.769  -9.377  1.586 0.7500000000
44397  24.656  -10.223  1.860 0.7500000000
102813  21.997  -9.363  1.090 0.7500000000
46311  21.584  -9.019  0.696 0.7500000000
46308  24.583  -9.088  1.671 0.7500000000
45344  23.753  -9.376  1.815 0.7500000000
46309  23.386  -8.500  1.211 0.7500000000
46310  22.329  -8.896  0.710 0.7500000000
46307  25.535  -8.730  1.216 0.7500000000
108525  24.490  -8.216  1.374 0.7500000000
47253  21.253  -7.060  -0.445 0.7500000000
48199  21.731  -6.638  -1.082 0.6250000000
46325  23.141  -7.744  0.419 0.7500000000
47236  22.592  -7.450  -0.433 0.8750000000
47252  21.970  -7.443  -0.783 0.8750000000
46306  26.254  -8.933  0.463 0.7500000000
47218  25.061  -7.570  1.125 0.7500000000
47235  23.652  -6.933  0.203 0.8750000000
49121  23.903  -6.096  -0.297 0.8750000000
100944  26.500  -7.548  0.326 0.7500000000
48157  25.811  -7.118  0.795 0.7500000000
48179  25.601  -6.354  0.631 0.8750000000
49120  24.583  -5.664  -0.024 0.8750000000
48177  26.984  -7.094  -0.133 0.7500000000
49117  27.066  -6.178  0.158 0.8750000000
49118  26.306  -5.817  0.458 0.8750000000
48229  28.695  -7.534  -3.266 0.8750000000
105155  27.722  -6.409  -1.217 0.8750000000
49132  27.986  -6.853  -2.468 0.8750000000
49146  28.447  -6.536  -3.280 0.8750000000
49998  30.545  -5.730  -3.762 0.3750000000
49165  29.800  -6.389  -4.354 0.6250000000
49166  29.305  -6.420  -4.296 0.7500000000
105117  28.705  -6.133  -3.963 0.7500000000
50016  31.294  -5.009  -4.041 0.5000000000
50017  30.549  -5.784  -4.938 0.5000000000
50029  30.315  -5.850  -5.681 0.7500000000
49177  29.749  -5.705  -5.763 0.7500000000
50898  32.313  -4.149  -4.253 0.1250000000
95349  31.427  -5.030  -4.973 0.3750000000
50028  31.193  -5.453  -5.887 0.6250000000
50037  30.322  -5.356  -6.248 0.6250000000
50043  31.127  -4.575  -6.677 0.6250000000
50875  34.153  -3.738  -3.570 0.1250000000
50897  33.534  -3.656  -4.912 0.1250000000
50905  33.691  -3.787  -7.165 0.1250000000
101602  34.016  -3.600  -7.077 0.1250000000
50913  32.919  -3.468  -8.968 0.6250000000
51748  33.012  -3.060  -9.999 0.6250000000
51745  31.905  -2.686  -9.478 0.7500000000
93299  34.498  -3.463  -5.385 0.1250000000
109368  34.146  -2.703  -5.768 0.1250000000
51744  33.854  -3.239  -8.331 0.1250000000
51747  33.480  -3.036  -9.496 0.5000000000
89350  32.085  -2.204  -9.774 0.6250000000
89356  31.494  -1.488  -9.783 0.7500000000
50896  34.677  -3.456  -4.430 0.1250000000
52583  33.095  -2.213  -8.787 0.5000000000
90187  32.487  -1.188  -7.687 0.5000000000
89359  31.829  -0.869  -9.329 0.6250000000
90768  30.733  -0.145  -9.986 0.7500000000
59794  28.266  8.576  -3.683 0.6250000000
60533  28.267  9.731  -3.818 0.5000000000
60519  28.165  9.121  -4.001 0.7500000000
102547  31.193  1.347  -7.501 0.6250000000
107024  30.398  2.311  -7.175 0.6250000000
55610  30.332  2.388  -6.548 0.8750000000
89358  31.562  0.725  -4.761 0.5000000000
102546  31.084  1.926  -6.531 0.6250000000
89952  31.075  2.095  -5.510 0.6250000000
55597  30.296  2.751  -5.582 0.8750000000
89387  30.157  4.762  -5.588 0.8750000000
89384  30.422  4.615  -4.579 0.8750000000
89389  30.298  5.263  -4.977 0.8750000000
90414  31.403  1.327  -4.237 0.3750000000
54889  31.052  2.224  -4.670 0.5000000000
94338  30.488  2.952  -5.170 0.6250000000
54160  31.559  1.382  -3.293 0.2500000000
54876  31.120  2.352  -3.765 0.5000000000
61189  28.407  10.497  -4.014 0.6250000000
61196  29.347  10.583  -4.706 0.7500000000
102130  28.496  9.101  -4.273 0.8750000000
60541  28.997  9.634  -4.525 0.7500000000
60540  29.560  9.143  -5.186 0.8750000000
89989  30.247  6.189  -5.463 0.7500000000
55585  30.771  3.080  -4.151 0.6250000000
56273  30.628  3.872  -4.179 0.7500000000
95957  31.189  2.566  -2.763 0.5000000000
90060  30.537  5.289  -3.486 0.7500000000
96229  31.497  1.901  -2.654 0.2500000000
61195  29.861  9.859  -5.262 0.8750000000
59818  30.134  8.287  -5.345 0.8750000000
60544  29.994  9.221  -5.374 0.7500000000
102784  30.317  6.961  -5.278 0.8750000000
90213  30.295  6.092  -3.870 0.7500000000
56962  30.752  4.578  -3.011 0.5000000000
101518  31.136  3.813  -2.281 0.2500000000
98083  30.909  3.194  -2.934 0.5000000000
54861  31.642  2.082  -1.710 0.2500000000
61879  28.021  11.335  -3.400 0.5000000000
61887  28.893  11.318  -4.222 0.5000000000
61886  29.791  11.441  -4.976 0.6250000000
93147  30.017  10.752  -5.228 0.7500000000
61194  30.086  10.011  -5.204 0.7500000000
95064  30.130  10.899  -5.070 0.7500000000
60532  30.829  9.130  -4.074 0.7500000000
60539  30.349  9.161  -5.102 0.7500000000
61193  30.644  10.730  -4.375 0.7500000000
59813  30.501  8.415  -5.014 0.7500000000
59061  30.454  7.627  -4.216 0.7500000000
59808  30.813  8.465  -3.786 0.7500000000
104985  30.949  6.011  -2.817 0.5000000000
89385  31.487  6.667  -2.305 0.3750000000
58334  30.853  6.964  -3.191 0.6250000000
56961  31.338  4.757  -1.865 0.2500000000
57645  31.117  5.329  -2.442 0.3750000000
107614  31.418  5.976  -2.159 0.3750000000
93978  29.956  12.168  -4.921 0.6250000000
61884  30.431  11.451  -4.615 0.7500000000
60531  31.330  9.709  -3.420 0.7500000000
59807  31.757  9.007  -3.097 0.6250000000
59050  31.661  7.550  -2.436 0.3750000000
59792  31.878  8.337  -2.521 0.3750000000
57633  31.702  5.185  -0.928 0.1250000000
58318  32.262  6.836  -1.031 0.1250000000
59036  31.995  7.242  -1.680 0.2500000000
98806  30.111  12.018  -4.844 0.6250000000
61188  31.423  10.594  -3.327 0.7500000000
59049  32.293  8.103  -1.895 0.2500000000
59060  31.292  7.988  -3.182 0.6250000000
59026  32.942  6.997  -0.732 0.1250000000
59035  32.850  7.638  -1.242 0.1250000000
57638  31.911  6.034  -0.915 0.1250000000
62543  30.186  12.893  -4.610 0.6250000000
100415  30.760  12.150  -4.281 0.6250000000
61878  31.130  11.437  -3.808 0.3750000000
60518  32.580  9.639  -2.405 0.2500000000
59773  33.179  8.561  -1.760 0.1250000000
59791  32.458  8.861  -2.281 0.3750000000
59025  33.660  7.353  -0.717 0.1250000000
62537  32.066  12.880  -3.321 0.3750000000
61877  32.105  11.528  -2.994 0.3750000000
100450  31.559  12.188  -3.468 0.3750000000
61187  32.525  10.826  -2.685 0.3750000000
60529  32.992  10.340  -2.443 0.3750000000
60530  32.103  10.001  -2.847 0.3750000000
59789  34.548  8.958  -2.316 0.1250000000
106363  33.026  9.274  -2.168 0.1250000000
60517  33.390  9.806  -2.393 0.2500000000
59034  33.805  8.028  -1.235 0.1250000000
99140  32.484  12.228  -3.053 0.2500000000
108728  32.816  11.860  -2.867 0.2500000000
98399  33.463  10.840  -2.683 0.1250000000
61186  33.290  11.455  -2.790 0.3750000000
60528  33.996  10.333  -2.776 0.1250000000
60527  35.414  9.828  -3.410 0.1250000000
61876  33.324  12.099  -2.933 0.2500000000
61185  34.334  11.054  -3.100 0.1250000000
96051  34.183  11.842  -3.041 0.1250000000
61875  35.012  11.751  -3.408 0.1250000000
60515  35.006  9.344  -2.795 0.1250000000
105257  35.484  10.489  -3.656 0.1250000000
97028  34.817  12.534  -3.235 0.1250000000
61192  35.840  10.997  -4.067 0.1250000000
60537  36.014  10.236  -4.109 0.1250000000
60526  36.168  9.366  -3.927 0.1250000000
49119  25.343  -5.648  0.351 0.8750000000
89809  31.784  0.040  -7.552 0.6250000000
61200  30.004  9.654  -5.343 0.8750000000
60516  34.225  9.617  -2.601 0.1250000000
61184  35.223  11.031  -3.557 0.1250000000
50910  32.389  -3.868  -7.186 0.5000000000
105310  31.592  -3.477  -7.438 0.6250000000
50906  30.277  -4.168  -6.543 0.7500000000
90009  32.358  -0.871  -6.101 0.3750000000
89353  31.690  0.426  -6.013 0.3750000000
54173  31.824  0.567  -3.557 0.2500000000
54140  31.946  1.257  -2.109 0.1250000000
44383  23.157  -10.576  2.616 0.7500000000
44384  22.187  -10.332  2.494 0.7500000000
97101  21.900  -9.746  1.831 0.7500000000
45346  21.326  -9.384  1.333 0.7500000000
43510  25.043  -11.495  1.617 0.7500000000
45323  23.540  -9.982  2.213 0.7500000000
44396  25.746  -11.089  0.997 0.7500000000
46327  21.896  -8.558  0.055 0.7500000000
45342  26.268  -9.891  0.304 0.6250000000
47233  26.623  -8.596  -0.049 0.7500000000
46323  27.178  -9.388  -1.214 0.6250000000
101215  27.371  -7.822  -1.246 0.6250000000
104375  28.960  -7.796  -3.230 0.5000000000
48227  29.640  -7.039  -2.845 0.3750000000
48228  29.189  -7.384  -3.450 0.5000000000
49978  30.750  -5.401  -2.471 0.1250000000
50877  31.905  -4.319  -3.360 0.1250000000
50876  32.847  -3.905  -3.322 0.1250000000
49996  34.597  -3.934  -3.065 0.1250000000
50895  35.021  -3.350  -4.010 0.1250000000
50900  34.703  -3.395  -4.611 0.1250000000
51734  34.987  -2.843  -3.985 0.1250000000
60520  28.076  9.717  -3.636 0.3750000000
52571  34.004  -2.490  -4.449 0.1250000000
90082  32.144  -0.539  -4.782 0.1250000000
61182  28.130  10.502  -3.311 0.5000000000
56250  31.651  3.443  -0.580 0.1250000000
58310  32.610  6.359  -0.505 0.1250000000
94333  27.912  12.304  -3.222 0.3750000000
58309  33.457  6.636  -0.286 0.1250000000
99944  34.496  7.607  -0.834 0.1250000000
59788  35.294  8.728  -2.494 0.1250000000
59787  36.018  8.361  -2.838 0.1250000000
64334  29.858  15.830  -1.721 0.1250000000
63126  33.672  13.255  -3.056 0.2500000000
96836  33.987  12.542  -2.999 0.1250000000
63125  34.545  13.279  -3.034 0.1250000000
61883  35.691  11.787  -3.878 0.1250000000
50018  28.856  -5.699  -4.688 0.7500000000
89362  29.576  2.417  -8.500 0.7500000000
89357  29.563  2.005  -9.319 0.7500000000
98217  27.803  7.218  -4.013 0.3750000000
49133  27.516  -5.811  -0.393 0.8750000000
48198  22.346  -6.764  -1.080 0.7500000000
47251  23.081  -6.578  -0.784 0.8750000000
49942  24.983  -5.055  -0.139 0.8750000000
49172  29.653  -6.049  -5.131 0.7500000000
90629  29.963  7.312  -5.563 0.8750000000
59066  30.193  7.483  -5.378 0.8750000000
63128  31.747  13.720  -3.718 0.3750000000
63729  33.328  14.072  -3.080 0.1250000000
45324  22.691  -9.933  2.190 0.7500000000
45343  25.559  -9.963  1.162 0.7500000000
103837  20.930  -8.965  1.088 0.7500000000
46326  22.425  -8.249  0.137 0.7500000000
47219  23.988  -7.582  0.980 0.7500000000
95334  21.569  -7.897  -0.205 0.7500000000
48181  20.392  -6.497  0.145 0.6250000000
47237  22.099  -8.017  -0.379 0.7500000000
47234  24.461  -7.008  0.759 0.8750000000
47217  26.025  -8.013  0.821 0.7500000000
48158  25.102  -6.840  0.802 0.8750000000
48180  24.638  -6.320  0.410 0.8750000000
48178  26.445  -6.648  0.476 0.7500000000
47232  27.010  -8.222  -0.657 0.7500000000
48197  27.702  -7.464  -1.931 0.7500000000
48213  28.219  -7.928  -2.743 0.6250000000
48239  28.956  -7.008  -3.843 0.7500000000
49158  29.894  -6.614  -3.443 0.5000000000
49159  29.362  -6.881  -3.906 0.6250000000
49997  31.301  -4.795  -2.944 0.1250000000
50902  32.213  -4.298  -5.368 0.2500000000
50027  32.201  -4.249  -6.339 0.3750000000
50036  31.351  -4.878  -6.427 0.6250000000
50901  33.317  -3.635  -5.872 0.1250000000
50909  33.538  -3.654  -8.197 0.5000000000
50904  33.861  -3.565  -7.787 0.1250000000
51741  34.142  -3.438  -6.822 0.1250000000
50908  33.594  -3.314  -8.956 0.5000000000
51738  34.322  -3.480  -5.587 0.1250000000
52582  33.324  -2.204  -6.808 0.1250000000
90036  30.630  0.993  -9.243 0.6250000000
89354  30.277  2.163  -8.068 0.6250000000
102633  30.306  6.794  -4.299 0.7500000000
56945  31.596  4.202  -1.051 0.1250000000
55572  31.284  2.933  -1.931 0.2500000000
56259  31.485  3.422  -1.348 0.1250000000
61885  30.010  11.451  -5.098 0.7500000000
60538  30.743  9.907  -4.243 0.7500000000
57639  31.551  5.611  -1.642 0.1250000000
58319  31.742  6.404  -1.591 0.3750000000
62542  31.159  12.927  -3.895 0.3750000000
59772  34.126  8.579  -1.757 0.1250000000
59790  33.746  9.119  -2.181 0.1250000000
59033  34.535  8.126  -1.351 0.1250000000
59771  34.936  8.459  -1.807 0.1250000000
62536  33.045  12.709  -3.147 0.2500000000
96905  34.884  10.440  -3.225 0.1250000000
94925  34.677  9.912  -3.022 0.1250000000
59806  35.672  9.002  -3.231 0.1250000000
44382  24.146  -10.898  2.395 0.7500000000
108002  21.431  -10.161  2.327 0.7500000000
47238  20.679  -7.422  0.338 0.5000000000
47250  27.591  -8.900  -1.673 0.6250000000
47270  28.742  -7.991  -2.925 0.5000000000
52579  32.950  -1.729  -5.122 0.1250000000
52560  33.185  -1.583  -3.276 0.1250000000
45347  20.491  -9.236  1.691 0.5000000000
42614  23.952  -12.505  2.594 0.6250000000
97211  24.487  -11.996  2.127 0.6250000000
43508  26.457  -11.614  0.899 0.3750000000
43509  25.885  -11.789  1.078 0.6250000000
44394  27.228  -11.189  0.325 0.2500000000
44395  26.570  -11.348  0.434 0.3750000000
48212  29.203  -7.761  -2.841 0.3750000000
62539  27.939  13.119  -3.112 0.2500000000
43501  23.584  -11.523  2.696 0.6250000000
45357  26.886  -10.643  -0.652 0.5000000000
46334  27.730  -9.511  -1.592 0.3750000000
43499  26.368  -12.042  1.477 0.5000000000
43500  25.899  -12.204  1.447 0.6250000000
47260  28.342  -8.400  -2.422 0.5000000000
42600  24.290  -13.331  2.607 0.6250000000
45348  19.627  -8.912  2.233 0.3750000000
44385  20.653  -10.249  2.535 0.3750000000
43503  21.454  -10.851  2.825 0.6250000000
42598  26.182  -12.677  3.056 0.3750000000
42612  25.387  -12.702  2.001 0.5000000000
43487  26.598  -12.161  2.547 0.3750000000
45341  27.522  -10.804  -0.193 0.2500000000
44381  27.423  -10.952  1.651 0.2500000000
48200  20.933  -6.183  -0.693 0.3750000000
45356  27.285  -10.695  -0.723 0.2500000000
45355  27.767  -9.924  -1.208 0.3750000000
46321  28.513  -9.104  -1.122 0.2500000000
47259  28.842  -8.298  -2.398 0.2500000000
48196  29.470  -7.635  -1.635 0.2500000000
90015  19.752  3.558  -5.368 0.1250000000
56289  24.243  3.868  -3.205 0.2500000000
49145  30.309  -6.067  -2.031 0.2500000000
56970  26.122  4.745  -2.170 0.3750000000
90138  25.076  4.182  -2.749 0.2500000000
62533  27.448  12.058  -2.881 0.2500000000
89658  21.754  3.237  -4.560 0.1250000000
54906  19.777  2.915  -5.617 0.2500000000
49122  20.079  -5.610  -0.113 0.2500000000
46324  26.742  -9.770  -0.611 0.5000000000
45325  20.957  -9.796  1.926 0.5000000000
99663  25.318  -12.264  1.663 0.6250000000
44402  26.428  -10.848  0.183 0.5000000000
48211  29.893  -6.828  -1.790 0.2500000000
46312  20.227  -8.497  1.508 0.3750000000
46328  21.011  -8.373  0.578 0.3750000000
48182  19.436  -5.992  0.649 0.2500000000
43502  22.567  -11.152  2.905 0.6250000000
47220  20.050  -7.681  1.247 0.3750000000
47249  28.360  -8.798  -1.979 0.2500000000
42613  24.808  -12.785  2.167 0.6250000000
43498  26.988  -11.528  2.120 0.2500000000
44380  27.829  -10.366  1.170 0.2500000000
44401  26.971  -11.158  -0.354 0.3750000000
45363  27.317  -10.113  -1.132 0.3750000000
42611  25.930  -12.560  2.010 0.5000000000
45326  20.086  -9.643  2.329 0.3750000000
43488  22.986  -12.152  2.947 0.6250000000
42599  25.441  -13.047  2.564 0.3750000000
41641  24.931  -13.342  2.407 0.5000000000
97099  27.746  -10.352  -0.613 0.2500000000
47248  29.040  -8.336  -1.385 0.2500000000
55612  19.033  3.481  -4.420 0.1250000000
41635  21.864  -13.218  3.656 0.5000000000
41631  25.082  -13.744  2.997 0.2500000000
41616  24.652  -14.408  3.503 0.3750000000
41632  24.482  -13.907  2.842 0.5000000000
42602  22.436  -12.729  3.277 0.5000000000
107779  21.356  -13.631  4.072 0.3750000000
42604  20.563  -12.232  3.715 0.5000000000
42603  21.461  -12.419  3.497 0.5000000000
43490  20.995  -11.592  3.302 0.3750000000
43489  21.980  -11.792  3.165 0.5000000000
40639  20.174  -14.369  4.761 0.1250000000
41618  20.567  -13.634  4.327 0.3750000000
44368  20.414  -10.842  3.074 0.2500000000
38711  20.573  -16.103  5.605 0.1250000000
40637  22.288  -14.771  4.214 0.3750000000
41615  25.420  -13.968  3.976 0.2500000000
40636  23.212  -15.104  3.940 0.3750000000
40652  23.483  -14.463  3.362 0.5000000000
40621  19.918  -14.857  5.267 0.1250000000
40638  21.228  -14.443  4.398 0.3750000000
40653  22.776  -14.413  3.741 0.3750000000
42584  19.627  -12.507  4.642 0.1250000000
43492  19.703  -11.244  3.921 0.1250000000
53398  32.141  -0.211  -3.768 0.1250000000
42601  23.391  -13.091  2.911 0.5000000000
44386  19.827  -10.164  2.883 0.2500000000
42582  25.758  -13.244  3.551 0.2500000000
41617  22.084  -13.986  3.957 0.5000000000
41634  22.850  -13.692  3.358 0.5000000000
41636  20.969  -12.992  3.888 0.5000000000
41633  23.773  -13.895  2.923 0.3750000000
40635  23.994  -14.922  3.586 0.3750000000
40640  19.644  -14.244  5.299 0.1250000000
41619  19.777  -13.503  4.764 0.1250000000
41602  19.464  -13.600  5.518 0.1250000000
43491  20.160  -11.448  3.543 0.1250000000
38712  19.948  -15.463  5.691 0.1250000000
39625  20.609  -15.292  4.966 0.1250000000
39636  21.752  -15.369  4.621 0.3750000000
103150  24.458  -14.931  4.080 0.2500000000
42583  20.184  -12.829  4.198 0.1250000000
42605  19.925  -12.024  4.011 0.1250000000
39634  23.163  -15.604  4.504 0.2500000000
47239  19.734  -6.852  0.935 0.2500000000
40634  25.082  -14.615  4.389 0.2500000000
39624  21.423  -16.097  5.132 0.1250000000
39635  22.597  -15.397  4.433 0.2500000000
39623  22.503  -16.024  4.866 0.1250000000
48159  18.827  -6.281  1.627 0.1250000000
59795  27.398  9.676  -3.599 0.1250000000
59053  27.041  8.565  -3.150 0.1250000000
96817  28.117  10.039  -2.867 0.1250000000
61872  27.682  11.207  -2.868 0.1250000000
98048  28.090  10.099  -2.831 0.1250000000
60509  28.460  10.103  -2.508 0.1250000000
61179  28.345  10.274  -2.514 0.1250000000
62529  27.465  12.018  -2.377 0.1250000000
61180  28.560  10.299  -2.241 0.1250000000
61868  27.798  11.141  -2.358 0.1250000000
62525  27.343  12.654  -1.369 0.1250000000
97244  26.821  7.494  -3.342 0.1250000000
45327  19.448  -9.426  2.776 0.1250000000
47207  19.010  -7.537  2.645 0.1250000000
90047  25.523  4.731  -2.150 0.1250000000
100145  26.285  7.125  -3.178 0.1250000000
59778  26.319  8.262  -2.312 0.1250000000
60522  26.872  9.050  -2.142 0.1250000000
60510  28.028  10.316  -2.330 0.1250000000
61173  28.540  10.571  -0.856 0.1250000000
62530  26.988  12.920  -1.788 0.1250000000
58330  26.754  6.251  -3.097 0.1250000000
108502  19.316  -5.193  0.381 0.1250000000
91928  19.219  -7.949  2.094 0.1250000000
46294  19.222  -8.475  2.773 0.1250000000
47221  19.143  -7.202  1.675 0.1250000000
48138  18.587  -6.062  2.449 0.1250000000
48137  18.787  -6.978  2.296 0.1250000000
59796  26.715  9.552  -3.199 0.1250000000
60521  27.525  9.982  -2.940 0.1250000000
61174  28.617  10.078  -2.282 0.1250000000
100780  27.569  12.084  -1.850 0.1250000000
61869  27.942  11.151  -1.297 0.1250000000
59764  28.123  9.772  -2.125 0.1250000000
61858  27.883  12.186  -0.368 0.1250000000
42597  26.986  -12.324  3.570 0.1250000000
43486  27.370  -11.687  3.170 0.1250000000
46305  28.154  -9.882  0.538 0.1250000000
46322  28.318  -9.572  -0.328 0.1250000000
47216  30.351  -7.498  1.586 0.1250000000
46303  29.568  -8.078  0.959 0.1250000000
47231  29.275  -8.163  -0.170 0.1250000000
48175  30.386  -6.654  0.349 0.1250000000
48176  29.698  -7.421  -0.398 0.1250000000
48174  31.190  -5.985  0.787 0.1250000000
49116  30.635  -6.030  -0.012 0.1250000000
49131  30.535  -5.920  -0.853 0.1250000000
40619  25.323  -14.854  5.107 0.1250000000
40620  23.913  -15.415  4.353 0.1250000000
41601  25.890  -14.266  4.970 0.1250000000
41613  26.999  -13.224  4.852 0.1250000000
43473  27.766  -11.977  4.041 0.1250000000
42580  27.383  -12.608  4.438 0.1250000000
44367  27.816  -11.062  2.764 0.1250000000
45304  29.019  -9.955  2.988 0.1250000000
46293  29.609  -8.921  2.279 0.1250000000
97256  28.959  -8.880  1.155 0.1250000000
46292  29.962  -8.246  1.878 0.1250000000
48155  31.583  -6.419  1.621 0.1250000000
49144  31.137  -5.148  -1.135 0.1250000000
49939  32.014  -4.856  -0.184 0.1250000000
98271  31.776  -5.361  0.565 0.1250000000
42581  26.558  -12.875  4.037 0.1250000000
48195  30.133  -6.721  -0.664 0.1250000000
91332  28.222  -10.360  2.377 0.1250000000
41614  26.192  -13.514  4.471 0.1250000000
93954  24.693  -15.158  4.767 0.1250000000
44366  28.596  -10.635  3.328 0.1250000000
45322  28.749  -9.627  1.945 0.1250000000
46304  28.909  -8.718  0.133 0.1250000000
47230  29.974  -7.350  0.686 0.1250000000
48156  30.744  -6.757  1.243 0.1250000000
49115  31.155  -5.433  -0.059 0.1250000000
49100  32.153  -5.761  1.320 0.1250000000
39620  25.088  -15.389  5.500 0.1250000000
40618  26.703  -14.345  5.689 0.1250000000
44350  28.929  -10.947  4.136 0.1250000000
49114  32.569  -5.256  0.606 0.1250000000
40651  24.075  -14.398  3.138 0.3750000000
43507  26.818  -11.551  0.906 0.2500000000
46333  28.016  -9.357  -1.751 0.2500000000
46341  27.997  -9.012  -2.068 0.2500000000
48214  27.882  -8.419  -2.220 0.6250000000
49940  26.968  -5.328  0.104 0.8750000000
49967  23.667  -4.967  -1.149 1.0000000000
50002  20.927  -3.677  -2.469 0.7500000000
51708  27.125  -2.684  -1.136 1.0000000000
51724  28.674  -3.136  -2.034 1.0000000000
51737  21.290  -2.305  -3.728 0.3750000000
52548  29.055  -0.789  -1.930 1.0000000000
52549  27.763  -1.527  -1.478 1.0000000000
52552  24.892  -2.091  -1.952 1.0000000000
52584  32.528  -2.350  -9.730 0.5000000000
53374  28.924  -0.230  -1.986 1.0000000000
53375  27.483  -0.700  -1.577 1.0000000000
53390  24.657  -0.832  -2.558 1.0000000000
53400  22.440  -0.874  -4.232 1.0000000000
53408  20.696  -0.204  -4.703 0.5000000000
54141  29.551  0.364  -2.217 1.0000000000
54142  29.197  0.442  -2.150 1.0000000000
54144  27.945  0.773  -1.772 1.0000000000
54161  29.516  1.006  -2.669 1.0000000000
54164  25.513  0.453  -2.317 1.0000000000
54183  20.558  0.549  -5.166 0.5000000000
54890  29.301  2.317  -5.046 1.0000000000
54902  19.461  2.264  -5.318 0.3750000000
56299  30.009  4.650  -5.799 1.0000000000
59042  25.955  7.083  -2.648 0.1250000000
59070  30.146  6.774  -5.574 1.0000000000
89349  29.230  1.527  -9.551 0.8750000000
89366  21.625  3.179  -4.950 0.3750000000
89386  30.091  6.763  -5.631 1.0000000000
89779  20.917  3.515  -5.110 0.2500000000
90068  20.139  3.199  -5.684 0.2500000000
90153  20.123  3.605  -5.444 0.1250000000
91372  29.929  2.444  -7.561 0.8750000000
92681  34.165  -3.471  -6.410 0.1250000000
95019  26.905  -11.337  0.133 0.2500000000
97361  23.509  -3.847  -1.805 1.0000000000
98546  19.313  3.150  -5.185 0.2500000000
98663  27.393  -6.702  -0.673 0.7500000000
98805  28.876  -2.429  -2.200 1.0000000000
101152  20.904  0.988  -5.488 0.3750000000
102506  29.351  1.326  -6.247 1.0000000000
102520  29.030  7.250  -4.592 1.0000000000
102602  22.271  3.121  -4.433 0.2500000000
102773  30.004  4.673  -5.788 1.0000000000
103756  33.634  -3.688  -4.112 0.1250000000
104079  27.136  -11.150  -0.352 0.3750000000
108292  25.009  -2.590  -1.620 1.0000000000
