#!ascii label  , from subject sub-v1s16x0051190_ses-1 vox2ras=TkReg
378
7906  -36.842  -64.316  32.112 0.0000000000
6919  -37.190  -66.542  28.560 0.0000000000
99708  -39.146  -59.419  34.202 0.0000000000
7421  -43.710  -64.452  28.876 0.0000000000
10639  -35.273  -59.656  31.226 0.0000000000
7865  -38.815  -63.646  36.610 0.0000000000
10053  -36.949  -60.212  38.598 0.0000000000
11144  -39.324  -58.870  42.970 0.0000000000
89594  -35.940  -57.747  35.956 0.0000000000
10078  -36.743  -60.559  33.082 0.0000000000
11183  -33.538  -58.372  35.412 0.0000000000
93599  -39.431  -61.430  37.040 0.0000000000
8919  -39.873  -62.474  39.438 0.0000000000
99683  -38.076  -57.042  42.981 0.0000000000
11716  -37.032  -57.824  42.180 0.0000000000
6882  -37.621  -66.626  30.461 0.0000000000
97464  -40.292  -66.197  28.108 0.0000000000
5221  -40.430  -69.129  27.690 0.0000000000
5229  -38.745  -68.947  26.558 0.0000000000
8969  -38.524  -61.864  33.488 0.0000000000
7915  -39.934  -64.703  30.812 0.0000000000
92581  -39.293  -62.144  29.484 0.0000000000
8465  -37.278  -62.807  29.706 0.0000000000
8957  -39.077  -61.236  34.812 0.0000000000
10612  -39.055  -58.794  35.742 0.0000000000
11159  -35.555  -58.285  38.039 0.0000000000
10044  -40.981  -61.013  41.867 0.0000000000
10593  -38.199  -60.095  40.933 0.0000000000
11152  -35.479  -58.187  40.298 0.0000000000
12811  -34.455  -55.391  39.714 0.0000000000
6338  -40.535  -68.090  29.242 0.0000000000
9558  -32.055  -62.002  28.784 0.0000000000
6916  -34.382  -66.189  28.016 0.0000000000
5258  -32.731  -69.297  25.870 0.0000000000
11740  -34.606  -57.319  36.712 0.0000000000
11184  -35.128  -58.270  35.744 0.0000000000
7398  -37.008  -65.785  31.023 0.0000000000
7438  -38.901  -65.865  28.469 0.0000000000
6354  -39.112  -67.461  27.781 0.0000000000
97226  -37.533  -67.825  27.659 0.0000000000
5227  -36.549  -69.078  26.733 0.0000000000
96773  -36.455  -67.757  27.603 0.0000000000
93410  -38.881  -61.009  33.597 0.0000000000
9522  -38.379  -61.230  32.930 0.0000000000
10080  -35.881  -60.334  32.165 0.0000000000
9524  -37.429  -60.661  30.642 0.0000000000
10086  -36.335  -59.773  30.056 0.0000000000
8991  -38.191  -61.910  29.257 0.0000000000
101226  -35.842  -59.867  29.674 0.0000000000
8956  -38.030  -62.369  34.916 0.0000000000
103097  -38.652  -62.035  35.775 0.0000000000
9508  -38.695  -61.019  37.350 0.0000000000
9509  -39.446  -60.607  36.116 0.0000000000
10060  -37.367  -59.713  37.519 0.0000000000
10606  -36.897  -58.891  37.304 0.0000000000
10602  -36.536  -59.492  38.215 0.0000000000
10032  -40.165  -60.360  42.283 0.0000000000
10043  -39.895  -60.730  41.555 0.0000000000
10587  -38.561  -59.713  41.666 0.0000000000
12238  -36.112  -56.512  41.715 0.0000000000
11721  -35.894  -57.829  41.098 0.0000000000
12237  -35.452  -56.635  41.226 0.0000000000
11719  -34.613  -56.914  40.174 0.0000000000
7917  -42.470  -64.539  30.268 0.0000000000
6884  -41.279  -66.614  29.706 0.0000000000
104157  -42.239  -66.502  29.120 0.0000000000
4716  -40.108  -70.416  28.126 0.0000000000
90079  -31.229  -61.075  28.104 0.0000000000
7945  -33.351  -64.353  28.893 0.0000000000
6388  -32.084  -67.512  26.730 0.0000000000
10618  -37.580  -58.262  35.324 0.0000000000
10075  -37.878  -59.965  33.850 0.0000000000
92461  -36.933  -59.020  34.724 0.0000000000
10629  -35.692  -59.344  34.564 0.0000000000
10634  -34.529  -59.610  33.091 0.0000000000
8404  -40.039  -62.308  36.824 0.0000000000
8918  -39.259  -62.329  38.738 0.0000000000
10055  -38.289  -61.126  39.585 0.0000000000
11137  -39.052  -57.900  43.305 0.0000000000
11142  -37.809  -58.180  42.419 0.0000000000
11710  -37.622  -57.372  42.617 0.0000000000
12239  -36.764  -56.047  42.032 0.0000000000
13393  -36.630  -54.757  41.528 0.0000000000
99336  -42.069  -65.294  27.970 0.0000000000
88716  -41.539  -66.966  28.270 0.0000000000
6922  -40.991  -67.216  27.789 0.0000000000
5807  -39.511  -68.732  26.820 0.0000000000
4740  -38.816  -70.357  25.521 0.0000000000
4758  -38.094  -70.684  25.074 0.0000000000
4757  -36.723  -70.666  25.165 0.0000000000
4270  -34.812  -70.962  24.968 0.0000000000
8428  -38.110  -62.691  33.278 0.0000000000
7907  -38.425  -64.296  31.556 0.0000000000
8438  -41.314  -62.650  30.919 0.0000000000
8986  -42.642  -62.656  30.089 0.0000000000
10082  -37.813  -60.960  31.982 0.0000000000
9542  -40.684  -61.990  30.398 0.0000000000
9008  -42.562  -62.815  28.937 0.0000000000
8468  -40.559  -63.293  28.747 0.0000000000
7932  -38.609  -63.763  29.173 0.0000000000
7418  -37.133  -64.935  29.456 0.0000000000
8963  -37.677  -62.596  34.245 0.0000000000
8964  -38.636  -61.613  34.151 0.0000000000
10076  -39.848  -59.698  34.360 0.0000000000
98483  -39.492  -60.803  35.782 0.0000000000
10068  -39.721  -59.409  35.404 0.0000000000
10631  -39.609  -58.881  34.661 0.0000000000
11175  -37.700  -58.215  35.799 0.0000000000
11165  -35.885  -57.642  37.034 0.0000000000
11726  -34.467  -57.107  38.218 0.0000000000
9474  -40.482  -61.410  41.101 0.0000000000
10050  -38.656  -60.786  40.448 0.0000000000
10049  -37.843  -60.454  40.119 0.0000000000
11148  -37.351  -58.657  41.826 0.0000000000
11154  -36.944  -59.080  41.099 0.0000000000
10597  -36.439  -59.602  39.231 0.0000000000
11156  -35.301  -58.413  39.268 0.0000000000
11723  -34.393  -56.920  39.264 0.0000000000
7400  -38.871  -65.698  30.698 0.0000000000
6901  -39.668  -67.276  29.846 0.0000000000
5779  -40.682  -68.423  28.465 0.0000000000
5219  -39.300  -70.055  28.762 0.0000000000
9538  -35.411  -60.029  29.672 0.0000000000
8449  -36.494  -62.938  30.110 0.0000000000
7417  -35.983  -64.853  29.446 0.0000000000
7416  -34.916  -65.009  29.115 0.0000000000
6917  -35.241  -66.320  28.283 0.0000000000
5804  -35.072  -68.162  26.978 0.0000000000
5240  -34.265  -69.405  26.165 0.0000000000
12259  -34.040  -56.880  37.091 0.0000000000
7383  -36.443  -65.057  31.570 0.0000000000
7384  -37.495  -64.935  31.459 0.0000000000
7437  -37.670  -65.782  28.847 0.0000000000
6920  -38.351  -66.656  28.332 0.0000000000
6352  -36.802  -67.134  28.072 0.0000000000
9520  -38.917  -60.440  33.871 0.0000000000
10635  -35.177  -59.961  32.577 0.0000000000
90229  -35.912  -59.830  30.761 0.0000000000
9539  -36.552  -60.475  29.477 0.0000000000
10085  -35.558  -59.616  30.229 0.0000000000
97502  -38.405  -64.731  36.470 0.0000000000
7864  -37.751  -63.926  36.168 0.0000000000
8402  -38.346  -63.124  36.158 0.0000000000
10061  -37.720  -60.645  37.911 0.0000000000
10574  -40.055  -59.333  43.259 0.0000000000
11139  -40.511  -58.952  43.920 0.0000000000
10583  -40.340  -59.974  42.867 0.0000000000
10582  -39.664  -59.662  42.618 0.0000000000
10588  -39.329  -60.066  41.983 0.0000000000
10581  -38.934  -59.296  42.329 0.0000000000
12802  -35.578  -55.899  41.299 0.0000000000
12243  -34.964  -56.286  40.699 0.0000000000
12809  -35.195  -55.369  40.797 0.0000000000
7404  -43.365  -64.924  29.500 0.0000000000
7403  -42.694  -65.622  29.479 0.0000000000
6904  -43.084  -65.721  28.846 0.0000000000
7453  -32.824  -65.677  28.056 0.0000000000
6371  -31.988  -66.669  27.277 0.0000000000
11185  -36.716  -57.885  35.890 0.0000000000
10617  -36.162  -58.427  35.391 0.0000000000
89689  -34.295  -58.626  35.424 0.0000000000
10616  -34.900  -59.014  35.088 0.0000000000
10628  -34.651  -59.450  34.187 0.0000000000
11193  -33.839  -59.029  34.699 0.0000000000
9494  -38.612  -61.756  39.010 0.0000000000
9483  -39.097  -61.707  39.869 0.0000000000
11711  -38.283  -57.663  42.892 0.0000000000
12803  -36.306  -55.588  41.674 0.0000000000
6337  -37.174  -67.877  29.711 0.0000000000
7439  -41.094  -65.483  28.042 0.0000000000
98112  -41.362  -66.563  27.961 0.0000000000
6375  -38.507  -67.815  27.599 0.0000000000
6376  -39.665  -68.256  27.280 0.0000000000
5243  -39.038  -69.729  26.011 0.0000000000
107066  -36.016  -69.437  26.425 0.0000000000
94245  -36.865  -69.670  26.157 0.0000000000
4738  -36.030  -69.989  25.875 0.0000000000
4756  -35.468  -70.530  25.401 0.0000000000
4737  -35.038  -69.960  25.927 0.0000000000
8436  -38.413  -63.483  32.230 0.0000000000
8439  -41.551  -62.426  30.509 0.0000000000
10079  -37.784  -60.858  32.958 0.0000000000
9541  -39.800  -61.799  30.387 0.0000000000
9548  -40.093  -61.979  29.917 0.0000000000
8995  -42.129  -62.486  29.690 0.0000000000
8994  -41.573  -62.610  29.235 0.0000000000
8479  -41.820  -63.331  28.507 0.0000000000
8466  -38.060  -62.661  29.266 0.0000000000
97428  -38.751  -62.632  29.104 0.0000000000
7419  -38.211  -64.914  29.178 0.0000000000
7931  -37.660  -63.900  29.528 0.0000000000
9515  -39.443  -60.563  34.051 0.0000000000
9516  -40.074  -60.108  34.619 0.0000000000
8945  -39.541  -61.718  36.480 0.0000000000
8951  -39.451  -61.513  36.247 0.0000000000
10065  -38.590  -59.831  36.605 0.0000000000
10620  -39.572  -58.646  35.123 0.0000000000
10611  -38.748  -58.434  35.561 0.0000000000
10619  -38.792  -58.332  35.166 0.0000000000
11166  -36.394  -58.190  37.157 0.0000000000
11733  -35.088  -57.541  37.689 0.0000000000
10042  -39.001  -60.425  41.255 0.0000000000
10592  -37.422  -59.746  40.592 0.0000000000
11149  -38.146  -58.993  42.098 0.0000000000
11153  -36.218  -58.646  40.695 0.0000000000
10591  -36.647  -59.387  40.216 0.0000000000
11157  -35.898  -58.980  39.766 0.0000000000
12242  -34.493  -56.218  39.913 0.0000000000
99621  -34.229  -56.487  38.510 0.0000000000
7914  -39.036  -64.903  31.046 0.0000000000
106524  -39.580  -65.448  30.577 0.0000000000
6902  -40.916  -67.361  29.444 0.0000000000
97714  -39.116  -67.964  29.620 0.0000000000
5777  -38.856  -68.782  29.411 0.0000000000
6356  -40.862  -67.941  28.068 0.0000000000
5795  -40.608  -68.694  27.991 0.0000000000
4729  -38.575  -71.625  28.227 0.0000000000
4715  -38.944  -70.829  28.530 0.0000000000
10084  -34.964  -59.701  30.115 0.0000000000
95566  -34.209  -59.501  30.552 0.0000000000
102096  -35.555  -63.247  30.213 0.0000000000
106534  -35.975  -63.931  29.885 0.0000000000
7929  -35.165  -64.256  29.689 0.0000000000
7433  -33.759  -65.592  28.276 0.0000000000
7946  -33.981  -65.016  28.790 0.0000000000
7434  -34.657  -65.619  28.503 0.0000000000
6936  -34.884  -66.869  27.739 0.0000000000
6389  -33.065  -67.849  26.659 0.0000000000
5823  -33.749  -68.459  26.496 0.0000000000
5239  -33.398  -69.078  26.125 0.0000000000
11172  -35.271  -57.642  36.326 0.0000000000
92094  -34.277  -57.960  36.046 0.0000000000
106066  -33.434  -57.841  35.972 0.0000000000
12233  -37.767  -56.585  42.672 0.0000000000
12793  -38.261  -55.820  42.599 0.0000000000
6921  -39.719  -66.887  27.932 0.0000000000
5242  -37.716  -69.337  26.413 0.0000000000
5228  -37.325  -68.557  27.114 0.0000000000
5805  -36.031  -68.358  27.151 0.0000000000
8971  -38.721  -61.751  32.662 0.0000000000
9523  -38.364  -61.269  31.841 0.0000000000
101157  -35.860  -60.285  33.212 0.0000000000
10081  -36.788  -60.580  31.607 0.0000000000
9540  -37.532  -60.974  29.608 0.0000000000
8992  -38.496  -61.864  29.466 0.0000000000
106403  -38.737  -62.171  29.257 0.0000000000
8984  -37.739  -61.419  29.377 0.0000000000
94361  -37.177  -60.917  29.203 0.0000000000
94384  -36.700  -60.673  29.277 0.0000000000
103271  -38.009  -58.694  36.415 0.0000000000
10601  -36.152  -58.898  37.906 0.0000000000
10033  -41.024  -60.488  42.652 0.0000000000
11715  -36.335  -57.408  41.757 0.0000000000
11714  -35.725  -57.143  41.374 0.0000000000
11720  -35.175  -57.263  40.753 0.0000000000
12808  -34.751  -55.630  40.311 0.0000000000
7916  -41.072  -64.662  30.561 0.0000000000
7401  -40.555  -65.647  30.354 0.0000000000
7402  -41.830  -65.785  30.019 0.0000000000
6903  -41.643  -67.154  29.059 0.0000000000
9006  -31.801  -62.288  28.025 0.0000000000
9007  -32.343  -62.896  28.579 0.0000000000
8478  -32.787  -63.692  28.810 0.0000000000
7944  -32.625  -64.335  28.448 0.0000000000
7432  -33.013  -64.984  28.465 0.0000000000
6915  -33.614  -66.118  27.895 0.0000000000
91144  -34.017  -66.672  27.569 0.0000000000
6372  -32.923  -67.215  27.067 0.0000000000
5822  -32.690  -68.461  26.303 0.0000000000
10630  -38.364  -58.877  34.594 0.0000000000
106328  -37.382  -59.468  34.284 0.0000000000
10074  -36.474  -59.922  33.990 0.0000000000
90962  -35.340  -59.869  33.702 0.0000000000
8403  -39.215  -62.540  36.521 0.0000000000
8935  -39.769  -62.319  37.461 0.0000000000
9504  -38.844  -61.882  38.025 0.0000000000
9503  -38.167  -61.303  38.529 0.0000000000
10054  -37.559  -60.761  39.133 0.0000000000
11138  -39.780  -58.473  43.581 0.0000000000
11143  -38.595  -58.481  42.667 0.0000000000
11709  -36.945  -56.825  42.294 0.0000000000
13392  -35.804  -55.026  41.266 0.0000000000
7951  -43.226  -64.507  28.346 0.0000000000
7441  -42.753  -65.504  28.280 0.0000000000
7440  -42.025  -66.170  28.051 0.0000000000
6377  -40.448  -68.521  27.580 0.0000000000
5808  -40.181  -68.913  27.071 0.0000000000
4741  -39.504  -70.518  25.871 0.0000000000
4282  -36.640  -71.564  23.744 0.0000000000
4271  -36.062  -71.124  24.654 0.0000000000
4281  -35.231  -71.484  24.101 0.0000000000
7901  -37.531  -63.566  32.720 0.0000000000
106299  -37.668  -64.075  31.954 0.0000000000
101260  -39.009  -63.458  31.828 0.0000000000
7908  -39.398  -63.983  31.362 0.0000000000
8437  -39.775  -62.828  31.625 0.0000000000
7909  -40.492  -63.547  31.128 0.0000000000
8451  -41.566  -63.607  30.706 0.0000000000
7918  -43.418  -63.729  30.075 0.0000000000
8482  -43.709  -63.658  29.436 0.0000000000
9525  -38.435  -61.283  30.850 0.0000000000
9543  -41.490  -62.283  30.267 0.0000000000
8996  -42.998  -62.689  29.542 0.0000000000
8481  -43.415  -63.378  28.926 0.0000000000
7950  -42.426  -64.473  28.086 0.0000000000
7949  -41.434  -64.366  28.195 0.0000000000
7948  -40.373  -64.318  28.516 0.0000000000
8467  -39.468  -62.620  29.094 0.0000000000
7933  -39.520  -63.548  28.904 0.0000000000
7947  -39.518  -64.901  28.695 0.0000000000
8432  -36.888  -63.476  33.407 0.0000000000
94583  -37.558  -62.842  33.830 0.0000000000
8958  -39.571  -60.736  35.454 0.0000000000
9510  -40.105  -60.057  35.209 0.0000000000
10072  -40.228  -59.305  34.745 0.0000000000
11167  -37.143  -58.285  36.537 0.0000000000
11174  -36.626  -57.925  36.373 0.0000000000
11173  -36.006  -57.653  36.396 0.0000000000
11741  -35.314  -57.385  36.908 0.0000000000
11732  -34.611  -57.118  37.368 0.0000000000
10051  -39.524  -61.123  40.785 0.0000000000
10586  -37.765  -59.396  41.387 0.0000000000
11147  -36.585  -58.269  41.500 0.0000000000
10598  -37.094  -60.073  39.697 0.0000000000
10596  -35.872  -59.067  38.735 0.0000000000
11724  -34.841  -57.621  39.818 0.0000000000
96610  -34.827  -57.722  38.721 0.0000000000
7385  -38.321  -65.149  31.142 0.0000000000
7399  -37.982  -65.820  30.922 0.0000000000
97062  -38.729  -66.492  30.383 0.0000000000
6883  -39.933  -66.404  30.202 0.0000000000
105798  -38.562  -67.134  30.024 0.0000000000
102734  -38.084  -68.128  29.582 0.0000000000
6923  -42.311  -66.366  28.480 0.0000000000
6339  -41.287  -67.628  28.656 0.0000000000
5778  -40.025  -68.745  29.103 0.0000000000
5794  -40.372  -69.167  28.403 0.0000000000
99273  -40.100  -69.810  28.500 0.0000000000
11739  -32.896  -57.430  36.284 0.0000000000
10627  -33.841  -59.284  33.606 0.0000000000
10638  -34.559  -59.466  31.837 0.0000000000
89083  -36.009  -60.305  29.419 0.0000000000
90600  -37.015  -61.461  29.355 0.0000000000
8983  -35.216  -61.268  30.222 0.0000000000
94088  -36.068  -61.660  29.944 0.0000000000
7930  -36.741  -63.967  29.772 0.0000000000
7436  -36.581  -65.730  28.981 0.0000000000
8462  -32.937  -63.076  29.320 0.0000000000
7928  -34.225  -64.374  29.340 0.0000000000
8464  -34.518  -63.603  29.846 0.0000000000
7435  -35.573  -65.674  28.815 0.0000000000
6918  -36.173  -66.454  28.538 0.0000000000
6351  -35.814  -67.003  27.929 0.0000000000
6374  -35.431  -67.596  27.446 0.0000000000
5824  -34.697  -68.716  26.568 0.0000000000
4755  -34.351  -70.260  25.582 0.0000000000
5202  -39.604  -69.395  28.977 0.0000000000
5220  -40.427  -69.712  28.044 0.0000000000
5803  -34.342  -68.068  26.798 0.0000000000
5806  -38.542  -68.346  27.176 0.0000000000
6321  -37.872  -67.464  29.911 0.0000000000
6340  -41.802  -66.951  28.692 0.0000000000
6353  -37.870  -67.240  28.036 0.0000000000
7420  -43.684  -65.064  28.987 0.0000000000
7442  -43.401  -65.162  28.634 0.0000000000
7919  -43.683  -63.389  29.900 0.0000000000
7934  -43.752  -64.259  29.484 0.0000000000
8450  -37.620  -61.595  29.257 0.0000000000
8452  -42.487  -63.015  30.436 0.0000000000
8453  -43.387  -62.981  30.091 0.0000000000
8463  -33.570  -63.646  29.420 0.0000000000
8469  -43.512  -62.944  29.840 0.0000000000
8480  -42.785  -63.609  28.355 0.0000000000
8975  -40.844  -62.120  30.933 0.0000000000
8993  -40.434  -62.465  29.371 0.0000000000
9549  -41.100  -62.185  29.872 0.0000000000
96412  -31.606  -61.659  28.291 0.0000000000
99781  -37.123  -70.194  25.586 0.0000000000
