#!ascii label  , from subject sub-v1s16x0051171_ses-1 vox2ras=TkReg
2132
32413  -4.002  -35.600  44.213 0.3333329856
32415  -5.464  -34.790  44.238 0.3333329856
33892  -7.376  -33.240  44.462 0.3333329856
33904  -7.597  -33.231  41.893 0.4444440007
33899  -8.173  -32.702  43.628 0.3333329856
33906  -8.930  -32.116  43.013 0.4444440007
33914  -8.792  -32.186  41.839 0.5555559993
34628  -9.691  -31.544  42.960 0.4444440007
35365  -10.593  -30.744  42.449 0.5555559993
35366  -11.186  -30.368  42.757 0.6666669846
36131  -12.269  -29.279  41.645 0.7777780294
33170  -3.460  -34.025  40.807 0.3333329856
33163  -3.173  -34.511  41.420 0.4444440007
32427  -4.391  -34.675  42.491 0.4444440007
32421  -5.156  -34.746  43.150 0.3333329856
108119  -5.978  -34.186  42.074 0.4444440007
33905  -8.251  -32.690  42.446 0.4444440007
34633  -8.495  -32.091  40.840 0.6666669846
104748  -9.379  -31.764  42.226 0.6666669846
35378  -10.461  -30.643  41.610 0.7777780294
108897  -10.362  -30.388  40.908 0.6666669846
35379  -10.951  -30.143  41.337 0.6666669846
36130  -11.530  -29.598  41.025 0.7777780294
100419  -12.934  -28.663  41.399 0.5555559993
33923  -3.980  -32.586  41.142 0.2222220004
33911  -3.809  -33.571  41.272 0.4444440007
33171  -4.572  -33.605  41.467 0.4444440007
116761  -6.179  -33.633  41.422 0.5555559993
33912  -7.374  -33.006  41.191 0.5555559993
33913  -8.069  -32.650  41.387 0.6666669846
34634  -9.276  -31.653  41.329 0.6666669846
35377  -9.792  -30.980  40.909 0.6666669846
35392  -9.240  -30.804  40.122 0.6666669846
35393  -9.855  -30.328  40.299 0.6666669846
118454  -10.642  -29.834  40.472 0.6666669846
36920  -12.150  -28.845  40.643 0.6666669846
36142  -11.266  -29.201  40.162 0.7777780294
116619  -11.643  -28.655  39.850 0.7777780294
36921  -13.009  -28.270  40.542 0.5555559993
37717  -13.787  -27.717  40.366 0.5555559993
37718  -14.601  -27.376  40.551 0.5555559993
114902  -16.154  -26.714  40.643 0.3333329856
36934  -12.300  -28.181  39.749 0.6666669846
37729  -13.542  -27.369  39.530 0.7777780294
37730  -14.270  -27.182  39.812 0.5555559993
38536  -15.349  -26.628  39.232 0.5555559993
37740  -14.037  -26.881  39.065 0.7777780294
110999  -15.803  -26.701  39.972 0.5555559993
39285  -16.971  -25.976  39.134 0.4444440007
38548  -16.173  -26.356  39.185 0.7777780294
105592  -3.929  -31.465  40.466 0.1111110002
34643  -4.027  -31.732  41.252 0.2222220004
33924  -4.442  -32.839  41.228 0.3333329856
34644  -4.558  -31.875  41.371 0.2222220004
33172  -5.582  -33.367  41.220 0.3333329856
119231  -6.742  -32.500  40.596 0.5555559993
35406  -4.260  -30.718  39.491 0.1111110002
34647  -7.988  -31.687  40.178 0.6666669846
34648  -8.903  -31.399  40.448 0.6666669846
35410  -9.926  -29.788  39.918 0.6666669846
36141  -10.440  -29.273  39.737 0.7777780294
36933  -10.963  -28.707  39.529 0.7777780294
37728  -12.755  -27.535  39.220 0.7777780294
117332  -14.675  -26.833  39.327 0.7777780294
38535  -14.731  -26.505  38.523 0.7777780294
39287  -18.280  -25.085  39.552 0.5555559993
38547  -15.639  -26.225  38.471 0.7777780294
39295  -16.471  -25.849  38.400 0.6666669846
39296  -17.319  -25.298  38.342 0.6666669846
39297  -18.065  -24.919  38.668 0.6666669846
40109  -18.697  -24.529  38.991 0.5555559993
39304  -16.674  -25.163  37.710 0.7777780294
36153  -4.297  -29.847  39.967 0.1111110002
112723  -4.095  -30.613  40.845 0.2222220004
35388  -4.428  -31.120  41.550 0.2222220004
35376  -5.062  -30.563  41.837 0.2222220004
35389  -5.293  -31.361  41.273 0.3333329856
35390  -6.596  -31.147  40.415 0.6666669846
34657  -7.570  -31.016  39.977 0.7777780294
36168  -4.568  -30.007  38.585 0.1111110002
33926  -7.488  -32.456  40.620 0.5555559993
35391  -8.481  -30.912  39.893 0.6666669846
35408  -8.175  -30.297  39.642 0.7777780294
35409  -9.101  -30.182  39.697 0.6666669846
36932  -10.133  -28.585  39.270 0.7777780294
116737  -10.766  -28.183  39.137 0.7777780294
107155  -11.426  -28.179  39.302 0.7777780294
37727  -11.875  -27.611  38.923 0.7777780294
37738  -12.371  -26.987  38.549 0.7777780294
37739  -13.235  -26.966  38.797 0.7777780294
38546  -13.795  -26.534  38.210 0.7777780294
38555  -14.367  -26.026  37.694 0.8888890147
39303  -15.837  -25.606  37.775 0.8888890147
40123  -18.509  -24.399  38.150 0.6666669846
40137  -16.919  -24.448  37.218 0.7777780294
40122  -17.872  -24.618  37.897 0.6666669846
120099  -18.889  -23.989  37.739 0.6666669846
40138  -17.697  -24.229  37.272 0.7777780294
41040  -18.378  -24.078  37.419 0.6666669846
36927  -4.257  -28.978  40.407 0.2222220004
101210  -5.905  -30.729  41.089 0.4444440007
35407  -7.399  -30.375  39.910 0.6666669846
36942  -4.534  -29.098  39.138 0.1111110002
36155  -8.719  -29.535  39.526 0.6666669846
36156  -9.588  -29.345  39.561 0.7777780294
36944  -9.592  -27.971  39.077 0.7777780294
38542  -9.663  -26.750  38.795 0.4444440007
39292  -9.487  -26.039  39.060 0.4444440007
37736  -10.411  -26.954  38.554 0.7777780294
38543  -10.782  -26.211  38.296 0.6666669846
37737  -11.391  -26.819  38.375 0.8888890147
111941  -12.059  -26.316  37.943 0.7777780294
38553  -12.587  -25.790  37.608 0.7777780294
38554  -13.453  -25.963  37.586 0.8888890147
104399  -14.969  -25.247  37.302 0.8888890147
40136  -15.929  -24.690  37.160 0.7777780294
40149  -17.368  -23.786  36.835 0.7777780294
41067  -18.993  -23.179  36.250 0.6666669846
39293  -10.059  -25.247  39.072 0.2222220004
40120  -10.739  -24.754  38.844 0.2222220004
40108  -11.219  -24.271  39.266 0.1111110002
39294  -10.820  -25.387  38.351 0.5555559993
40132  -12.069  -24.461  37.781 0.2222220004
38544  -11.363  -25.894  37.985 0.7777780294
39300  -12.267  -25.039  37.540 0.5555559993
40133  -12.759  -24.354  37.382 0.6666669846
107728  -13.543  -24.407  37.040 0.8888890147
40134  -14.073  -23.959  36.809 0.6666669846
39302  -13.960  -25.237  37.244 0.8888890147
112886  -15.093  -24.401  36.868 0.8888890147
40148  -16.438  -23.955  36.845 0.7777780294
41066  -18.505  -23.022  36.203 0.6666669846
41068  -19.526  -22.642  35.958 0.6666669846
42028  -20.025  -22.220  35.720 0.6666669846
43054  -18.822  -21.876  35.517 0.7777780294
43055  -19.509  -21.970  35.435 0.7777780294
43056  -20.249  -21.709  35.229 0.6666669846
41019  -13.235  -23.211  38.164 0.1111110002
41037  -13.448  -23.665  37.264 0.4444440007
40147  -15.571  -23.982  36.745 0.8888890147
41052  -16.932  -23.228  36.675 0.8888890147
41053  -17.839  -23.142  36.384 0.8888890147
43053  -18.087  -21.877  35.922 0.8888890147
120587  -19.301  -21.576  35.182 0.7777780294
43074  -19.807  -21.259  34.788 0.6666669846
44065  -20.593  -20.603  34.389 0.6666669846
44067  -21.597  -20.283  34.672 0.6666669846
41004  -13.240  -23.065  39.246 0.1111110002
41973  -15.104  -21.913  37.968 0.4444440007
41972  -14.601  -22.229  38.447 0.4444440007
41991  -15.571  -22.423  37.284 0.5555559993
41038  -14.427  -23.479  37.015 0.5555559993
41992  -16.111  -22.023  37.023 0.6666669846
41039  -15.375  -23.374  36.930 0.7777780294
42009  -16.822  -22.389  36.629 0.6666669846
43033  -17.341  -21.788  36.344 0.6666669846
44053  -18.432  -21.234  35.504 0.7777780294
120322  -19.356  -20.789  34.751 0.7777780294
44076  -21.034  -20.007  33.883 0.6666669846
45023  -21.597  -19.876  34.045 0.6666669846
45036  -22.039  -19.276  33.722 0.7777780294
45950  -22.863  -18.752  35.104 0.6666669846
45967  -22.612  -18.838  33.962 0.7777780294
45968  -23.323  -18.160  34.282 0.6666669846
41943  -13.699  -22.370  40.668 0.1111110002
118721  -14.247  -21.438  40.376 0.1111110002
41957  -14.442  -22.081  39.412 0.1111110002
42980  -14.533  -21.433  39.599 0.1111110002
42981  -14.849  -21.067  38.841 0.4444440007
43013  -15.610  -21.727  37.572 0.4444440007
43014  -16.012  -21.265  37.419 0.4444440007
43032  -16.636  -21.532  36.831 0.6666669846
121037  -17.527  -20.487  36.395 0.6666669846
44042  -17.744  -21.151  36.032 0.7777780294
118324  -18.780  -20.609  35.140 0.7777780294
44064  -19.867  -20.432  34.440 0.8888890147
106415  -20.411  -19.933  34.031 0.7777780294
45022  -20.825  -19.388  33.698 0.8888890147
45035  -21.448  -19.375  33.667 0.7777780294
45966  -20.472  -18.632  33.703 0.8888890147
45986  -21.219  -18.727  33.402 0.8888890147
45987  -21.857  -18.740  33.322 0.8888890147
45988  -22.377  -18.675  33.434 0.7777780294
45015  -38.980  -19.232  35.908 0.2222220004
46855  -22.390  -18.144  32.990 0.7777780294
106438  -23.756  -17.450  33.827 0.7777780294
45014  -38.396  -19.312  35.675 0.3333329856
119293  -22.948  -17.643  32.753 0.7777780294
46856  -23.527  -17.302  32.977 0.7777780294
45028  -38.144  -19.147  34.976 0.3333329856
107320  -37.779  -18.938  34.308 0.3333329856
45995  -36.690  -18.695  33.025 0.5555559993
42949  -14.118  -20.829  41.088 0.1111110002
110779  -14.504  -20.771  40.181 0.1111110002
44026  -15.335  -20.545  38.559 0.3333329856
44960  -15.371  -20.024  38.959 0.1111110002
42997  -15.899  -20.569  37.847 0.3333329856
44979  -16.484  -19.965  37.494 0.4444440007
44033  -17.043  -20.200  36.898 0.5555559993
44994  -17.620  -19.756  36.610 0.7777780294
44043  -18.110  -20.341  35.878 0.7777780294
44063  -19.210  -20.050  34.788 0.7777780294
114633  -20.190  -19.243  33.942 0.8888890147
45942  -40.548  -18.695  36.335 0.1111110002
46854  -21.697  -18.059  33.003 0.8888890147
45003  -39.896  -19.152  36.876 0.1111110002
115495  -22.349  -17.187  32.533 0.8888890147
45957  -39.053  -18.947  35.175 0.3333329856
45941  -39.715  -18.941  35.930 0.2222220004
47754  -22.857  -16.474  32.045 0.8888890147
46870  -23.211  -16.955  32.364 0.8888890147
100816  -39.975  -18.572  35.089 0.3333329856
47740  -24.015  -16.537  32.611 0.8888890147
45977  -37.293  -18.815  33.712 0.3333329856
45978  -38.656  -18.809  34.295 0.3333329856
45979  -39.536  -18.526  34.369 0.3333329856
45996  -37.619  -18.618  32.952 0.3333329856
45997  -38.414  -18.459  32.816 0.3333329856
114927  -37.200  -18.505  32.340 0.4444440007
46008  -37.855  -18.385  32.164 0.4444440007
46018  -36.451  -18.113  30.989 0.5555559993
46886  -33.946  -17.660  31.013 0.8888890147
46016  -34.729  -17.788  30.878 0.8888890147
46027  -35.445  -17.946  30.813 0.8888890147
44942  -15.203  -19.759  39.610 0.1111110002
44943  -15.669  -19.326  39.055 0.1111110002
44961  -15.886  -19.759  38.281 0.4444440007
44962  -17.125  -19.411  37.198 0.4444440007
45901  -17.217  -18.591  37.614 0.3333329856
45932  -18.186  -18.500  36.637 0.3333329856
44995  -18.614  -19.708  35.453 0.7777780294
45008  -19.071  -19.121  34.970 0.7777780294
45965  -19.678  -18.580  34.391 0.7777780294
46853  -20.890  -17.943  33.294 0.8888890147
118624  -21.394  -17.232  32.913 0.7777780294
47739  -21.626  -16.420  32.588 0.8888890147
48582  -22.323  -16.174  32.101 0.8888890147
47741  -24.859  -15.988  33.161 0.6666669846
45958  -40.427  -18.497  35.630 0.2222220004
47763  -22.886  -15.740  31.745 0.8888890147
47755  -23.563  -16.111  31.942 0.8888890147
47756  -24.472  -15.864  32.212 0.8888890147
47742  -25.805  -15.651  33.286 0.6666669846
47744  -27.581  -16.328  33.432 0.7777780294
48584  -25.452  -15.483  32.392 0.8888890147
48585  -26.452  -15.501  32.655 0.8888890147
47745  -28.130  -16.371  32.650 0.6666669846
45998  -39.163  -18.411  33.395 0.2222220004
45999  -40.090  -18.005  33.820 0.2222220004
48587  -27.868  -15.744  31.962 0.8888890147
106751  -28.583  -16.240  31.890 0.8888890147
47758  -29.197  -16.631  31.722 0.8888890147
47764  -29.121  -15.963  31.327 0.8888890147
47774  -30.490  -16.179  30.841 0.7777780294
46019  -37.199  -18.263  31.540 0.5555559993
119135  -31.093  -16.273  30.741 0.8888890147
48617  -32.377  -15.739  30.562 0.8888890147
46896  -32.704  -17.028  30.748 0.8888890147
46897  -33.542  -17.045  30.609 0.8888890147
46899  -35.164  -17.262  30.542 0.8888890147
46028  -35.922  -18.079  30.846 0.7777780294
48618  -33.080  -15.328  30.725 0.8888890147
47776  -33.114  -16.274  30.503 0.8888890147
47777  -34.031  -16.382  30.485 0.8888890147
46898  -34.384  -17.114  30.563 0.8888890147
45888  -15.877  -18.584  39.271 0.1111110002
45948  -18.580  -18.764  35.847 0.6666669846
46819  -18.662  -17.835  36.362 0.3333329856
45949  -19.073  -18.191  35.384 0.5555559993
46828  -19.150  -17.463  35.812 0.4444440007
46839  -19.507  -17.592  34.932 0.6666669846
46840  -20.113  -17.764  33.984 0.7777780294
47725  -20.574  -16.899  33.640 0.7777780294
47738  -21.056  -16.446  33.101 0.7777780294
48581  -21.708  -15.576  32.388 0.7777780294
49449  -22.896  -14.892  31.573 0.8888890147
45981  -40.770  -17.985  35.056 0.2222220004
46833  -41.551  -17.638  35.292 0.1111110002
48599  -23.528  -15.300  31.582 0.8888890147
104458  -24.273  -15.005  31.497 0.8888890147
47743  -26.728  -15.835  33.391 0.6666669846
47757  -27.349  -15.844  32.678 0.7777780294
46847  -40.870  -17.663  34.219 0.2222220004
46848  -41.338  -17.547  34.720 0.2222220004
48583  -24.805  -15.332  31.801 0.8888890147
107560  -24.952  -14.787  31.556 0.8888890147
118232  -26.235  -15.177  32.139 0.8888890147
49457  -32.229  -14.633  31.490 0.6666669846
49414  -32.924  -14.612  33.260 0.3333329856
49432  -34.460  -15.118  32.555 0.3333329856
115053  -35.291  -15.398  32.622 0.4444440007
121378  -38.916  -18.293  32.717 0.3333329856
46863  -39.936  -17.865  33.109 0.2222220004
48604  -28.461  -15.418  31.464 0.8888890147
48605  -29.164  -15.258  31.142 0.8888890147
47773  -29.775  -15.617  30.938 0.7777780294
48615  -30.558  -15.211  30.814 0.7777780294
104078  -33.524  -14.776  32.409 0.3333329856
108856  -34.460  -15.404  31.269 0.6666669846
48607  -35.241  -15.697  31.187 0.6666669846
48620  -35.563  -16.134  30.741 0.8888890147
47779  -36.196  -16.629  30.532 0.8888890147
46009  -38.659  -18.129  32.058 0.4444440007
46875  -39.388  -17.985  32.579 0.2222220004
112585  -31.773  -15.445  30.633 0.7777780294
48606  -33.811  -15.275  31.026 0.7777780294
48619  -34.507  -15.770  30.772 0.8888890147
47778  -34.863  -16.508  30.508 0.8888890147
46900  -35.983  -17.484  30.574 0.8888890147
46887  -37.121  -17.705  30.725 0.8888890147
46888  -37.906  -18.028  31.304 0.5555559993
47724  -19.931  -16.850  34.677 0.5555559993
48547  -19.998  -15.290  35.113 0.4444440007
48559  -20.230  -16.043  34.471 0.5555559993
49395  -20.490  -15.211  34.322 0.5555559993
48569  -20.723  -15.901  33.656 0.6666669846
49369  -32.408  -14.153  36.468 0.1111110002
117067  -21.830  -14.871  32.275 0.7777780294
49383  -32.785  -14.384  35.707 0.1111110002
48598  -22.298  -15.320  31.876 0.7777780294
112332  -30.383  -13.927  34.034 0.4444440007
50238  -30.687  -13.855  34.706 0.3333329856
106373  -31.126  -14.155  34.027 0.2222220004
117451  -31.876  -14.300  34.221 0.2222220004
106036  -33.212  -14.655  34.929 0.1111110002
46849  -42.026  -17.215  34.681 0.1111110002
46834  -42.390  -17.393  35.408 0.1111110002
50280  -23.696  -14.364  31.516 0.8888890147
49398  -32.678  -14.506  34.171 0.2222220004
100809  -41.526  -17.354  34.267 0.2222220004
49451  -25.487  -14.131  31.505 0.8888890147
48602  -26.571  -14.910  31.816 0.8888890147
48603  -27.559  -15.066  31.616 0.8888890147
50260  -31.395  -14.303  33.355 0.4444440007
49397  -32.059  -14.420  33.607 0.4444440007
49435  -38.119  -15.099  32.287 0.2222220004
46865  -41.384  -17.304  33.766 0.2222220004
46864  -40.770  -17.487  33.292 0.2222220004
49413  -31.969  -14.395  32.841 0.5555559993
49434  -37.278  -15.464  31.700 0.5555559993
107682  -40.255  -17.512  32.363 0.2222220004
49454  -28.782  -14.629  31.393 0.8888890147
49455  -30.763  -14.723  31.224 0.7777780294
49456  -31.546  -14.677  31.306 0.7777780294
48608  -36.385  -15.803  31.076 0.7777780294
48621  -36.729  -16.147  30.683 0.8888890147
46901  -37.332  -16.993  30.286 0.8888890147
46889  -39.397  -17.660  31.722 0.2222220004
121442  -29.834  -14.759  31.207 0.7777780294
48622  -37.677  -15.960  30.249 0.7777780294
46902  -37.876  -17.431  30.567 0.5555559993
104955  -38.601  -17.666  31.112 0.5555559993
48558  -19.744  -16.102  35.357 0.4444440007
49412  -20.979  -15.087  33.592 0.5555559993
49396  -21.368  -14.321  33.550 0.5555559993
50239  -30.998  -13.775  35.487 0.1111110002
50229  -31.151  -13.672  36.311 0.1111110002
105777  -21.404  -14.933  32.860 0.6666669846
50265  -21.874  -14.149  32.740 0.6666669846
50266  -22.549  -13.626  32.327 0.7777780294
50248  -29.866  -13.594  34.586 0.3333329856
50249  -31.495  -14.030  34.869 0.2222220004
47730  -42.552  -16.740  34.253 0.1111110002
50279  -22.970  -13.966  31.752 0.7777780294
120501  -23.560  -13.508  31.693 0.8888890147
50258  -29.781  -13.757  33.650 0.4444440007
46866  -41.971  -17.006  33.929 0.2222220004
49450  -24.593  -14.193  31.465 0.8888890147
112694  -26.179  -14.464  31.677 0.8888890147
50259  -30.543  -14.099  33.257 0.4444440007
50272  -31.149  -14.298  32.585 0.4444440007
49452  -26.903  -14.383  31.664 0.8888890147
49453  -27.849  -14.302  31.614 0.8888890147
121457  -38.444  -14.378  31.890 0.4444440007
46876  -41.090  -17.169  32.542 0.2222220004
47746  -41.687  -16.932  33.115 0.1111110002
119506  -28.122  -14.958  31.394 0.8888890147
49429  -30.970  -14.405  31.819 0.7777780294
49461  -38.294  -14.664  31.314 0.6666669846
48609  -37.698  -15.500  30.809 0.7777780294
46903  -39.296  -17.332  30.684 0.5555559993
46890  -40.145  -17.300  31.356 0.4444440007
46891  -40.942  -17.054  31.770 0.2222220004
108668  -38.329  -14.537  30.550 0.7777780294
47781  -37.848  -16.416  30.105 0.8888890147
117323  -38.483  -17.273  30.381 0.7777780294
46904  -40.048  -17.087  30.605 0.5555559993
106954  -38.079  -16.864  30.055 0.8888890147
47790  -38.597  -16.272  29.536 0.8888890147
50234  -20.970  -13.254  35.458 0.3333329856
50246  -21.386  -13.628  34.382 0.5555559993
50255  -21.814  -13.681  33.532 0.4444440007
50236  -29.080  -13.225  34.961 0.2222220004
50228  -30.394  -13.531  35.952 0.1111110002
50218  -31.165  -13.579  37.070 0.1111110002
117020  -22.722  -12.804  33.315 0.3333329856
51167  -22.912  -12.941  32.646 0.2222220004
50237  -29.718  -13.419  35.503 0.2222220004
51168  -23.611  -12.577  32.370 0.5555559993
50247  -29.129  -13.332  34.035 0.3333329856
50267  -23.194  -13.169  32.028 0.6666669846
51180  -24.696  -12.684  31.700 0.6666669846
50257  -29.098  -13.503  33.153 0.5555559993
50281  -24.224  -13.433  31.553 0.7777780294
50282  -25.023  -13.327  31.477 0.8888890147
50283  -25.725  -13.322  31.549 0.8888890147
116376  -29.063  -13.738  32.442 0.7777780294
51173  -38.352  -12.928  31.934 0.4444440007
104931  -26.305  -13.739  31.594 0.8888890147
50284  -27.112  -13.426  31.785 0.7777780294
50268  -27.928  -13.514  31.990 0.7777780294
50285  -28.604  -13.885  31.926 0.7777780294
50270  -29.727  -13.884  32.779 0.7777780294
50271  -30.357  -14.172  32.311 0.6666669846
50288  -38.422  -13.721  31.552 0.4444440007
50286  -29.520  -14.150  31.890 0.7777780294
50287  -30.279  -14.417  31.666 0.7777780294
51184  -37.995  -12.812  31.146 0.5555559993
47759  -41.572  -16.656  32.217 0.2222220004
47760  -42.170  -16.228  32.626 0.1111110002
51196  -37.541  -12.673  30.211 0.6666669846
50297  -38.256  -13.622  30.653 0.7777780294
111999  -38.350  -15.137  30.089 0.7777780294
47782  -38.801  -16.916  29.870 0.7777780294
47767  -40.698  -16.827  30.939 0.2222220004
107299  -38.022  -13.362  29.839 0.7777780294
47789  -38.352  -15.741  29.659 0.8888890147
47783  -39.591  -16.911  29.985 0.7777780294
47784  -40.314  -16.670  30.173 0.5555559993
49484  -38.546  -14.702  29.221 0.8888890147
48628  -38.767  -15.476  29.022 0.8888890147
47791  -39.222  -16.462  29.418 0.7777780294
51151  -22.211  -13.009  33.982 0.2222220004
52070  -23.274  -12.197  34.527 0.2222220004
52082  -23.823  -12.117  33.847 0.2222220004
51152  -22.958  -12.439  33.896 0.2222220004
51134  -28.310  -12.906  35.338 0.1111110002
51153  -23.332  -12.453  33.122 0.3333329856
52092  -24.113  -12.131  32.893 0.3333329856
52085  -25.900  -11.953  33.197 0.4444440007
51154  -26.409  -12.146  33.575 0.2222220004
51155  -27.158  -12.405  33.074 0.2222220004
111329  -27.779  -12.650  33.793 0.2222220004
51169  -24.393  -12.291  32.156 0.4444440007
52094  -25.612  -11.992  32.596 0.4444440007
51156  -28.473  -13.049  33.489 0.1111110002
114977  -23.897  -12.844  31.810 0.6666669846
52106  -25.189  -12.175  32.031 0.4444440007
51171  -26.324  -12.144  32.736 0.4444440007
120688  -27.891  -12.813  33.044 0.3333329856
119586  -37.323  -11.666  32.096 0.2222220004
52086  -37.421  -11.426  32.798 0.2222220004
51181  -25.493  -12.678  31.695 0.5555559993
51182  -26.268  -12.900  31.720 0.6666669846
51172  -27.580  -12.928  32.397 0.6666669846
50269  -28.391  -13.312  32.603 0.6666669846
52109  -36.898  -11.655  31.549 0.2222220004
52110  -37.654  -12.143  31.665 0.3333329856
51183  -37.230  -12.077  30.943 0.5555559993
51195  -36.709  -12.153  30.326 0.6666669846
47768  -41.478  -16.328  31.329 0.2222220004
51210  -36.561  -12.471  29.624 0.7777780294
48630  -40.573  -15.424  29.044 0.6666669846
47785  -41.030  -16.229  30.409 0.3333329856
50308  -37.292  -13.027  29.226 0.7777780294
50309  -38.063  -13.687  29.138 0.8888890147
49485  -38.734  -14.680  28.572 0.8888890147
48635  -39.155  -15.138  28.611 0.7777780294
113165  -39.777  -16.031  29.136 0.7777780294
47792  -40.486  -16.119  29.650 0.6666669846
51209  -35.640  -12.388  29.260 0.7777780294
49491  -38.300  -14.002  28.533 0.8888890147
53038  -35.892  -10.572  32.549 0.2222220004
52108  -35.642  -10.943  31.901 0.2222220004
52095  -36.560  -11.227  32.209 0.2222220004
109284  -36.169  -11.393  31.585 0.4444440007
107041  -35.507  -11.274  31.226 0.5555559993
52126  -36.275  -11.716  30.891 0.5555559993
119691  -34.847  -11.197  30.838 0.7777780294
52125  -35.360  -11.609  30.507 0.5555559993
51194  -35.916  -12.063  30.057 0.6666669846
108203  -34.543  -11.466  30.161 0.7777780294
52143  -35.041  -11.993  29.718 0.6666669846
48636  -39.689  -15.405  28.675 0.8888890147
52142  -34.216  -11.808  29.360 0.7777780294
51208  -34.763  -12.307  28.904 0.8888890147
51227  -36.326  -12.716  28.808 0.7777780294
50320  -37.678  -13.387  28.490 1.0000000000
115324  -38.568  -14.204  28.081 0.8888890147
49493  -39.586  -14.715  28.236 0.8888890147
52141  -33.490  -11.476  28.967 1.0000000000
50331  -36.981  -12.977  28.233 1.0000000000
49501  -38.763  -13.908  27.582 0.8888890147
50333  -38.314  -13.252  27.259 1.0000000000
50334  -39.100  -13.194  27.055 0.8888890147
52160  -34.007  -12.027  28.517 1.0000000000
51225  -34.611  -12.369  28.076 1.0000000000
51244  -36.154  -12.691  27.793 1.0000000000
50345  -37.817  -12.772  26.937 1.0000000000
51224  -33.954  -12.019  27.669 1.0000000000
51243  -35.269  -12.441  27.513 1.0000000000
51245  -36.989  -12.646  27.069 0.8888890147
51262  -35.979  -12.301  26.899 1.0000000000
51242  -34.571  -12.195  27.363 1.0000000000
51261  -35.014  -11.979  26.764 1.0000000000
53855  -35.479  -9.842  32.763 0.3333329856
53037  -35.150  -10.256  32.163 0.5555559993
53854  -34.868  -9.495  32.402 0.3333329856
52107  -34.782  -10.682  31.410 0.5555559993
52124  -34.206  -10.890  30.623 0.8888890147
52123  -33.787  -11.195  29.818 0.8888890147
50322  -40.767  -13.707  28.103 0.8888890147
52158  -32.914  -11.011  28.505 1.0000000000
52159  -33.362  -11.611  28.070 1.0000000000
50346  -38.391  -12.593  26.766 0.8888890147
50335  -40.062  -13.330  27.459 0.8888890147
51263  -36.693  -11.856  26.526 1.0000000000
51265  -38.281  -11.749  26.566 0.8888890147
52177  -32.824  -11.118  27.567 1.0000000000
107087  -35.777  -11.528  26.484 1.0000000000
52200  -36.377  -10.671  26.437 1.0000000000
52198  -34.435  -11.420  26.280 1.0000000000
52199  -35.137  -11.330  26.284 1.0000000000
52217  -35.656  -10.567  26.140 1.0000000000
53047  -34.018  -10.189  30.990 0.7777780294
53867  -34.460  -9.859  31.751 0.5555559993
53058  -33.575  -10.476  30.199 0.7777780294
53069  -33.184  -10.765  29.378 0.8888890147
52196  -32.851  -11.068  26.677 1.0000000000
51241  -34.094  -11.845  26.885 1.0000000000
52201  -37.309  -10.987  26.618 1.0000000000
53082  -32.444  -10.542  27.073 1.0000000000
53089  -32.506  -10.475  26.349 1.0000000000
52214  -32.911  -10.719  25.889 1.0000000000
52197  -33.540  -11.272  26.276 1.0000000000
52215  -34.056  -10.910  25.680 1.0000000000
52216  -34.879  -10.751  25.848 1.0000000000
53090  -36.932  -9.763  26.585 0.8888890147
105323  -37.464  -9.840  26.864 0.6666669846
53913  -32.141  -9.888  26.555 1.0000000000
110467  -33.046  -10.281  25.235 1.0000000000
53097  -33.731  -10.330  25.215 1.0000000000
114843  -34.246  -9.835  24.855 1.0000000000
53099  -35.595  -9.775  25.568 1.0000000000
53100  -36.360  -9.687  26.132 1.0000000000
53107  -35.100  -9.562  24.836 1.0000000000
53866  -33.928  -9.368  31.266 0.3333329856
53877  -33.529  -9.706  30.516 0.5555559993
53887  -33.086  -9.941  29.733 0.7777780294
53876  -33.199  -9.084  30.073 0.5555559993
53068  -32.717  -10.205  28.875 0.8888890147
54786  -32.915  -8.316  29.783 0.5555559993
53076  -32.530  -10.423  27.949 1.0000000000
53904  -32.203  -9.810  27.396 0.8888890147
53903  -31.897  -9.180  26.857 1.0000000000
53912  -31.831  -9.181  26.024 0.7777780294
53921  -32.342  -9.858  25.567 1.0000000000
53106  -32.754  -9.706  24.845 1.0000000000
53935  -33.476  -9.726  24.652 1.0000000000
53922  -36.479  -9.244  25.558 0.7777780294
53091  -37.320  -8.992  27.046 0.6666669846
53934  -32.272  -9.039  24.672 0.8888890147
53949  -32.893  -9.276  24.351 1.0000000000
53936  -34.481  -9.363  24.276 1.0000000000
53101  -36.966  -8.998  26.302 0.7777780294
53914  -37.486  -8.606  26.712 0.5555559993
53923  -37.187  -8.713  26.055 0.4444440007
54846  -38.150  -8.372  26.881 0.3333329856
53950  -33.649  -9.039  23.963 1.0000000000
53951  -35.504  -9.248  24.161 1.0000000000
53938  -36.353  -9.204  24.809 0.7777780294
102626  -36.861  -9.007  25.506 0.7777780294
53939  -37.169  -8.882  25.342 0.6666669846
53924  -37.645  -8.503  26.007 0.4444440007
113222  -38.888  -8.459  26.528 0.3333329856
53952  -35.982  -9.151  23.940 0.7777780294
53953  -36.628  -9.126  24.645 0.7777780294
53940  -37.873  -8.966  24.911 0.4444440007
54811  -32.351  -8.648  28.445 0.5555559993
117549  -32.564  -8.263  29.115 0.5555559993
53895  -32.379  -9.580  28.264 0.5555559993
103334  -32.088  -9.021  27.662 0.7777780294
119955  -31.930  -8.533  27.173 0.6666669846
54832  -31.748  -8.361  26.416 0.7777780294
54845  -31.701  -8.443  25.568 0.8888890147
55798  -31.591  -7.876  25.145 0.8888890147
55804  -31.646  -7.493  24.507 0.7777780294
54865  -32.007  -8.186  24.151 0.8888890147
111414  -32.397  -7.911  23.570 1.0000000000
54867  -33.635  -8.596  23.377 1.0000000000
103471  -34.553  -8.915  23.476 1.0000000000
53925  -38.614  -8.735  25.603 0.3333329856
55811  -31.920  -7.407  23.752 1.0000000000
55812  -32.486  -7.248  23.054 1.0000000000
55813  -33.104  -8.057  23.130 1.0000000000
54868  -35.277  -9.006  23.343 1.0000000000
53954  -37.208  -9.125  24.257 0.6666669846
54876  -34.058  -8.300  22.807 1.0000000000
116114  -34.747  -8.675  22.937 1.0000000000
54877  -35.122  -8.574  22.655 1.0000000000
54869  -35.672  -8.916  23.006 1.0000000000
53966  -36.493  -9.104  23.451 0.7777780294
55754  -33.103  -7.523  30.274 0.2222220004
55769  -32.713  -7.530  29.476 0.4444440007
55778  -32.395  -7.618  28.588 0.4444440007
116057  -32.350  -6.794  28.361 0.4444440007
54821  -32.169  -8.144  27.784 0.5555559993
55785  -31.935  -7.783  27.095 0.5555559993
117880  -31.732  -7.548  26.449 0.5555559993
55792  -31.613  -7.744  25.779 0.5555559993
56738  -31.475  -6.607  24.603 0.5555559993
56744  -31.619  -6.738  23.947 0.6666669846
56745  -31.937  -6.796  23.418 0.8888890147
56752  -32.885  -6.668  22.363 1.0000000000
55820  -33.421  -7.506  22.520 1.0000000000
55821  -34.248  -7.712  22.200 1.0000000000
55822  -34.910  -7.946  22.065 1.0000000000
54878  -35.610  -8.255  22.060 1.0000000000
54879  -36.961  -8.915  22.362 1.0000000000
54889  -36.611  -8.261  21.520 1.0000000000
56715  -32.585  -6.738  29.114 0.3333329856
57714  -32.510  -5.918  28.598 0.2222220004
56722  -32.204  -6.431  27.748 0.3333329856
58534  -32.639  -4.919  28.343 0.2222220004
56721  -31.890  -6.883  26.924 0.5555559993
57717  -31.996  -6.070  27.125 0.3333329856
58541  -32.530  -4.703  27.518 0.3333329856
111213  -31.595  -6.977  26.002 0.5555559993
57720  -32.174  -5.359  26.901 0.3333329856
58545  -32.445  -4.459  26.717 0.3333329856
56733  -31.465  -6.396  25.368 0.5555559993
58544  -32.011  -5.110  26.113 0.3333329856
114588  -31.434  -5.919  24.743 0.5555559993
58548  -31.966  -4.855  25.426 0.3333329856
57726  -31.505  -5.912  23.990 0.5555559993
57731  -31.898  -5.708  23.219 0.7777780294
56762  -32.640  -6.011  22.255 1.0000000000
56763  -33.282  -6.104  21.852 1.0000000000
55832  -33.780  -6.900  21.949 1.0000000000
55834  -35.296  -7.457  21.466 1.0000000000
55843  -35.903  -7.684  21.340 1.0000000000
56765  -35.049  -6.678  21.119 1.0000000000
120746  -36.377  -7.526  20.944 1.0000000000
54902  -37.654  -8.382  20.956 1.0000000000
60784  -34.135  -1.359  28.950 0.1111110002
61564  -34.476  -0.720  29.247 0.1111110002
62363  -34.774  -0.022  29.670 0.1111110002
59299  -33.300  -3.422  28.473 0.2222220004
60041  -33.628  -2.154  28.156 0.1111110002
60794  -33.888  -1.516  28.126 0.1111110002
61581  -34.358  -0.844  28.180 0.1111110002
62380  -34.801  -0.185  28.767 0.1111110002
59298  -32.882  -4.063  28.056 0.3333329856
111267  -33.226  -3.261  27.729 0.2222220004
60050  -33.454  -2.425  27.404 0.1111110002
60793  -33.671  -1.793  27.517 0.1111110002
60806  -33.987  -1.248  27.330 0.2222220004
59308  -32.814  -3.837  27.277 0.3333329856
59316  -32.753  -3.572  26.463 0.2222220004
59309  -33.164  -3.039  26.966 0.2222220004
111533  -33.365  -2.407  26.686 0.1111110002
58549  -32.333  -4.232  25.923 0.2222220004
59317  -33.087  -2.706  26.104 0.2222220004
58552  -32.260  -4.181  25.060 0.2222220004
59327  -32.718  -3.548  23.636 0.2222220004
108682  -32.240  -4.243  24.101 0.3333329856
58554  -31.991  -5.092  23.660 0.4444440007
57732  -32.223  -5.087  22.971 0.4444440007
58562  -32.714  -4.673  22.393 0.5555559993
57745  -32.944  -5.395  21.979 0.8888890147
57746  -33.704  -5.420  21.528 1.0000000000
57747  -34.551  -5.394  21.079 0.8888890147
56764  -34.239  -6.257  21.374 1.0000000000
56774  -34.873  -6.076  20.916 1.0000000000
56775  -35.825  -6.965  20.885 1.0000000000
108484  -35.476  -6.228  20.729 1.0000000000
56776  -36.647  -6.962  20.578 0.8888890147
107017  -37.342  -7.092  20.357 0.8888890147
54903  -38.512  -8.467  20.652 1.0000000000
55845  -38.009  -7.730  20.311 0.8888890147
55846  -38.940  -7.978  20.057 0.8888890147
54904  -39.835  -8.161  19.980 0.7777780294
62381  -35.282  0.272  28.538 0.2222220004
61582  -34.948  -0.138  27.798 0.2222220004
60805  -33.632  -1.772  26.733 0.2222220004
60820  -34.150  -1.058  26.435 0.2222220004
60060  -33.464  -2.086  26.146 0.2222220004
60061  -33.862  -1.469  25.745 0.2222220004
59321  -33.035  -2.657  25.144 0.2222220004
60066  -33.457  -2.050  25.462 0.2222220004
59331  -32.910  -3.772  22.724 0.3333329856
58557  -33.218  -4.021  22.036 0.5555559993
58563  -33.376  -4.662  21.749 0.7777780294
107340  -34.020  -4.742  21.365 0.7777780294
58577  -35.297  -5.046  20.807 0.8888890147
57758  -35.188  -5.698  20.772 1.0000000000
57759  -35.796  -5.615  20.589 0.8888890147
56777  -37.105  -6.286  20.219 0.8888890147
56778  -37.914  -6.788  20.014 0.8888890147
55862  -39.460  -7.348  19.597 0.8888890147
108745  -40.457  -8.517  20.319 0.8888890147
55863  -40.301  -7.386  19.453 0.8888890147
54917  -41.548  -7.932  19.863 0.8888890147
60074  -33.593  -2.069  24.643 0.2222220004
60067  -33.968  -1.504  24.902 0.2222220004
60845  -34.638  -1.234  24.484 0.2222220004
60075  -34.292  -1.640  24.206 0.3333329856
60857  -35.100  -1.332  23.964 0.3333329856
60083  -33.852  -2.226  23.793 0.3333329856
59328  -33.313  -2.937  23.213 0.3333329856
60096  -34.111  -2.505  22.847 0.3333329856
60097  -35.043  -2.268  22.624 0.4444440007
60085  -35.693  -1.632  23.275 0.3333329856
59332  -33.575  -3.304  22.293 0.3333329856
59341  -33.952  -3.890  21.561 0.4444440007
59342  -34.944  -3.576  21.366 0.4444440007
58565  -35.555  -4.232  20.975 0.4444440007
57760  -36.575  -5.508  20.388 0.8888890147
56792  -37.815  -6.061  19.856 0.8888890147
56793  -38.612  -6.373  19.596 0.8888890147
55865  -42.012  -7.354  19.439 0.8888890147
120425  -39.072  -6.907  19.533 0.8888890147
116876  -39.891  -7.008  19.314 0.8888890147
55864  -41.184  -7.352  19.363 0.8888890147
57777  -39.968  -5.800  18.838 0.8888890147
56795  -40.322  -6.655  19.080 0.8888890147
60098  -35.995  -2.236  22.478 0.3333329856
60109  -35.423  -2.800  21.854 0.3333329856
59343  -35.913  -3.472  21.354 0.6666669846
58578  -36.082  -4.854  20.640 0.7777780294
58579  -36.900  -4.665  20.544 0.7777780294
57761  -37.443  -5.331  20.144 0.8888890147
106744  -42.764  -7.306  19.540 0.8888890147
57776  -39.101  -5.485  19.261 0.8888890147
56796  -41.079  -6.694  18.967 0.8888890147
55879  -41.785  -6.823  18.976 0.8888890147
56810  -40.835  -6.020  18.670 0.8888890147
57790  -41.412  -5.355  18.242 0.8888890147
58609  -41.346  -4.378  18.072 0.8888890147
59401  -41.607  -3.478  17.995 0.8888890147
59402  -42.369  -3.282  17.620 0.8888890147
60172  -43.186  -2.304  17.106 0.8888890147
60186  -44.662  -2.059  16.599 0.8888890147
105759  -36.840  -3.408  21.482 0.5555559993
58566  -36.433  -4.083  20.958 0.7777780294
58567  -37.304  -3.881  21.018 0.6666669846
57762  -38.015  -4.814  20.050 0.8888890147
58580  -37.665  -4.360  20.467 0.7777780294
58592  -38.588  -4.730  19.733 0.8888890147
57775  -38.242  -5.500  19.740 0.8888890147
57789  -40.582  -5.257  18.505 0.8888890147
57788  -39.840  -4.948  18.821 0.8888890147
58594  -39.806  -4.190  18.987 0.8888890147
119851  -40.941  -4.862  18.248 0.8888890147
58608  -40.513  -4.412  18.532 0.8888890147
59390  -40.939  -3.618  18.465 0.8888890147
60170  -41.856  -2.771  17.960 0.8888890147
60171  -42.394  -2.287  17.648 0.8888890147
120995  -42.794  -2.820  17.367 0.8888890147
60930  -43.360  -1.329  16.955 0.8888890147
60187  -45.624  -2.072  16.441 0.8888890147
115131  -46.389  -2.335  16.732 0.6666669846
60174  -46.741  -2.765  17.231 0.6666669846
58568  -38.183  -3.663  21.042 0.5555559993
114163  -38.306  -4.178  20.325 0.6666669846
59357  -38.880  -3.953  20.036 0.6666669846
58593  -39.220  -4.469  19.343 0.8888890147
59389  -40.267  -3.618  19.034 0.8888890147
60157  -40.760  -3.092  18.997 0.8888890147
60158  -41.349  -2.823  18.547 0.7777780294
60920  -42.280  -1.453  18.097 0.8888890147
60921  -42.739  -1.423  17.483 0.8888890147
61702  -43.030  -0.555  17.513 0.8888890147
61709  -43.618  -0.533  16.866 0.8888890147
60931  -44.147  -1.303  16.583 0.8888890147
60932  -45.018  -1.272  16.167 0.8888890147
109103  -45.806  -1.357  15.975 0.7777780294
59344  -37.701  -3.269  21.600 0.5555559993
59356  -38.718  -3.724  20.695 0.5555559993
114476  -39.301  -3.549  20.624 0.5555559993
106228  -39.902  -3.328  20.487 0.5555559993
59371  -39.618  -3.676  19.723 0.7777780294
60140  -40.415  -3.085  19.809 0.4444440007
60910  -41.592  -2.229  18.924 0.6666669846
60911  -42.040  -1.533  18.906 0.7777780294
61694  -42.485  -0.833  18.498 0.4444440007
61679  -42.930  -0.210  18.770 0.5555559993
61695  -42.775  -0.417  18.118 0.5555559993
62482  -43.123  0.109  18.030 0.5555559993
62489  -43.483  0.157  17.357 0.5555559993
62497  -43.886  0.075  16.761 0.8888890147
61710  -44.334  -0.522  16.402 0.8888890147
60933  -46.557  -1.658  16.173 0.7777780294
60188  -47.115  -2.214  16.772 0.6666669846
60089  -39.370  -2.382  23.083 0.3333329856
59335  -38.552  -3.080  21.744 0.5555559993
59336  -39.369  -3.033  21.924 0.4444440007
59345  -39.001  -3.383  21.267 0.5555559993
60125  -41.170  -2.564  20.318 0.4444440007
60141  -41.122  -2.618  19.346 0.4444440007
60896  -41.668  -2.118  19.549 0.3333329856
61666  -42.623  -1.191  20.129 0.1111110002
61667  -43.164  -0.594  20.115 0.1111110002
61678  -42.558  -0.814  19.364 0.2222220004
62471  -43.516  0.088  19.482 0.4444440007
103028  -43.435  0.344  18.642 0.5555559993
62472  -44.143  0.742  19.043 0.5555559993
62483  -43.731  0.783  17.995 0.5555559993
63210  -44.380  1.305  17.542 0.5555559993
62498  -44.473  0.355  16.409 0.5555559993
60943  -45.571  -0.827  15.794 0.8888890147
61711  -45.005  -0.361  15.927 0.8888890147
60944  -46.297  -0.798  15.572 0.7777780294
60934  -47.521  -1.612  16.292 0.6666669846
60189  -47.953  -2.104  16.882 0.6666669846
60852  -41.196  -2.178  24.775 0.1111110002
60090  -40.743  -2.802  23.565 0.1111110002
60102  -39.750  -2.808  22.575 0.4444440007
100909  -40.102  -2.674  23.103 0.3333329856
60103  -40.486  -3.044  22.853 0.1111110002
114982  -40.137  -3.099  22.162 0.1111110002
104110  -40.867  -3.194  22.365 0.2222220004
114981  -40.474  -3.140  21.721 0.2222220004
59346  -39.815  -3.266  21.335 0.4444440007
60124  -40.472  -3.067  20.890 0.4444440007
60111  -41.200  -2.902  21.506 0.2222220004
60126  -41.745  -2.374  20.862 0.3333329856
60882  -42.347  -1.863  20.657 0.2222220004
60883  -43.033  -1.378  20.798 0.2222220004
61661  -43.817  -0.967  21.003 0.1111110002
61662  -44.792  -0.486  21.281 0.1111110002
61663  -45.723  -0.422  21.858 0.1111110002
60881  -41.823  -2.095  20.211 0.3333329856
61668  -44.058  -0.187  20.395 0.2222220004
62451  -45.636  0.184  21.119 0.1111110002
62459  -45.699  0.685  20.345 0.1111110002
115788  -44.285  0.360  19.859 0.3333329856
62458  -44.887  0.251  20.495 0.2222220004
62473  -44.960  0.728  19.755 0.2222220004
63206  -44.533  1.301  18.397 0.5555559993
62499  -45.156  0.478  15.829 0.8888890147
110084  -44.815  1.040  16.345 0.5555559993
63213  -44.444  1.083  16.849 0.6666669846
61720  -45.692  -0.171  15.491 0.8888890147
109526  -46.947  -0.488  15.162 0.7777780294
60945  -47.144  -1.057  15.639 0.6666669846
115479  -41.732  -2.256  25.168 0.1111110002
60076  -41.187  -2.737  24.202 0.1111110002
60077  -41.860  -2.947  24.587 0.1111110002
60068  -42.366  -2.591  25.286 0.1111110002
60091  -41.553  -3.275  23.843 0.1111110002
60104  -41.231  -3.301  23.091 0.1111110002
101327  -42.084  -3.402  23.272 0.1111110002
114471  -41.684  -3.161  22.453 0.1111110002
60105  -42.568  -2.977  22.555 0.1111110002
60106  -43.400  -2.555  22.475 0.1111110002
60112  -42.201  -2.538  21.603 0.1111110002
60113  -42.928  -2.393  21.907 0.1111110002
60868  -44.057  -2.104  22.288 0.1111110002
60869  -44.725  -1.879  22.557 0.1111110002
60874  -43.517  -1.851  21.633 0.1111110002
60875  -44.362  -1.407  21.804 0.1111110002
61656  -45.165  -1.095  22.148 0.1111110002
105151  -45.832  -0.908  22.490 0.1111110002
62452  -46.274  0.105  21.609 0.1111110002
63208  -46.088  1.729  19.072 0.1111110002
63199  -46.566  1.539  19.658 0.1111110002
63992  -45.459  2.164  17.410 0.4444440007
63211  -45.007  1.847  17.911 0.3333329856
63207  -45.385  1.594  18.749 0.3333329856
63197  -44.968  1.141  19.124 0.3333329856
63216  -45.395  1.400  15.966 0.5555559993
63214  -44.885  1.716  16.916 0.5555559993
62505  -45.849  0.645  15.374 0.8888890147
60946  -47.984  -1.081  15.762 0.6666669846
60935  -48.383  -1.562  16.407 0.5555559993
60078  -42.708  -3.244  24.741 0.1111110002
60092  -42.391  -3.488  24.036 0.1111110002
60079  -43.506  -3.255  24.744 0.1111110002
60069  -43.150  -2.854  25.372 0.1111110002
101555  -43.109  -3.448  24.219 0.1111110002
60093  -43.089  -3.269  23.396 0.1111110002
60107  -44.102  -2.614  23.127 0.1111110002
60094  -44.483  -2.713  23.906 0.1111110002
60863  -44.988  -2.211  23.364 0.1111110002
60870  -45.475  -1.535  22.860 0.1111110002
60871  -46.190  -1.142  23.094 0.1111110002
61652  -46.825  -0.799  23.266 0.1111110002
61657  -46.600  -0.403  22.424 0.1111110002
63185  -46.974  1.269  20.340 0.1111110002
62460  -46.466  0.659  20.894 0.1111110002
61721  -46.455  0.077  15.042 0.8888890147
61722  -47.656  -0.580  15.117 0.7777780294
61738  -47.307  0.014  14.741 0.7777780294
60865  -46.590  -1.332  23.937 0.1111110002
32419  -3.486  -35.459  43.063 0.2222220004
32420  -4.179  -35.177  43.557 0.4444440007
33158  -6.224  -34.362  43.194 0.3333329856
33154  -6.582  -34.055  44.390 0.3333329856
33898  -7.623  -33.291  43.020 0.3333329856
119776  -10.216  -31.098  42.890 0.5555559993
34635  -9.968  -31.233  42.047 0.6666669846
32426  -3.098  -34.897  42.180 0.4444440007
33164  -3.766  -34.147  41.817 0.3333329856
110389  -5.235  -33.947  41.736 0.5555559993
33925  -5.821  -32.555  40.853 0.5555559993
36935  -13.099  -27.846  39.877 0.7777780294
115839  -14.246  -27.764  41.030 0.5555559993
37731  -15.006  -26.943  39.962 0.4444440007
38537  -16.653  -26.370  40.036 0.4444440007
39286  -17.304  -25.945  39.812 0.4444440007
110826  -17.651  -25.503  39.257 0.6666669846
34668  -4.098  -32.095  39.343 0.1111110002
35375  -4.523  -30.422  41.755 0.2222220004
35387  -4.102  -31.128  41.316 0.2222220004
34645  -5.859  -31.881  40.804 0.4444440007
34646  -6.856  -31.874  40.376 0.6666669846
35420  -4.539  -30.927  38.087 0.1111110002
120899  -15.133  -26.019  37.872 0.7777780294
39305  -17.309  -24.769  37.665 0.6666669846
36138  -4.256  -29.729  41.188 0.2222220004
36128  -5.129  -29.973  42.401 0.2222220004
112828  -6.748  -30.450  40.346 0.7777780294
36946  -11.016  -27.628  38.779 0.8888890147
38545  -12.911  -26.501  38.029 0.8888890147
41054  -18.293  -23.612  36.706 0.7777780294
106848  -19.093  -23.672  36.968 0.5555559993
36129  -5.690  -30.032  42.194 0.3333329856
36931  -9.219  -28.721  39.360 0.7777780294
37735  -9.815  -27.353  38.814 0.7777780294
108021  -10.151  -26.087  38.573 0.4444440007
115581  -11.929  -25.614  37.723 0.6666669846
39301  -13.052  -25.122  37.321 0.8888890147
42027  -18.945  -22.568  35.833 0.6666669846
38552  -11.597  -25.143  37.858 0.5555559993
40121  -11.423  -24.542  38.383 0.2222220004
41036  -12.578  -23.805  37.771 0.2222220004
41018  -12.511  -23.545  38.575 0.1111110002
41017  -11.846  -23.878  38.923 0.1111110002
40146  -14.766  -23.934  36.750 0.6666669846
40135  -14.372  -24.483  36.913 0.7777780294
42026  -18.334  -22.515  36.024 0.8888890147
43073  -19.095  -21.275  35.060 0.7777780294
43075  -20.553  -21.202  34.817 0.6666669846
41989  -14.114  -22.925  37.820 0.3333329856
41971  -13.978  -22.613  38.858 0.1111110002
107793  -16.105  -23.575  36.844 0.7777780294
42010  -17.599  -22.539  36.319 0.8888890147
44066  -21.127  -20.825  34.771 0.6666669846
45024  -22.147  -19.603  34.508 0.6666669846
41956  -13.883  -22.502  39.869 0.1111110002
42995  -14.775  -21.642  38.773 0.3333329856
41990  -14.921  -22.698  37.538 0.4444440007
42008  -16.204  -22.898  36.906 0.7777780294
44041  -17.140  -20.995  36.611 0.6666669846
41944  -14.218  -22.007  40.192 0.1111110002
42996  -15.318  -21.207  38.137 0.4444440007
44018  -14.871  -20.558  39.357 0.1111110002
44032  -16.526  -20.740  37.183 0.5555559993
45021  -19.700  -19.564  34.363 0.7777780294
45989  -23.026  -18.146  33.343 0.7777780294
46842  -24.374  -16.755  34.724 0.6666669846
105314  -38.171  -18.710  33.580 0.3333329856
46007  -36.540  -18.461  31.968 0.4444440007
44008  -14.814  -20.139  40.047 0.1111110002
118715  -16.567  -19.247  37.815 0.4444440007
108949  -18.124  -19.324  36.262 0.5555559993
46857  -24.260  -16.701  33.506 0.7777780294
45887  -15.483  -19.003  39.787 0.1111110002
45931  -17.721  -18.952  36.948 0.3333329856
48600  -24.102  -15.551  31.729 0.8888890147
45980  -40.255  -18.169  34.503 0.2222220004
46871  -28.936  -16.987  32.497 0.7777780294
47765  -29.729  -16.474  31.225 0.8888890147
48616  -31.164  -15.690  30.661 0.7777780294
106891  -32.346  -16.500  30.632 0.8888890147
118186  -35.540  -16.750  30.489 0.8888890147
107878  -33.733  -15.701  30.632 0.8888890147
48570  -21.184  -15.719  32.994 0.6666669846
49428  -22.321  -14.452  31.970 0.7777780294
48586  -27.049  -15.347  32.053 0.8888890147
48601  -25.651  -14.960  31.798 0.8888890147
49431  -32.579  -14.523  32.212 0.4444440007
49430  -31.744  -14.396  31.993 0.5555559993
49416  -35.038  -15.293  33.314 0.1111110002
49459  -34.027  -15.068  31.705 0.4444440007
49417  -36.120  -15.464  33.099 0.4444440007
49460  -34.893  -15.352  31.863 0.5555559993
49433  -36.012  -15.630  32.053 0.4444440007
49473  -31.359  -14.985  30.842 0.7777780294
49474  -32.214  -14.971  30.881 0.7777780294
49458  -33.078  -14.823  31.388 0.8888890147
47780  -37.019  -16.556  30.439 0.8888890147
108224  -36.652  -17.156  30.431 0.8888890147
119577  -36.546  -17.647  30.636 0.8888890147
47712  -19.452  -16.844  35.595 0.4444440007
49381  -20.335  -14.550  34.966 0.3333329856
49382  -31.869  -14.019  35.800 0.1111110002
101778  -32.339  -14.282  34.943 0.2222220004
119311  -31.602  -14.321  33.795 0.4444440007
101489  -33.718  -14.625  35.762 0.1111110002
100636  -36.979  -15.453  32.516 0.2222220004
120892  -20.774  -13.955  34.951 0.5555559993
116866  -20.878  -14.456  34.285 0.5555559993
121090  -30.326  -13.606  35.233 0.3333329856
50256  -22.317  -13.338  33.062 0.5555559993
46850  -42.917  -16.899  34.869 0.1111110002
50273  -38.686  -14.057  32.325 0.3333329856
108252  -30.476  -13.473  36.788 0.1111110002
52096  -37.977  -12.150  32.380 0.3333329856
104487  -38.299  -14.139  29.942 0.6666669846
118251  -39.870  -16.505  29.601 0.7777780294
48629  -39.134  -15.864  28.977 0.8888890147
114607  -24.491  -12.008  34.223 0.3333329856
51143  -27.647  -12.613  34.734 0.2222220004
51144  -28.418  -12.926  34.391 0.1111110002
52093  -24.885  -11.931  32.665 0.4444440007
104062  -25.765  -12.024  33.872 0.3333329856
52084  -25.333  -11.886  33.284 0.4444440007
112917  -27.018  -12.383  34.120 0.2222220004
51170  -25.958  -12.320  32.078 0.4444440007
118114  -26.767  -12.598  32.225 0.4444440007
53039  -36.609  -10.828  32.963 0.2222220004
49492  -39.027  -14.490  28.061 0.8888890147
50321  -38.153  -13.692  27.919 1.0000000000
48637  -40.280  -14.846  28.451 0.8888890147
51226  -35.423  -12.560  28.408 0.8888890147
50332  -37.627  -13.131  27.627 1.0000000000
49502  -39.415  -14.065  27.638 0.8888890147
49494  -40.144  -14.258  27.939 0.8888890147
116450  -40.698  -14.334  28.357 0.7777780294
51264  -37.630  -12.181  26.556 0.8888890147
52178  -33.368  -11.592  27.157 1.0000000000
51266  -39.012  -11.226  26.933 0.7777780294
115934  -33.419  -10.741  25.649 1.0000000000
53098  -34.575  -10.191  25.317 1.0000000000
53937  -35.919  -9.300  24.970 1.0000000000
53886  -32.679  -9.176  29.211 0.6666669846
53920  -31.903  -9.010  25.319 1.0000000000
53915  -37.842  -8.659  27.390 0.5555559993
54857  -31.781  -8.365  24.870 0.8888890147
54866  -32.764  -8.623  23.838 1.0000000000
118417  -34.633  -8.267  22.522 1.0000000000
106001  -36.166  -8.738  22.469 1.0000000000
55786  -32.159  -7.276  27.747 0.4444440007
109569  -31.506  -7.198  25.215 0.5555559993
56750  -31.747  -6.284  23.479 0.7777780294
56751  -32.176  -6.330  22.847 1.0000000000
114929  -37.493  -8.746  21.628 1.0000000000
57706  -32.857  -5.962  29.547 0.2222220004
57718  -32.340  -5.576  27.711 0.3333329856
58535  -33.019  -4.221  28.866 0.2222220004
56727  -31.675  -6.045  26.279 0.5555559993
57723  -31.631  -5.583  25.416 0.4444440007
58551  -31.800  -5.120  24.605 0.2222220004
57737  -32.376  -5.542  22.573 0.7777780294
55833  -34.591  -7.156  21.642 1.0000000000
55844  -37.108  -7.711  20.737 1.0000000000
54891  -38.230  -8.892  21.334 1.0000000000
109385  -33.593  -2.739  28.679 0.2222220004
61598  -34.525  -0.667  27.123 0.2222220004
59320  -32.685  -3.416  25.596 0.2222220004
59324  -32.659  -3.423  24.646 0.2222220004
59325  -33.144  -2.743  24.193 0.2222220004
108627  -32.406  -4.375  23.188 0.3333329856
58564  -34.692  -4.462  21.131 0.6666669846
110062  -36.212  -6.266  20.500 0.8888890147
103400  -39.220  -8.520  20.473 0.7777780294
101289  -34.449  -0.909  25.687 0.2222220004
55861  -38.674  -7.230  19.804 0.8888890147
54916  -40.749  -8.028  19.819 0.8888890147
56794  -39.494  -6.544  19.279 0.8888890147
54905  -41.135  -8.465  20.358 0.7777780294
60084  -34.685  -1.878  23.466 0.4444440007
60858  -35.933  -1.098  23.966 0.3333329856
59333  -34.443  -2.941  21.972 0.4444440007
119189  -40.715  -7.033  19.196 0.8888890147
56811  -41.641  -6.212  18.558 0.8888890147
58620  -42.044  -4.043  17.794 0.8888890147
60185  -43.900  -1.993  16.776 0.8888890147
60159  -41.894  -2.147  18.346 0.8888890147
61701  -42.596  -0.877  17.907 0.6666669846
121509  -43.006  -0.327  19.437 0.3333329856
60897  -42.164  -1.569  19.769 0.2222220004
62490  -43.983  0.714  17.117 0.5555559993
60873  -42.837  -2.024  21.294 0.2222220004
63198  -45.742  1.221  19.577 0.1111110002
105761  -46.962  0.364  21.672 0.1111110002
63184  -46.312  1.078  20.172 0.1111110002
60070  -43.965  -2.881  25.342 0.1111110002
103099  -43.780  -3.199  24.046 0.1111110002
60864  -45.778  -1.805  23.633 0.1111110002
61653  -47.360  -0.777  23.803 0.1111110002
61658  -47.458  -0.429  23.042 0.1111110002
61723  -48.466  -0.720  15.154 0.5555559993
36127  -4.530  -29.709  42.013 0.1111110002
36121  -5.341  -29.373  42.624 0.1111110002
36918  -6.336  -29.470  41.709 0.4444440007
36140  -7.166  -29.763  40.061 0.5555559993
36917  -4.211  -28.988  41.724 0.1111110002
36928  -4.543  -28.378  39.634 0.1111110002
37723  -4.877  -27.596  39.393 0.1111110002
36901  -5.420  -28.641  42.893 0.1111110002
36908  -6.739  -28.643  41.794 0.3333329856
36900  -5.050  -28.880  42.864 0.1111110002
36919  -6.930  -29.151  40.741 0.3333329856
36929  -7.586  -28.925  39.891 0.6666669846
36906  -4.558  -28.813  42.510 0.1111110002
37724  -8.068  -28.089  39.776 0.5555559993
37705  -4.352  -28.130  41.956 0.1111110002
37715  -4.821  -26.947  40.147 0.1111110002
106135  -5.263  -26.680  39.132 0.1111110002
116010  -5.524  -28.241  43.245 0.2222220004
37706  -6.130  -28.358  42.901 0.2222220004
37696  -6.616  -27.859  43.383 0.2222220004
36907  -5.875  -29.210  42.556 0.1111110002
37707  -7.117  -27.986  42.392 0.2222220004
37694  -4.787  -28.275  42.839 0.1111110002
106450  -7.408  -27.902  41.297 0.4444440007
37716  -7.988  -27.392  40.438 0.4444440007
105098  -8.834  -28.039  39.318 0.6666669846
38522  -4.579  -27.171  41.190 0.1111110002
37695  -5.287  -28.178  43.283 0.1111110002
38504  -4.887  -27.608  43.323 0.1111110002
38524  -7.799  -27.317  41.591 0.4444440007
38513  -4.901  -26.628  42.666 0.1111110002
37725  -8.544  -27.315  39.527 0.4444440007
37726  -9.231  -27.347  39.044 0.4444440007
46841  -23.851  -17.410  34.729 0.5555559993
45991  -32.034  -17.798  33.471 0.5555559993
46004  -32.158  -17.729  32.741 0.6666669846
45992  -32.758  -17.969  33.066 0.6666669846
118150  -32.743  -17.842  32.120 0.7777780294
119455  -33.534  -18.004  31.695 0.7777780294
112536  -34.320  -18.249  31.678 0.7777780294
46874  -31.858  -17.547  32.114 0.7777780294
46884  -32.288  -17.397  31.417 0.7777780294
46881  -29.825  -17.108  31.874 0.7777780294
46873  -30.518  -17.457  32.381 0.7777780294
46862  -31.349  -17.636  32.830 0.6666669846
116586  -30.321  -16.839  31.256 0.7777780294
46882  -30.689  -17.207  31.633 0.7777780294
46895  -31.903  -16.962  30.947 0.7777780294
47775  -31.666  -16.256  30.657 0.7777780294
102694  -38.324  -12.062  33.132 0.1111110002
49486  -40.998  -14.682  28.762 0.7777780294
53028  -36.710  -10.468  33.597 0.1111110002
102192  -37.968  -11.211  34.215 0.1111110002
118685  -37.172  -10.975  33.365 0.1111110002
52087  -37.849  -11.372  33.558 0.1111110002
50310  -41.852  -13.593  29.233 0.4444440007
117366  -41.507  -14.311  29.114 0.5555559993
49495  -41.247  -14.008  28.640 0.5555559993
53843  -36.280  -9.778  33.860 0.1111110002
53027  -36.091  -10.160  33.187 0.1111110002
53029  -37.355  -10.792  33.925 0.1111110002
52064  -38.351  -11.382  34.985 0.1111110002
53968  -38.448  -9.379  22.671 0.7777780294
53982  -38.734  -9.295  21.797 0.6666669846
53841  -34.766  -8.736  32.671 0.2222220004
54779  -34.322  -9.011  31.992 0.2222220004
53967  -37.501  -9.223  23.079 0.8888890147
54890  -37.905  -9.152  22.111 0.8888890147
53983  -39.555  -9.310  21.529 0.6666669846
53984  -40.923  -9.243  21.566 0.5555559993
53994  -39.842  -8.873  20.745 0.6666669846
53995  -40.684  -8.892  20.875 0.6666669846
55717  -35.037  -7.750  33.741 0.1111110002
54756  -34.677  -7.987  33.013 0.1111110002
54778  -33.781  -8.418  31.428 0.2222220004
54771  -34.263  -8.176  32.278 0.2222220004
116892  -33.552  -8.990  30.755 0.3333329856
100903  -41.714  -9.095  21.811 0.6666669846
54918  -42.303  -7.811  19.977 0.7777780294
55730  -33.860  -7.500  31.866 0.1111110002
55731  -34.266  -7.396  32.603 0.1111110002
54787  -33.317  -8.323  30.563 0.1111110002
54907  -42.673  -8.134  20.569 0.7777780294
54919  -42.962  -7.687  20.076 0.6666669846
55866  -43.599  -7.349  19.715 0.5555559993
55880  -42.492  -6.833  19.024 0.7777780294
55881  -43.255  -6.818  19.076 0.7777780294
60848  -37.571  -1.124  24.117 0.2222220004
61646  -39.026  -0.825  24.766 0.2222220004
60849  -38.501  -1.230  24.149 0.2222220004
60836  -39.916  -1.247  24.707 0.1111110002
60086  -36.728  -1.789  22.963 0.2222220004
60859  -37.191  -1.424  23.589 0.2222220004
60850  -39.474  -1.493  24.172 0.2222220004
60099  -36.741  -2.368  22.362 0.2222220004
60087  -37.656  -1.915  23.143 0.2222220004
60088  -38.502  -2.133  23.146 0.3333329856
59334  -37.193  -2.803  21.988 0.4444440007
111802  -37.995  -2.718  22.161 0.4444440007
60101  -38.842  -2.605  22.442 0.3333329856
56797  -44.080  -6.779  19.158 0.5555559993
121630  -42.247  -6.407  18.620 0.7777780294
56812  -42.899  -6.329  18.550 0.7777780294
61635  -38.235  -0.469  25.222 0.1111110002
110416  -39.025  -0.414  25.449 0.1111110002
61645  -37.969  -0.813  24.642 0.1111110002
120299  -36.449  -1.347  23.577 0.2222220004
60861  -38.972  -1.791  23.623 0.3333329856
60862  -39.891  -2.171  23.614 0.3333329856
57792  -43.309  -5.681  18.188 0.7777780294
60175  -47.541  -2.647  17.352 0.5555559993
59408  -47.983  -3.079  17.910 0.3333329856
60847  -36.298  -0.801  24.532 0.2222220004
61644  -37.106  -0.791  24.590 0.2222220004
60851  -40.439  -2.024  24.290 0.1111110002
58611  -45.479  -4.778  18.158 0.6666669846
58610  -42.151  -4.807  17.885 0.7777780294
59406  -46.366  -3.387  17.543 0.5555559993
59416  -45.890  -2.842  17.070 0.5555559993
60846  -35.370  -0.904  24.544 0.2222220004
61633  -36.675  -0.489  25.152 0.1111110002
61617  -37.494  -0.192  25.559 0.1111110002
57798  -42.966  -4.990  17.801 0.7777780294
57799  -43.770  -5.009  17.891 0.7777780294
57800  -44.582  -4.919  18.017 0.6666669846
111289  -44.976  -4.152  17.590 0.6666669846
58621  -42.717  -4.158  17.630 0.7777780294
58622  -43.503  -4.305  17.594 0.7777780294
103549  -45.584  -3.494  17.391 0.6666669846
59404  -44.154  -3.762  17.362 0.7777780294
59405  -44.886  -3.369  17.187 0.7777780294
120645  -45.374  -3.113  17.146 0.7777780294
59415  -45.094  -2.732  16.879 0.7777780294
110819  -48.241  -0.107  14.504 0.6666669846
62515  -47.770  0.657  14.412 0.6666669846
62516  -48.508  0.630  14.046 0.5555559993
62520  -50.357  0.714  13.146 0.5555559993
61759  -51.736  -0.071  12.955 0.4444440007
61760  -52.380  -0.349  12.916 0.4444440007
61755  -53.118  -0.692  13.093 0.4444440007
59403  -43.271  -3.372  17.332 0.7777780294
60173  -44.152  -2.826  16.962 0.7777780294
62514  -46.998  0.732  14.720 0.7777780294
120660  -48.134  1.221  14.135 0.7777780294
63225  -48.758  1.419  13.671 0.7777780294
63226  -49.580  1.133  13.324 0.7777780294
62521  -51.109  0.311  13.027 0.5555559993
62525  -51.807  0.512  12.561 0.5555559993
61761  -53.001  -0.318  12.611 0.4444440007
63217  -46.125  1.402  15.372 0.4444440007
63221  -46.733  1.440  14.883 0.5555559993
64007  -47.682  2.369  14.431 0.6666669846
63222  -47.483  1.494  14.468 0.6666669846
63223  -48.145  1.940  14.027 0.6666669846
113308  -48.667  2.250  13.606 0.6666669846
63229  -49.358  2.117  13.163 0.7777780294
62524  -51.014  1.075  12.648 0.7777780294
62526  -52.585  0.150  12.441 0.4444440007
61774  -53.350  -0.028  12.215 0.4444440007
63231  -51.720  1.389  12.248 0.7777780294
63239  -52.422  0.907  12.147 0.4444440007
63999  -45.909  1.981  15.851 0.4444440007
64000  -46.563  2.152  15.359 0.5555559993
116794  -50.650  2.810  12.469 0.7777780294
116997  -50.967  2.073  12.386 0.7777780294
112866  -52.329  1.634  11.938 0.4444440007
62531  -53.059  0.560  12.080 0.4444440007
62532  -53.831  0.503  11.738 0.4444440007
63993  -46.138  2.501  17.285 0.3333329856
63995  -45.608  2.131  16.590 0.4444440007
63997  -47.023  2.821  15.890 0.4444440007
64712  -47.600  3.124  16.355 0.3333329856
64016  -51.854  2.248  12.013 0.7777780294
64024  -52.632  2.317  11.677 0.5555559993
63240  -53.091  1.364  11.725 0.5555559993
64025  -53.491  2.359  11.347 0.4444440007
108156  -51.355  2.856  12.234 0.7777780294
64744  -52.245  3.066  11.879 0.6666669846
107866  -53.001  2.984  11.543 0.6666669846
63241  -53.997  1.470  11.270 0.5555559993
104188  -53.865  3.311  11.421 0.5555559993
64746  -54.925  3.449  11.225 0.5555559993
65551  -55.300  4.313  11.687 0.4444440007
64747  -56.065  3.731  11.023 0.5555559993
65553  -57.723  4.741  11.128 0.2222220004
65554  -58.812  4.729  10.532 0.3333329856
64735  -51.704  3.450  12.401 0.7777780294
65550  -53.885  4.050  12.046 0.3333329856
117224  -54.579  4.432  12.084 0.3333329856
117358  -54.498  3.883  11.671 0.5555559993
65552  -56.279  4.563  11.524 0.3333329856
65542  -56.501  5.147  11.968 0.3333329856
66359  -57.344  5.192  11.746 0.2222220004
66360  -58.262  5.172  11.422 0.2222220004
66353  -58.850  5.532  11.919 0.1111110002
117679  -56.973  4.812  11.463 0.3333329856
66361  -59.350  5.239  11.012 0.1111110002
66354  -59.866  5.683  11.549 0.1111110002
67085  -60.540  6.016  11.066 0.1111110002
66371  -59.942  5.128  9.956 0.1111110002
66362  -60.373  5.603  10.547 0.1111110002
66363  -60.931  6.048  10.081 0.1111110002
67116  -60.605  6.422  8.819 0.1111110002
67813  -60.180  7.073  9.148 0.1111110002
67115  -59.422  6.868  8.995 0.1111110002
64745  -53.080  3.588  11.904 0.6666669846
65540  -55.026  4.983  12.364 0.3333329856
65541  -55.775  4.965  12.021 0.3333329856
66351  -56.868  5.539  12.503 0.2222220004
66352  -57.832  5.541  12.212 0.2222220004
67071  -58.801  6.541  13.373 0.1111110002
102341  -59.851  7.511  14.181 0.1111110002
67072  -59.743  6.665  12.891 0.1111110002
67080  -60.118  6.265  12.012 0.1111110002
67772  -60.140  7.341  13.331 0.1111110002
67081  -60.457  6.669  11.445 0.1111110002
68463  -60.568  8.947  12.955 0.1111110002
69236  -60.455  9.730  12.378 0.1111110002
121272  -60.537  7.037  9.638 0.1111110002
69248  -60.299  9.436  11.636 0.1111110002
67814  -60.573  6.761  9.280 0.1111110002
67803  -60.279  7.404  9.653 0.1111110002
69247  -60.117  9.572  11.415 0.1111110002
70072  -59.658  11.513  12.599 0.1111110002
67100  -58.358  7.058  9.535 0.1111110002
68491  -59.676  8.664  10.511 0.1111110002
69246  -59.503  9.538  11.379 0.1111110002
110926  -58.720  8.105  10.305 0.1111110002
67070  -57.771  6.421  13.482 0.1111110002
68462  -60.408  8.162  13.681 0.1111110002
69217  -60.596  9.948  13.094 0.1111110002
70055  -60.435  10.808  12.818 0.1111110002
69233  -58.797  10.508  12.272 0.1111110002
68476  -58.350  8.822  11.076 0.1111110002
59407  -47.171  -3.246  17.720 0.4444440007
114592  -46.792  -3.896  18.040 0.4444440007
58624  -45.945  -4.060  17.822 0.6666669846
36930  -8.392  -28.835  39.534 0.6666669846
36154  -7.888  -29.639  39.622 0.6666669846
45934  -23.336  -18.133  36.322 0.3333329856
116747  -35.072  -18.254  31.300 0.7777780294
47766  -31.053  -16.808  31.018 0.7777780294
49419  -38.515  -14.977  32.959 0.2222220004
121179  -35.206  -9.204  32.924 0.2222220004
60110  -36.358  -2.817  21.873 0.3333329856
62506  -46.407  0.830  15.008 0.7777780294
36139  -6.449  -29.988  40.970 0.4444440007
51157  -38.644  -12.989  32.714 0.2222220004
36120  -4.757  -29.423  42.522 0.1111110002
37714  -4.419  -27.996  40.623 0.1111110002
38503  -4.612  -27.356  42.294 0.1111110002
121066  -4.937  -26.415  40.698 0.1111110002
101525  -32.621  -18.019  33.812 0.6666669846
46885  -33.110  -17.550  31.214 0.7777780294
112179  -31.151  -17.455  32.055 0.7777780294
46883  -31.466  -17.265  31.490 0.7777780294
53017  -36.926  -10.165  34.243 0.1111110002
53018  -37.573  -10.636  34.616 0.1111110002
102461  -39.042  -9.505  23.245 0.5555559993
54757  -35.251  -8.600  33.420 0.1111110002
53842  -35.665  -9.429  33.397 0.2222220004
53993  -39.001  -8.982  21.040 0.6666669846
53970  -40.262  -9.508  22.106 0.5555559993
108951  -40.265  -9.232  21.340 0.6666669846
55716  -34.587  -7.234  33.303 0.1111110002
55847  -44.121  -7.575  20.171 0.4444440007
60860  -38.048  -1.588  23.651 0.2222220004
60100  -37.411  -2.298  22.551 0.2222220004
114318  -38.092  -2.342  22.702 0.4444440007
56813  -43.704  -6.277  18.614 0.6666669846
57791  -42.381  -5.723  18.198 0.7777780294
61634  -37.476  -0.577  25.040 0.1111110002
107883  -36.745  -1.047  24.057 0.2222220004
103095  -45.955  -5.438  18.716 0.5555559993
57793  -44.145  -5.618  18.304 0.7777780294
60835  -35.895  -0.620  24.965 0.1111110002
58623  -44.186  -4.441  17.670 0.7777780294
62519  -49.720  0.337  13.592 0.6666669846
63230  -50.212  1.590  12.846 0.7777780294
64006  -47.090  2.050  14.776 0.6666669846
64011  -49.542  2.867  12.969 0.6666669846
63996  -46.321  2.481  16.283 0.4444440007
64001  -47.268  2.692  15.022 0.5555559993
64008  -48.309  2.725  13.914 0.5555559993
64727  -48.744  3.299  13.872 0.5555559993
64015  -50.105  2.484  12.697 0.7777780294
63994  -47.022  2.876  16.986 0.3333329856
102272  -46.805  2.559  18.084 0.2222220004
64717  -47.758  3.177  15.554 0.4444440007
67078  -58.312  5.995  12.697 0.1111110002
67079  -59.313  6.040  12.411 0.1111110002
67783  -60.405  7.238  12.284 0.1111110002
67086  -60.663  6.640  10.567 0.1111110002
67101  -60.767  6.624  9.742 0.1111110002
110873  -59.867  7.893  9.834 0.1111110002
67802  -59.153  7.471  9.588 0.1111110002
121190  -59.534  6.957  13.673 0.1111110002
67773  -60.497  7.998  12.882 0.1111110002
68471  -60.495  8.571  11.959 0.1111110002
69207  -60.629  10.765  13.783 0.1111110002
67804  -60.443  7.467  10.166 0.1111110002
67788  -60.481  7.570  11.141 0.1111110002
69235  -60.166  10.311  12.121 0.1111110002
68478  -60.298  8.670  10.871 0.1111110002
68492  -60.129  8.213  10.263 0.1111110002
69234  -59.969  10.527  12.042 0.1111110002
68477  -60.137  8.991  10.763 0.1111110002
67801  -57.908  7.571  10.068 0.1111110002
67771  -59.009  6.996  14.396 0.1111110002
68460  -60.557  9.295  13.806 0.1111110002
59391  -47.597  -3.699  18.284 0.3333329856
58612  -46.385  -4.607  18.357 0.3333329856
112695  -9.929  -31.427  44.319 0.1111110002
115633  -8.693  -32.302  44.030 0.2222220004
33894  -8.749  -32.246  44.876 0.1111110002
33900  -9.375  -31.787  43.947 0.1111110002
34625  -10.098  -31.258  43.611 0.3333329856
30886  -4.253  -36.231  44.477 0.1111110002
32404  -5.548  -35.246  44.793 0.2222220004
35354  -10.598  -30.974  44.250 0.1111110002
105474  -10.680  -30.790  43.291 0.3333329856
115415  -3.588  -36.285  43.409 0.1111110002
32409  -4.799  -35.375  44.663 0.2222220004
35355  -11.363  -30.390  43.725 0.1111110002
36109  -12.424  -29.612  44.110 0.1111110002
36114  -11.796  -29.922  43.018 0.3333329856
36902  -13.528  -28.722  42.965 0.1111110002
36896  -13.641  -28.759  43.993 0.1111110002
36122  -11.653  -29.982  42.013 0.6666669846
36123  -12.308  -29.484  42.535 0.2222220004
32418  -3.029  -35.610  42.467 0.3333329856
36909  -12.911  -28.962  42.256 0.2222220004
36903  -14.246  -28.114  42.551 0.2222220004
36910  -13.627  -28.465  42.004 0.3333329856
37708  -13.673  -28.173  41.176 0.4444440007
37685  -14.860  -27.729  43.041 0.1111110002
36911  -14.262  -27.946  41.715 0.2222220004
37697  -14.876  -27.650  42.177 0.2222220004
37709  -14.828  -27.509  41.345 0.3333329856
40075  -18.816  -24.445  41.707 0.1111110002
40061  -18.736  -24.177  42.728 0.1111110002
41917  -19.619  -22.496  42.506 0.1111110002
42950  -19.954  -21.657  41.587 0.1111110002
39279  -17.842  -25.611  40.103 0.4444440007
41916  -19.354  -22.919  42.965 0.1111110002
40960  -19.472  -23.067  42.211 0.1111110002
40975  -19.145  -23.720  41.966 0.1111110002
40976  -19.536  -23.257  41.414 0.1111110002
42964  -19.990  -21.991  40.875 0.2222220004
42965  -20.370  -21.528  40.151 0.1111110002
40076  -19.235  -23.930  41.134 0.1111110002
41946  -20.001  -22.390  40.038 0.2222220004
39280  -18.407  -25.153  40.445 0.2222220004
40092  -18.866  -24.565  40.794 0.2222220004
40991  -19.546  -23.478  40.693 0.2222220004
41945  -19.777  -22.813  40.764 0.2222220004
119492  -20.523  -21.510  39.543 0.1111110002
40110  -19.249  -24.004  39.384 0.3333329856
41005  -19.689  -23.297  39.880 0.3333329856
40124  -19.083  -24.032  38.479 0.4444440007
42982  -20.649  -21.555  39.006 0.2222220004
41020  -19.655  -23.510  38.841 0.3333329856
41974  -20.006  -22.754  39.177 0.2222220004
41021  -19.999  -23.013  38.217 0.3333329856
41975  -20.419  -22.275  38.588 0.2222220004
41055  -19.524  -23.085  36.504 0.5555559993
41042  -19.815  -23.158  37.207 0.3333329856
43015  -20.840  -21.852  36.863 0.2222220004
42011  -20.141  -22.553  36.465 0.3333329856
43035  -21.258  -21.343  36.136 0.2222220004
43016  -21.418  -20.961  37.188 0.2222220004
43034  -20.606  -21.899  35.897 0.4444440007
44044  -21.626  -20.688  36.327 0.3333329856
109405  -21.522  -20.746  35.440 0.4444440007
38506  -7.926  -26.704  43.075 0.1111110002
44034  -21.811  -20.000  36.973 0.2222220004
44996  -22.249  -19.431  36.455 0.2222220004
45933  -22.680  -18.704  36.920 0.2222220004
45009  -22.295  -19.537  35.508 0.2222220004
47684  -24.488  -16.271  37.941 0.1111110002
105837  -22.663  -18.898  36.078 0.2222220004
47683  -24.025  -16.624  37.867 0.1111110002
44054  -21.912  -20.117  35.175 0.4444440007
46810  -23.834  -17.117  37.062 0.2222220004
46796  -26.572  -16.997  39.236 0.1111110002
47659  -25.771  -16.523  39.793 0.1111110002
47671  -25.123  -16.209  38.371 0.1111110002
108823  -25.697  -16.488  39.018 0.1111110002
120437  -24.935  -16.127  37.649 0.1111110002
102326  -24.387  -16.493  37.247 0.1111110002
46820  -23.847  -17.289  36.168 0.2222220004
47698  -24.283  -16.764  36.450 0.2222220004
46829  -24.063  -16.992  35.567 0.3333329856
45891  -27.922  -17.953  40.229 0.1111110002
46797  -27.290  -17.484  39.834 0.1111110002
46785  -26.551  -16.954  40.242 0.1111110002
117135  -24.685  -16.270  37.336 0.1111110002
47713  -24.638  -16.586  35.775 0.3333329856
47672  -26.152  -16.611  38.386 0.1111110002
47685  -25.659  -16.307  37.681 0.1111110002
45908  -30.924  -18.988  38.072 0.1111110002
44965  -31.574  -19.267  38.269 0.1111110002
45012  -36.768  -19.339  35.508 0.2222220004
45013  -37.606  -19.383  35.577 0.2222220004
47699  -24.771  -16.356  36.607 0.2222220004
105637  -25.182  -16.133  37.084 0.1111110002
44982  -32.184  -19.223  37.682 0.1111110002
45922  -32.082  -18.932  37.056 0.1111110002
119030  -32.957  -18.894  36.452 0.2222220004
44997  -33.541  -18.988  36.405 0.2222220004
101707  -34.521  -19.154  36.251 0.2222220004
45011  -35.358  -19.193  35.769 0.3333329856
114332  -36.032  -19.214  35.428 0.2222220004
45026  -36.430  -19.059  34.765 0.3333329856
45939  -32.374  -18.771  36.416 0.2222220004
117937  -33.847  -18.869  35.681 0.2222220004
45010  -34.644  -18.958  35.379 0.2222220004
45025  -35.462  -18.975  34.908 0.3333329856
45940  -32.986  -18.706  35.900 0.2222220004
45956  -34.064  -18.758  35.020 0.2222220004
45974  -34.632  -18.794  34.605 0.3333329856
109579  -27.503  -17.591  39.056 0.1111110002
45904  -28.220  -18.108  39.013 0.1111110002
46804  -27.060  -17.204  38.360 0.1111110002
45905  -28.636  -18.296  38.403 0.1111110002
45893  -29.347  -18.767  39.503 0.1111110002
45907  -30.267  -18.875  38.305 0.1111110002
46805  -27.902  -17.791  38.330 0.1111110002
45906  -29.423  -18.661  38.563 0.1111110002
121157  -26.893  -16.808  37.037 0.1111110002
45919  -29.715  -18.612  37.709 0.1111110002
45027  -37.288  -19.196  34.905 0.2222220004
48546  -19.494  -15.331  35.841 0.1111110002
102037  -24.991  -16.257  35.832 0.3333329856
116048  -26.075  -16.378  37.007 0.1111110002
45920  -30.500  -18.793  37.539 0.1111110002
45937  -30.794  -18.686  36.823 0.1111110002
47714  -25.447  -16.141  35.375 0.3333329856
45938  -31.557  -18.732  36.636 0.1111110002
115949  -37.053  -18.985  34.338 0.2222220004
101021  -24.912  -16.271  35.137 0.4444440007
106290  -33.354  -18.594  35.106 0.2222220004
47726  -24.853  -16.238  34.216 0.5555559993
47727  -25.431  -16.005  34.606 0.5555559993
46813  -28.414  -18.002  37.669 0.1111110002
46812  -27.529  -17.351  37.505 0.1111110002
46821  -27.473  -17.102  36.603 0.2222220004
109461  -31.042  -18.549  36.210 0.1111110002
47700  -26.618  -16.545  36.380 0.2222220004
45935  -29.115  -18.237  37.078 0.1111110002
45952  -29.599  -18.195  36.313 0.1111110002
101558  -30.362  -18.411  36.232 0.1111110002
118885  -32.385  -18.566  35.882 0.2222220004
45975  -35.240  -18.785  34.075 0.3333329856
108558  -35.906  -18.870  34.263 0.3333329856
47715  -26.357  -16.322  35.591 0.4444440007
120615  -29.315  -17.916  35.774 0.2222220004
45953  -29.940  -18.062  35.630 0.2222220004
45954  -30.833  -18.233  35.509 0.2222220004
106211  -31.615  -18.183  35.148 0.2222220004
105925  -32.436  -18.384  35.267 0.2222220004
45973  -33.854  -18.558  34.294 0.4444440007
104221  -35.864  -18.754  33.529 0.4444440007
45976  -36.532  -18.859  33.959 0.2222220004
46832  -29.369  -17.797  35.148 0.2222220004
45969  -30.131  -17.844  34.751 0.4444440007
45971  -32.009  -17.973  34.396 0.3333329856
101232  -34.119  -18.496  33.356 0.4444440007
110070  -25.380  -15.881  33.900 0.5555559993
45970  -31.070  -17.949  34.629 0.3333329856
45990  -31.258  -17.785  33.795 0.4444440007
101490  -33.318  -18.276  33.591 0.5555559993
46006  -35.818  -18.612  32.547 0.4444440007
45993  -33.587  -18.256  32.568 0.5555559993
46005  -34.417  -18.472  32.563 0.5555559993
102483  -35.056  -18.515  32.083 0.5555559993
46017  -35.768  -18.353  31.442 0.5555559993
46822  -28.268  -17.652  36.859 0.1111110002
47701  -27.329  -16.823  35.777 0.2222220004
46830  -28.138  -17.387  36.017 0.2222220004
47728  -26.206  -16.094  34.800 0.4444440007
46831  -28.753  -17.656  35.513 0.2222220004
100549  -26.065  -15.813  34.061 0.5555559993
46846  -29.866  -17.653  33.785 0.4444440007
47729  -27.144  -16.539  34.946 0.2222220004
46843  -28.067  -17.212  35.064 0.3333329856
100264  -26.937  -16.177  34.159 0.4444440007
46858  -27.790  -16.776  34.207 0.3333329856
46845  -29.296  -17.607  34.369 0.4444440007
46859  -28.352  -16.905  33.406 0.5555559993
46860  -29.095  -17.383  33.484 0.4444440007
46861  -30.529  -17.643  33.277 0.4444440007
47769  -41.969  -16.096  31.948 0.1111110002
48624  -42.372  -15.028  30.902 0.1111110002
48623  -41.774  -15.641  30.633 0.1111110002
48631  -41.257  -15.593  29.816 0.3333329856
49462  -42.774  -14.316  31.339 0.1111110002
49476  -42.417  -14.328  30.475 0.1111110002
49475  -41.979  -15.019  30.091 0.3333329856
102149  -41.417  -14.913  29.372 0.4444440007
115769  -43.556  -12.840  31.922 0.1111110002
50289  -43.242  -13.550  31.686 0.1111110002
50298  -42.807  -13.553  30.856 0.1111110002
50311  -42.393  -13.603  30.019 0.1111110002
49487  -41.968  -14.312  29.681 0.2222220004
50323  -41.397  -13.195  28.548 0.5555559993
51246  -39.617  -12.357  27.018 0.5555559993
109289  -43.795  -12.454  32.476 0.1111110002
50299  -43.220  -12.661  31.178 0.1111110002
51197  -42.727  -12.816  30.329 0.1111110002
51212  -42.325  -12.976  29.659 0.1111110002
51228  -40.866  -12.802  27.912 0.4444440007
51211  -41.958  -12.641  29.105 0.3333329856
103203  -38.822  -9.271  24.277 0.3333329856
53927  -41.043  -9.180  25.523 0.2222220004
53928  -41.975  -9.372  25.278 0.2222220004
53942  -40.412  -9.310  24.983 0.2222220004
53956  -40.420  -9.516  23.845 0.2222220004
53944  -42.376  -9.442  24.412 0.2222220004
53955  -38.130  -9.282  23.711 0.4444440007
53929  -42.880  -9.356  25.127 0.2222220004
102366  -43.384  -9.181  25.811 0.2222220004
54858  -43.722  -9.266  24.930 0.1111110002
53957  -41.253  -9.525  23.306 0.2222220004
53945  -43.188  -9.343  24.319 0.1111110002
120479  -39.597  -9.485  23.753 0.3333329856
100737  -40.615  -9.555  22.889 0.2222220004
103860  -42.047  -9.459  23.599 0.2222220004
53958  -42.750  -9.366  23.742 0.2222220004
53946  -43.852  -9.195  24.182 0.1111110002
53969  -39.324  -9.507  22.349 0.3333329856
53972  -41.905  -9.330  22.674 0.2222220004
53971  -41.120  -9.450  22.364 0.3333329856
53959  -43.469  -9.128  23.446 0.1111110002
53960  -44.338  -8.891  23.650 0.1111110002
53973  -43.340  -8.833  22.510 0.1111110002
53986  -43.248  -8.554  21.762 0.1111110002
53974  -44.132  -8.689  22.831 0.1111110002
53985  -42.576  -8.903  22.070 0.3333329856
53996  -41.444  -8.805  21.040 0.4444440007
120690  -42.808  -8.605  21.552 0.1111110002
117125  -45.096  -8.702  23.884 0.1111110002
54871  -45.677  -8.345  23.257 0.1111110002
54881  -44.697  -8.333  22.261 0.1111110002
54880  -43.936  -8.455  22.018 0.1111110002
54892  -42.316  -8.625  21.228 0.4444440007
54894  -43.740  -8.191  21.296 0.1111110002
54906  -41.905  -8.346  20.470 0.4444440007
54882  -45.478  -8.169  22.438 0.1111110002
54895  -44.453  -8.105  21.493 0.1111110002
54896  -45.196  -7.997  21.649 0.1111110002
54893  -43.056  -8.344  21.153 0.3333329856
54908  -43.489  -7.873  20.539 0.2222220004
55848  -44.937  -7.777  20.948 0.2222220004
102627  -44.754  -7.529  20.273 0.1111110002
55868  -45.233  -7.157  19.809 0.2222220004
55869  -46.021  -7.116  19.996 0.2222220004
55867  -44.460  -7.206  19.700 0.3333329856
56798  -44.899  -6.710  19.280 0.3333329856
118411  -46.565  -6.469  19.583 0.2222220004
56799  -45.694  -6.656  19.435 0.2222220004
56816  -46.026  -6.118  19.148 0.2222220004
56814  -44.534  -6.209  18.756 0.4444440007
56815  -45.357  -6.135  18.948 0.3333329856
57794  -45.008  -5.528  18.469 0.4444440007
60936  -49.234  -1.505  16.475 0.4444440007
60947  -48.792  -1.141  15.850 0.4444440007
113298  -49.589  -1.105  15.832 0.4444440007
60958  -49.842  -0.742  14.983 0.4444440007
61739  -49.144  -0.463  14.564 0.4444440007
120072  -49.729  -0.470  14.427 0.4444440007
61752  -49.713  -0.243  14.001 0.4444440007
61753  -50.492  -0.091  13.572 0.4444440007
61751  -49.048  0.052  13.984 0.4444440007
121681  -51.250  -0.192  13.381 0.4444440007
62518  -49.109  0.684  13.680 0.5555559993
64713  -48.438  3.391  16.357 0.3333329856
64718  -48.589  3.497  15.406 0.3333329856
64724  -48.072  3.144  14.587 0.4444440007
64010  -48.945  2.856  13.404 0.5555559993
64734  -50.112  3.114  12.744 0.5555559993
103735  -49.338  3.674  14.030 0.2222220004
65529  -50.082  3.875  13.874 0.3333329856
64728  -49.532  3.346  13.344 0.4444440007
65530  -50.934  4.128  13.683 0.3333329856
107301  -50.869  3.270  12.579 0.5555559993
64730  -51.288  3.829  12.952 0.4444440007
64736  -52.463  3.715  12.286 0.4444440007
39270  -17.932  -25.717  40.970 0.2222220004
38527  -16.751  -26.534  40.985 0.2222220004
104490  -17.734  -25.567  42.781 0.1111110002
39271  -18.427  -25.148  41.356 0.2222220004
107931  -17.874  -25.682  41.874 0.1111110002
39262  -18.343  -25.033  42.295 0.1111110002
31640  -4.879  -35.647  44.988 0.2222220004
33146  -6.840  -34.060  44.580 0.2222220004
33893  -8.084  -32.695  44.737 0.1111110002
33151  -7.287  -33.390  44.793 0.1111110002
32425  -2.889  -35.189  41.744 0.2222220004
37719  -15.422  -27.035  40.814 0.2222220004
38526  -16.121  -26.871  41.394 0.1111110002
103985  -18.834  -24.576  39.885 0.4444440007
43057  -20.944  -21.364  35.314 0.5555559993
45951  -23.625  -17.837  35.352 0.2222220004
46872  -29.749  -17.439  32.844 0.4444440007
47697  -19.273  -16.148  36.132 0.3333329856
50347  -38.920  -12.297  26.716 0.7777780294
53092  -37.823  -9.183  27.396 0.4444440007
38528  -17.337  -26.115  40.557 0.2222220004
41041  -19.474  -23.660  37.863 0.3333329856
116975  -49.146  -0.848  15.288 0.4444440007
64737  -53.140  4.350  12.576 0.4444440007
65538  -52.179  4.117  12.809 0.3333329856
45972  -32.935  -18.281  34.423 0.3333329856
34619  -9.424  -31.793  44.898 0.1111110002
30890  -4.546  -36.909  43.456 0.1111110002
109201  -5.745  -36.327  44.816 0.1111110002
115742  -7.346  -34.351  45.042 0.2222220004
30894  -3.204  -36.307  42.422 0.2222220004
35356  -11.955  -29.891  43.710 0.2222220004
36116  -12.978  -29.184  43.636 0.1111110002
36115  -12.370  -29.538  43.323 0.1111110002
37710  -15.507  -27.271  41.772 0.2222220004
41931  -19.758  -22.437  41.687 0.1111110002
41958  -20.333  -22.022  39.426 0.2222220004
40093  -19.284  -24.002  40.276 0.3333329856
41993  -20.409  -22.472  37.546 0.2222220004
44045  -21.925  -20.132  35.962 0.2222220004
121661  -27.899  -17.906  39.572 0.1111110002
46811  -26.604  -16.757  37.665 0.1111110002
45921  -31.366  -18.939  37.437 0.1111110002
116517  -34.566  -18.657  33.910 0.4444440007
45894  -30.155  -18.987  39.183 0.1111110002
45918  -29.051  -18.410  37.876 0.1111110002
102595  -25.499  -16.209  36.247 0.2222220004
45955  -31.745  -18.472  35.883 0.2222220004
45936  -30.000  -18.536  36.938 0.1111110002
111859  -28.869  -17.852  36.258 0.2222220004
119197  -30.554  -17.784  34.059 0.4444440007
45994  -35.009  -18.643  33.161 0.4444440007
121323  -28.799  -17.562  34.853 0.3333329856
46844  -28.559  -17.297  34.217 0.3333329856
51247  -40.347  -12.357  27.430 0.4444440007
53943  -41.376  -9.466  24.424 0.2222220004
53941  -39.607  -9.274  24.659 0.3333329856
113417  -40.255  -8.940  25.861 0.1111110002
100864  -39.909  -9.557  22.987 0.3333329856
117755  -42.684  -9.235  22.989 0.1111110002
54870  -44.914  -8.512  23.058 0.1111110002
54909  -44.245  -7.828  20.791 0.1111110002
64725  -48.918  3.598  14.619 0.3333329856
64729  -50.408  3.610  13.083 0.5555559993
65525  -50.705  4.257  14.546 0.2222220004
38509  -17.277  -26.165  42.324 0.1111110002
38518  -17.349  -26.195  41.435 0.1111110002
38517  -16.740  -26.610  41.856 0.2222220004
38498  -17.167  -26.075  43.208 0.1111110002
31662  -2.956  -35.411  41.239 0.1111110002
102174  -3.707  -33.465  40.491 0.1111110002
34656  -3.834  -32.149  40.601 0.1111110002
33932  -3.828  -32.833  39.785 0.1111110002
37698  -15.518  -27.372  42.648 0.1111110002
115587  -38.449  -19.507  36.825 0.1111110002
44987  -39.159  -19.494  37.474 0.1111110002
117971  -38.594  -19.412  36.232 0.1111110002
45002  -39.147  -19.365  36.547 0.1111110002
49399  -33.621  -14.878  34.135 0.1111110002
49415  -34.040  -15.002  33.338 0.1111110002
105417  -41.470  -12.216  28.449 0.3333329856
52161  -40.847  -11.762  27.880 0.3333329856
52180  -39.999  -11.224  27.441 0.2222220004
52162  -41.272  -11.160  28.520 0.3333329856
52179  -39.301  -10.153  27.471 0.2222220004
106859  -40.544  -10.538  28.137 0.2222220004
53085  -39.756  -9.734  27.979 0.2222220004
52203  -38.554  -9.690  27.397 0.3333329856
109279  -40.084  -9.224  28.646 0.2222220004
53083  -38.307  -8.781  27.792 0.2222220004
53905  -38.368  -8.576  27.585 0.2222220004
61741  -51.114  -0.568  13.998 0.3333329856
104721  -51.798  -0.430  13.454 0.3333329856
60975  -53.675  -0.888  13.621 0.2222220004
114325  -53.826  -0.833  12.975 0.3333329856
61740  -50.254  -0.492  14.270 0.3333329856
104773  -53.609  -0.515  12.542 0.3333329856
61775  -54.105  -0.281  12.044 0.2222220004
61777  -56.328  -1.070  11.918 0.2222220004
61776  -54.821  0.032  11.542 0.2222220004
105764  -55.593  -0.559  11.614 0.2222220004
112249  -54.512  0.801  11.301 0.2222220004
61795  -56.352  -0.555  11.168 0.2222220004
62546  -55.222  0.769  11.035 0.2222220004
61794  -55.744  0.068  11.108 0.2222220004
119721  -56.925  -0.520  10.706 0.2222220004
63247  -55.513  1.581  10.606 0.2222220004
62547  -55.926  0.850  10.623 0.3333329856
61796  -57.533  -0.771  10.525 0.3333329856
111487  -56.493  1.017  10.185 0.3333329856
64026  -54.505  2.517  10.990 0.3333329856
63246  -54.796  1.534  10.933 0.2222220004
64028  -55.206  2.217  10.678 0.4444440007
62549  -57.279  -0.093  10.140 0.3333329856
63248  -56.206  1.681  10.275 0.4444440007
62565  -57.165  0.809  9.849 0.4444440007
64751  -55.458  2.919  10.733 0.3333329856
63260  -57.036  1.665  9.858 0.4444440007
62566  -58.012  0.432  9.353 0.3333329856
64032  -57.940  2.429  9.362 0.3333329856
63261  -58.224  1.703  8.963 0.4444440007
105428  -56.393  3.010  10.459 0.4444440007
64756  -57.512  2.976  9.934 0.4444440007
64757  -58.892  3.197  8.884 0.4444440007
64752  -57.205  3.581  10.521 0.3333329856
65556  -58.039  4.162  10.491 0.3333329856
64753  -58.495  3.619  9.723 0.3333329856
52202  -38.047  -10.459  26.877 0.5555559993
61762  -54.312  -0.767  12.545 0.2222220004
60974  -53.024  -0.808  13.843 0.2222220004
61754  -52.436  -0.653  13.601 0.2222220004
45001  -37.976  -19.482  36.232 0.1111110002
53926  -39.582  -8.888  25.702 0.2222220004
60948  -50.376  -0.977  15.717 0.3333329856
53084  -38.893  -9.038  28.095 0.2222220004
53907  -39.521  -8.779  28.381 0.2222220004
62548  -56.516  0.172  10.531 0.2222220004
64029  -55.878  2.352  10.444 0.4444440007
64030  -56.747  2.376  10.131 0.4444440007
61810  -57.826  -0.421  9.906 0.4444440007
39268  -8.819  -26.010  41.302 0.1111110002
100741  -33.999  -19.279  37.039 0.1111110002
44985  -35.810  -19.548  37.007 0.1111110002
52083  -24.636  -11.951  33.471 0.2222220004
52071  -24.849  -12.010  34.855 0.1111110002
52062  -25.333  -12.099  35.526 0.1111110002
52029  -25.185  -11.747  38.791 0.1111110002
105414  -24.859  -11.694  38.007 0.1111110002
52041  -25.634  -12.154  37.025 0.1111110002
52040  -24.950  -11.797  37.259 0.1111110002
52053  -25.838  -12.289  36.173 0.1111110002
52063  -26.074  -12.267  35.314 0.1111110002
51132  -26.623  -12.503  35.969 0.1111110002
52073  -26.273  -12.210  34.448 0.1111110002
51142  -26.847  -12.421  35.056 0.1111110002
51120  -26.364  -12.458  36.831 0.1111110002
51133  -27.472  -12.659  35.695 0.1111110002
50261  -39.027  -14.084  33.094 0.1111110002
51158  -38.964  -13.012  33.518 0.1111110002
49418  -37.367  -15.328  33.111 0.2222220004
103550  -42.477  -12.223  29.759 0.1111110002
52145  -42.524  -11.288  30.039 0.1111110002
52128  -42.936  -11.975  30.535 0.1111110002
53059  -42.469  -10.312  30.347 0.1111110002
52144  -41.970  -11.543  29.161 0.1111110002
53071  -41.987  -10.468  29.603 0.1111110002
53889  -41.630  -9.407  29.894 0.1111110002
53070  -41.237  -9.613  29.302 0.1111110002
53879  -42.065  -9.294  30.632 0.1111110002
53077  -40.898  -9.991  28.743 0.1111110002
108130  -41.529  -10.597  29.036 0.1111110002
53868  -41.683  -8.230  30.801 0.1111110002
53878  -41.292  -8.354  30.058 0.1111110002
105298  -45.462  -7.497  20.434 0.1111110002
54799  -41.262  -7.963  29.745 0.1111110002
53897  -40.403  -8.895  29.090 0.1111110002
53888  -40.889  -8.561  29.403 0.1111110002
56800  -47.468  -6.446  19.965 0.1111110002
58595  -48.534  -4.797  19.414 0.1111110002
58615  -48.917  -4.068  19.026 0.1111110002
102925  -48.147  -5.718  19.795 0.1111110002
58596  -49.373  -4.565  19.629 0.1111110002
59393  -49.324  -3.430  18.579 0.1111110002
57778  -47.233  -5.770  19.402 0.1111110002
59394  -50.193  -3.267  18.687 0.1111110002
57796  -47.684  -5.008  19.120 0.1111110002
59395  -51.039  -3.052  18.887 0.1111110002
60179  -51.271  -1.914  17.850 0.1111110002
60160  -50.657  -2.515  18.101 0.1111110002
58614  -48.052  -4.224  18.828 0.1111110002
59392  -48.433  -3.546  18.470 0.1111110002
103043  -49.737  -2.814  18.054 0.1111110002
60912  -51.906  -1.586  18.017 0.1111110002
100167  -46.848  -5.154  18.864 0.1111110002
57795  -46.529  -5.775  19.145 0.1111110002
58613  -47.229  -4.412  18.572 0.2222220004
59409  -48.858  -2.944  18.023 0.1111110002
60924  -52.348  -0.931  17.431 0.1111110002
60178  -50.775  -1.823  17.433 0.1111110002
60923  -51.515  -1.319  17.323 0.1111110002
60940  -53.007  -0.465  16.953 0.1111110002
61703  -53.790  -0.302  17.197 0.1111110002
60177  -49.258  -2.374  17.515 0.2222220004
106208  -50.061  -2.187  17.511 0.1111110002
60939  -52.295  -0.689  16.663 0.1111110002
61713  -53.635  -0.358  16.410 0.1111110002
61714  -54.391  -0.150  16.587 0.1111110002
60922  -50.842  -1.351  16.899 0.1111110002
120490  -51.911  -0.893  17.023 0.1111110002
61715  -55.206  0.030  16.766 0.1111110002
62500  -57.795  0.540  17.192 0.1111110002
62492  -58.932  0.923  17.373 0.1111110002
60176  -48.390  -2.518  17.459 0.2222220004
60191  -49.626  -1.810  17.064 0.2222220004
60192  -50.284  -1.693  17.091 0.1111110002
60938  -51.513  -0.921  16.554 0.1111110002
100311  -56.889  0.291  16.981 0.1111110002
60190  -48.816  -1.938  17.017 0.2222220004
60937  -50.121  -1.395  16.506 0.2222220004
111714  -50.819  -1.120  16.298 0.1111110002
61716  -56.052  0.111  16.862 0.1111110002
62484  -59.075  0.893  18.480 0.1111110002
61717  -57.528  0.330  16.377 0.1111110002
61712  -52.908  -0.535  16.137 0.1111110002
105687  -54.187  -0.390  15.879 0.1111110002
61743  -55.854  -0.409  15.465 0.1111110002
60949  -51.189  -0.843  15.678 0.1111110002
60950  -52.109  -0.683  15.691 0.1111110002
60951  -52.900  -0.689  15.295 0.1111110002
61742  -54.358  -0.709  15.025 0.1111110002
61744  -56.684  -0.420  15.129 0.1111110002
60966  -56.949  -0.931  14.285 0.1111110002
60960  -51.571  -0.720  14.806 0.1111110002
60961  -52.475  -0.747  14.530 0.1111110002
60962  -53.453  -0.823  14.563 0.1111110002
60964  -54.928  -1.048  14.250 0.1111110002
60963  -54.177  -0.966  14.154 0.1111110002
60965  -55.915  -0.916  14.454 0.1111110002
60978  -56.373  -1.278  13.523 0.1111110002
60959  -50.719  -0.712  14.899 0.2222220004
60976  -54.487  -1.030  13.367 0.2222220004
60977  -55.439  -1.214  13.492 0.1111110002
60989  -55.908  -1.247  12.714 0.1111110002
61763  -54.876  -0.628  12.023 0.1111110002
115242  -55.546  -0.917  12.149 0.1111110002
61797  -58.265  -0.932  10.204 0.1111110002
117159  -51.864  -0.687  14.039 0.2222220004
60988  -55.081  -1.016  12.675 0.1111110002
63982  -46.726  2.089  18.983 0.1111110002
63988  -45.911  2.161  18.256 0.1111110002
64700  -48.264  3.157  17.864 0.1111110002
64701  -48.883  3.231  18.170 0.1111110002
64708  -49.429  3.464  17.578 0.1111110002
65501  -50.783  3.773  17.868 0.1111110002
65502  -51.408  3.883  18.374 0.1111110002
64707  -48.723  3.331  17.292 0.1111110002
64709  -50.132  3.601  17.764 0.1111110002
64706  -47.937  3.174  17.117 0.1111110002
65507  -51.261  4.113  17.533 0.1111110002
64714  -49.275  3.546  16.819 0.1111110002
66349  -54.626  5.458  13.217 0.2222220004
65539  -54.145  4.793  12.583 0.2222220004
64748  -57.056  4.251  11.043 0.2222220004
120810  -60.197  3.948  7.896 0.1111110002
64033  -59.555  3.188  7.933 0.2222220004
64754  -59.448  4.131  9.256 0.1111110002
64758  -59.816  3.958  8.555 0.1111110002
66343  -56.324  5.974  13.247 0.1111110002
66344  -57.309  5.966  12.958 0.1111110002
66350  -55.780  5.479  12.716 0.1111110002
65557  -58.865  4.195  9.948 0.1111110002
65558  -59.653  4.597  9.481 0.1111110002
64772  -60.435  4.436  7.313 0.1111110002
65571  -60.263  4.676  8.198 0.1111110002
64034  -60.631  4.334  6.946 0.1111110002
61705  -55.551  -0.009  17.666 0.1111110002
61704  -54.616  -0.166  17.406 0.1111110002
60925  -53.213  -0.736  17.701 0.1111110002
61706  -56.375  0.170  17.540 0.1111110002
106296  -58.239  -0.166  15.142 0.1111110002
61718  -58.324  0.342  15.912 0.1111110002
60967  -58.049  -0.888  14.277 0.1111110002
106773  -25.117  -11.953  34.059 0.1111110002
109395  -8.041  -34.496  45.724 0.1111110002
53896  -40.051  -8.652  28.745 0.1111110002
44998  -35.353  -19.358  36.449 0.1111110002
44984  -34.929  -19.411  37.035 0.1111110002
52072  -25.569  -12.087  34.682 0.1111110002
52030  -25.433  -12.060  37.872 0.1111110002
51108  -26.122  -12.381  37.650 0.1111110002
50250  -39.316  -14.152  33.896 0.1111110002
54788  -41.403  -7.532  30.364 0.1111110002
61724  -53.568  -0.579  15.547 0.1111110002
61725  -54.988  -0.290  15.853 0.1111110002
61727  -56.573  0.089  16.051 0.1111110002
61726  -55.731  -0.034  16.201 0.1111110002
61728  -57.434  0.032  15.559 0.1111110002
118933  -55.206  -0.667  14.989 0.1111110002
64703  -50.512  3.530  18.602 0.1111110002
66341  -54.556  5.825  14.025 0.2222220004
62401  -36.263  0.475  27.450 0.1111110002
61599  -35.170  -0.174  26.853 0.1111110002
62420  -36.834  0.450  26.833 0.1111110002
63136  -38.080  0.819  27.975 0.1111110002
60821  -34.915  -0.524  26.134 0.1111110002
62419  -35.930  0.197  26.702 0.1111110002
61616  -36.536  0.034  25.976 0.1111110002
60834  -35.148  -0.674  25.266 0.1111110002
63125  -37.467  0.937  28.522 0.1111110002
63107  -37.577  1.262  29.311 0.1111110002
63126  -38.435  1.171  28.892 0.1111110002
62402  -37.159  0.701  27.681 0.1111110002
62400  -35.517  0.160  27.319 0.1111110002
62382  -36.553  0.724  28.245 0.1111110002
100793  -35.695  0.392  28.029 0.1111110002
63124  -36.859  0.996  28.915 0.1111110002
63123  -35.965  0.793  28.878 0.1111110002
60833  -34.509  -1.040  25.035 0.1111110002
61615  -35.651  -0.156  26.186 0.1111110002
61632  -35.818  -0.372  25.545 0.1111110002
56711  -32.949  -6.751  29.928 0.1111110002
58510  -33.364  -4.570  30.488 0.1111110002
58522  -33.158  -4.403  29.690 0.1111110002
58521  -32.838  -5.100  29.193 0.1111110002
59267  -34.183  -3.441  31.672 0.1111110002
59277  -33.816  -3.234  30.156 0.1111110002
59289  -33.454  -3.486  29.338 0.1111110002
61035  -58.887  -1.355  10.646 0.1111110002
61053  -59.191  -1.110  9.643 0.2222220004
65527  -52.428  4.784  14.200 0.1111110002
66339  -53.216  5.089  14.078 0.1111110002
118902  -55.445  6.239  14.214 0.1111110002
65531  -51.843  4.394  13.557 0.1111110002
65532  -52.722  4.697  13.385 0.1111110002
66342  -55.334  5.981  13.678 0.1111110002
61826  -59.112  -0.581  8.908 0.2222220004
62567  -58.863  0.217  8.643 0.2222220004
67068  -55.995  6.306  13.987 0.1111110002
65533  -53.639  5.044  13.294 0.1111110002
66340  -53.959  5.468  14.037 0.1111110002
57692  -33.192  -6.051  30.338 0.1111110002
57707  -33.055  -5.226  30.030 0.1111110002
106365  -33.462  -3.899  30.142 0.1111110002
59266  -33.736  -3.858  30.954 0.1111110002
61036  -59.873  -1.610  10.144 0.1111110002
61811  -58.427  -0.462  9.430 0.2222220004
61054  -60.304  -1.445  9.061 0.1111110002
38525  -8.345  -26.622  40.845 0.1111110002
115830  -9.026  -26.127  39.634 0.1111110002
39284  -9.408  -25.556  39.763 0.1111110002
39278  -9.429  -25.430  40.728 0.1111110002
42998  -20.915  -21.575  38.035 0.1111110002
116153  -20.935  -20.968  38.803 0.1111110002
44009  -21.047  -19.916  39.984 0.1111110002
44027  -21.286  -20.632  38.229 0.1111110002
44980  -21.566  -20.141  37.753 0.1111110002
44944  -21.458  -19.456  39.342 0.1111110002
44981  -21.878  -19.426  37.854 0.1111110002
109710  -22.183  -19.233  37.228 0.1111110002
45900  -16.335  -18.719  38.495 0.1111110002
46802  -16.917  -17.926  38.283 0.2222220004
46808  -17.643  -17.698  37.682 0.2222220004
46809  -18.191  -17.921  37.040 0.2222220004
47681  -17.706  -16.870  37.877 0.1111110002
47696  -19.025  -16.951  36.404 0.2222220004
48537  -19.045  -15.363  36.491 0.2222220004
51131  -22.176  -12.232  35.538 0.1111110002
52049  -22.714  -11.872  36.253 0.1111110002
50235  -21.751  -12.807  34.980 0.1111110002
51141  -22.554  -12.420  34.689 0.1111110002
116241  -23.966  -12.011  34.914 0.1111110002
54849  -41.489  -8.986  26.230 0.1111110002
54850  -42.450  -9.180  25.984 0.1111110002
61072  -62.157  -2.154  5.685 0.1111110002
61071  -61.265  -2.081  6.062 0.1111110002
60297  -61.629  -2.288  6.140 0.1111110002
61076  -60.349  -1.497  5.952 0.1111110002
61851  -61.086  -0.972  4.950 0.1111110002
61863  -61.307  -0.214  4.400 0.1111110002
61852  -62.256  -0.501  4.662 0.1111110002
61841  -61.838  -1.358  5.609 0.1111110002
65515  -49.920  3.951  15.788 0.1111110002
65524  -49.838  3.940  14.827 0.1111110002
113065  -49.303  3.741  15.361 0.1111110002
61812  -59.983  -0.979  8.621 0.1111110002
62577  -58.958  1.367  8.192 0.1111110002
61827  -59.801  -0.192  8.039 0.1111110002
61828  -61.133  -0.934  7.413 0.1111110002
61813  -60.978  -1.309  8.018 0.1111110002
61066  -61.440  -2.154  6.605 0.1111110002
62597  -62.414  1.023  4.086 0.1111110002
61078  -62.491  -1.432  5.221 0.1111110002
61864  -62.156  0.567  4.053 0.1111110002
65511  -50.580  4.146  16.339 0.1111110002
65516  -50.724  4.280  15.455 0.1111110002
62578  -59.707  0.980  7.510 0.1111110002
61840  -61.042  0.344  6.615 0.1111110002
62588  -62.606  0.151  4.899 0.1111110002
62604  -62.169  1.620  3.787 0.1111110002
62596  -62.308  1.907  4.187 0.1111110002
120945  -60.574  1.837  6.378 0.1111110002
62587  -61.732  1.981  5.147 0.1111110002
64037  -60.608  4.046  6.671 0.1111110002
45915  -17.849  -18.329  37.196 0.2222220004
52059  -23.064  -12.071  35.300 0.1111110002
45916  -22.520  -18.607  37.892 0.1111110002
63276  -59.538  2.525  7.718 0.1111110002
64719  -49.246  3.653  16.057 0.1111110002
44020  -21.133  -20.254  39.079 0.1111110002
44963  -21.519  -19.781  38.501 0.1111110002
46793  -17.108  -17.038  38.513 0.2222220004
52050  -23.417  -11.662  36.670 0.1111110002
61077  -62.021  -1.759  5.303 0.1111110002
63277  -60.428  2.920  6.684 0.1111110002
47682  -18.343  -17.126  37.138 0.1111110002
114973  -18.715  -16.004  36.993 0.1111110002
30883  -4.355  -35.819  44.747 0.3333329856
30884  -4.978  -36.105  44.981 0.2222220004
30885  -6.468  -36.119  44.885 0.1111110002
30889  -3.035  -35.927  42.742 0.2222220004
31643  -3.896  -35.875  44.249 0.3333329856
31647  -3.475  -35.820  43.380 0.1111110002
31655  -2.815  -35.840  41.962 0.2222220004
31663  -3.293  -36.038  40.804 0.1111110002
31675  -3.241  -35.484  40.478 0.1111110002
32405  -6.336  -34.781  44.669 0.2222220004
32410  -5.855  -34.825  44.521 0.3333329856
32414  -4.587  -35.127  44.213 0.2222220004
32434  -2.979  -35.000  40.986 0.1111110002
33147  -7.568  -33.438  45.166 0.1111110002
33155  -6.983  -33.794  43.497 0.3333329856
33159  -6.942  -33.819  42.385 0.4444440007
33165  -6.838  -33.540  41.528 0.5555559993
33173  -6.648  -33.084  40.920 0.5555559993
33885  -7.605  -32.991  45.316 0.1111110002
36945  -10.287  -27.781  38.905 0.7777780294
38534  -9.021  -26.661  39.244 0.4444440007
39277  -8.858  -25.998  40.300 0.1111110002
40959  -19.142  -23.474  42.652 0.1111110002
41035  -12.040  -24.011  38.222 0.1111110002
42951  -20.241  -21.190  41.071 0.1111110002
44922  -14.573  -20.075  40.745 0.1111110002
108061  -33.470  -2.786  28.090 0.1111110002
108491  -7.440  -28.305  40.592 0.4444440007
115858  -12.811  -29.169  42.943 0.1111110002
115989  -52.120  0.030  12.690 0.5555559993
116471  -21.219  -20.348  34.300 0.6666669846
117411  -5.816  -36.109  45.021 0.1111110002
119477  -10.988  -30.389  42.025 0.5555559993
