#!ascii label  , from subject sub-v1s16x0051171_ses-1 vox2ras=TkReg
537
16076  -32.487  -57.564  -21.884 0.6999999881
16829  -32.644  -56.705  -23.014 0.6000000238
16842  -32.652  -56.561  -23.788 0.6000000238
16867  -32.103  -56.680  -25.580 0.4000000060
18203  -26.702  -54.514  -22.951 0.6999999881
18889  -26.890  -53.702  -23.194 0.6999999881
17512  -26.998  -54.922  -22.181 0.6999999881
18204  -27.208  -54.069  -22.428 0.6000000238
17496  -27.348  -55.464  -21.256 0.6999999881
18191  -27.565  -54.473  -21.540 0.6000000238
16799  -27.380  -56.341  -20.810 0.6000000238
18172  -28.088  -54.891  -20.745 0.6000000238
16785  -28.719  -56.574  -19.915 0.6000000238
105111  -28.693  -55.209  -20.303 0.6000000238
18174  -29.653  -54.311  -20.358 0.5000000000
17483  -30.177  -55.720  -20.117 0.5000000000
18175  -30.545  -54.355  -20.381 0.5000000000
17484  -31.584  -55.316  -20.761 0.6000000238
16815  -31.755  -56.129  -21.064 0.6000000238
17497  -32.255  -55.422  -21.431 0.6000000238
17513  -32.760  -55.759  -22.213 0.6000000238
17523  -32.931  -56.026  -23.105 0.6000000238
18901  -26.591  -53.421  -23.923 0.6000000238
18902  -27.099  -52.926  -23.480 0.6000000238
18890  -27.433  -53.255  -22.700 0.6000000238
18874  -27.743  -53.598  -21.827 0.6000000238
19530  -28.542  -52.373  -21.665 0.6000000238
18192  -28.202  -53.987  -20.997 0.6000000238
18857  -29.035  -53.549  -20.664 0.6000000238
18858  -30.039  -53.580  -20.474 0.6000000238
18859  -30.980  -53.672  -20.462 0.6000000238
107162  -30.886  -55.141  -20.379 0.6000000238
18860  -31.765  -53.694  -20.655 0.6999999881
18177  -32.132  -54.189  -20.899 0.6000000238
18193  -32.506  -54.603  -21.378 0.6000000238
17537  -32.963  -55.849  -24.143 0.5000000000
18911  -26.235  -53.265  -24.791 0.6000000238
19552  -26.711  -52.666  -24.245 0.6000000238
19554  -27.903  -51.613  -23.231 0.6000000238
19541  -27.639  -52.438  -22.993 0.6000000238
18891  -27.989  -52.799  -22.207 0.6000000238
19542  -28.208  -52.011  -22.480 0.6000000238
20206  -29.210  -51.291  -21.472 0.6000000238
19531  -29.204  -52.011  -21.151 0.6000000238
19513  -29.607  -52.798  -20.728 0.6000000238
100890  -30.072  -52.108  -20.695 0.6000000238
19514  -30.998  -52.222  -20.531 0.6999999881
18877  -33.126  -54.338  -21.853 0.6000000238
18206  -33.284  -54.759  -22.436 0.6000000238
17546  -32.649  -55.826  -25.279 0.4000000060
19574  -26.103  -52.029  -25.638 0.6000000238
105066  -26.394  -52.377  -25.050 0.6000000238
19553  -27.249  -52.010  -23.822 0.6000000238
20218  -28.431  -51.215  -22.680 0.6000000238
20863  -28.903  -50.762  -21.996 0.5000000000
100696  -30.572  -51.479  -20.672 0.6999999881
101882  -32.699  -52.255  -20.842 0.6000000238
100673  -31.432  -52.990  -20.540 0.6000000238
100465  -32.290  -53.103  -20.772 0.6000000238
18876  -32.714  -53.784  -21.210 0.6000000238
103408  -33.438  -53.529  -21.820 0.6000000238
18903  -33.902  -53.919  -23.405 0.6000000238
17538  -33.317  -55.171  -23.922 0.6000000238
18235  -32.889  -54.900  -25.586 0.4000000060
18224  -33.193  -55.113  -24.694 0.5000000000
19585  -25.599  -52.116  -25.986 0.5000000000
20265  -25.951  -51.400  -25.824 0.6000000238
20243  -26.527  -51.457  -25.232 0.6000000238
120447  -27.369  -50.693  -24.441 0.6000000238
20232  -28.131  -50.798  -23.404 0.5000000000
20888  -28.152  -49.923  -23.504 0.5000000000
20875  -28.508  -50.378  -22.776 0.5000000000
115231  -29.227  -50.146  -21.548 0.6000000238
21508  -29.786  -49.102  -21.019 0.6000000238
20845  -29.801  -49.938  -20.988 0.6999999881
101403  -31.071  -50.884  -20.616 0.6999999881
20189  -31.448  -51.578  -20.553 0.6999999881
104222  -32.996  -50.059  -20.776 0.6000000238
19515  -31.897  -52.299  -20.574 0.6999999881
20191  -33.054  -51.459  -20.901 0.6000000238
114147  -33.543  -51.427  -21.321 0.6000000238
19532  -33.052  -52.911  -21.233 0.6000000238
19543  -33.662  -52.657  -21.784 0.6000000238
18893  -33.970  -53.159  -22.639 0.6000000238
18225  -33.598  -54.507  -24.110 0.5000000000
18236  -33.444  -54.267  -25.042 0.4000000060
20914  -25.519  -50.770  -25.832 0.6000000238
20905  -26.280  -50.500  -25.570 0.6000000238
20255  -26.920  -50.626  -24.978 0.5000000000
21559  -27.653  -49.445  -24.216 0.6000000238
21560  -28.130  -48.881  -23.522 0.5000000000
21545  -28.493  -49.589  -22.859 0.6000000238
22300  -28.331  -48.010  -23.062 0.5000000000
21546  -28.849  -49.861  -22.160 0.6000000238
22301  -28.733  -48.851  -22.358 0.5000000000
21529  -29.261  -49.383  -21.522 0.5000000000
22268  -30.230  -48.507  -20.839 0.5000000000
21509  -30.476  -49.306  -20.733 0.6000000238
104838  -31.690  -47.927  -20.541 0.5000000000
22269  -31.153  -48.658  -20.600 0.5000000000
21510  -31.452  -49.509  -20.585 0.6000000238
106182  -32.534  -47.852  -20.561 0.4000000060
100351  -32.348  -49.817  -20.613 0.6999999881
22271  -33.310  -48.090  -20.731 0.4000000060
21512  -33.419  -49.679  -21.009 0.5000000000
20849  -33.481  -50.588  -21.126 0.6000000238
21530  -33.892  -49.796  -21.425 0.5000000000
20208  -33.985  -51.103  -21.695 0.6000000238
21531  -34.270  -49.881  -22.064 0.5000000000
19544  -34.065  -52.331  -22.327 0.6000000238
18922  -33.522  -53.349  -25.255 0.5000000000
20876  -34.280  -50.676  -22.281 0.6000000238
19556  -34.262  -52.334  -23.104 0.6000000238
18912  -33.841  -53.670  -24.340 0.6000000238
21594  -25.529  -49.941  -25.627 0.5000000000
21573  -27.039  -49.155  -24.853 0.5000000000
22314  -27.351  -48.371  -24.463 0.5000000000
102487  -27.830  -47.960  -23.870 0.4000000060
23056  -28.814  -47.816  -22.161 0.4000000060
22285  -29.413  -48.384  -21.421 0.5000000000
23033  -30.051  -47.731  -20.961 0.5000000000
23036  -33.039  -47.262  -20.604 0.4000000060
23035  -32.179  -47.184  -20.488 0.4000000060
22273  -34.000  -47.803  -21.035 0.5000000000
22272  -33.889  -48.540  -21.116 0.5000000000
22286  -34.266  -48.134  -21.545 0.5000000000
107620  -34.196  -49.009  -21.716 0.5000000000
21547  -34.479  -49.241  -22.615 0.5000000000
20246  -34.217  -51.399  -24.526 0.5000000000
20245  -34.004  -52.143  -24.765 0.5000000000
117934  -34.431  -50.948  -23.009 0.6000000238
19567  -34.243  -52.237  -24.020 0.5000000000
23046  -29.409  -47.360  -21.473 0.4000000060
23784  -30.198  -46.866  -20.931 0.5000000000
120702  -30.521  -47.410  -20.764 0.5000000000
23786  -31.826  -46.545  -20.493 0.5000000000
23788  -33.570  -46.705  -20.808 0.4000000060
22302  -34.509  -48.273  -22.394 0.5000000000
20898  -34.229  -50.376  -24.774 0.5000000000
20256  -33.695  -51.680  -25.376 0.3000000119
23057  -34.434  -47.638  -21.883 0.5000000000
20889  -34.460  -50.733  -23.805 0.5000000000
23785  -31.030  -46.240  -20.613 0.4000000060
23787  -32.758  -46.375  -20.557 0.4000000060
24546  -31.982  -45.784  -20.507 0.4000000060
120504  -33.844  -44.795  -21.264 0.4000000060
24548  -33.527  -45.826  -20.835 0.4000000060
23798  -34.036  -46.331  -21.191 0.4000000060
24560  -34.031  -45.425  -21.331 0.4000000060
23819  -34.547  -46.414  -22.478 0.5000000000
21586  -34.004  -49.597  -25.374 0.4000000060
20257  -33.872  -50.980  -25.332 0.4000000060
21574  -34.351  -49.603  -24.598 0.5000000000
101069  -34.571  -47.311  -22.547 0.5000000000
22315  -34.605  -48.716  -23.327 0.5000000000
108311  -34.574  -49.165  -24.056 0.5000000000
26243  -34.151  -44.122  -21.822 0.4000000060
24571  -34.455  -45.471  -22.285 0.4000000060
104145  -34.294  -48.940  -24.859 0.4000000060
22328  -34.558  -48.373  -24.204 0.5000000000
116738  -34.595  -45.944  -23.158 0.5000000000
108128  -34.636  -47.821  -23.396 0.5000000000
25415  -34.399  -44.543  -22.581 0.4000000060
22344  -34.220  -48.116  -25.180 0.4000000060
23087  -33.717  -47.880  -26.242 0.3000000119
24583  -34.452  -45.257  -23.362 0.5000000000
103215  -34.606  -46.769  -23.567 0.5000000000
23077  -34.453  -47.480  -24.455 0.5000000000
26252  -34.271  -43.741  -22.400 0.4000000060
23831  -34.149  -46.588  -24.858 0.3000000119
23088  -33.919  -47.243  -25.609 0.3000000119
25421  -34.220  -44.565  -23.706 0.4000000060
100430  -34.376  -45.907  -24.103 0.5000000000
26261  -34.200  -43.421  -23.201 0.4000000060
23838  -33.509  -46.383  -26.176 0.3000000119
24604  -33.467  -45.300  -27.162 0.3000000119
119437  -34.335  -44.016  -23.151 0.4000000060
100485  -33.200  -44.985  -25.767 0.4000000060
118300  -33.922  -43.940  -23.988 0.4000000060
24592  -33.951  -45.175  -24.478 0.4000000060
27814  -32.986  -42.027  -24.374 0.5000000000
25434  -32.934  -44.560  -26.796 0.3000000119
25440  -33.153  -44.533  -27.052 0.4000000060
26260  -33.629  -43.322  -24.134 0.4000000060
109856  -32.801  -44.278  -25.870 0.5000000000
25433  -32.757  -43.914  -26.900 0.4000000060
114487  -33.121  -43.893  -24.944 0.5000000000
25428  -33.496  -44.495  -24.793 0.5000000000
119007  -32.579  -43.769  -25.776 0.5000000000
26271  -32.449  -43.233  -26.700 0.4000000060
26277  -32.785  -43.695  -26.971 0.4000000060
110071  -33.233  -43.307  -26.939 0.4000000060
25441  -33.671  -44.707  -27.121 0.3000000119
27053  -33.311  -42.650  -24.263 0.5000000000
27052  -32.285  -42.647  -25.407 0.5000000000
27825  -33.427  -41.381  -26.525 0.4000000060
27826  -34.044  -41.987  -26.453 0.3000000119
28527  -31.092  -40.562  -25.645 0.5000000000
101109  -32.115  -41.590  -26.905 0.4000000060
27064  -32.465  -42.919  -26.853 0.4000000060
27065  -33.282  -42.681  -26.810 0.4000000060
109313  -35.264  -41.860  -26.377 0.3000000119
27813  -32.073  -41.769  -25.140 0.5000000000
27058  -31.965  -42.750  -26.405 0.5000000000
27063  -32.110  -42.636  -26.716 0.5000000000
27819  -31.624  -42.147  -26.092 0.5000000000
28553  -32.849  -40.884  -26.549 0.4000000060
28554  -34.132  -40.386  -26.172 0.4000000060
109776  -34.761  -41.130  -26.265 0.3000000119
27812  -31.333  -41.355  -25.874 0.5000000000
28551  -31.249  -40.880  -26.575 0.5000000000
111780  -31.611  -41.431  -26.714 0.5000000000
27824  -31.909  -42.121  -26.821 0.5000000000
27818  -31.501  -41.527  -26.529 0.5000000000
120385  -34.143  -39.556  -26.048 0.4000000060
29289  -30.268  -39.362  -25.915 0.5000000000
30127  -31.087  -39.438  -26.627 0.5000000000
109296  -34.730  -38.865  -26.129 0.3000000119
29333  -34.889  -39.578  -26.160 0.3000000119
29308  -30.409  -39.476  -26.152 0.5000000000
29329  -30.665  -39.556  -26.440 0.5000000000
28534  -30.838  -40.252  -26.408 0.5000000000
105544  -32.654  -56.308  -22.479 0.6000000238
16854  -32.494  -56.561  -24.685 0.5000000000
106027  -29.440  -55.072  -20.190 0.6000000238
20188  -29.763  -51.381  -20.982 0.6999999881
18892  -33.642  -54.127  -22.520 0.6000000238
106243  -30.213  -50.760  -20.841 0.6999999881
19555  -34.131  -53.046  -23.677 0.6000000238
101388  -31.818  -51.018  -20.562 0.6999999881
21511  -32.929  -49.466  -20.730 0.5000000000
20207  -33.863  -51.875  -21.743 0.6000000238
108785  -30.768  -47.895  -20.680 0.5000000000
23034  -31.139  -47.152  -20.565 0.5000000000
22270  -32.360  -48.790  -20.597 0.4000000060
102961  -34.508  -50.135  -22.997 0.5000000000
20233  -34.376  -51.552  -23.496 0.5000000000
23806  -34.374  -46.916  -21.705 0.5000000000
24547  -32.881  -45.373  -20.568 0.4000000060
23830  -33.654  -45.770  -25.374 0.4000000060
120486  -34.056  -43.340  -26.706 0.3000000119
29309  -30.580  -40.130  -26.082 0.5000000000
29330  -31.047  -40.247  -26.675 0.5000000000
11561  -27.556  -63.903  -19.810 0.5000000000
10903  -29.357  -64.925  -19.593 0.5000000000
10902  -28.561  -64.786  -19.590 0.5000000000
10268  -32.237  -65.451  -20.809 0.5000000000
9580  -31.090  -66.214  -20.690 0.5000000000
10253  -30.577  -65.721  -19.985 0.4000000060
12276  -28.149  -63.232  -20.128 0.5000000000
115764  -29.948  -64.242  -19.507 0.6000000238
118145  -29.369  -63.528  -19.560 0.6000000238
10920  -31.986  -64.875  -20.153 0.5000000000
10904  -30.721  -64.777  -19.632 0.5000000000
10283  -33.228  -64.810  -22.294 0.4000000060
121359  -27.354  -61.863  -21.941 0.6999999881
12326  -27.645  -62.229  -21.362 0.6999999881
107853  -28.988  -62.141  -19.722 0.6999999881
104317  -30.218  -63.290  -19.433 0.5000000000
12278  -29.571  -62.688  -19.533 0.6999999881
10921  -32.450  -64.350  -20.408 0.5000000000
11565  -32.070  -64.013  -19.898 0.5000000000
11564  -31.545  -63.705  -19.624 0.5000000000
11628  -33.398  -63.138  -22.769 0.5000000000
10936  -33.122  -64.406  -21.626 0.5000000000
118829  -25.863  -61.575  -24.024 0.5000000000
13082  -26.215  -61.667  -23.502 0.6999999881
13803  -26.178  -60.621  -22.238 0.6999999881
13823  -26.629  -61.525  -22.774 0.6999999881
13804  -26.964  -61.243  -21.979 0.6999999881
107910  -28.387  -62.383  -20.153 0.6000000238
114170  -30.444  -62.312  -19.404 0.6999999881
107207  -29.659  -62.006  -19.512 0.6000000238
105694  -32.956  -63.177  -20.835 0.5000000000
103435  -32.005  -63.055  -19.770 0.6000000238
12280  -32.187  -62.159  -19.857 0.6000000238
11608  -33.249  -63.378  -21.708 0.5000000000
12347  -33.449  -62.312  -23.064 0.5000000000
14585  -25.561  -60.834  -23.846 0.5000000000
13822  -25.938  -60.830  -23.019 0.6999999881
13791  -27.623  -60.722  -20.476 0.6999999881
14528  -27.298  -59.811  -20.285 0.6999999881
14527  -26.696  -59.498  -20.717 0.6999999881
13026  -29.291  -61.365  -19.586 0.8000000119
13769  -29.328  -60.635  -19.538 0.6999999881
13029  -31.902  -61.434  -19.698 0.6000000238
13028  -30.932  -61.329  -19.388 0.6999999881
120751  -32.945  -61.998  -20.739 0.6999999881
13042  -32.646  -61.487  -20.342 0.6000000238
12328  -33.370  -62.618  -22.175 0.6000000238
13070  -33.388  -61.880  -22.057 0.6000000238
116143  -33.383  -60.852  -23.620 0.6000000238
103889  -24.625  -59.462  -25.233 0.5000000000
15367  -24.536  -58.940  -24.326 0.6000000238
14605  -24.833  -60.149  -24.490 0.5000000000
15333  -25.151  -58.773  -22.484 0.6000000238
14565  -25.477  -59.970  -22.437 0.6000000238
15318  -25.690  -59.451  -21.801 0.6999999881
14507  -27.790  -58.995  -19.928 0.6999999881
15297  -26.724  -58.565  -20.662 0.6000000238
13768  -28.064  -60.086  -19.853 0.6999999881
14508  -28.685  -59.227  -19.653 0.6999999881
104288  -30.023  -60.884  -19.401 0.6999999881
109773  -33.058  -60.948  -20.942 0.6999999881
114724  -33.452  -61.411  -22.889 0.6999999881
13807  -33.367  -60.959  -21.839 0.6999999881
111000  -24.546  -58.445  -25.296 0.5000000000
15352  -24.975  -57.837  -23.182 0.6000000238
16073  -25.766  -58.143  -21.707 0.6000000238
103546  -26.320  -58.096  -21.082 0.6000000238
14509  -29.572  -59.343  -19.527 0.8000000119
15278  -29.340  -58.561  -19.598 0.5000000000
15276  -27.897  -58.133  -19.939 0.6000000238
13771  -30.730  -60.312  -19.443 0.6999999881
15280  -30.915  -58.944  -19.739 0.6999999881
14549  -32.978  -59.514  -21.397 0.6999999881
103708  -32.552  -59.795  -20.672 0.6999999881
13839  -33.237  -60.259  -24.152 0.5000000000
100398  -33.333  -59.927  -23.170 0.6999999881
14586  -33.047  -59.449  -24.128 0.5000000000
111732  -24.545  -57.914  -26.065 0.5000000000
16119  -24.632  -57.838  -24.644 0.5000000000
16841  -25.569  -56.361  -23.567 0.6000000238
16105  -24.659  -58.079  -23.856 0.6000000238
16827  -25.871  -56.612  -22.672 0.6000000238
16089  -26.008  -57.225  -22.055 0.6000000238
110112  -26.338  -56.005  -22.496 0.6000000238
16074  -26.384  -57.396  -21.442 0.6000000238
16814  -26.950  -56.189  -21.430 0.6000000238
16059  -30.711  -57.426  -20.055 0.6000000238
104388  -29.099  -57.885  -19.656 0.5000000000
109118  -27.303  -57.019  -20.609 0.5000000000
15301  -31.955  -58.301  -20.786 0.6000000238
104620  -31.400  -57.881  -20.446 0.6000000238
15320  -32.815  -58.866  -21.622 0.6000000238
114826  -32.439  -58.279  -21.401 0.6000000238
16107  -32.639  -57.759  -23.749 0.5000000000
16133  -24.648  -57.154  -25.878 0.5000000000
16853  -25.317  -56.184  -24.486 0.6000000238
17510  -26.033  -55.787  -23.135 0.6000000238
16040  -28.406  -57.482  -19.845 0.5000000000
17481  -28.104  -55.828  -20.342 0.5000000000
16802  -31.350  -56.933  -20.644 0.4000000060
16801  -30.538  -56.603  -20.112 0.5000000000
16800  -29.654  -56.493  -19.904 0.5000000000
16090  -32.690  -57.502  -22.861 0.6000000238
16149  -24.407  -57.128  -26.475 0.5000000000
16865  -25.140  -55.948  -25.411 0.6000000238
17535  -25.472  -55.331  -24.844 0.6000000238
17521  -25.704  -55.515  -23.937 0.6000000238
107837  -31.103  -55.973  -20.425 0.4000000060
16886  -24.276  -56.465  -26.718 0.5000000000
16878  -24.931  -55.629  -26.159 0.5000000000
119525  -25.273  -55.253  -25.629 0.6000000238
17522  -26.219  -54.980  -23.449 0.6000000238
16876  -23.122  -56.174  -26.548 0.5000000000
17554  -24.400  -55.635  -26.626 0.5000000000
107625  -25.147  -54.817  -26.116 0.6000000238
17536  -25.882  -54.598  -24.310 0.6000000238
117967  -22.125  -56.031  -26.070 0.5000000000
17553  -23.524  -55.250  -26.515 0.5000000000
102640  -24.261  -54.737  -26.578 0.5000000000
18233  -25.329  -54.071  -26.076 0.6000000238
18222  -25.547  -54.525  -25.352 0.6000000238
17545  -22.388  -55.087  -25.290 0.5000000000
121413  -23.651  -54.432  -26.328 0.5000000000
17533  -22.210  -55.188  -24.899 0.5000000000
18920  -25.862  -52.824  -25.628 0.5000000000
18231  -22.954  -54.426  -25.342 0.5000000000
18241  -24.182  -53.811  -26.423 0.5000000000
17520  -22.509  -55.481  -24.317 0.5000000000
18220  -22.674  -54.571  -24.997 0.5000000000
18927  -23.826  -53.009  -25.921 0.5000000000
19584  -25.256  -52.843  -26.144 0.4000000060
104886  -23.249  -55.048  -23.844 0.5000000000
18909  -23.135  -53.896  -25.163 0.5000000000
19573  -23.742  -52.368  -25.458 0.4000000060
18928  -24.538  -52.926  -26.256 0.4000000060
18221  -23.220  -54.264  -24.520 0.4000000060
19563  -23.460  -52.522  -24.976 0.4000000060
20241  -23.794  -51.811  -25.120 0.4000000060
16060  -31.952  -57.633  -21.090 0.6000000238
111676  -32.875  -58.230  -23.233 0.5000000000
15368  -32.424  -58.003  -24.607 0.4000000060
109553  -27.870  -56.773  -20.209 0.6000000238
20263  -24.608  -51.540  -25.853 0.4000000060
20904  -24.497  -50.878  -25.428 0.4000000060
116252  -28.110  -60.969  -20.059 0.6999999881
13770  -29.838  -60.101  -19.451 0.6999999881
13792  -32.630  -60.559  -20.501 0.6999999881
13773  -32.097  -60.120  -20.097 0.6999999881
15277  -28.526  -58.375  -19.732 0.6000000238
16057  -26.893  -57.654  -20.732 0.6000000238
13824  -33.363  -60.076  -22.071 0.6999999881
15279  -30.188  -58.720  -19.614 0.6999999881
14529  -32.008  -59.439  -20.288 0.6999999881
14566  -33.168  -59.277  -22.284 0.6000000238
15353  -32.788  -58.569  -24.006 0.6000000238
10252  -29.595  -65.634  -19.814 0.4000000060
10254  -31.318  -65.135  -19.903 0.5000000000
10267  -31.544  -65.630  -20.353 0.5000000000
10905  -31.472  -64.423  -19.730 0.5000000000
10935  -32.701  -64.771  -20.935 0.5000000000
10949  -33.339  -63.991  -22.500 0.4000000060
11562  -28.487  -63.889  -19.687 0.5000000000
11563  -30.856  -63.926  -19.472 0.5000000000
11588  -32.534  -63.530  -20.297 0.5000000000
11607  -32.934  -63.960  -20.879 0.5000000000
12277  -28.837  -62.959  -19.808 0.5000000000
12279  -31.476  -62.232  -19.536 0.6999999881
12304  -32.672  -62.555  -20.362 0.6000000238
12327  -33.164  -62.441  -21.261 0.6000000238
13025  -28.485  -61.557  -19.916 0.8000000119
13027  -30.072  -61.576  -19.416 0.6000000238
13041  -27.969  -61.708  -20.570 0.6999999881
13055  -27.057  -61.961  -22.477 0.6999999881
13056  -33.159  -61.598  -21.160 0.6999999881
13772  -31.594  -60.586  -19.658 0.6999999881
13790  -26.994  -60.485  -20.966 0.6999999881
13805  -27.458  -61.411  -21.316 0.6999999881
13806  -33.099  -60.274  -21.178 0.6999999881
13825  -33.427  -60.646  -22.722 0.6999999881
14510  -30.452  -59.488  -19.536 0.6999999881
14511  -31.386  -59.635  -19.761 0.6999999881
14548  -26.334  -60.101  -21.396 0.6999999881
14584  -25.099  -59.901  -23.072 0.5000000000
15298  -27.321  -58.305  -20.258 0.6000000238
15299  -30.820  -58.243  -19.907 0.6000000238
15300  -31.571  -58.758  -20.217 0.6000000238
15319  -26.123  -58.960  -21.121 0.6000000238
15334  -32.878  -58.373  -22.336 0.6000000238
15351  -24.713  -58.855  -23.382 0.6000000238
16041  -29.303  -57.213  -19.741 0.5000000000
16042  -29.942  -57.859  -19.694 0.5000000000
16058  -27.592  -57.551  -20.216 0.6000000238
16075  -32.027  -56.887  -21.469 0.6000000238
16088  -25.507  -57.549  -22.523 0.6000000238
16106  -25.058  -57.129  -24.004 0.6000000238
16120  -24.886  -56.875  -25.140 0.5000000000
16121  -32.450  -57.198  -24.238 0.5000000000
16135  -32.192  -57.321  -25.079 0.4000000060
16798  -26.878  -56.848  -21.151 0.6000000238
16816  -32.333  -56.230  -21.797 0.6000000238
16828  -26.450  -56.563  -21.900 0.6000000238
16864  -24.800  -56.457  -25.986 0.5000000000
16877  -24.593  -56.250  -26.388 0.5000000000
16885  -23.904  -56.578  -26.910 0.5000000000
17482  -29.121  -55.805  -20.050 0.6000000238
17485  -32.011  -54.814  -20.968 0.6000000238
17495  -26.741  -55.736  -21.999 0.6000000238
17511  -26.519  -55.333  -22.714 0.6999999881
17514  -33.146  -55.348  -22.707 0.6000000238
17524  -33.212  -55.476  -23.418 0.6000000238
17534  -22.719  -54.884  -24.609 0.5000000000
17552  -22.539  -55.389  -25.991 0.5000000000
17555  -24.752  -55.038  -26.449 0.6000000238
17563  -23.913  -56.020  -26.790 0.5000000000
18173  -28.815  -54.483  -20.463 0.6000000238
18176  -31.439  -54.465  -20.601 0.6000000238
18205  -32.852  -55.059  -21.985 0.6000000238
18212  -26.434  -54.175  -23.687 0.6000000238
18213  -33.523  -54.794  -23.204 0.6000000238
18223  -25.915  -53.968  -24.838 0.6000000238
18232  -23.422  -53.881  -25.791 0.5000000000
18234  -25.716  -53.671  -25.469 0.5000000000
18240  -23.021  -54.687  -25.875 0.5000000000
18242  -24.825  -54.348  -26.467 0.5000000000
18861  -32.228  -53.696  -20.859 0.6000000238
18875  -28.382  -53.158  -21.364 0.6000000238
18910  -23.316  -53.324  -24.790 0.4000000060
18918  -23.396  -53.114  -25.363 0.5000000000
18919  -25.447  -53.410  -25.988 0.6000000238
18929  -24.997  -53.579  -26.397 0.5000000000
19512  -28.913  -52.749  -21.035 0.6000000238
19516  -33.348  -52.103  -21.246 0.6000000238
19565  -26.788  -51.967  -24.569 0.6000000238
19566  -33.972  -52.836  -24.569 0.5000000000
19582  -24.213  -52.239  -25.912 0.4000000060
19583  -24.888  -52.156  -26.187 0.4000000060
20190  -32.290  -51.566  -20.643 0.6999999881
20205  -28.696  -51.594  -21.898 0.6000000238
20219  -34.259  -51.564  -22.497 0.6000000238
20231  -27.635  -51.143  -23.923 0.5000000000
20244  -27.104  -51.320  -24.506 0.6000000238
20254  -24.120  -51.658  -25.482 0.4000000060
20264  -25.275  -51.484  -26.019 0.5000000000
20846  -30.740  -50.126  -20.680 0.6999999881
20847  -31.664  -50.345  -20.567 0.6999999881
20848  -32.560  -50.703  -20.685 0.6000000238
20864  -34.028  -50.414  -21.660 0.6000000238
20887  -27.738  -50.343  -24.043 0.5000000000
20895  -24.145  -51.206  -25.163 0.4000000060
20897  -27.296  -50.006  -24.675 0.6000000238
20906  -26.749  -49.801  -25.190 0.5000000000
20913  -24.940  -50.344  -25.615 0.4000000060
21561  -34.534  -49.917  -23.946 0.5000000000
23037  -33.642  -47.391  -20.818 0.4000000060
23038  -34.048  -47.112  -21.097 0.5000000000
23047  -34.240  -47.524  -21.419 0.5000000000
25405  -34.148  -44.740  -21.675 0.4000000060
26266  -32.774  -43.324  -25.125 0.5000000000
26272  -32.552  -43.825  -26.496 0.4000000060
26278  -33.565  -43.967  -26.977 0.4000000060
27057  -31.825  -42.250  -26.594 0.5000000000
27066  -34.421  -42.724  -26.514 0.3000000119
28535  -31.002  -40.800  -26.307 0.5000000000
29332  -33.051  -40.084  -26.348 0.4000000060
30126  -30.082  -38.836  -26.253 0.5000000000
100314  -33.315  -48.963  -20.863 0.5000000000
101057  -30.510  -52.890  -20.534 0.6999999881
101257  -33.097  -58.967  -23.196 0.6000000238
102679  -32.481  -56.854  -22.278 0.6000000238
102811  -28.659  -60.778  -19.753 0.6999999881
102982  -26.239  -53.878  -24.306 0.6000000238
103141  -34.327  -46.098  -21.742 0.4000000060
103286  -28.967  -60.040  -19.568 0.8000000119
104001  -24.801  -59.751  -23.777 0.5000000000
104466  -31.131  -63.091  -19.439 0.5000000000
104872  -30.164  -54.930  -20.250 0.5000000000
105586  -29.493  -50.727  -21.292 0.6999999881
105970  -30.048  -65.082  -19.627 0.5000000000
108007  -32.657  -42.211  -26.881 0.4000000060
108799  -32.355  -58.976  -20.868 0.6000000238
114989  -32.228  -60.817  -19.984 0.6999999881
115715  -32.261  -43.323  -26.102 0.5000000000
115776  -27.135  -59.020  -20.317 0.6999999881
116323  -32.364  -64.884  -20.537 0.5000000000
116436  -34.571  -49.433  -23.382 0.5000000000
116561  -30.033  -57.104  -19.847 0.5000000000
117354  -33.772  -49.198  -21.200 0.5000000000
118133  -33.253  -45.504  -26.659 0.3000000119
118443  -32.557  -57.119  -23.531 0.6000000238
119210  -25.423  -57.061  -23.187 0.6000000238
119306  -24.924  -50.969  -25.836 0.6000000238
119888  -30.486  -38.862  -26.457 0.5000000000
119945  -24.624  -57.638  -25.411 0.5000000000
121548  -29.148  -64.254  -19.550 0.5000000000
