#!ascii label  , from subject sub-v1s16x0051171_ses-1 vox2ras=TkReg
1653
1840  12.659  -81.343  -25.616 0.6999999881
1836  11.798  -82.203  -25.068 0.8000000119
1833  11.477  -81.663  -24.607 0.8000000119
2251  11.035  -79.862  -24.404 0.6999999881
2258  12.597  -81.363  -27.228 0.6000000238
99754  12.208  -82.253  -26.559 0.6000000238
99108  10.625  -81.996  -24.799 0.6000000238
2715  12.683  -79.232  -28.104 0.6000000238
108656  12.124  -80.439  -24.090 0.8000000119
104464  11.768  -79.521  -23.891 0.6999999881
2689  12.458  -78.606  -23.755 0.6999999881
118189  12.200  -77.870  -24.254 0.6999999881
2257  13.070  -80.949  -26.402 0.6000000238
1832  12.505  -80.692  -24.634 0.6999999881
2690  11.688  -78.753  -24.227 0.6999999881
3173  12.759  -77.657  -28.699 0.6000000238
2719  12.414  -78.512  -28.733 0.6000000238
4079  11.505  -75.104  -31.556 0.6000000238
3183  11.802  -76.573  -30.280 0.6000000238
3128  13.584  -77.797  -23.469 0.8000000119
3549  13.751  -76.265  -22.880 0.8000000119
116464  13.578  -75.345  -22.929 0.6999999881
4532  13.199  -73.746  -22.687 0.6999999881
4547  12.738  -74.009  -23.347 0.6999999881
2230  13.184  -79.234  -23.629 0.8000000119
3561  13.269  -77.038  -23.303 0.6999999881
105917  12.995  -74.841  -23.529 0.6999999881
2688  13.506  -79.245  -23.777 0.6999999881
2242  12.471  -79.609  -23.737 0.8000000119
3570  12.673  -76.643  -23.752 0.6999999881
102557  13.377  -80.176  -25.405 0.6999999881
2262  12.908  -79.906  -27.239 0.6999999881
3172  13.483  -77.417  -28.103 0.6000000238
2714  13.382  -78.752  -27.359 0.6000000238
101068  11.855  -75.742  -30.701 0.6000000238
3178  12.316  -77.278  -29.561 0.6000000238
3630  12.546  -76.343  -32.441 0.6000000238
114321  13.465  -79.746  -31.962 0.6999999881
2744  12.541  -78.699  -32.222 0.6000000238
1550  14.619  -81.074  -30.898 0.5000000000
1868  13.658  -80.240  -31.522 0.6000000238
1543  14.220  -81.421  -29.900 0.5000000000
4516  14.372  -74.184  -21.781 0.8999999762
4531  13.821  -74.338  -22.259 0.8000000119
5089  13.771  -73.459  -21.996 0.6999999881
2675  14.191  -77.552  -23.413 0.6999999881
3560  13.935  -76.975  -23.021 0.8999999762
5102  13.131  -72.984  -22.580 0.6999999881
2687  14.206  -78.913  -24.251 0.8000000119
114880  13.757  -78.557  -23.640 0.8000000119
2698  14.102  -79.168  -25.222 0.8000000119
2713  14.249  -78.260  -26.851 0.6999999881
113923  13.695  -77.963  -27.541 0.8000000119
3609  13.084  -76.134  -29.485 0.6999999881
4071  12.477  -75.792  -30.120 0.6999999881
4087  11.648  -74.878  -31.876 0.6000000238
2743  13.386  -78.719  -32.472 0.6999999881
1873  14.240  -79.897  -31.911 0.6999999881
4515  15.000  -74.335  -21.604 0.8999999762
5647  14.087  -72.602  -21.612 0.8000000119
5665  13.438  -72.381  -22.255 0.6999999881
3559  14.492  -76.761  -23.103 0.8000000119
3989  14.687  -75.493  -22.624 0.8000000119
3136  14.620  -78.029  -24.049 0.6999999881
3159  14.876  -77.962  -26.304 0.6999999881
3148  14.886  -78.285  -25.195 0.6000000238
2706  14.467  -78.582  -25.999 0.8000000119
3169  14.278  -77.397  -27.449 0.8000000119
101774  13.750  -76.018  -28.863 0.8000000119
4070  12.964  -75.233  -29.620 0.6999999881
4647  11.527  -73.854  -32.180 0.8000000119
104269  11.703  -74.823  -31.012 0.6999999881
108753  12.965  -74.400  -32.741 0.8000000119
2749  14.760  -78.162  -32.932 0.6999999881
106489  13.796  -77.953  -32.701 0.6999999881
4094  13.058  -75.472  -32.571 0.6999999881
2284  15.216  -79.865  -31.361 0.6999999881
2742  14.310  -78.721  -32.613 0.6999999881
10737  6.662  -62.381  -22.323 0.6000000238
12035  6.725  -61.003  -22.909 0.6000000238
11370  4.536  -61.555  -22.596 0.6000000238
11371  3.484  -61.568  -22.557 0.6999999881
5088  14.654  -73.536  -21.316 0.8999999762
113870  15.293  -76.641  -24.054 0.6000000238
3158  15.206  -77.358  -25.840 0.6000000238
118575  15.506  -76.279  -24.831 0.6000000238
3587  14.912  -77.107  -26.828 0.6999999881
4061  13.956  -75.074  -28.726 0.6999999881
3603  14.547  -75.890  -28.043 0.6999999881
110813  13.108  -66.634  -19.175 0.6999999881
115815  12.535  -67.025  -19.321 0.6999999881
110746  14.056  -76.696  -28.202 0.8000000119
8919  13.278  -65.517  -19.262 0.6000000238
8920  12.365  -65.545  -19.184 0.6000000238
107403  11.650  -66.207  -19.239 0.6999999881
9450  11.997  -64.682  -19.568 0.5000000000
114778  10.686  -65.407  -19.739 0.6999999881
4646  12.160  -73.445  -32.776 0.8000000119
4641  11.408  -73.609  -31.795 0.8000000119
9449  12.871  -64.818  -19.575 0.5000000000
9469  11.699  -63.963  -20.110 0.5000000000
116115  14.497  -77.531  -33.062 0.6999999881
110963  12.215  -63.306  -21.561 0.5000000000
10120  12.003  -63.239  -22.324 0.6000000238
10727  11.284  -62.765  -22.416 0.5000000000
10728  10.881  -62.582  -21.880 0.6000000238
113130  10.090  -62.599  -21.737 0.6999999881
10121  8.443  -62.817  -21.810 0.6999999881
10751  10.922  -62.749  -22.974 0.5000000000
10735  9.778  -62.238  -22.535 0.6000000238
10729  9.198  -62.372  -21.987 0.6000000238
11367  7.492  -61.224  -22.859 0.6000000238
10138  11.509  -63.445  -23.154 0.6000000238
11365  8.978  -61.917  -22.650 0.6000000238
11385  8.608  -61.644  -23.411 0.6000000238
10139  10.699  -63.178  -23.653 0.5000000000
10752  10.279  -62.471  -23.190 0.5000000000
11386  7.892  -61.173  -23.487 0.6000000238
12036  5.892  -60.979  -22.901 0.6000000238
12057  5.276  -60.852  -23.480 0.6999999881
120395  2.714  -60.392  -23.524 0.6000000238
12040  1.628  -60.780  -22.575 0.6999999881
10766  9.072  -62.630  -24.430 0.6000000238
10767  8.201  -62.366  -24.854 0.6000000238
12080  6.353  -61.046  -24.382 0.6000000238
12081  5.448  -60.951  -24.375 0.6999999881
12083  3.213  -60.368  -24.422 0.5000000000
5637  14.733  -72.603  -20.988 0.8999999762
3558  15.082  -76.428  -23.408 0.6000000238
3988  15.137  -75.443  -22.754 0.6999999881
6657  14.127  -70.949  -21.414 0.8000000119
6673  13.358  -70.807  -21.977 0.6999999881
114553  13.920  -69.525  -20.809 0.6999999881
7078  14.827  -69.868  -20.521 0.8000000119
3586  15.320  -76.437  -26.331 0.6999999881
7979  13.978  -67.100  -19.292 0.8000000119
7980  13.071  -67.477  -19.475 0.6000000238
8430  13.661  -66.161  -19.115 0.6999999881
8918  14.146  -65.610  -19.494 0.6000000238
5243  11.605  -72.950  -32.395 0.8000000119
5807  11.579  -72.299  -31.825 0.8000000119
4657  13.520  -73.815  -33.011 0.8000000119
9467  13.297  -64.479  -20.261 0.5000000000
4093  13.791  -74.913  -32.875 0.8000000119
10100  12.936  -64.018  -20.691 0.5000000000
9495  13.325  -64.704  -22.073 0.5000000000
10137  12.347  -64.333  -22.899 0.6000000238
10119  12.628  -63.869  -22.089 0.6000000238
9508  11.830  -64.580  -23.672 0.6000000238
10158  11.163  -64.196  -24.102 0.6000000238
113268  1.887  -58.545  -23.678 0.5000000000
10160  9.399  -63.505  -24.946 0.5000000000
13426  2.580  -59.589  -24.549 0.5000000000
12698  1.959  -59.488  -23.888 0.6000000238
10781  8.396  -63.212  -25.468 0.6000000238
11427  7.239  -62.043  -25.214 0.6999999881
11428  5.869  -61.929  -25.553 0.6999999881
106600  4.570  -60.860  -24.421 0.6999999881
10174  8.688  -64.145  -26.139 0.6000000238
11408  4.412  -61.223  -25.633 0.6000000238
10175  7.329  -63.926  -26.835 0.6999999881
10783  5.823  -62.853  -26.579 0.6000000238
11441  4.747  -62.522  -27.129 0.5000000000
4529  15.221  -74.821  -22.274 0.6999999881
5079  15.217  -73.152  -20.849 0.6999999881
5636  15.452  -72.387  -20.542 0.6999999881
6642  14.778  -70.737  -20.796 0.8000000119
7067  15.312  -69.342  -20.021 0.6999999881
7520  14.663  -67.960  -19.529 0.6999999881
7543  14.471  -68.905  -20.087 0.6999999881
14082  2.776  -56.680  -22.543 0.5000000000
8974  12.380  -65.908  -24.526 0.5000000000
9507  12.438  -65.493  -23.752 0.6000000238
13383  1.560  -57.839  -23.041 0.5000000000
8975  11.826  -65.924  -25.130 0.5000000000
9012  11.954  -66.034  -26.547 0.5000000000
9552  11.163  -65.730  -25.512 0.6000000238
10173  9.793  -64.486  -25.538 0.6000000238
12098  3.955  -60.776  -26.220 0.5000000000
9013  11.005  -66.150  -27.231 0.5000000000
8995  10.647  -65.911  -26.618 0.6000000238
9554  9.048  -65.058  -26.726 0.6000000238
9579  9.541  -65.709  -27.330 0.6000000238
5078  15.851  -73.152  -20.739 0.6999999881
105607  16.016  -71.902  -20.176 0.6999999881
6179  15.415  -71.382  -20.446 0.6999999881
10195  7.655  -64.820  -27.581 0.5000000000
109984  11.416  -66.107  -27.955 0.5000000000
10797  5.036  -63.221  -27.927 0.5000000000
9014  10.009  -66.099  -27.978 0.5000000000
9580  8.243  -65.474  -28.187 0.5000000000
10796  5.824  -63.723  -27.622 0.5000000000
10212  6.453  -64.654  -28.985 0.5000000000
119540  5.949  -64.034  -28.904 0.5000000000
9619  9.314  -66.095  -31.179 0.5000000000
9602  7.331  -65.704  -29.479 0.5000000000
9025  10.412  -66.310  -28.944 0.5000000000
9601  7.459  -65.916  -29.646 0.5000000000
9581  6.931  -65.303  -29.056 0.5000000000
9026  9.354  -66.274  -29.281 0.5000000000
10226  8.137  -65.777  -30.206 0.5000000000
13355  2.632  -57.804  -20.337 0.6000000238
14031  1.423  -57.354  -20.456 0.6000000238
14046  3.010  -57.010  -20.876 0.5000000000
12658  3.428  -58.558  -20.187 0.6999999881
13342  1.731  -58.244  -19.904 0.6000000238
12641  1.007  -58.805  -19.501 0.6000000238
12010  2.219  -60.169  -19.327 0.6999999881
12657  4.227  -58.764  -20.266 0.6000000238
12639  3.639  -59.496  -19.957 0.6999999881
12640  2.051  -59.291  -19.555 0.6999999881
12617  0.473  -59.487  -19.151 0.6999999881
12009  3.211  -60.575  -19.343 0.8000000119
12655  6.354  -59.181  -20.380 0.5000000000
116068  4.568  -58.025  -20.465 0.5000000000
104679  2.908  -59.810  -19.653 0.8000000119
12638  4.598  -59.713  -20.057 0.6000000238
105365  4.072  -61.690  -18.751 0.6999999881
12654  7.298  -59.293  -20.421 0.5000000000
13352  6.056  -58.150  -20.474 0.5000000000
107222  4.180  -61.000  -19.058 0.6999999881
11988  3.338  -61.338  -19.029 0.6999999881
105820  3.975  -60.279  -19.644 0.6999999881
12637  5.630  -59.998  -20.069 0.6999999881
10063  4.876  -62.707  -18.405 0.6999999881
105887  5.503  -61.361  -18.443 0.6999999881
12636  6.736  -59.985  -20.187 0.6000000238
12007  5.480  -60.598  -19.344 0.8000000119
12555  8.540  -59.995  -12.959 0.6999999881
11250  9.042  -61.664  -12.669 0.8000000119
12632  10.507  -59.765  -20.215 0.4000000060
111687  6.830  -62.861  -17.134 0.6999999881
115871  8.979  -60.110  -20.068 0.5000000000
10687  5.441  -62.271  -18.134 0.6999999881
12634  8.374  -59.926  -20.262 0.6000000238
12005  8.174  -60.429  -19.732 0.6000000238
11987  5.081  -60.977  -18.862 0.6999999881
12006  6.213  -60.494  -19.521 0.8000000119
11985  6.628  -60.891  -18.853 0.8000000119
17725  3.211  -52.408  -16.250 0.5000000000
17726  1.953  -52.589  -17.306 0.5000000000
16969  1.696  -53.927  -17.565 0.5000000000
14699  6.931  -56.688  -16.015 0.5000000000
13992  7.984  -57.610  -15.563 0.6000000238
14007  7.836  -56.844  -16.162 0.6000000238
14700  6.047  -56.703  -15.913 0.6000000238
14723  3.984  -56.158  -16.513 0.6000000238
13306  7.715  -58.276  -14.840 0.6999999881
13307  7.134  -57.751  -15.246 0.6999999881
12566  8.165  -59.386  -13.543 0.6999999881
12567  7.309  -59.080  -13.788 0.6999999881
10672  7.900  -62.726  -16.252 0.6999999881
101377  9.059  -62.695  -15.009 0.6999999881
10644  9.199  -62.474  -13.536 0.8000000119
12004  9.811  -60.336  -19.723 0.5000000000
10685  6.994  -62.132  -17.170 0.6999999881
114202  8.970  -60.517  -19.504 0.6000000238
11313  6.596  -61.707  -17.727 0.8000000119
11984  7.562  -60.849  -18.913 0.6999999881
11312  7.390  -61.619  -17.515 0.8000000119
11331  6.212  -61.308  -18.267 0.8000000119
18470  2.187  -51.891  -17.391 0.6000000238
18481  3.248  -50.813  -17.412 0.5000000000
17740  2.120  -52.128  -18.147 0.6000000238
16988  1.858  -53.091  -17.991 0.6000000238
16203  2.376  -53.958  -17.946 0.6000000238
16987  2.717  -53.371  -18.364 0.6000000238
16180  3.394  -54.743  -17.483 0.5000000000
14720  7.371  -56.115  -16.386 0.5000000000
14721  6.361  -55.963  -16.374 0.5000000000
117682  8.513  -57.172  -16.048 0.6000000238
14722  5.189  -56.200  -16.308 0.6999999881
13305  8.546  -58.197  -15.111 0.6000000238
107145  8.365  -58.595  -14.570 0.6999999881
13284  6.845  -58.231  -14.689 0.6999999881
13993  6.597  -57.257  -15.577 0.6999999881
111542  5.796  -57.286  -15.455 0.8000000119
13282  9.063  -58.694  -14.622 0.6999999881
105223  9.122  -59.609  -13.428 0.6999999881
12564  10.156  -59.824  -13.371 0.6999999881
12565  9.344  -60.075  -13.040 0.8000000119
10643  9.866  -62.204  -13.597 0.8000000119
11263  9.581  -62.015  -13.071 0.8000000119
11981  10.344  -60.820  -18.942 0.5000000000
11309  11.175  -61.699  -17.422 0.6000000238
120507  8.968  -62.485  -15.767 0.8000000119
120732  9.617  -62.503  -14.859 0.8000000119
11983  8.469  -60.837  -18.903 0.6000000238
11327  9.753  -61.191  -18.198 0.6999999881
11293  8.726  -61.899  -16.877 0.8000000119
11328  8.811  -61.142  -18.146 0.6999999881
106686  8.271  -61.523  -17.461 0.6999999881
11329  7.910  -61.183  -18.138 0.8000000119
18468  4.649  -51.348  -16.465 0.4000000060
19244  2.647  -50.552  -18.233 0.4000000060
17747  2.580  -52.272  -18.996 0.5000000000
16986  4.077  -53.472  -18.221 0.5000000000
14719  8.117  -56.207  -16.480 0.5000000000
16178  6.787  -54.578  -16.914 0.6000000238
108124  5.827  -54.570  -17.045 0.6000000238
16202  3.750  -54.068  -17.817 0.6000000238
13991  8.884  -57.655  -15.681 0.6000000238
15432  5.494  -55.334  -16.694 0.6999999881
15433  4.377  -55.427  -16.846 0.6999999881
13304  9.390  -58.220  -15.235 0.6000000238
11934  10.417  -60.688  -13.236 0.8000000119
109275  10.633  -62.027  -16.745 0.6999999881
11292  10.098  -62.208  -16.095 0.6999999881
10660  9.642  -62.399  -15.465 0.8000000119
10651  10.416  -62.205  -13.975 0.8000000119
11311  9.191  -61.513  -17.496 0.6999999881
18480  4.714  -50.758  -16.922 0.4000000060
19232  5.426  -50.831  -16.326 0.4000000060
19228  5.586  -50.756  -15.829 0.4000000060
19243  3.576  -49.867  -17.823 0.5000000000
19948  5.994  -50.065  -15.594 0.5000000000
16993  3.116  -52.898  -18.820 0.5000000000
106335  5.261  -53.267  -18.072 0.5000000000
16201  5.068  -53.959  -17.557 0.5000000000
17745  6.249  -52.305  -18.642 0.5000000000
16179  4.712  -54.702  -17.226 0.6999999881
12574  10.381  -59.324  -14.041 0.6000000238
11261  11.137  -61.092  -13.615 0.8000000119
111284  11.620  -61.947  -16.605 0.6000000238
11278  11.971  -61.806  -14.952 0.6000000238
11937  11.803  -60.603  -13.977 0.6999999881
11933  11.134  -60.193  -13.512 0.6999999881
11280  10.419  -62.294  -15.322 0.6999999881
20621  5.843  -48.700  -15.388 0.3000000119
19965  4.410  -48.991  -17.963 0.4000000060
19231  5.593  -50.218  -16.946 0.3000000119
19227  6.101  -50.262  -16.238 0.4000000060
19947  6.711  -49.685  -15.930 0.4000000060
120203  6.039  -49.453  -15.437 0.5000000000
19252  2.992  -49.894  -18.559 0.4000000060
118652  6.305  -48.208  -15.465 0.3000000119
111529  2.977  -51.783  -19.363 0.4000000060
17738  6.304  -52.973  -18.134 0.5000000000
18490  4.088  -51.605  -19.572 0.4000000060
16985  7.262  -53.315  -17.651 0.6000000238
18498  3.942  -50.835  -19.944 0.4000000060
17744  7.243  -52.552  -18.250 0.4000000060
17739  5.084  -52.453  -18.779 0.5000000000
11268  11.632  -61.484  -14.188 0.6999999881
105452  5.295  -49.336  -15.240 0.4000000060
106175  6.994  -48.767  -15.651 0.4000000060
21296  6.636  -47.704  -15.602 0.3000000119
19966  3.432  -49.103  -18.532 0.3000000119
18497  4.958  -51.056  -20.085 0.4000000060
18488  6.762  -51.812  -18.872 0.4000000060
18489  5.598  -51.751  -19.285 0.4000000060
19964  6.302  -49.367  -17.315 0.3000000119
19952  6.676  -49.623  -16.594 0.3000000119
20628  7.323  -49.058  -16.370 0.4000000060
21304  7.699  -48.349  -16.018 0.3000000119
19976  5.081  -48.212  -18.224 0.3000000119
19987  3.891  -49.188  -19.747 0.3000000119
19258  5.722  -50.299  -20.404 0.3000000119
19259  4.421  -50.291  -20.333 0.3000000119
18496  6.252  -51.107  -19.575 0.3000000119
20627  7.843  -48.489  -16.757 0.3000000119
21303  8.298  -47.645  -16.490 0.3000000119
20636  7.719  -48.418  -17.233 0.3000000119
19986  4.617  -48.603  -20.193 0.3000000119
19985  5.666  -49.316  -20.894 0.3000000119
19984  6.800  -49.580  -20.535 0.3000000119
21297  5.442  -47.612  -15.649 0.3000000119
20637  6.726  -48.549  -17.610 0.3000000119
21311  7.934  -47.888  -17.539 0.3000000119
20658  5.509  -48.268  -20.728 0.3000000119
9470  10.784  -63.983  -20.304 0.6000000238
114071  10.580  -63.465  -20.791 0.6999999881
9482  9.403  -63.914  -21.077 0.6999999881
10113  9.310  -63.035  -21.430 0.6999999881
114736  4.240  -52.921  -18.655 0.4000000060
112253  7.458  -47.218  -15.894 0.3000000119
99106  11.069  -82.478  -25.758 0.6999999881
4015  12.420  -75.864  -24.410 0.6999999881
2707  13.604  -79.293  -26.347 0.8000000119
3194  12.980  -77.296  -32.476 0.6000000238
3629  13.450  -76.493  -32.729 0.6999999881
4631  12.255  -73.998  -30.459 0.8000000119
3628  14.375  -76.626  -33.079 0.8000000119
12059  3.403  -60.819  -23.089 0.6999999881
10102  11.432  -63.316  -20.866 0.5000000000
114672  8.533  -62.121  -22.286 0.6000000238
12061  1.168  -59.773  -23.059 0.6000000238
10782  7.244  -62.942  -26.037 0.6999999881
9466  13.984  -65.004  -20.529 0.5000000000
9481  13.534  -64.520  -21.105 0.6000000238
9553  10.200  -65.424  -26.057 0.6000000238
11294  7.821  -62.068  -16.855 0.8000000119
808  17.632  -83.620  -23.598 0.4000000060
986  18.888  -83.291  -22.417 0.4000000060
818  16.722  -83.223  -25.777 0.3000000119
589  16.861  -83.795  -23.808 0.4000000060
583  17.764  -84.607  -23.486 0.4000000060
804  18.007  -83.921  -22.953 0.4000000060
1249  18.310  -80.790  -26.904 0.4000000060
1245  18.178  -81.246  -26.085 0.5000000000
1241  17.709  -81.942  -25.207 0.5000000000
1250  17.796  -81.226  -26.594 0.3000000119
1001  17.038  -82.841  -25.482 0.4000000060
992  17.907  -83.105  -23.828 0.4000000060
1251  16.615  -82.477  -26.496 0.3000000119
102602  17.216  -83.247  -25.008 0.3000000119
812  17.496  -83.291  -24.504 0.3000000119
824  16.496  -83.219  -26.670 0.3000000119
1520  17.739  -80.957  -26.984 0.4000000060
108669  18.461  -80.621  -27.192 0.4000000060
1518  19.436  -80.150  -26.951 0.5000000000
1523  17.586  -80.605  -27.228 0.3000000119
1255  16.648  -81.429  -26.795 0.3000000119
1012  15.405  -82.830  -27.378 0.4000000060
1256  15.745  -81.790  -27.306 0.3000000119
1535  14.719  -81.309  -29.281 0.4000000060
1019  14.516  -82.610  -28.157 0.4000000060
1265  14.262  -81.894  -28.835 0.4000000060
1531  18.487  -80.234  -27.624 0.4000000060
1860  18.259  -79.082  -28.471 0.4000000060
1532  17.390  -79.970  -27.562 0.4000000060
1861  17.505  -78.541  -29.217 0.4000000060
116687  18.070  -77.763  -30.076 0.5000000000
1533  16.121  -79.884  -28.093 0.4000000060
1865  16.659  -78.531  -29.598 0.4000000060
1257  15.035  -82.212  -27.763 0.4000000060
1534  15.253  -80.762  -28.906 0.5000000000
103701  15.865  -78.957  -29.680 0.4000000060
1542  14.817  -80.557  -29.808 0.4000000060
1869  12.784  -79.971  -31.656 0.6000000238
1544  13.779  -81.233  -30.761 0.4000000060
2732  18.504  -77.186  -31.140 0.6000000238
2746  17.576  -77.408  -32.417 0.6000000238
2282  16.435  -78.426  -30.378 0.6000000238
2739  17.064  -77.779  -31.800 0.6000000238
2740  16.331  -78.454  -32.269 0.6000000238
1866  15.230  -79.693  -30.131 0.5000000000
2292  15.942  -79.024  -31.555 0.6000000238
3200  15.300  -77.273  -33.233 0.6999999881
4100  17.283  -75.325  -33.240 0.6999999881
4665  16.031  -74.699  -33.137 0.6999999881
3199  17.286  -77.544  -33.103 0.6000000238
3637  16.817  -76.680  -33.153 0.6999999881
5253  13.805  -73.167  -32.966 0.6999999881
5242  12.139  -72.561  -32.663 0.6999999881
4630  13.165  -74.130  -29.328 0.6999999881
3638  15.932  -76.554  -33.190 0.6999999881
109826  14.481  -74.499  -33.031 0.6999999881
4103  14.663  -75.499  -33.073 0.6999999881
5252  15.993  -73.738  -33.105 0.5000000000
110566  13.816  -72.638  -32.626 0.6000000238
4656  14.946  -73.802  -33.007 0.6999999881
5241  12.970  -72.402  -32.635 0.6000000238
5806  11.935  -70.985  -31.835 0.6999999881
5785  12.191  -70.927  -30.579 0.6999999881
4102  15.586  -75.519  -33.136 0.6999999881
5786  11.843  -71.844  -30.861 0.6999999881
5198  13.146  -73.122  -29.181 0.6000000238
5814  12.409  -71.426  -32.311 0.6000000238
5805  12.848  -70.265  -32.182 0.6000000238
110101  12.487  -71.970  -29.642 0.6000000238
4027  15.585  -75.858  -25.673 0.5000000000
4016  12.244  -75.219  -25.031 0.6000000238
3150  11.715  -77.741  -24.956 0.6000000238
4616  13.979  -73.819  -28.494 0.6000000238
4060  14.632  -74.817  -27.965 0.6000000238
4039  15.453  -75.440  -26.624 0.5000000000
104211  11.964  -73.825  -24.481 0.6000000238
4558  12.409  -74.309  -24.089 0.6000000238
4559  12.078  -74.509  -24.935 0.6000000238
5197  13.368  -72.381  -28.701 0.6000000238
4599  15.207  -74.504  -27.248 0.5000000000
4048  15.030  -75.432  -27.449 0.5000000000
6210  11.562  -70.277  -23.028 0.6000000238
6209  12.371  -71.096  -23.026 0.6000000238
5683  12.255  -72.001  -23.492 0.6000000238
5684  11.734  -71.995  -24.068 0.6000000238
5116  12.056  -72.738  -23.771 0.6000000238
6208  13.103  -71.430  -22.461 0.6000000238
5666  12.826  -72.156  -22.866 0.6000000238
4514  15.684  -74.215  -21.712 0.6000000238
4600  14.715  -73.931  -27.813 0.6000000238
6660  11.577  -69.862  -22.328 0.6000000238
7546  11.715  -68.944  -20.368 0.6000000238
6659  12.305  -69.998  -22.172 0.6000000238
7545  12.552  -68.841  -20.447 0.6000000238
7099  12.627  -69.712  -21.592 0.6000000238
109217  12.293  -67.653  -19.590 0.5000000000
6658  13.487  -70.063  -21.480 0.6000000238
7544  13.440  -68.845  -20.359 0.5000000000
6675  10.873  -69.908  -22.640 0.6999999881
7101  10.959  -69.796  -21.554 0.6000000238
7100  11.841  -69.588  -21.650 0.6000000238
7981  11.502  -67.697  -19.622 0.6000000238
103837  11.895  -66.978  -19.365 0.6000000238
8019  8.117  -67.461  -21.590 0.6000000238
120595  10.995  -69.155  -20.235 0.6000000238
7982  10.715  -67.649  -19.664 0.5000000000
7548  9.763  -68.406  -19.967 0.6000000238
8451  9.345  -66.549  -20.581 0.6000000238
8007  8.669  -66.969  -21.171 0.6000000238
8459  8.059  -66.784  -21.952 0.6000000238
110194  9.655  -69.264  -20.159 0.6000000238
108107  10.857  -66.130  -19.526 0.6000000238
7983  9.997  -67.606  -19.858 0.6000000238
8433  9.794  -66.942  -20.062 0.5000000000
8940  9.356  -65.517  -20.760 0.6000000238
8452  8.909  -66.170  -21.141 0.5000000000
8463  8.021  -66.176  -22.183 0.5000000000
8939  10.148  -64.870  -20.214 0.6000000238
111752  9.552  -64.615  -20.755 0.6000000238
8952  8.695  -65.532  -21.392 0.6000000238
8957  8.158  -65.545  -21.920 0.6000000238
117891  7.794  -64.591  -22.088 0.6999999881
8967  6.833  -65.537  -23.591 0.6999999881
8968  6.184  -65.214  -23.850 0.6999999881
8969  5.266  -64.942  -23.976 0.6999999881
8951  8.982  -64.740  -21.169 0.6000000238
118656  8.101  -63.621  -21.819 0.6999999881
10122  6.544  -63.452  -22.416 0.6999999881
118638  6.438  -64.073  -22.721 0.6999999881
10123  5.755  -63.792  -22.776 0.6999999881
115523  4.996  -64.214  -23.205 0.6000000238
10736  7.711  -62.056  -22.293 0.6000000238
119500  16.105  -74.790  -24.819 0.5000000000
5664  16.957  -73.092  -22.626 0.5000000000
4557  15.920  -75.105  -23.943 0.5000000000
4544  16.191  -74.383  -23.380 0.6000000238
6190  18.280  -71.537  -21.848 0.6000000238
6207  17.901  -72.028  -22.356 0.6000000238
119746  16.655  -73.488  -22.333 0.6000000238
115548  16.336  -73.894  -21.996 0.6000000238
5646  16.578  -73.037  -20.860 0.6000000238
106560  18.506  -71.140  -21.146 0.5000000000
6176  18.151  -71.226  -20.339 0.6000000238
6178  16.697  -71.860  -20.003 0.6000000238
111002  18.341  -69.123  -19.851 0.6000000238
110161  17.681  -68.882  -19.608 0.5000000000
6168  17.117  -71.150  -19.754 0.6000000238
6169  16.161  -71.055  -20.021 0.6000000238
120962  17.737  -68.250  -19.551 0.5000000000
6633  16.686  -70.298  -19.726 0.6000000238
8429  14.543  -66.319  -19.333 0.5000000000
8428  15.407  -66.504  -19.619 0.5000000000
7519  15.385  -68.587  -19.734 0.6000000238
7518  16.216  -68.236  -19.582 0.6000000238
103473  15.073  -80.684  -30.961 0.6000000238
2748  15.717  -78.107  -33.151 0.6999999881
4014  15.526  -75.935  -24.060 0.5000000000
8450  10.056  -66.045  -20.078 0.6000000238
9484  7.461  -63.244  -22.075 0.6999999881
4545  15.632  -75.003  -22.969 0.6000000238
6634  15.733  -70.054  -20.066 0.6000000238
108719  15.407  -67.858  -19.532 0.6000000238
813  16.962  -83.392  -24.869 0.3000000119
998  16.998  -83.203  -25.316 0.3000000119
996  17.636  -82.844  -24.640 0.4000000060
1252  15.961  -82.725  -26.870 0.3000000119
1524  16.487  -80.704  -27.456 0.4000000060
1263  15.552  -81.225  -28.096 0.4000000060
2277  18.445  -78.323  -29.320 0.4000000060
107685  16.393  -79.006  -28.874 0.3000000119
2281  17.292  -78.042  -30.113 0.5000000000
2289  17.805  -77.575  -30.737 0.6000000238
1541  15.515  -79.733  -29.212 0.5000000000
2747  16.551  -77.467  -32.669 0.6000000238
7524  11.084  -68.488  -19.851 0.6000000238
119900  4.522  -64.421  -23.676 0.6000000238
6191  17.934  -72.090  -21.072 0.6000000238
107875  18.831  -68.835  -20.252 0.5000000000
5645  17.218  -72.766  -21.182 0.6000000238
6177  17.521  -71.714  -20.132 0.6000000238
7077  18.517  -69.743  -20.116 0.5000000000
6167  17.787  -71.073  -19.877 0.6000000238
7974  18.445  -67.548  -19.825 0.5000000000
7517  17.154  -68.213  -19.534 0.5000000000
7976  16.738  -67.480  -19.610 0.5000000000
116424  24.534  -84.831  -6.522 0.4000000060
704  25.278  -84.507  -6.591 0.4000000060
713  24.741  -84.652  -7.356 0.5000000000
501  21.582  -85.401  -4.123 0.5000000000
330  20.246  -85.948  -3.961 0.5000000000
104169  18.082  -86.233  -3.732 0.5000000000
507  22.698  -85.516  -5.320 0.5000000000
499  23.228  -85.341  -4.864 0.5000000000
711  26.168  -84.207  -7.581 0.4000000060
943  26.561  -83.405  -8.008 0.4000000060
720  26.134  -84.228  -8.416 0.5000000000
104294  20.238  -84.010  -19.721 0.3000000119
99057  20.285  -83.724  -18.997 0.3000000119
791  19.456  -84.541  -20.864 0.3000000119
795  19.240  -84.420  -21.756 0.3000000119
691  22.937  -84.809  -3.855 0.4000000060
495  21.314  -85.082  -3.509 0.5000000000
325  19.688  -85.631  -3.245 0.5000000000
690  23.791  -84.721  -4.256 0.4000000060
114978  24.358  -84.956  -5.846 0.4000000060
703  26.121  -84.282  -6.764 0.3000000119
103953  25.937  -84.347  -5.765 0.3000000119
950  26.150  -83.426  -10.444 0.4000000060
1143  27.281  -82.732  -8.023 0.3000000119
119675  26.942  -83.024  -8.621 0.4000000060
944  26.412  -83.491  -8.881 0.5000000000
1146  27.539  -82.556  -8.776 0.3000000119
100083  19.539  -83.098  -18.494 0.3000000119
118589  20.401  -83.894  -17.954 0.3000000119
980  20.128  -83.626  -20.224 0.3000000119
982  19.906  -83.598  -21.148 0.3000000119
799  18.675  -84.438  -22.511 0.3000000119
679  23.461  -84.337  -3.038 0.3000000119
494  22.149  -84.963  -3.666 0.4000000060
689  24.580  -84.488  -4.188 0.3000000119
101977  27.834  -82.403  -7.195 0.3000000119
111306  27.361  -82.492  -10.780 0.4000000060
1153  26.683  -82.868  -10.832 0.4000000060
1148  27.726  -82.371  -9.549 0.4000000060
1142  28.052  -82.204  -8.149 0.3000000119
99051  18.343  -81.592  -17.095 0.4000000060
99892  18.624  -82.657  -16.988 0.4000000060
113625  17.696  -82.267  -15.424 0.4000000060
99486  19.226  -82.795  -14.058 0.4000000060
113698  20.242  -81.811  -14.142 0.4000000060
99482  21.564  -82.217  -15.157 0.5000000000
99056  18.904  -82.465  -18.977 0.3000000119
978  19.911  -83.207  -19.801 0.3000000119
1222  19.173  -82.560  -20.429 0.3000000119
106594  19.166  -83.844  -22.389 0.3000000119
989  18.376  -83.195  -23.057 0.3000000119
678  24.295  -84.278  -3.290 0.3000000119
1427  28.356  -81.430  -11.490 0.3000000119
1156  27.819  -82.061  -11.153 0.3000000119
1164  27.099  -82.136  -12.865 0.4000000060
1170  26.324  -82.162  -13.431 0.4000000060
111016  29.056  -81.309  -7.912 0.3000000119
1419  28.426  -81.698  -9.708 0.3000000119
111731  28.707  -81.513  -8.993 0.3000000119
1145  28.241  -82.007  -8.926 0.3000000119
966  24.665  -82.865  -16.301 0.5000000000
965  25.158  -82.395  -15.645 0.5000000000
113332  18.964  -78.335  -15.486 0.3000000119
113706  18.846  -79.387  -14.585 0.3000000119
99060  18.148  -79.512  -15.768 0.3000000119
99054  17.619  -80.997  -15.170 0.4000000060
977  22.523  -82.329  -18.248 0.5000000000
971  23.005  -83.194  -17.180 0.5000000000
113305  19.344  -81.446  -14.317 0.4000000060
113673  21.102  -81.196  -14.911 0.4000000060
113420  22.017  -82.791  -17.048 0.5000000000
1223  18.589  -81.890  -20.019 0.3000000119
1221  19.759  -83.149  -21.038 0.3000000119
1227  19.273  -82.942  -21.834 0.3000000119
1231  18.734  -82.707  -22.453 0.3000000119
109481  18.203  -82.318  -23.623 0.4000000060
1432  28.326  -81.308  -12.366 0.3000000119
1439  27.054  -81.407  -13.643 0.4000000060
103947  29.687  -80.792  -7.845 0.3000000119
105860  29.126  -81.204  -9.426 0.3000000119
1423  29.130  -81.113  -10.989 0.3000000119
1174  26.044  -81.208  -13.970 0.4000000060
1412  29.273  -81.149  -8.608 0.3000000119
1176  25.468  -82.464  -14.697 0.4000000060
1184  25.417  -82.103  -15.169 0.5000000000
114748  25.405  -80.374  -15.724 0.4000000060
1190  25.130  -81.160  -15.436 0.5000000000
2182  22.463  -77.906  -17.595 0.3000000119
1192  25.129  -82.203  -17.036 0.5000000000
1191  25.277  -81.931  -16.231 0.5000000000
113674  20.759  -78.172  -15.108 0.3000000119
1206  23.772  -82.497  -18.595 0.4000000060
1198  25.463  -81.607  -17.512 0.5000000000
113306  19.186  -77.768  -16.148 0.3000000119
113313  21.229  -79.148  -14.971 0.4000000060
113697  21.676  -80.203  -15.395 0.4000000060
1207  22.974  -82.619  -18.615 0.5000000000
1199  24.575  -82.409  -17.906 0.5000000000
119254  18.404  -80.376  -17.294 0.3000000119
113665  19.996  -80.192  -14.443 0.4000000060
113325  22.176  -81.419  -16.548 0.5000000000
99053  18.305  -81.069  -19.863 0.3000000119
99939  17.982  -80.685  -20.721 0.4000000060
1815  18.038  -81.077  -21.620 0.3000000119
1500  18.540  -81.901  -21.694 0.4000000060
118596  18.457  -81.994  -23.046 0.4000000060
3618  10.554  -75.227  -31.175 0.5000000000
1236  17.955  -82.029  -24.406 0.3000000119
1699  30.754  -79.622  -7.784 0.3000000119
1418  29.653  -80.682  -9.192 0.3000000119
1444  27.582  -80.833  -14.165 0.3000000119
1700  30.228  -80.141  -8.174 0.3000000119
1452  26.848  -79.959  -14.589 0.3000000119
1461  25.776  -79.861  -15.597 0.5000000000
1470  25.414  -80.080  -16.348 0.4000000060
1469  25.815  -79.549  -16.285 0.3000000119
115731  25.924  -81.011  -17.795 0.5000000000
113682  22.208  -78.313  -16.135 0.3000000119
1211  24.457  -82.170  -18.941 0.4000000060
1204  25.460  -81.573  -17.953 0.4000000060
113667  22.172  -79.636  -16.465 0.4000000060
1796  22.406  -80.096  -18.015 0.4000000060
1213  22.735  -82.283  -19.322 0.4000000060
1212  23.231  -82.405  -19.206 0.4000000060
99059  18.354  -79.645  -17.894 0.3000000119
100082  17.836  -79.594  -19.158 0.3000000119
113684  22.336  -80.388  -16.867 0.4000000060
1806  17.573  -79.779  -20.604 0.3000000119
106176  17.593  -79.902  -21.618 0.4000000060
116107  17.770  -80.481  -22.303 0.4000000060
105766  10.923  -77.830  -29.729 0.5000000000
113403  18.173  -81.482  -23.783 0.4000000060
1822  17.908  -80.819  -23.261 0.5000000000
105913  10.700  -77.031  -31.594 0.5000000000
1712  30.297  -80.068  -9.006 0.3000000119
5701  11.217  -71.971  -24.583 0.5000000000
1777  25.396  -79.856  -17.130 0.3000000119
1776  25.876  -79.348  -17.027 0.3000000119
5150  11.532  -73.701  -25.130 0.5000000000
6239  10.668  -70.922  -24.624 0.6000000238
99805  22.155  -77.655  -18.956 0.3000000119
1797  22.003  -79.441  -19.595 0.3000000119
113696  21.674  -77.055  -17.977 0.3000000119
108497  22.315  -79.290  -17.868 0.3000000119
1804  22.145  -80.097  -19.511 0.3000000119
1210  25.557  -81.417  -19.067 0.4000000060
1479  25.209  -80.116  -17.959 0.4000000060
2708  11.072  -78.798  -25.085 0.5000000000
6225  8.502  -70.936  -23.414 0.5000000000
1492  22.953  -80.916  -19.159 0.3000000119
1217  23.728  -82.155  -19.934 0.3000000119
1485  24.887  -81.562  -20.016 0.3000000119
107091  10.468  -81.036  -24.717 0.5000000000
99705  17.951  -78.675  -18.791 0.3000000119
99795  9.940  -81.816  -26.237 0.5000000000
116321  9.963  -80.827  -28.170 0.5000000000
2206  17.480  -79.202  -21.450 0.4000000060
2272  11.224  -79.291  -29.110 0.6000000238
99888  17.621  -79.518  -22.301 0.4000000060
113634  17.845  -79.935  -23.157 0.5000000000
3179  11.506  -77.707  -29.659 0.5000000000
113402  18.451  -79.644  -24.560 0.4000000060
99522  18.209  -80.376  -24.139 0.3000000119
102216  18.198  -81.641  -24.473 0.4000000060
3622  11.168  -76.585  -31.987 0.6000000238
3156  19.321  -77.782  -26.596 0.3000000119
2704  19.622  -78.718  -26.856 0.4000000060
2249  19.272  -79.961  -25.998 0.4000000060
100448  18.663  -80.791  -25.579 0.3000000119
3189  11.369  -77.661  -31.620 0.6000000238
3168  19.935  -77.745  -27.760 0.3000000119
2712  19.926  -78.699  -27.789 0.5000000000
1842  19.542  -79.471  -27.467 0.4000000060
1843  19.301  -80.026  -27.336 0.4000000060
2733  11.690  -78.665  -31.871 0.6000000238
3171  20.111  -78.397  -28.946 0.3000000119
2717  20.020  -78.524  -28.320 0.5000000000
1846  19.288  -79.400  -28.207 0.4000000060
1847  19.007  -79.565  -28.025 0.4000000060
102871  19.806  -77.600  -29.425 0.4000000060
1853  19.332  -78.744  -28.573 0.5000000000
1859  18.819  -78.952  -28.566 0.4000000060
6238  11.222  -71.289  -24.189 0.6000000238
6689  10.213  -70.152  -24.105 0.6000000238
99753  21.927  -77.925  -20.575 0.3000000119
112111  21.769  -79.919  -20.921 0.3000000119
120757  21.757  -80.560  -21.457 0.3000000119
1805  21.831  -80.306  -20.870 0.3000000119
103488  10.133  -70.005  -23.166 0.6000000238
111935  9.330  -70.382  -23.319 0.6000000238
1220  21.909  -81.385  -21.658 0.3000000119
1498  23.366  -81.619  -21.456 0.3000000119
6211  8.698  -71.354  -22.344 0.6000000238
113514  19.515  -75.744  -18.748 0.3000000119
1226  22.387  -81.940  -20.971 0.3000000119
1491  23.217  -82.004  -20.676 0.3000000119
6195  8.384  -71.559  -21.579 0.6000000238
2194  17.539  -78.906  -19.836 0.3000000119
6648  7.306  -70.445  -20.939 0.6000000238
6183  7.392  -71.213  -20.998 0.6000000238
7103  6.026  -70.171  -21.608 0.6000000238
6677  5.303  -70.478  -21.891 0.5000000000
104046  18.341  -78.903  -24.531 0.4000000060
2696  19.242  -79.062  -26.031 0.4000000060
2726  19.771  -77.105  -30.353 0.4000000060
2275  19.360  -77.232  -30.244 0.5000000000
106061  22.322  -79.315  -21.743 0.3000000119
99065  21.878  -79.215  -21.193 0.3000000119
99941  21.814  -80.607  -21.590 0.3000000119
100073  23.112  -81.484  -21.884 0.3000000119
1505  23.576  -81.324  -22.462 0.3000000119
1503  24.909  -79.799  -20.826 0.3000000119
6223  11.581  -71.029  -23.646 0.5000000000
99061  21.629  -76.997  -19.334 0.3000000119
99472  20.783  -76.142  -18.322 0.3000000119
6661  10.237  -70.235  -21.886 0.5000000000
6676  9.504  -70.775  -22.203 0.6000000238
114630  21.331  -76.346  -19.408 0.3000000119
1497  24.971  -81.278  -20.759 0.3000000119
6194  8.995  -71.272  -21.663 0.6000000238
99544  19.851  -75.197  -19.343 0.3000000119
6182  8.169  -71.318  -21.003 0.6000000238
3126  17.750  -77.970  -23.581 0.3000000119
113600  17.528  -77.912  -22.700 0.3000000119
7117  6.281  -69.353  -21.980 0.6000000238
7589  5.808  -68.941  -23.698 0.6000000238
6646  8.757  -70.796  -20.775 0.6000000238
109360  8.932  -69.433  -20.322 0.5000000000
7549  8.198  -69.026  -20.624 0.6000000238
7102  7.431  -69.129  -21.156 0.6000000238
7130  5.438  -69.476  -22.966 0.6000000238
7597  5.911  -68.474  -24.701 0.6000000238
105687  6.410  -68.428  -23.327 0.6000000238
8038  5.790  -68.023  -25.590 0.5000000000
6644  10.137  -70.263  -20.998 0.5000000000
109543  9.036  -68.654  -20.250 0.5000000000
7568  7.689  -68.257  -21.513 0.5000000000
118934  6.718  -67.921  -23.695 0.6000000238
8996  5.022  -66.014  -25.914 0.5000000000
9530  3.525  -64.495  -24.696 0.6000000238
8979  4.219  -65.174  -25.276 0.6000000238
8997  3.897  -65.444  -26.249 0.5000000000
9555  3.217  -64.703  -25.711 0.6000000238
8998  2.964  -64.875  -26.648 0.6000000238
7567  8.529  -68.010  -20.857 0.5000000000
8030  6.924  -67.279  -24.006 0.5000000000
8477  6.695  -66.472  -24.526 0.5000000000
8036  6.620  -67.211  -24.658 0.6000000238
8976  6.627  -65.817  -24.191 0.6000000238
8479  5.779  -66.125  -25.362 0.5000000000
8044  5.808  -66.960  -25.800 0.5000000000
106671  5.990  -62.958  -22.390 0.6000000238
9529  4.404  -64.811  -24.357 0.6000000238
9531  2.462  -63.970  -25.212 0.5000000000
120564  5.398  -65.384  -17.946 0.5000000000
8006  9.299  -67.600  -20.334 0.5000000000
8020  7.575  -67.407  -22.406 0.5000000000
8472  7.033  -66.346  -23.906 0.6000000238
8870  5.384  -65.182  -15.828 0.5000000000
8856  3.852  -64.846  -15.162 0.6000000238
8880  5.376  -65.400  -16.512 0.6000000238
9424  5.900  -65.023  -17.687 0.6000000238
8881  4.542  -65.753  -16.931 0.5000000000
9436  5.463  -64.769  -18.334 0.5000000000
10088  3.628  -64.042  -19.559 0.5000000000
10161  0.352  -62.548  -25.355 0.5000000000
9532  1.098  -63.191  -25.959 0.5000000000
10628  8.822  -62.260  -12.952 0.6000000238
114540  8.434  -61.960  -12.539 0.6999999881
10017  8.273  -62.780  -13.522 0.6000000238
10001  7.579  -62.749  -13.120 0.6999999881
100288  6.060  -63.142  -12.905 0.6000000238
9385  5.087  -63.726  -13.878 0.6000000238
10033  6.963  -63.734  -14.470 0.6000000238
10019  6.500  -63.389  -13.646 0.6000000238
10653  8.738  -62.847  -14.275 0.6000000238
10032  7.541  -63.695  -15.148 0.6000000238
9396  6.291  -64.212  -14.947 0.6000000238
9384  5.996  -63.784  -14.202 0.5000000000
113289  4.686  -64.141  -14.502 0.6000000238
10042  7.807  -63.374  -15.685 0.6000000238
9395  6.956  -64.111  -15.245 0.6000000238
9409  5.810  -64.752  -15.409 0.5000000000
9397  5.435  -64.187  -14.704 0.6000000238
9407  7.287  -64.077  -15.954 0.6000000238
9408  6.603  -64.629  -15.688 0.6000000238
10061  6.433  -63.489  -17.485 0.6000000238
9416  6.720  -64.713  -16.493 0.6000000238
112784  5.965  -64.145  -17.987 0.6000000238
10073  5.163  -63.746  -18.566 0.5000000000
9454  2.761  -64.082  -20.008 0.5000000000
10090  1.785  -62.782  -19.919 0.5000000000
10721  0.852  -62.482  -20.209 0.5000000000
10106  0.144  -62.835  -20.877 0.5000000000
10630  7.256  -62.422  -12.545 0.6000000238
10631  6.419  -62.597  -12.345 0.6999999881
10048  7.491  -63.373  -16.274 0.5000000000
10062  5.684  -63.086  -17.972 0.6000000238
10074  4.395  -63.128  -18.732 0.6000000238
10075  3.676  -63.141  -19.146 0.5000000000
10700  3.215  -62.350  -19.070 0.6000000238
10711  1.442  -62.125  -19.557 0.5000000000
11345  1.070  -61.423  -19.393 0.6000000238
10712  0.328  -61.826  -19.781 0.6000000238
13280  11.002  -59.041  -14.653 0.4000000060
12568  6.486  -59.332  -13.591 0.6999999881
12569  5.529  -59.635  -13.575 0.5000000000
12570  4.716  -59.943  -13.532 0.5000000000
111649  11.707  -59.890  -13.973 0.6000000238
12563  11.029  -59.640  -13.825 0.5000000000
12558  5.410  -60.112  -12.947 0.6000000238
11929  5.251  -60.546  -12.264 0.5000000000
11936  12.512  -60.175  -14.461 0.5000000000
12556  7.424  -59.794  -13.059 0.6000000238
12557  6.335  -59.941  -12.980 0.8000000119
11926  8.003  -60.539  -12.512 0.6999999881
115696  7.022  -61.495  -11.911 0.8000000119
11233  5.614  -61.582  -11.473 0.6999999881
112051  3.464  -61.888  -18.898 0.6000000238
11333  2.681  -61.692  -19.130 0.6000000238
13270  4.648  -59.284  -14.031 0.5000000000
13303  10.301  -58.279  -15.379 0.5000000000
13268  6.599  -58.712  -14.134 0.6999999881
12571  3.788  -59.924  -13.624 0.5000000000
12588  12.826  -59.559  -14.992 0.4000000060
13279  11.962  -59.425  -14.561 0.4000000060
11945  13.015  -60.609  -15.042 0.4000000060
11289  12.936  -61.517  -16.105 0.5000000000
11308  12.119  -61.666  -17.253 0.4000000060
13286  5.096  -58.457  -14.467 0.5000000000
13287  3.674  -59.038  -14.189 0.5000000000
13989  10.597  -57.661  -16.053 0.3000000119
13990  9.727  -57.654  -15.851 0.3000000119
13269  5.714  -58.904  -14.008 0.6000000238
11276  13.340  -60.911  -15.759 0.4000000060
11307  12.878  -61.517  -16.926 0.4000000060
11326  10.779  -61.294  -18.195 0.4000000060
13978  5.462  -57.801  -14.929 0.6000000238
13285  5.999  -58.278  -14.506 0.6000000238
11325  11.822  -61.386  -18.042 0.4000000060
13979  4.579  -57.890  -14.907 0.5000000000
110228  4.210  -58.554  -14.496 0.5000000000
116826  11.621  -57.051  -16.561 0.3000000119
14005  10.059  -57.074  -16.413 0.3000000119
14006  9.215  -57.132  -16.249 0.3000000119
113205  8.661  -56.642  -16.430 0.4000000060
11979  12.519  -61.016  -18.475 0.3000000119
11980  11.518  -60.873  -18.878 0.4000000060
12003  10.890  -60.346  -19.598 0.4000000060
14718  9.501  -56.455  -16.582 0.4000000060
13994  4.973  -57.335  -15.426 0.6000000238
13995  4.062  -57.414  -15.498 0.4000000060
15429  8.829  -55.757  -16.662 0.4000000060
15426  11.851  -55.794  -16.966 0.3000000119
117729  11.124  -55.798  -16.898 0.3000000119
14701  4.529  -56.786  -15.923 0.5000000000
15430  7.917  -55.505  -16.625 0.4000000060
15431  7.076  -55.340  -16.612 0.4000000060
16200  6.321  -53.788  -17.435 0.5000000000
107174  8.122  -54.230  -17.058 0.4000000060
16199  7.393  -54.003  -17.147 0.4000000060
120234  8.863  -51.047  -18.738 0.3000000119
120508  8.088  -50.837  -19.163 0.3000000119
17743  8.206  -52.386  -18.112 0.3000000119
108313  7.632  -51.942  -18.566 0.3000000119
19251  7.382  -51.297  -19.062 0.3000000119
18464  5.109  -51.341  -15.911 0.4000000060
19250  8.798  -50.411  -19.101 0.3000000119
1814  24.965  -79.780  -20.212 0.3000000119
99612  17.703  -78.852  -23.105 0.4000000060
103706  8.099  -53.593  -17.392 0.3000000119
11989  2.421  -60.945  -19.166 0.6000000238
112649  4.545  -50.717  -14.809 0.4000000060
11277  12.705  -61.318  -15.331 0.5000000000
99943  19.284  -80.203  -26.281 0.3000000119
2255  20.104  -79.936  -26.893 0.4000000060
7581  7.153  -68.175  -22.282 0.5000000000
107970  23.427  -85.562  -5.825 0.5000000000
326  18.894  -86.064  -3.476 0.5000000000
730  26.007  -84.184  -9.219 0.5000000000
99052  20.076  -83.558  -17.426 0.4000000060
699  25.281  -84.420  -4.765 0.4000000060
949  26.610  -83.032  -10.081 0.4000000060
953  26.022  -83.330  -11.284 0.4000000060
118493  18.621  -82.122  -18.024 0.4000000060
99680  18.449  -83.075  -15.290 0.4000000060
972  20.617  -83.402  -15.170 0.4000000060
681  21.845  -84.380  -3.372 0.3000000119
117289  28.485  -81.706  -6.931 0.3000000119
1151  27.861  -82.192  -10.333 0.3000000119
1157  27.173  -82.467  -11.481 0.4000000060
1158  26.445  -82.776  -11.751 0.4000000060
113285  18.509  -81.480  -18.668 0.4000000060
1433  27.679  -81.562  -12.847 0.4000000060
1175  25.701  -82.440  -14.047 0.4000000060
975  22.537  -82.852  -17.832 0.5000000000
114514  10.648  -79.240  -28.957 0.5000000000
1494  18.721  -82.092  -20.933 0.4000000060
1726  29.567  -80.638  -10.418 0.3000000119
1445  26.632  -80.681  -14.235 0.4000000060
1182  26.065  -80.427  -14.529 0.4000000060
1183  25.542  -81.318  -14.655 0.5000000000
1197  25.134  -80.866  -16.411 0.5000000000
99559  18.477  -78.424  -17.868 0.3000000119
102037  18.212  -80.461  -18.834 0.3000000119
102146  17.913  -80.345  -19.864 0.3000000119
113216  10.729  -75.415  -31.556 0.6000000238
1770  26.359  -79.516  -15.658 0.3000000119
1453  26.223  -79.866  -14.972 0.4000000060
1526  11.234  -81.439  -28.242 0.5000000000
1788  26.159  -79.180  -17.792 0.3000000119
1489  25.449  -81.222  -19.790 0.3000000119
2705  19.102  -78.279  -26.146 0.4000000060
2250  18.765  -79.347  -25.251 0.4000000060
99678  18.671  -80.002  -25.016 0.4000000060
3595  19.581  -76.746  -27.731 0.3000000119
1510  23.665  -81.081  -22.964 0.3000000119
7085  7.677  -69.811  -20.802 0.6000000238
2697  18.590  -78.329  -25.353 0.3000000119
1821  23.928  -80.962  -22.920 0.3000000119
108403  24.524  -80.050  -21.706 0.3000000119
113441  19.471  -74.872  -19.938 0.3000000119
8037  6.290  -67.569  -25.096 0.5000000000
8978  5.157  -65.471  -24.941 0.6000000238
105932  7.672  -61.868  -12.223 0.6999999881
11232  6.362  -61.550  -11.714 0.6999999881
11927  7.024  -60.465  -12.453 0.6999999881
13988  11.426  -57.615  -16.257 0.3000000119
14717  10.478  -56.269  -16.695 0.3000000119
106269  12.031  -79.466  -28.788 0.5000000000
1844  12.130  -81.781  -27.481 0.5000000000
4664  16.671  -74.436  -33.226 0.6000000238
8464  7.718  -66.527  -22.670 0.4000000060
8958  7.733  -65.711  -22.551 0.5000000000
9511  2.890  -63.815  -24.097 0.5000000000
10739  4.433  -62.536  -22.505 0.5000000000
10125  3.842  -63.114  -22.752 0.5000000000
10141  3.312  -63.490  -23.230 0.5000000000
9512  1.739  -63.234  -24.603 0.5000000000
10142  2.239  -63.076  -23.492 0.5000000000
10738  5.782  -62.167  -22.395 0.5000000000
10143  0.892  -62.455  -24.038 0.4000000060
118370  4.024  -62.042  -22.522 0.5000000000
10126  2.797  -62.657  -22.802 0.5000000000
10754  1.357  -62.242  -23.118 0.5000000000
108906  -0.588  -61.977  -23.701 0.5000000000
10740  2.857  -62.111  -22.528 0.6000000238
10741  1.920  -61.875  -22.633 0.5000000000
10742  0.224  -61.412  -22.972 0.5000000000
10713  -1.004  -61.406  -20.058 0.5000000000
11372  2.339  -61.520  -22.540 0.6000000238
10744  -1.827  -62.288  -22.619 0.5000000000
10723  -1.706  -61.568  -20.965 0.5000000000
11373  0.807  -60.996  -22.562 0.6000000238
109340  -0.978  -61.046  -22.658 0.6000000238
10743  -1.543  -61.739  -22.847 0.5000000000
12039  2.645  -61.009  -22.665 0.6000000238
12041  0.380  -60.122  -22.705 0.6000000238
101996  -2.154  -60.157  -20.987 0.6000000238
12665  -0.591  -59.468  -22.292 0.6000000238
11347  -1.245  -60.628  -19.597 0.5000000000
11346  -0.078  -61.052  -19.462 0.5000000000
11357  -0.990  -60.402  -22.342 0.6000000238
115956  -1.931  -60.609  -21.608 0.6000000238
10021  4.468  -63.552  -13.093 0.5000000000
10004  4.739  -63.274  -12.226 0.5000000000
10003  5.540  -62.898  -12.080 0.5000000000
11991  0.209  -60.017  -18.975 0.6000000238
12666  -0.916  -58.430  -21.649 0.6000000238
12618  -0.592  -59.406  -19.148 0.6000000238
12659  -1.784  -59.008  -20.763 0.6000000238
12019  -2.053  -59.705  -20.169 0.6000000238
111059  -1.173  -58.066  -20.682 0.6000000238
16176  8.476  -54.838  -16.823 0.3000000119
17721  4.376  -51.891  -15.987 0.3000000119
2280  18.787  -77.455  -30.174 0.4000000060
3198  18.193  -77.411  -32.952 0.5000000000
2285  12.115  -79.237  -31.934 0.5000000000
3188  12.318  -77.891  -31.951 0.5000000000
111783  18.169  -75.912  -33.157 0.4000000060
3195  11.965  -76.976  -32.238 0.4000000060
4654  16.886  -73.900  -33.237 0.4000000060
110531  11.703  -80.105  -28.688 0.4000000060
2271  11.719  -78.624  -29.261 0.4000000060
3617  11.106  -75.382  -31.138 0.4000000060
4088  11.234  -75.363  -31.744 0.4000000060
5225  16.366  -72.756  -30.954 0.4000000060
5226  15.357  -72.276  -31.044 0.4000000060
5813  13.380  -71.176  -32.387 0.4000000060
99107  11.848  -81.891  -26.970 0.4000000060
5239  15.854  -73.328  -32.459 0.4000000060
5240  14.484  -72.606  -31.892 0.4000000060
6333  13.475  -69.854  -31.810 0.4000000060
5766  12.890  -71.264  -29.321 0.5000000000
12678  0.194  -58.833  -22.712 0.5000000000
13408  1.261  -58.782  -23.240 0.5000000000
13368  -0.541  -57.376  -21.154 0.5000000000
14084  1.213  -57.293  -22.234 0.5000000000
14083  1.932  -57.019  -22.389 0.5000000000
13357  -0.631  -57.606  -20.271 0.5000000000
14047  2.179  -57.059  -20.836 0.5000000000
112716  4.881  -61.634  -11.202 0.4000000060
11930  4.421  -60.570  -12.012 0.4000000060
13356  0.248  -56.975  -20.746 0.5000000000
12642  -0.267  -58.468  -19.512 0.5000000000
4655  16.040  -74.034  -33.220 0.5000000000
5251  16.872  -73.726  -33.250 0.4000000060
109817  14.025  -69.922  -32.246 0.4000000060
331  19.459  -86.271  -4.138 0.4000000060
332  18.650  -86.520  -4.329 0.4000000060
119571  15.793  -85.964  -8.272 0.4000000060
329  20.811  -85.973  -4.855 0.4000000060
100632  19.943  -86.563  -4.838 0.4000000060
204  16.695  -85.990  -8.050 0.4000000060
119629  19.683  -86.993  -5.360 0.4000000060
115296  18.123  -86.933  -8.711 0.4000000060
108141  18.162  -86.700  -7.837 0.4000000060
203  17.448  -86.353  -7.309 0.4000000060
512  22.730  -85.608  -6.258 0.5000000000
335  21.325  -85.785  -5.833 0.5000000000
513  21.827  -85.619  -6.573 0.4000000060
336  20.687  -86.212  -5.911 0.4000000060
202  18.251  -86.852  -7.071 0.4000000060
510  23.978  -85.511  -6.275 0.5000000000
714  24.050  -85.298  -7.792 0.5000000000
511  23.506  -85.625  -6.780 0.5000000000
340  20.972  -85.952  -6.657 0.4000000060
106171  19.652  -87.063  -6.010 0.4000000060
516  23.583  -85.550  -7.532 0.4000000060
517  22.724  -85.591  -7.277 0.4000000060
522  21.404  -85.328  -9.163 0.4000000060
105323  20.166  -86.076  -8.831 0.4000000060
347  20.022  -86.353  -8.136 0.4000000060
201  18.972  -86.975  -7.371 0.4000000060
191  18.827  -87.052  -6.410 0.4000000060
348  19.563  -86.410  -8.837 0.4000000060
209  18.679  -86.840  -8.153 0.4000000060
518  22.984  -85.438  -8.194 0.5000000000
519  21.931  -85.426  -8.189 0.4000000060
107538  21.436  -85.682  -7.426 0.4000000060
342  19.553  -87.023  -6.733 0.4000000060
732  22.143  -84.861  -9.583 0.5000000000
521  22.315  -85.215  -8.829 0.4000000060
520  20.847  -85.807  -8.356 0.4000000060
345  19.766  -86.772  -7.342 0.4000000060
748  21.774  -84.225  -11.221 0.3000000119
120966  21.308  -84.197  -11.620 0.3000000119
754  23.180  -84.229  -12.134 0.4000000060
117169  22.711  -84.267  -11.127 0.3000000119
106309  24.281  -84.292  -12.321 0.4000000060
747  23.753  -84.291  -11.402 0.4000000060
763  20.902  -83.805  -13.072 0.3000000119
108480  21.749  -84.147  -12.731 0.4000000060
107354  22.610  -84.200  -12.868 0.4000000060
107355  23.624  -84.258  -13.043 0.4000000060
761  23.018  -84.233  -13.790 0.4000000060
760  24.136  -84.301  -13.810 0.4000000060
759  24.915  -84.354  -13.718 0.4000000060
114256  25.413  -83.669  -13.864 0.3000000119
524  21.323  -84.941  -10.074 0.3000000119
957  25.393  -84.072  -12.590 0.3000000119
746  24.635  -84.303  -11.470 0.4000000060
768  22.131  -84.126  -14.062 0.4000000060
753  25.028  -84.320  -12.917 0.3000000119
766  24.743  -84.285  -14.498 0.4000000060
964  24.788  -83.460  -15.530 0.4000000060
770  25.011  -84.158  -14.890 0.4000000060
740  22.835  -84.504  -10.084 0.4000000060
107962  24.228  -84.364  -10.688 0.4000000060
101045  20.210  -83.281  -13.225 0.4000000060
959  25.646  -83.084  -13.123 0.3000000119
778  22.822  -84.022  -15.627 0.4000000060
119902  21.598  -84.075  -13.908 0.4000000060
106824  22.598  -83.336  -16.463 0.4000000060
777  23.714  -84.060  -15.858 0.4000000060
115730  23.812  -84.232  -14.558 0.4000000060
724  23.105  -84.967  -9.046 0.4000000060
731  23.790  -84.553  -9.789 0.4000000060
745  25.546  -83.995  -11.751 0.3000000119
739  25.037  -84.295  -10.807 0.4000000060
956  25.804  -83.207  -12.161 0.3000000119
113327  21.444  -82.887  -14.353 0.4000000060
113333  21.459  -82.595  -14.302 0.4000000060
99532  21.794  -82.884  -15.695 0.4000000060
970  24.246  -82.945  -17.167 0.4000000060
114950  24.237  -83.804  -15.901 0.4000000060
722  24.666  -84.595  -8.229 0.4000000060
951  25.671  -84.019  -10.889 0.3000000119
721  25.490  -84.439  -7.944 0.4000000060
116304  23.634  -85.328  -8.250 0.4000000060
102623  25.404  -84.393  -8.743 0.4000000060
108849  24.524  -84.535  -9.105 0.4000000060
112304  25.425  -84.325  -9.578 0.4000000060
5765  13.717  -71.678  -28.325 0.4000000060
772  23.322  -84.161  -15.207 0.4000000060
172  19.248  -86.878  -4.873 0.4000000060
215  18.848  -86.855  -8.844 0.4000000060
324  20.526  -85.287  -3.332 0.5000000000
337  20.123  -86.750  -5.574 0.4000000060
341  20.170  -86.689  -6.517 0.4000000060
344  20.508  -86.152  -7.413 0.4000000060
500  22.428  -85.316  -4.433 0.5000000000
502  20.879  -85.514  -3.873 0.5000000000
506  23.835  -85.315  -5.413 0.4000000060
515  24.053  -85.448  -7.079 0.5000000000
523  20.517  -85.685  -9.291 0.4000000060
573  18.943  -85.109  -21.253 0.3000000119
595  16.331  -83.801  -24.237 0.4000000060
682  20.869  -84.792  -3.157 0.3000000119
700  24.439  -84.746  -5.070 0.4000000060
705  24.915  -84.628  -5.790 0.4000000060
712  25.618  -84.422  -7.260 0.4000000060
723  23.790  -84.865  -8.893 0.4000000060
738  25.848  -84.071  -10.011 0.3000000119
755  22.074  -84.156  -11.993 0.3000000119
762  21.947  -84.177  -13.382 0.4000000060
765  25.132  -84.230  -14.195 0.4000000060
767  22.895  -84.161  -14.546 0.4000000060
771  24.364  -84.159  -15.291 0.4000000060
773  22.208  -84.076  -14.805 0.4000000060
790  20.056  -84.087  -20.532 0.3000000119
794  19.830  -84.076  -21.282 0.3000000119
798  18.592  -83.606  -22.765 0.4000000060
803  18.131  -83.362  -23.361 0.3000000119
814  16.053  -83.447  -24.873 0.3000000119
939  27.056  -83.045  -7.416 0.3000000119
946  26.949  -82.930  -9.384 0.4000000060
947  26.281  -83.469  -9.663 0.4000000060
960  25.260  -84.175  -13.433 0.3000000119
962  25.281  -83.488  -14.472 0.4000000060
963  25.191  -83.111  -15.077 0.5000000000
967  23.116  -83.599  -16.302 0.4000000060
968  22.099  -83.297  -15.851 0.4000000060
983  19.429  -83.531  -21.835 0.3000000119
985  19.061  -82.977  -22.025 0.3000000119
988  18.589  -82.907  -22.742 0.3000000119
991  18.101  -82.806  -23.663 0.4000000060
993  17.749  -83.219  -24.138 0.4000000060
997  17.289  -83.221  -24.883 0.4000000060
1002  16.786  -83.237  -26.069 0.3000000119
1006  16.374  -83.545  -26.968 0.3000000119
1152  27.191  -82.655  -10.151 0.4000000060
1163  27.620  -81.893  -12.048 0.4000000060
1165  26.305  -82.592  -12.585 0.4000000060
1200  23.456  -82.794  -18.048 0.5000000000
1205  24.938  -82.174  -18.282 0.4000000060
1218  22.835  -82.204  -20.133 0.3000000119
1219  22.238  -81.791  -20.605 0.3000000119
1228  19.214  -82.674  -21.506 0.3000000119
1232  18.402  -82.267  -23.309 0.4000000060
1235  18.211  -81.419  -24.899 0.4000000060
1237  17.825  -82.239  -24.612 0.3000000119
1240  18.250  -81.235  -25.550 0.5000000000
1242  17.370  -82.437  -25.381 0.4000000060
1246  17.586  -81.685  -26.022 0.3000000119
1247  17.009  -82.112  -26.026 0.3000000119
1264  14.869  -81.680  -28.513 0.4000000060
1404  28.497  -81.688  -7.611 0.3000000119
1411  29.809  -80.550  -8.564 0.3000000119
1413  28.621  -81.619  -8.358 0.3000000119
1424  28.400  -81.553  -10.627 0.3000000119
1454  25.632  -80.391  -15.104 0.5000000000
1471  25.370  -80.553  -17.001 0.5000000000
1484  25.593  -81.204  -18.977 0.4000000060
1490  24.241  -81.558  -20.921 0.3000000119
1493  22.055  -80.979  -20.817 0.3000000119
1499  22.461  -81.535  -21.858 0.3000000119
1504  24.357  -81.237  -21.944 0.3000000119
1506  18.780  -82.532  -22.389 0.3000000119
1507  18.189  -81.513  -22.654 0.4000000060
1514  18.741  -80.848  -25.794 0.3000000119
1516  18.723  -80.597  -26.817 0.5000000000
1519  18.828  -80.580  -27.448 0.4000000060
1522  18.797  -80.329  -27.591 0.4000000060
1525  12.321  -81.347  -27.162 0.5000000000
1527  10.380  -80.984  -27.833 0.5000000000
1766  26.769  -79.533  -15.169 0.3000000119
1816  17.750  -80.394  -21.389 0.4000000060
1820  24.940  -79.432  -20.846 0.3000000119
1827  24.138  -79.629  -22.323 0.3000000119
1839  19.614  -80.035  -26.740 0.5000000000
1848  18.867  -80.102  -27.751 0.4000000060
1849  11.869  -81.210  -28.290 0.4000000060
1850  11.160  -81.026  -28.332 0.5000000000
1854  18.345  -79.797  -27.864 0.4000000060
1855  17.336  -79.277  -28.218 0.4000000060
1867  14.476  -80.417  -31.316 0.6999999881
1874  12.989  -79.271  -32.180 0.6000000238
2241  12.893  -79.779  -23.807 0.6999999881
2248  19.675  -80.080  -26.582 0.4000000060
2256  19.586  -79.729  -26.733 0.4000000060
2261  19.706  -79.274  -27.466 0.4000000060
2263  12.271  -80.586  -28.114 0.5000000000
2266  19.856  -78.812  -28.011 0.4000000060
2267  10.579  -79.921  -28.792 0.5000000000
2270  19.501  -78.044  -29.184 0.5000000000
2276  18.878  -78.112  -29.392 0.5000000000
2283  15.691  -79.107  -30.447 0.5000000000
2290  17.158  -77.768  -30.902 0.6000000238
2291  16.576  -78.139  -31.218 0.6000000238
2293  14.840  -79.365  -32.217 0.6999999881
2294  13.841  -79.303  -32.321 0.6999999881
2676  13.130  -78.713  -23.542 0.8000000119
2699  13.508  -79.697  -24.338 0.6999999881
2703  20.046  -79.378  -27.030 0.4000000060
2718  13.040  -78.171  -28.029 0.6000000238
2721  20.036  -78.378  -28.853 0.4000000060
2722  11.070  -78.519  -29.492 0.5000000000
2723  10.563  -78.396  -29.339 0.5000000000
2734  10.872  -78.317  -31.412 0.5000000000
2738  17.780  -77.377  -31.549 0.6000000238
2741  15.321  -78.723  -32.568 0.6999999881
2745  18.417  -77.128  -32.261 0.5000000000
3127  14.866  -77.164  -23.656 0.6999999881
3129  13.056  -77.940  -23.589 0.6999999881
3137  12.662  -77.493  -23.782 0.6999999881
3147  15.267  -77.264  -24.681 0.6000000238
3149  12.183  -76.843  -24.550 0.6999999881
3167  20.097  -78.270  -28.317 0.3000000119
3176  20.182  -78.019  -29.297 0.4000000060
3177  13.210  -76.822  -29.000 0.6999999881
3547  14.811  -76.057  -22.911 0.6999999881
3548  14.277  -76.245  -22.809 0.8999999762
3579  15.416  -76.631  -25.497 0.6000000238
3596  15.099  -76.198  -27.202 0.5000000000
3602  19.948  -77.372  -28.575 0.3000000119
3610  12.509  -76.464  -29.866 0.6000000238
3611  11.022  -76.568  -30.256 0.6000000238
3623  10.483  -76.244  -31.732 0.5000000000
3631  11.671  -76.141  -32.220 0.4000000060
3632  11.038  -75.843  -32.028 0.6000000238
3635  18.681  -77.027  -33.062 0.4000000060
3636  17.726  -76.834  -33.093 0.6000000238
3639  15.160  -76.314  -33.147 0.6999999881
3990  14.168  -75.555  -22.639 0.8999999762
4002  15.363  -75.689  -23.280 0.6000000238
4003  13.033  -75.913  -23.406 0.6999999881
4089  10.464  -75.643  -31.656 0.5000000000
4092  15.327  -74.601  -33.085 0.6999999881
4095  12.125  -75.522  -32.222 0.6000000238
4096  11.472  -75.585  -32.036 0.4000000060
4101  16.374  -75.495  -33.165 0.6999999881
4528  15.976  -74.431  -22.462 0.6000000238
4530  14.499  -74.809  -22.233 0.8999999762
4546  13.368  -74.532  -22.879 0.6999999881
4658  12.274  -74.583  -32.302 0.8000000119
5085  16.784  -73.264  -21.743 0.6000000238
5086  16.139  -73.652  -21.266 0.6000000238
5087  15.437  -73.754  -21.161 0.6999999881
5101  16.533  -73.712  -22.884 0.6000000238
5115  12.587  -73.046  -23.202 0.6999999881
5132  12.195  -73.506  -23.850 0.6000000238
5133  11.661  -72.958  -24.389 0.6000000238
5185  14.308  -72.848  -27.907 0.4000000060
5210  12.449  -73.034  -30.017 0.6999999881
5211  11.762  -72.907  -31.055 0.8000000119
5254  12.772  -73.052  -33.006 0.8000000119
5634  17.102  -72.438  -20.468 0.6000000238
5635  16.275  -72.508  -20.368 0.6000000238
5663  17.415  -72.669  -22.008 0.6000000238
5815  11.910  -72.060  -32.195 0.6999999881
6180  14.767  -71.668  -20.868 0.8999999762
6181  8.785  -71.227  -21.201 0.6000000238
6192  14.301  -71.903  -21.335 0.6999999881
6193  13.736  -71.659  -21.876 0.6999999881
6196  7.556  -71.853  -21.461 0.6000000238
6224  10.875  -70.564  -23.990 0.6000000238
6301  12.946  -70.417  -30.396 0.4000000060
6334  12.548  -70.320  -31.519 0.6000000238
6631  18.188  -70.514  -19.946 0.6000000238
6632  17.571  -70.450  -19.688 0.6000000238
6640  18.600  -70.440  -20.548 0.5000000000
6641  15.371  -70.587  -20.387 0.6999999881
6643  14.222  -70.190  -21.048 0.6999999881
6645  9.454  -70.816  -21.230 0.6000000238
6647  7.965  -70.626  -20.766 0.6000000238
6662  6.626  -70.754  -21.183 0.6000000238
6674  12.707  -70.634  -22.420 0.6000000238
6688  10.823  -70.181  -23.434 0.5000000000
6690  9.688  -70.034  -23.955 0.6000000238
6703  9.598  -70.066  -24.521 0.6000000238
7064  18.029  -69.773  -19.688 0.6000000238
7065  17.200  -69.612  -19.611 0.6000000238
7066  16.188  -69.283  -19.767 0.6000000238
7079  13.048  -69.367  -20.993 0.6000000238
7080  12.205  -69.288  -21.017 0.6000000238
7081  11.367  -69.430  -20.821 0.6000000238
7082  10.437  -69.642  -20.538 0.6000000238
7083  9.458  -70.142  -20.581 0.5000000000
7084  8.484  -69.994  -20.543 0.6000000238
7086  6.842  -69.757  -21.306 0.6000000238
7118  5.626  -69.752  -22.258 0.6000000238
7119  4.972  -70.023  -22.589 0.5000000000
7516  18.326  -68.307  -19.724 0.5000000000
7521  13.742  -68.133  -19.673 0.6000000238
7522  12.850  -68.244  -19.882 0.5000000000
7523  11.991  -68.345  -19.921 0.6000000238
7525  10.367  -68.239  -19.807 0.6000000238
7547  10.385  -68.951  -19.960 0.6000000238
7569  6.950  -68.868  -21.746 0.6000000238
7582  5.999  -69.101  -22.792 0.6000000238
7588  6.464  -68.026  -24.214 0.6000000238
7975  17.719  -67.620  -19.604 0.5000000000
7977  15.835  -67.333  -19.584 0.6000000238
7978  14.971  -67.170  -19.401 0.5000000000
8024  6.976  -67.830  -23.126 0.6000000238
8431  12.413  -66.373  -19.142 0.6999999881
8432  10.385  -66.875  -19.727 0.5000000000
8458  8.430  -66.216  -21.663 0.5000000000
8465  7.342  -66.921  -23.337 0.4000000060
8471  7.390  -66.063  -23.274 0.5000000000
8478  6.303  -66.647  -25.102 0.5000000000
8869  6.088  -65.147  -16.129 0.6000000238
8888  6.084  -65.195  -16.901 0.6000000238
8889  5.396  -65.473  -17.311 0.5000000000
8903  4.987  -65.436  -18.443 0.5000000000
8921  11.423  -65.410  -19.424 0.6999999881
8959  7.179  -65.181  -22.887 0.6999999881
8977  6.105  -65.725  -24.680 0.6000000238
8993  12.164  -66.016  -25.303 0.5000000000
8994  11.506  -66.006  -25.974 0.5000000000
9015  8.799  -66.014  -28.776 0.5000000000
9032  10.412  -66.218  -30.589 0.5000000000
9033  9.434  -66.306  -30.206 0.5000000000
9398  4.155  -64.376  -14.688 0.6000000238
9410  4.827  -64.700  -15.170 0.6000000238
9423  6.471  -64.505  -17.296 0.6000000238
9437  4.866  -64.702  -18.908 0.5000000000
9448  13.707  -65.048  -19.832 0.5000000000
9451  11.086  -64.662  -19.779 0.6999999881
9468  12.542  -64.159  -20.070 0.5000000000
9471  10.043  -64.009  -20.664 0.6000000238
9483  8.628  -63.915  -21.508 0.6999999881
9496  8.422  -64.887  -21.607 0.6000000238
9497  6.432  -64.696  -23.104 0.6999999881
9509  5.719  -64.586  -23.376 0.6999999881
9510  3.814  -64.194  -23.826 0.6000000238
9527  11.678  -65.421  -24.516 0.6000000238
9528  10.745  -64.955  -25.020 0.6000000238
9620  8.330  -66.097  -30.097 0.5000000000
10002  6.856  -62.923  -13.046 0.6000000238
10018  7.370  -63.187  -13.711 0.6000000238
10020  5.282  -63.358  -12.940 0.5000000000
10031  7.881  -63.288  -14.387 0.6000000238
10041  8.262  -63.206  -15.012 0.6000000238
10049  7.045  -63.753  -16.829 0.6000000238
10076  2.972  -62.894  -19.343 0.5000000000
10089  2.503  -63.191  -19.719 0.5000000000
10101  12.331  -63.644  -20.749 0.5000000000
10103  10.021  -63.258  -21.097 0.6999999881
10105  1.219  -63.025  -20.499 0.5000000000
10110  12.848  -63.902  -21.376 0.6000000238
10111  11.515  -62.836  -21.734 0.5000000000
10112  10.772  -62.933  -21.329 0.6000000238
10124  4.728  -63.421  -22.731 0.6000000238
10140  4.204  -63.839  -23.176 0.5000000000
10144  -0.289  -62.267  -24.708 0.5000000000
10159  10.334  -63.822  -24.544 0.5000000000
10196  6.332  -64.496  -28.354 0.5000000000
10197  5.758  -63.799  -28.579 0.5000000000
10610  6.833  -62.076  -11.971 0.8000000119
10611  6.045  -62.249  -11.724 0.6999999881
10629  8.057  -62.377  -12.762 0.6999999881
10652  9.616  -62.515  -14.217 0.8000000119
10659  10.136  -62.358  -14.735 0.8000000119
10661  8.426  -62.792  -15.655 0.6999999881
10670  9.237  -62.236  -16.273 0.8000000119
10671  8.491  -62.347  -16.306 0.8000000119
10673  7.337  -62.771  -16.682 0.6999999881
10686  6.258  -62.416  -17.605 0.6999999881
10698  4.707  -62.033  -18.435 0.6999999881
10699  4.035  -62.379  -18.735 0.6000000238
10710  2.391  -62.394  -19.373 0.6000000238
10722  -0.469  -62.146  -20.520 0.5000000000
10731  -1.796  -61.782  -21.863 0.5000000000
10734  10.575  -62.470  -22.442 0.6000000238
10753  9.398  -62.147  -23.440 0.6000000238
10765  9.936  -62.832  -24.023 0.5000000000
11249  9.743  -61.200  -12.927 0.8000000119
11251  8.317  -61.324  -12.361 0.6999999881
11252  7.481  -61.057  -12.111 0.6999999881
11262  10.353  -61.678  -13.438 0.8000000119
11267  12.346  -61.033  -14.601 0.5000000000
11269  11.000  -61.796  -13.862 0.8000000119
11279  11.059  -62.127  -14.575 0.6999999881
11288  13.454  -61.103  -16.589 0.4000000060
11290  12.198  -61.877  -15.836 0.6000000238
11291  11.178  -62.144  -15.717 0.6999999881
11310  10.161  -61.602  -17.501 0.6999999881
11314  5.866  -61.770  -18.033 0.6999999881
11324  12.708  -61.329  -17.714 0.4000000060
11330  7.039  -61.254  -18.178 0.8000000119
11332  4.795  -61.459  -18.607 0.6999999881
11334  1.732  -61.141  -19.221 0.6000000238
11335  0.658  -60.652  -19.219 0.6000000238
11344  1.922  -61.751  -19.291 0.6000000238
11354  -2.000  -60.711  -20.426 0.6000000238
11358  -2.052  -61.008  -21.366 0.6000000238
11366  8.248  -61.566  -22.757 0.6000000238
11368  6.276  -61.467  -22.557 0.5000000000
11369  5.453  -61.413  -22.615 0.5000000000
11374  -1.806  -61.373  -22.074 0.6000000238
11387  7.091  -60.921  -23.541 0.6000000238
11405  8.073  -61.627  -24.246 0.6000000238
11406  7.238  -61.305  -24.388 0.6999999881
11407  5.322  -61.425  -25.212 0.6000000238
11429  4.597  -61.852  -26.353 0.5000000000
11915  6.674  -60.960  -11.961 0.8000000119
11916  5.873  -60.975  -11.824 0.6999999881
11917  5.084  -60.972  -11.595 0.4000000060
11924  9.734  -60.413  -13.019 0.8000000119
11925  9.012  -60.689  -12.662 0.8000000119
11928  6.104  -60.503  -12.393 0.6000000238
11982  9.361  -60.836  -18.918 0.6000000238
11986  5.819  -60.936  -18.794 0.6999999881
11990  1.296  -60.339  -19.181 0.6000000238
11992  -0.459  -60.216  -19.113 0.6000000238
12001  12.413  -60.598  -19.151 0.3000000119
12002  11.745  -60.374  -19.509 0.4000000060
12008  4.802  -60.457  -19.515 0.8000000119
12011  1.425  -59.663  -19.274 0.6999999881
12012  -1.421  -59.772  -19.486 0.6000000238
12024  -1.479  -59.660  -21.630 0.6000000238
12037  4.962  -60.995  -22.881 0.6999999881
12038  4.131  -61.062  -22.844 0.6999999881
12056  6.235  -60.855  -23.512 0.6000000238
12058  4.138  -60.803  -23.611 0.6999999881
12060  2.047  -60.283  -23.240 0.6000000238
12082  3.866  -60.702  -25.112 0.6999999881
12084  2.525  -60.028  -24.265 0.5000000000
12559  4.553  -60.227  -12.846 0.5000000000
12575  9.589  -59.223  -13.982 0.6999999881
12576  8.689  -59.054  -14.046 0.6999999881
12633  9.625  -59.692  -20.321 0.4000000060
12635  7.650  -59.987  -20.240 0.6000000238
12643  -1.377  -58.691  -19.870 0.6000000238
12656  5.264  -58.825  -20.332 0.5000000000
12679  -0.076  -57.835  -22.020 0.5000000000
12719  2.983  -59.922  -24.995 0.5000000000
13267  7.274  -58.604  -14.330 0.6999999881
13281  9.966  -58.799  -14.628 0.6000000238
13283  7.911  -58.804  -14.169 0.6999999881
13341  2.768  -58.886  -19.904 0.6999999881
13343  0.457  -57.684  -19.989 0.5000000000
13367  0.418  -57.215  -21.647 0.5000000000
13382  2.381  -57.627  -23.459 0.5000000000
13384  0.757  -57.937  -22.592 0.5000000000
13407  2.394  -58.739  -24.248 0.5000000000
13977  6.314  -57.762  -15.053 0.6000000238
14065  1.359  -56.914  -21.363 0.5000000000
14716  11.379  -56.434  -16.717 0.3000000119
16177  7.639  -54.733  -16.830 0.4000000060
16994  2.354  -52.728  -18.532 0.6000000238
17722  3.941  -52.394  -15.553 0.3000000119
17746  3.558  -52.349  -19.171 0.5000000000
18469  3.271  -51.651  -16.785 0.6000000238
18482  2.329  -51.291  -17.849 0.6000000238
18487  8.398  -51.613  -18.566 0.3000000119
18491  3.010  -50.840  -19.279 0.4000000060
18492  2.384  -51.447  -18.764 0.4000000060
19260  3.452  -49.941  -19.449 0.4000000060
19949  5.074  -50.217  -15.091 0.4000000060
19951  7.318  -49.022  -16.966 0.3000000119
99055  22.197  -83.041  -16.886 0.4000000060
99058  18.340  -81.446  -20.842 0.4000000060
99072  21.925  -78.450  -21.706 0.3000000119
99077  22.029  -81.457  -21.575 0.3000000119
99078  18.061  -79.408  -23.874 0.4000000060
99079  18.534  -80.916  -24.970 0.3000000119
99080  19.145  -80.434  -25.948 0.4000000060
99105  10.974  -82.240  -25.860 0.6999999881
99468  18.201  -80.830  -14.525 0.4000000060
99641  22.502  -81.370  -22.145 0.3000000119
99708  20.647  -75.618  -19.075 0.3000000119
99736  17.965  -78.651  -23.895 0.4000000060
99899  10.492  -82.176  -25.072 0.6999999881
100110  21.983  -78.767  -19.945 0.3000000119
100509  11.038  -81.717  -26.881 0.5000000000
100946  10.923  -82.508  -24.952 0.8000000119
100983  12.153  -77.982  -29.233 0.6000000238
101308  25.944  -81.259  -18.342 0.4000000060
102035  15.806  -75.483  -24.865 0.5000000000
102510  26.959  -82.422  -12.174 0.4000000060
102679  21.801  -85.560  -5.003 0.5000000000
102766  25.101  -84.271  -12.085 0.4000000060
102896  7.002  -64.260  -22.547 0.6999999881
103287  18.195  -81.356  -25.155 0.5000000000
103363  21.671  -80.929  -21.741 0.3000000119
103825  13.869  -75.842  -32.943 0.8000000119
104102  23.147  -80.980  -17.968 0.4000000060
104959  12.126  -70.325  -22.665 0.6000000238
105047  9.636  -61.931  -16.866 0.6999999881
105195  7.008  -61.524  -22.534 0.6000000238
105274  21.269  -83.365  -13.435 0.3000000119
105461  19.585  -79.888  -27.023 0.4000000060
106149  5.266  -62.842  -22.441 0.6000000238
106213  5.093  -62.085  -22.436 0.5000000000
106295  11.374  -74.375  -31.789 0.6999999881
106699  13.017  -78.083  -32.314 0.6000000238
107190  11.136  -66.919  -19.479 0.6000000238
107237  29.071  -81.219  -10.172 0.3000000119
107456  16.862  -68.848  -19.600 0.5000000000
107554  8.893  -59.507  -20.458 0.5000000000
107701  18.714  -79.600  -28.023 0.4000000060
108140  5.767  -63.476  -13.525 0.6000000238
108374  12.978  -66.015  -19.013 0.6999999881
108630  23.816  -83.435  -16.480 0.4000000060
108643  4.403  -63.926  -19.151 0.5000000000
108843  3.700  -56.880  -20.969 0.5000000000
108984  19.811  -77.233  -30.190 0.4000000060
109174  18.337  -80.522  -27.391 0.4000000060
109281  17.373  -85.231  -23.809 0.4000000060
109352  3.100  -63.457  -19.550 0.5000000000
109488  19.308  -86.706  -8.093 0.4000000060
109678  24.738  -84.391  -10.044 0.4000000060
109811  19.285  -80.230  -26.494 0.3000000119
110027  5.899  -63.405  -28.722 0.5000000000
110589  4.801  -49.664  -20.675 0.3000000119
110630  12.595  -75.080  -24.324 0.6999999881
110708  24.452  -84.307  -13.136 0.4000000060
110943  13.202  -60.085  -14.970 0.4000000060
111150  6.594  -68.620  -22.513 0.5000000000
111457  14.839  -73.272  -32.862 0.5000000000
111510  19.758  -78.531  -28.461 0.5000000000
111906  19.448  -83.154  -21.535 0.3000000119
112872  5.279  -62.322  -11.471 0.5000000000
113064  23.450  -84.386  -10.616 0.4000000060
113190  10.918  -57.038  -16.504 0.3000000119
113206  21.982  -83.680  -15.088 0.4000000060
113299  12.363  -61.768  -16.542 0.5000000000
113467  18.595  -78.698  -16.908 0.3000000119
113648  17.932  -82.096  -14.719 0.4000000060
113829  15.424  -85.766  -7.431 0.4000000060
113902  20.016  -74.766  -19.689 0.3000000119
113948  18.851  -80.161  -27.885 0.4000000060
114254  14.019  -82.954  -28.704 0.4000000060
115192  14.633  -76.663  -27.572 0.6999999881
115335  11.385  -80.624  -24.273 0.8000000119
115385  19.798  -78.011  -27.174 0.3000000119
115442  12.895  -70.228  -21.961 0.6999999881
115497  18.275  -79.051  -18.149 0.3000000119
115512  7.513  -65.982  -29.912 0.5000000000
115631  22.042  -85.562  -5.812 0.5000000000
115844  22.545  -83.600  -15.936 0.4000000060
116006  13.810  -77.200  -32.829 0.6999999881
116192  25.420  -84.248  -10.283 0.3000000119
116409  7.300  -57.246  -15.724 0.6999999881
116781  29.508  -80.858  -9.798 0.3000000119
116858  7.160  -60.471  -19.664 0.8000000119
116950  17.086  -81.559  -26.464 0.3000000119
117093  18.642  -80.786  -26.084 0.3000000119
117164  3.577  -62.424  -22.565 0.5000000000
117170  14.614  -71.436  -31.743 0.4000000060
117187  16.386  -77.588  -33.247 0.6999999881
117507  3.444  -60.101  -19.690 0.8000000119
117751  6.322  -55.146  -16.674 0.6000000238
117863  25.284  -84.225  -11.413 0.3000000119
118102  8.736  -62.030  -24.063 0.6000000238
118277  20.551  -83.135  -13.469 0.4000000060
118340  15.056  -77.807  -33.242 0.6999999881
118366  14.611  -77.675  -26.873 0.6999999881
118986  23.364  -85.611  -7.198 0.5000000000
119079  18.463  -79.498  -17.044 0.3000000119
119187  10.861  -78.863  -29.312 0.5000000000
119218  5.253  -61.773  -18.317 0.6999999881
119326  12.844  -64.612  -22.497 0.5000000000
119474  18.752  -85.048  -21.870 0.3000000119
119670  18.417  -87.012  -9.141 0.4000000060
119923  -1.863  -60.214  -19.862 0.5000000000
120188  13.970  -80.829  -31.215 0.6000000238
120242  13.908  -74.925  -22.557 0.8000000119
120719  11.590  -58.925  -15.040 0.4000000060
120960  24.046  -84.946  -8.415 0.4000000060
121003  5.321  -56.855  -15.801 0.6000000238
121126  11.465  -59.542  -14.196 0.6000000238
121290  19.903  -78.758  -27.957 0.5000000000
