#!ascii label  , from subject sub-v1s16x0051191_ses-1 vox2ras=TkReg
737
34665  23.183  -17.539  58.675 0.0000000000
42382  34.644  -6.504  50.674 0.0000000000
40824  27.220  -9.591  56.441 0.0000000000
83384  9.371  -20.558  71.716 0.0000000000
36906  19.295  -14.219  64.330 0.0000000000
43724  26.978  -5.864  54.646 0.0000000000
33907  13.770  -18.482  68.037 0.0000000000
31364  12.097  -21.637  69.725 0.0000000000
33173  15.764  -18.915  64.672 0.0000000000
42394  37.691  -6.874  49.578 0.0000000000
36954  25.852  -14.527  59.456 0.0000000000
85785  28.440  -15.046  57.511 0.0000000000
33275  27.995  -18.681  58.659 0.0000000000
45200  37.195  -3.202  49.196 0.0000000000
44496  40.083  -4.108  47.221 0.0000000000
44473  32.526  -4.675  52.531 0.0000000000
40890  34.407  -9.308  52.800 0.0000000000
41698  30.030  -7.879  52.791 0.0000000000
86973  30.404  -9.287  56.603 0.0000000000
33221  22.273  -19.744  62.062 0.0000000000
29721  7.147  -23.092  72.478 0.0000000000
92796  4.056  -23.590  73.894 0.0000000000
29663  2.599  -22.889  76.876 0.0000000000
36211  21.101  -15.219  60.908 0.0000000000
86660  18.477  -18.292  63.423 0.0000000000
40013  24.540  -10.732  58.530 0.0000000000
37675  30.804  -13.516  57.884 0.0000000000
46705  43.654  -1.700  46.659 0.0000000000
43097  36.181  -6.778  50.082 0.0000000000
41710  36.458  -8.307  51.207 0.0000000000
36263  24.620  -15.857  58.788 0.0000000000
86349  26.006  -17.005  58.008 0.0000000000
33278  25.355  -18.775  58.949 0.0000000000
44477  34.866  -3.912  50.714 0.0000000000
45192  36.545  -3.360  51.400 0.0000000000
43755  35.645  -5.355  49.277 0.0000000000
43113  37.372  -5.367  48.634 0.0000000000
79992  2.043  -27.557  77.656 0.0000000000
43086  30.992  -6.434  52.423 0.0000000000
44464  29.925  -4.851  53.696 0.0000000000
41656  26.613  -8.141  54.803 0.0000000000
41654  28.284  -8.669  54.260 0.0000000000
40822  29.068  -9.582  56.454 0.0000000000
89558  30.600  -10.158  58.011 0.0000000000
31366  10.522  -21.266  70.554 0.0000000000
30539  11.228  -22.896  70.871 0.0000000000
30541  9.716  -22.372  71.450 0.0000000000
29719  8.858  -23.323  72.534 0.0000000000
31337  8.132  -21.876  72.033 0.0000000000
31311  4.284  -21.875  74.721 0.0000000000
29674  3.172  -23.170  75.783 0.0000000000
36936  19.994  -14.713  61.834 0.0000000000
34641  19.393  -16.974  61.379 0.0000000000
35337  18.109  -16.284  62.556 0.0000000000
31417  15.794  -21.098  66.613 0.0000000000
32290  17.070  -20.517  65.708 0.0000000000
83796  30.390  -16.227  57.773 0.0000000000
93235  29.445  -14.080  57.428 0.0000000000
44445  28.445  -3.951  55.233 0.0000000000
43714  26.193  -5.226  56.112 0.0000000000
42324  24.980  -7.853  56.441 0.0000000000
32241  14.283  -20.557  67.615 0.0000000000
31378  14.237  -21.681  68.831 0.0000000000
32224  13.003  -20.768  68.880 0.0000000000
32203  12.223  -19.767  69.947 0.0000000000
33101  10.495  -19.793  71.792 0.0000000000
36155  16.872  -15.650  64.075 0.0000000000
36132  15.783  -15.827  66.370 0.0000000000
34598  14.490  -18.190  66.695 0.0000000000
37642  26.771  -13.439  60.619 0.0000000000
38437  25.537  -12.895  59.305 0.0000000000
36971  26.052  -14.387  58.671 0.0000000000
34673  28.623  -17.655  57.518 0.0000000000
45957  39.811  -2.403  47.744 0.0000000000
45207  38.317  -3.242  48.278 0.0000000000
43759  38.817  -5.409  48.260 0.0000000000
43749  33.218  -5.568  51.112 0.0000000000
41712  34.232  -7.630  51.793 0.0000000000
42368  32.708  -6.803  51.848 0.0000000000
88341  32.085  -8.676  52.890 0.0000000000
40065  32.159  -10.058  54.823 0.0000000000
43075  28.448  -6.352  53.287 0.0000000000
40852  30.028  -9.328  54.413 0.0000000000
33981  22.185  -18.879  59.905 0.0000000000
33245  24.546  -19.656  60.017 0.0000000000
45187  33.828  -3.699  52.906 0.0000000000
32161  7.402  -20.349  72.981 0.0000000000
31324  5.862  -21.610  72.793 0.0000000000
29709  5.470  -23.823  73.023 0.0000000000
28209  5.089  -25.967  74.020 0.0000000000
27482  3.795  -26.055  74.789 0.0000000000
86680  2.637  -26.253  75.449 0.0000000000
27472  1.572  -26.261  75.640 0.0000000000
75961  0.374  -25.035  75.555 0.0000000000
35368  22.166  -16.678  59.505 0.0000000000
33983  20.722  -18.067  60.521 0.0000000000
33950  20.271  -18.374  63.082 0.0000000000
33954  16.669  -18.131  63.723 0.0000000000
40812  25.423  -10.000  57.245 0.0000000000
38462  26.153  -12.235  57.719 0.0000000000
79762  27.024  -11.624  57.463 0.0000000000
39286  28.646  -11.032  57.684 0.0000000000
33243  26.623  -19.484  60.342 0.0000000000
45964  43.860  -2.396  45.574 0.0000000000
45961  40.930  -2.821  46.623 0.0000000000
45217  42.399  -2.954  45.920 0.0000000000
43098  35.260  -6.170  49.901 0.0000000000
42380  36.351  -7.569  50.670 0.0000000000
42381  35.515  -7.010  50.669 0.0000000000
82707  23.961  -17.439  58.424 0.0000000000
34664  24.665  -17.652  58.294 0.0000000000
78560  23.987  -18.158  58.484 0.0000000000
44483  34.484  -4.803  50.245 0.0000000000
44482  35.290  -4.413  49.860 0.0000000000
43751  34.941  -5.288  49.794 0.0000000000
26642  1.443  -27.424  77.061 0.0000000000
44463  30.848  -4.814  53.783 0.0000000000
44443  30.274  -4.165  54.856 0.0000000000
41645  26.211  -8.495  55.454 0.0000000000
41644  27.040  -8.772  55.228 0.0000000000
40823  28.176  -9.624  56.443 0.0000000000
40808  29.852  -9.478  57.023 0.0000000000
40809  28.847  -9.806  56.932 0.0000000000
32205  9.947  -21.005  71.032 0.0000000000
31351  10.122  -21.799  70.965 0.0000000000
31352  9.414  -21.489  71.377 0.0000000000
31353  8.948  -22.125  71.760 0.0000000000
32190  8.635  -21.218  71.755 0.0000000000
36918  19.427  -14.385  63.266 0.0000000000
36190  19.092  -15.178  61.901 0.0000000000
36170  18.118  -15.061  63.156 0.0000000000
31405  16.073  -21.504  67.281 0.0000000000
39253  25.196  -11.074  61.103 0.0000000000
36259  31.013  -15.700  58.109 0.0000000000
43715  25.641  -5.971  56.423 0.0000000000
43060  25.223  -6.615  57.407 0.0000000000
33126  13.807  -19.563  67.717 0.0000000000
32242  13.609  -20.369  68.278 0.0000000000
33908  13.432  -19.184  68.522 0.0000000000
33889  12.651  -18.816  70.586 0.0000000000
33099  11.951  -19.088  70.936 0.0000000000
33100  11.219  -19.430  71.376 0.0000000000
36882  16.854  -14.837  65.770 0.0000000000
35277  14.668  -17.091  67.965 0.0000000000
34589  14.740  -17.270  67.059 0.0000000000
33918  14.038  -18.826  67.189 0.0000000000
33133  14.360  -19.902  67.002 0.0000000000
86967  25.946  -14.023  59.240 0.0000000000
36242  25.656  -14.911  58.905 0.0000000000
34010  27.356  -17.980  57.882 0.0000000000
34674  27.860  -17.441  57.597 0.0000000000
34009  28.206  -18.091  57.754 0.0000000000
34662  29.869  -17.815  57.943 0.0000000000
33987  29.532  -18.424  59.265 0.0000000000
45196  37.049  -3.056  49.993 0.0000000000
45954  38.633  -2.634  48.525 0.0000000000
45208  37.577  -3.568  48.626 0.0000000000
43105  37.465  -6.188  48.979 0.0000000000
43112  38.192  -5.783  48.655 0.0000000000
43104  38.343  -6.497  49.083 0.0000000000
43742  32.782  -5.068  51.703 0.0000000000
43094  32.594  -5.950  51.568 0.0000000000
43743  32.147  -5.453  52.125 0.0000000000
42354  30.529  -7.192  52.555 0.0000000000
42353  31.372  -7.236  52.442 0.0000000000
41697  30.889  -7.989  52.717 0.0000000000
41666  32.142  -9.272  53.359 0.0000000000
41667  31.329  -8.797  53.157 0.0000000000
44457  27.869  -4.496  54.653 0.0000000000
43722  28.255  -4.985  53.975 0.0000000000
90479  27.445  -6.095  54.131 0.0000000000
90374  29.480  -9.371  54.938 0.0000000000
41653  29.231  -8.928  54.092 0.0000000000
40835  30.184  -9.491  55.511 0.0000000000
77268  31.065  -9.714  55.194 0.0000000000
33248  21.890  -19.144  60.634 0.0000000000
32391  23.171  -20.001  60.937 0.0000000000
45175  32.834  -3.918  54.102 0.0000000000
44460  33.045  -4.040  53.145 0.0000000000
44479  33.412  -4.638  51.312 0.0000000000
30571  12.976  -22.023  69.621 0.0000000000
30555  12.546  -22.576  70.158 0.0000000000
29720  8.029  -23.279  72.521 0.0000000000
29706  8.420  -23.786  73.083 0.0000000000
29707  7.569  -23.887  72.921 0.0000000000
28951  7.144  -24.603  73.323 0.0000000000
33084  7.114  -20.126  73.772 0.0000000000
83861  6.728  -20.497  73.113 0.0000000000
32162  6.157  -20.387  73.789 0.0000000000
30494  4.190  -22.823  74.021 0.0000000000
30493  4.626  -21.958  73.667 0.0000000000
29710  4.629  -23.690  73.404 0.0000000000
28953  5.139  -24.572  73.307 0.0000000000
28223  4.700  -25.223  73.703 0.0000000000
27481  4.605  -26.198  74.642 0.0000000000
28944  3.888  -24.941  73.989 0.0000000000
91649  3.090  -22.891  76.466 0.0000000000
28933  2.668  -25.054  74.919 0.0000000000
89230  2.323  -24.248  75.313 0.0000000000
28196  2.165  -25.784  75.327 0.0000000000
28925  1.851  -23.906  75.685 0.0000000000
36210  22.666  -15.146  61.475 0.0000000000
36226  22.307  -15.564  60.534 0.0000000000
36227  21.517  -15.761  60.395 0.0000000000
34647  21.263  -17.722  59.963 0.0000000000
34648  20.607  -17.144  60.389 0.0000000000
34629  18.979  -17.463  62.049 0.0000000000
33973  19.677  -17.870  61.611 0.0000000000
33963  19.507  -18.132  62.439 0.0000000000
35316  15.717  -17.214  64.339 0.0000000000
34622  16.826  -17.470  63.470 0.0000000000
33942  16.213  -18.485  64.130 0.0000000000
32289  17.590  -19.854  65.450 0.0000000000
41693  34.176  -8.495  52.290 0.0000000000
41692  35.087  -8.951  52.260 0.0000000000
85826  35.239  -9.565  52.868 0.0000000000
41625  24.633  -9.092  58.796 0.0000000000
41631  24.730  -8.812  57.453 0.0000000000
82380  24.780  -9.588  57.681 0.0000000000
37677  26.442  -13.870  58.072 0.0000000000
38448  25.509  -12.552  58.447 0.0000000000
90833  26.908  -13.448  57.696 0.0000000000
37683  29.957  -13.718  57.515 0.0000000000
38460  28.360  -12.903  57.474 0.0000000000
38459  29.467  -12.879  57.562 0.0000000000
39287  27.846  -11.004  57.509 0.0000000000
38447  30.064  -12.000  57.923 0.0000000000
39279  29.476  -11.041  57.912 0.0000000000
33244  25.570  -19.623  60.191 0.0000000000
46714  43.952  -1.855  46.068 0.0000000000
87006  39.749  -2.838  47.370 0.0000000000
88864  40.371  -2.506  47.206 0.0000000000
45212  40.189  -3.219  46.979 0.0000000000
44501  41.760  -4.301  46.495 0.0000000000
43772  42.520  -4.748  46.420 0.0000000000
34582  14.155  -17.609  68.439 0.0000000000
33898  13.698  -18.161  68.939 0.0000000000
78022  37.099  -7.285  50.180 0.0000000000
92049  37.538  -7.754  50.462 0.0000000000
41721  37.100  -8.005  50.724 0.0000000000
36262  25.351  -15.454  58.652 0.0000000000
35383  25.994  -15.996  58.053 0.0000000000
35384  25.259  -16.364  58.295 0.0000000000
34663  25.529  -17.758  58.211 0.0000000000
33277  26.409  -18.736  58.884 0.0000000000
45184  36.471  -3.626  52.471 0.0000000000
45193  35.616  -3.476  51.588 0.0000000000
44481  35.920  -3.807  49.840 0.0000000000
45201  36.515  -3.564  49.529 0.0000000000
45209  36.827  -3.939  48.886 0.0000000000
92578  36.139  -5.121  48.876 0.0000000000
43754  36.505  -5.744  48.885 0.0000000000
26639  2.504  -27.488  78.274 0.0000000000
44452  32.148  -4.366  54.019 0.0000000000
44474  31.894  -5.092  52.839 0.0000000000
43728  31.118  -5.280  53.023 0.0000000000
43729  30.275  -5.326  53.105 0.0000000000
43746  29.835  -5.852  52.735 0.0000000000
43072  26.263  -6.458  55.004 0.0000000000
42337  27.596  -7.315  53.882 0.0000000000
41655  27.439  -8.421  54.511 0.0000000000
40853  28.755  -9.203  54.951 0.0000000000
80840  29.732  -9.432  56.351 0.0000000000
40795  31.222  -9.831  58.065 0.0000000000
89746  21.563  -19.051  63.147 0.0000000000
31365  11.203  -21.459  70.121 0.0000000000
30556  11.648  -22.361  70.302 0.0000000000
30557  10.820  -22.110  70.569 0.0000000000
30540  10.466  -22.610  71.147 0.0000000000
29730  10.089  -23.013  71.775 0.0000000000
30523  8.504  -22.734  72.154 0.0000000000
30524  7.668  -22.517  72.253 0.0000000000
32149  5.328  -20.622  74.543 0.0000000000
31297  4.380  -21.775  75.973 0.0000000000
30479  3.922  -22.436  75.214 0.0000000000
29686  3.319  -23.564  74.913 0.0000000000
30480  3.601  -22.817  75.579 0.0000000000
92410  3.391  -22.360  77.075 0.0000000000
30459  2.585  -22.420  77.523 0.0000000000
36946  20.769  -14.784  61.482 0.0000000000
35350  19.955  -16.531  60.825 0.0000000000
92486  19.598  -15.235  61.434 0.0000000000
35336  18.706  -16.344  61.935 0.0000000000
34630  18.226  -17.165  62.567 0.0000000000
33145  15.653  -20.088  65.582 0.0000000000
33158  16.159  -19.809  65.007 0.0000000000
32273  16.533  -20.879  66.148 0.0000000000
40071  34.140  -10.139  54.041 0.0000000000
40000  24.364  -10.615  59.152 0.0000000000
36271  28.915  -15.768  57.427 0.0000000000
36986  28.903  -14.374  57.421 0.0000000000
36269  30.526  -15.229  57.719 0.0000000000
36979  30.648  -14.340  57.747 0.0000000000
46696  42.368  -1.542  47.673 0.0000000000
82450  0.146  -27.435  76.659 0.0000000000
44436  28.191  -3.774  55.938 0.0000000000
44446  27.598  -4.159  55.486 0.0000000000
43066  26.509  -5.463  55.321 0.0000000000
43718  26.024  -5.940  55.691 0.0000000000
42327  25.396  -7.405  55.750 0.0000000000
41637  25.855  -8.778  56.003 0.0000000000
31393  15.486  -21.627  67.953 0.0000000000
30580  15.074  -21.788  68.726 0.0000000000
31394  14.205  -21.199  68.154 0.0000000000
31395  13.633  -21.178  68.574 0.0000000000
78612  12.708  -21.336  69.304 0.0000000000
33899  13.310  -18.771  69.408 0.0000000000
33118  12.706  -20.102  69.312 0.0000000000
32225  12.318  -20.746  69.388 0.0000000000
33108  11.374  -19.883  70.474 0.0000000000
32188  10.741  -20.133  70.982 0.0000000000
92308  9.955  -20.138  71.795 0.0000000000
89156  17.938  -14.800  63.779 0.0000000000
36895  17.449  -14.609  65.037 0.0000000000
35303  16.325  -15.897  64.575 0.0000000000
34607  15.352  -17.276  65.138 0.0000000000
36122  15.555  -15.876  67.226 0.0000000000
34597  15.009  -17.592  66.078 0.0000000000
33923  14.878  -18.683  65.915 0.0000000000
33146  15.110  -20.261  66.300 0.0000000000
32258  14.962  -20.809  67.049 0.0000000000
38400  26.382  -12.018  61.692 0.0000000000
38411  25.701  -12.045  61.017 0.0000000000
38423  26.006  -12.842  60.293 0.0000000000
37666  25.888  -13.482  58.675 0.0000000000
36980  26.657  -14.677  58.034 0.0000000000
35399  26.656  -16.496  57.810 0.0000000000
35398  27.466  -16.552  57.602 0.0000000000
36272  27.964  -15.762  57.548 0.0000000000
35382  29.968  -17.049  57.697 0.0000000000
34661  30.512  -17.665  58.678 0.0000000000
46689  39.748  -2.040  48.945 0.0000000000
45958  39.063  -2.839  47.786 0.0000000000
45214  38.796  -3.729  47.798 0.0000000000
44490  37.418  -4.461  48.535 0.0000000000
43767  38.747  -4.616  48.001 0.0000000000
43099  33.816  -6.075  50.745 0.0000000000
42366  34.887  -7.302  51.299 0.0000000000
43093  33.273  -6.385  51.353 0.0000000000
90688  33.483  -7.183  51.774 0.0000000000
41694  33.255  -8.387  52.457 0.0000000000
43085  31.914  -6.412  52.137 0.0000000000
41695  32.493  -8.199  52.522 0.0000000000
40892  32.733  -8.919  52.858 0.0000000000
40867  32.962  -9.539  53.389 0.0000000000
40064  32.806  -10.229  54.719 0.0000000000
44455  29.634  -4.408  54.349 0.0000000000
43089  29.126  -6.026  52.915 0.0000000000
42356  29.009  -6.828  52.866 0.0000000000
42336  28.325  -7.326  53.384 0.0000000000
41669  29.569  -8.410  53.305 0.0000000000
41668  30.400  -8.559  53.184 0.0000000000
40850  31.590  -9.836  54.636 0.0000000000
33991  22.528  -18.470  59.390 0.0000000000
33990  23.837  -18.769  59.033 0.0000000000
33246  23.538  -19.675  60.166 0.0000000000
32390  24.088  -20.109  60.793 0.0000000000
44471  33.906  -3.858  51.906 0.0000000000
43748  33.832  -5.199  50.650 0.0000000000
32174  8.996  -20.078  72.605 0.0000000000
33082  8.705  -19.790  73.466 0.0000000000
32175  8.454  -20.622  72.199 0.0000000000
81862  7.748  -20.652  72.487 0.0000000000
31339  6.542  -21.591  72.483 0.0000000000
30509  6.233  -22.516  72.557 0.0000000000
31325  5.330  -21.156  73.441 0.0000000000
86288  5.343  -22.182  72.964 0.0000000000
29708  6.488  -23.734  72.819 0.0000000000
28952  6.119  -24.663  73.226 0.0000000000
28208  5.988  -26.065  74.079 0.0000000000
27459  3.421  -26.634  76.324 0.0000000000
28945  3.273  -24.534  74.529 0.0000000000
28195  2.981  -25.909  74.974 0.0000000000
27454  2.939  -26.876  76.770 0.0000000000
26644  2.215  -27.138  76.765 0.0000000000
27461  1.903  -26.774  76.030 0.0000000000
85221  1.185  -26.827  75.927 0.0000000000
28926  1.220  -23.464  76.052 0.0000000000
28934  1.166  -24.404  75.590 0.0000000000
77015  0.679  -26.126  75.633 0.0000000000
35367  22.994  -16.566  59.084 0.0000000000
35357  22.629  -15.948  59.826 0.0000000000
90929  22.508  -17.250  59.101 0.0000000000
33992  21.915  -18.208  59.610 0.0000000000
33982  21.473  -18.513  60.220 0.0000000000
33971  21.151  -18.736  60.915 0.0000000000
34640  20.045  -17.545  60.925 0.0000000000
33972  20.418  -18.285  61.247 0.0000000000
33201  21.025  -18.637  62.695 0.0000000000
35329  17.115  -16.064  63.486 0.0000000000
34621  17.591  -17.363  63.152 0.0000000000
33953  17.526  -18.156  63.485 0.0000000000
33172  16.622  -19.301  64.529 0.0000000000
33171  17.615  -19.323  64.701 0.0000000000
33939  19.067  -18.501  64.145 0.0000000000
41711  34.997  -8.144  51.787 0.0000000000
42321  25.076  -7.437  57.791 0.0000000000
41639  24.869  -8.525  56.840 0.0000000000
40825  25.820  -9.371  56.508 0.0000000000
38425  24.632  -11.846  59.850 0.0000000000
38439  24.523  -11.793  59.210 0.0000000000
39281  24.903  -11.236  58.197 0.0000000000
91659  27.585  -13.394  57.541 0.0000000000
92059  25.390  -11.320  57.843 0.0000000000
40030  26.056  -10.535  57.270 0.0000000000
40029  27.108  -10.597  57.266 0.0000000000
40810  27.761  -9.948  56.929 0.0000000000
40012  29.199  -10.470  57.661 0.0000000000
33262  25.201  -19.266  59.584 0.0000000000
33261  26.016  -19.133  59.562 0.0000000000
33242  27.557  -19.129  60.061 0.0000000000
33217  28.231  -19.440  61.464 0.0000000000
33980  28.253  -18.905  59.793 0.0000000000
46712  45.402  -1.408  45.279 0.0000000000
46707  41.831  -1.749  46.973 0.0000000000
45960  41.838  -2.365  46.427 0.0000000000
45219  40.887  -3.885  46.737 0.0000000000
45218  41.641  -3.316  46.256 0.0000000000
88909  42.658  -2.401  46.191 0.0000000000
45965  43.138  -2.723  45.805 0.0000000000
45222  44.191  -3.207  45.073 0.0000000000
88794  23.654  -16.886  58.647 0.0000000000
43752  34.395  -5.713  50.183 0.0000000000
76626  0.609  -27.585  77.252 0.0000000000
40839  26.601  -9.122  55.996 0.0000000000
40838  27.577  -9.279  55.845 0.0000000000
36919  18.608  -14.547  63.588 0.0000000000
30579  15.782  -21.804  68.675 0.0000000000
31392  16.312  -21.629  68.035 0.0000000000
34590  14.213  -17.854  67.547 0.0000000000
33999  27.714  -18.415  58.224 0.0000000000
33998  28.489  -18.437  58.218 0.0000000000
33988  28.634  -18.687  59.049 0.0000000000
45947  37.733  -2.784  49.616 0.0000000000
45955  37.906  -2.899  48.853 0.0000000000
42393  38.533  -7.139  49.637 0.0000000000
27453  3.544  -26.746  77.127 0.0000000000
43717  27.122  -4.900  54.960 0.0000000000
43723  27.541  -5.317  54.286 0.0000000000
33222  21.738  -19.233  61.447 0.0000000000
80862  22.406  -19.686  61.174 0.0000000000
44461  32.361  -4.488  53.380 0.0000000000
44472  33.163  -4.219  52.178 0.0000000000
28954  4.324  -24.348  73.643 0.0000000000
29696  3.674  -24.005  74.141 0.0000000000
29675  2.558  -23.430  75.961 0.0000000000
29676  1.928  -23.275  76.548 0.0000000000
36189  21.691  -14.778  61.706 0.0000000000
83366  21.876  -15.198  60.950 0.0000000000
35349  20.712  -16.106  60.487 0.0000000000
33964  18.735  -17.962  62.734 0.0000000000
33951  19.382  -18.315  63.324 0.0000000000
34615  15.572  -17.973  64.441 0.0000000000
34614  16.080  -17.657  63.889 0.0000000000
40767  24.489  -9.734  59.496 0.0000000000
40796  24.519  -9.917  58.526 0.0000000000
93347  24.629  -9.152  58.101 0.0000000000
40032  24.824  -10.414  57.927 0.0000000000
37676  27.326  -14.085  57.676 0.0000000000
38458  30.268  -12.968  57.732 0.0000000000
39285  28.998  -11.969  57.646 0.0000000000
38446  30.934  -12.650  58.081 0.0000000000
45213  39.500  -3.474  47.400 0.0000000000
34573  14.204  -17.380  69.322 0.0000000000
35263  14.656  -16.898  68.805 0.0000000000
81937  24.968  -18.232  58.459 0.0000000000
34001  25.931  -18.289  58.457 0.0000000000
34000  26.872  -18.362  58.340 0.0000000000
45194  34.733  -3.635  51.721 0.0000000000
44485  36.057  -4.397  49.174 0.0000000000
43106  36.009  -6.196  49.393 0.0000000000
42395  36.806  -6.542  49.480 0.0000000000
44462  31.684  -4.798  53.572 0.0000000000
44453  31.586  -4.437  54.271 0.0000000000
42330  26.387  -7.348  54.726 0.0000000000
42329  27.114  -7.701  54.284 0.0000000000
40837  28.451  -9.405  55.782 0.0000000000
40854  27.922  -8.970  55.084 0.0000000000
40836  29.270  -9.442  55.710 0.0000000000
40027  29.494  -9.949  57.397 0.0000000000
40807  30.480  -9.649  57.614 0.0000000000
31338  7.301  -21.655  72.189 0.0000000000
31280  4.526  -21.510  77.011 0.0000000000
30467  4.069  -22.218  76.305 0.0000000000
36916  21.164  -14.357  63.379 0.0000000000
36935  20.950  -14.487  62.306 0.0000000000
36191  18.383  -15.512  62.501 0.0000000000
32274  15.916  -20.638  65.978 0.0000000000
39988  24.461  -10.535  59.968 0.0000000000
36270  29.752  -15.565  57.465 0.0000000000
36258  31.560  -15.724  58.671 0.0000000000
36978  31.331  -14.906  58.218 0.0000000000
27462  0.342  -26.977  75.869 0.0000000000
43063  25.193  -6.849  56.486 0.0000000000
41646  25.504  -8.190  55.789 0.0000000000
31406  14.854  -21.297  67.678 0.0000000000
80629  14.800  -21.543  68.262 0.0000000000
33107  12.892  -19.275  69.741 0.0000000000
31380  11.597  -20.677  69.841 0.0000000000
32189  10.161  -20.414  71.348 0.0000000000
89144  18.192  -14.424  64.474 0.0000000000
77823  18.037  -14.311  65.292 0.0000000000
36131  16.313  -15.265  66.267 0.0000000000
36144  16.172  -15.693  65.472 0.0000000000
35304  15.794  -16.503  64.784 0.0000000000
81681  15.550  -16.460  65.689 0.0000000000
84259  15.032  -19.548  65.859 0.0000000000
33924  14.531  -19.231  66.446 0.0000000000
38410  26.651  -12.677  61.159 0.0000000000
85752  26.005  -13.492  59.674 0.0000000000
35397  28.529  -16.727  57.451 0.0000000000
35396  29.512  -16.469  57.489 0.0000000000
34672  29.307  -17.373  57.521 0.0000000000
33996  29.958  -18.122  58.676 0.0000000000
43760  36.653  -4.847  48.720 0.0000000000
80462  38.097  -4.978  48.335 0.0000000000
92198  33.631  -7.864  52.108 0.0000000000
42367  32.963  -7.642  52.149 0.0000000000
43744  31.429  -5.725  52.460 0.0000000000
41696  31.727  -8.064  52.626 0.0000000000
42352  32.190  -7.390  52.261 0.0000000000
40073  32.321  -9.904  54.067 0.0000000000
44444  29.439  -3.934  55.134 0.0000000000
44456  28.766  -4.360  54.465 0.0000000000
43731  28.690  -5.537  53.413 0.0000000000
41671  27.853  -8.008  53.879 0.0000000000
41670  28.692  -8.235  53.552 0.0000000000
40870  29.966  -8.919  53.702 0.0000000000
40869  30.646  -9.184  53.773 0.0000000000
40851  30.818  -9.568  54.563 0.0000000000
33264  23.083  -19.005  59.588 0.0000000000
33247  22.661  -19.458  60.369 0.0000000000
32368  23.744  -20.350  61.583 0.0000000000
45186  34.711  -3.545  52.753 0.0000000000
30569  14.742  -22.182  69.467 0.0000000000
33094  9.856  -19.882  72.399 0.0000000000
33083  7.919  -19.936  73.678 0.0000000000
33070  8.389  -19.473  74.263 0.0000000000
32160  8.199  -20.215  72.856 0.0000000000
32177  6.203  -20.941  72.921 0.0000000000
32176  7.041  -20.887  72.514 0.0000000000
31310  4.694  -21.201  74.271 0.0000000000
30511  4.902  -22.953  73.214 0.0000000000
30510  5.653  -23.079  72.823 0.0000000000
28222  5.630  -25.411  73.585 0.0000000000
27480  5.419  -26.309  74.651 0.0000000000
88051  4.222  -26.374  75.311 0.0000000000
91387  3.965  -26.545  75.926 0.0000000000
27470  3.357  -26.326  75.507 0.0000000000
27460  2.657  -26.632  76.058 0.0000000000
78223  1.906  -24.850  75.372 0.0000000000
87285  1.552  -27.145  76.397 0.0000000000
76719  1.144  -22.989  77.160 0.0000000000
35366  23.840  -16.186  58.918 0.0000000000
35358  21.922  -16.090  59.946 0.0000000000
34654  22.472  -17.911  59.088 0.0000000000
34655  21.918  -17.443  59.492 0.0000000000
33962  20.298  -18.348  62.119 0.0000000000
33961  21.041  -18.743  61.757 0.0000000000
33183  21.011  -18.673  63.598 0.0000000000
36907  17.422  -14.933  64.270 0.0000000000
36171  17.523  -15.365  63.619 0.0000000000
35328  17.124  -16.743  63.323 0.0000000000
33157  16.955  -20.062  65.034 0.0000000000
81686  18.251  -19.232  65.358 0.0000000000
33940  18.069  -18.727  64.033 0.0000000000
43092  34.073  -6.817  51.326 0.0000000000
43057  25.386  -6.744  58.337 0.0000000000
40826  25.023  -9.226  56.914 0.0000000000
38424  25.190  -12.351  60.086 0.0000000000
38449  24.823  -11.899  58.629 0.0000000000
39280  25.390  -11.808  58.024 0.0000000000
37685  28.225  -13.803  57.477 0.0000000000
38461  27.149  -12.686  57.554 0.0000000000
39288  26.023  -11.303  57.533 0.0000000000
40031  25.401  -10.821  57.664 0.0000000000
40811  26.528  -9.947  56.882 0.0000000000
40028  28.461  -10.343  57.334 0.0000000000
85631  31.005  -11.639  58.285 0.0000000000
92024  23.897  -19.280  59.582 0.0000000000
33263  24.549  -19.061  59.306 0.0000000000
33260  26.953  -18.986  59.472 0.0000000000
33241  28.280  -19.166  60.567 0.0000000000
33979  29.056  -18.779  60.074 0.0000000000
46713  44.536  -1.735  45.582 0.0000000000
45963  44.381  -2.342  45.068 0.0000000000
46688  40.455  -1.862  48.741 0.0000000000
88496  41.120  -2.056  47.020 0.0000000000
44500  42.418  -3.847  46.120 0.0000000000
44506  43.065  -3.447  45.785 0.0000000000
42365  35.680  -7.854  51.219 0.0000000000
35385  24.434  -16.766  58.447 0.0000000000
26640  1.199  -27.825  77.857 0.0000000000
44454  30.958  -4.356  54.579 0.0000000000
86549  30.331  -4.500  54.252 0.0000000000
80808  10.427  -20.701  70.789 0.0000000000
79376  7.819  -21.049  72.106 0.0000000000
31281  4.185  -21.989  77.011 0.0000000000
36917  20.204  -14.372  62.823 0.0000000000
36937  19.483  -14.605  62.481 0.0000000000
36938  18.793  -14.753  62.741 0.0000000000
39265  24.658  -11.196  60.306 0.0000000000
35380  31.076  -16.395  58.400 0.0000000000
43711  26.034  -5.243  56.965 0.0000000000
93083  25.341  -6.301  56.894 0.0000000000
33117  13.120  -19.768  68.963 0.0000000000
33888  13.211  -18.419  70.272 0.0000000000
35276  15.090  -16.505  67.523 0.0000000000
36261  26.052  -15.183  58.365 0.0000000000
34011  26.448  -17.840  58.060 0.0000000000
34675  26.958  -17.279  57.751 0.0000000000
34008  29.033  -18.110  57.698 0.0000000000
33997  29.285  -18.357  58.378 0.0000000000
82831  37.034  -3.149  50.795 0.0000000000
45939  37.828  -2.973  50.684 0.0000000000
45945  39.052  -2.258  49.040 0.0000000000
45946  38.404  -2.545  49.248 0.0000000000
43111  38.993  -6.145  48.598 0.0000000000
40868  31.455  -9.522  53.889 0.0000000000
43732  27.986  -5.801  53.769 0.0000000000
32369  22.923  -20.170  61.780 0.0000000000
45174  33.779  -3.632  53.862 0.0000000000
30570  13.830  -22.141  69.530 0.0000000000
30554  13.443  -22.672  70.135 0.0000000000
28221  6.693  -25.423  73.774 0.0000000000
33071  7.517  -19.604  74.471 0.0000000000
28210  4.247  -25.701  74.227 0.0000000000
29687  2.803  -23.949  75.109 0.0000000000
75967  0.471  -23.741  75.600 0.0000000000
35359  21.374  -16.723  59.964 0.0000000000
79916  16.337  -16.627  63.876 0.0000000000
88609  17.584  -20.185  66.094 0.0000000000
41624  24.923  -8.353  59.095 0.0000000000
42318  24.831  -8.349  58.151 0.0000000000
37686  26.288  -13.078  57.983 0.0000000000
37684  29.072  -13.626  57.434 0.0000000000
82855  27.995  -11.871  57.528 0.0000000000
32389  25.064  -20.032  60.835 0.0000000000
33220  25.968  -19.961  60.990 0.0000000000
33219  26.773  -19.909  61.337 0.0000000000
46698  40.563  -1.908  47.811 0.0000000000
44499  43.172  -4.326  46.028 0.0000000000
34574  13.672  -17.857  69.826 0.0000000000
86097  15.059  -16.387  68.338 0.0000000000
42379  37.936  -7.507  50.145 0.0000000000
91958  25.182  -17.147  58.201 0.0000000000
33276  27.306  -18.705  58.779 0.0000000000
45198  35.697  -3.618  50.585 0.0000000000
45197  36.412  -3.360  50.353 0.0000000000
26641  2.881  -27.107  77.602 0.0000000000
43745  30.607  -5.812  52.626 0.0000000000
43087  30.194  -6.438  52.552 0.0000000000
42355  29.733  -7.097  52.665 0.0000000000
43071  27.038  -6.793  54.291 0.0000000000
84125  30.830  -9.187  57.249 0.0000000000
85356  31.392  -9.397  57.714 0.0000000000
33199  22.170  -19.697  63.080 0.0000000000
30522  9.301  -22.913  71.962 0.0000000000
31296  4.684  -21.024  75.326 0.0000000000
29685  3.735  -23.186  74.597 0.0000000000
30468  3.611  -22.579  76.421 0.0000000000
36212  20.142  -15.399  61.030 0.0000000000
35351  19.379  -15.915  61.294 0.0000000000
83065  15.386  -19.277  65.311 0.0000000000
32291  16.448  -20.423  65.528 0.0000000000
31416  16.507  -21.221  66.751 0.0000000000
85795  17.150  -20.804  66.564 0.0000000000
40866  33.825  -9.685  53.399 0.0000000000
40865  34.647  -9.822  53.437 0.0000000000
36987  28.093  -14.440  57.540 0.0000000000
86429  29.176  -15.066  57.424 0.0000000000
36985  29.799  -14.621  57.448 0.0000000000
46695  43.359  -1.552  47.445 0.0000000000
80202  40.010  -5.059  47.590 0.0000000000
75948  -0.308  -27.704  77.514 0.0000000000
45151  28.951  -3.643  55.861 0.0000000000
44447  26.857  -4.617  55.808 0.0000000000
42331  25.808  -7.117  55.202 0.0000000000
43067  25.638  -6.618  55.703 0.0000000000
42326  25.893  -7.787  55.224 0.0000000000
31379  13.368  -21.561  69.079 0.0000000000
32204  10.900  -20.664  70.346 0.0000000000
80887  16.814  -15.219  64.857 0.0000000000
35290  15.251  -16.608  66.557 0.0000000000
92840  15.271  -16.973  65.874 0.0000000000
33931  15.210  -18.292  65.204 0.0000000000
32257  15.450  -21.370  67.294 0.0000000000
36988  27.560  -14.933  57.708 0.0000000000
36260  26.889  -15.636  57.838 0.0000000000
35381  30.522  -17.069  58.166 0.0000000000
46699  39.952  -2.034  48.286 0.0000000000
45953  39.323  -2.297  48.321 0.0000000000
44497  39.387  -4.358  47.612 0.0000000000
44489  38.121  -4.089  48.204 0.0000000000
40891  33.542  -9.110  52.812 0.0000000000
40072  33.270  -10.062  54.011 0.0000000000
44465  29.103  -4.891  53.814 0.0000000000
43730  29.472  -5.397  53.209 0.0000000000
43088  29.565  -6.433  52.698 0.0000000000
43076  27.779  -6.625  53.757 0.0000000000
42335  29.190  -7.674  52.989 0.0000000000
34002  23.132  -18.349  58.910 0.0000000000
44478  34.091  -4.251  50.966 0.0000000000
30553  14.300  -22.627  70.133 0.0000000000
30525  6.944  -22.291  72.300 0.0000000000
28211  3.454  -25.437  74.504 0.0000000000
27471  2.182  -26.377  75.647 0.0000000000
26645  0.914  -27.264  76.459 0.0000000000
29664  1.950  -22.847  77.390 0.0000000000
28197  1.290  -25.432  75.532 0.0000000000
33200  21.667  -19.179  62.347 0.0000000000
35338  17.739  -15.852  63.044 0.0000000000
92847  17.410  -16.318  63.208 0.0000000000
34631  17.687  -16.628  62.962 0.0000000000
33952  18.120  -17.821  63.066 0.0000000000
33941  17.104  -18.747  64.043 0.0000000000
40900  35.792  -8.636  51.725 0.0000000000
90407  35.336  -9.956  53.481 0.0000000000
43709  25.483  -5.945  58.068 0.0000000000
79238  24.945  -7.338  57.043 0.0000000000
42322  24.828  -8.039  57.253 0.0000000000
41638  25.297  -8.667  56.386 0.0000000000
92178  26.534  -9.529  56.460 0.0000000000
88849  25.002  -11.727  60.509 0.0000000000
38438  24.881  -12.328  59.222 0.0000000000
39266  24.432  -11.257  59.564 0.0000000000
38450  24.467  -11.318  58.854 0.0000000000
81878  29.899  -10.264  57.838 0.0000000000
39278  30.334  -10.905  58.101 0.0000000000
33989  24.517  -18.599  58.788 0.0000000000
33259  27.787  -18.882  59.257 0.0000000000
33218  27.518  -19.820  61.804 0.0000000000
82267  27.512  -19.543  60.925 0.0000000000
46706  42.675  -1.838  46.716 0.0000000000
90526  43.331  -2.138  46.170 0.0000000000
45223  43.567  -3.111  45.467 0.0000000000
43712  25.514  -5.852  57.269 0.0000000000
