#!ascii label  , from subject sub-v1s16x0051191_ses-1 vox2ras=TkReg
470
80209  15.870  -3.942  -0.254 0.0000000000
47790  24.716  -1.156  -2.492 0.0000000000
52333  28.077  6.262  -2.154 0.0000000000
52989  21.555  8.122  -3.466 0.0000000000
42103  18.063  -9.180  0.503 0.0000000000
44171  20.509  -6.098  0.727 0.0000000000
46399  19.305  -2.439  -2.854 0.0000000000
51105  17.859  4.065  -4.030 0.0000000000
50437  25.460  3.239  -2.191 0.0000000000
50461  28.111  2.981  -4.836 0.0000000000
56119  27.295  11.799  -4.959 0.0000000000
43526  16.500  -6.910  0.256 0.0000000000
42853  19.193  -7.719  0.454 0.0000000000
44192  18.065  -5.713  -1.124 0.0000000000
49764  15.843  3.116  -2.831 0.0000000000
52999  16.241  6.970  -3.570 0.0000000000
52344  24.522  6.321  -1.038 0.0000000000
51720  22.481  5.262  -3.319 0.0000000000
51065  25.742  4.298  -0.459 0.0000000000
50422  28.097  3.464  -1.883 0.0000000000
51723  28.905  5.137  -3.336 0.0000000000
57302  25.315  14.452  -3.050 0.0000000000
56107  26.617  12.702  -3.126 0.0000000000
89667  26.691  14.191  -4.678 0.0000000000
47127  21.329  -1.333  -2.507 0.0000000000
45655  22.585  -3.479  -0.652 0.0000000000
86072  25.300  -2.743  -0.803 0.0000000000
83664  27.007  7.956  -1.069 0.0000000000
47786  28.472  -0.451  -1.371 0.0000000000
47089  15.282  -1.605  -0.108 0.0000000000
45669  17.372  -3.554  -1.765 0.0000000000
47792  16.463  -0.036  -1.763 0.0000000000
48474  17.889  0.651  -4.980 0.0000000000
49119  20.580  1.649  -3.242 0.0000000000
53006  19.233  7.543  -5.166 0.0000000000
81202  21.155  3.677  -4.066 0.0000000000
80576  25.192  0.997  -3.094 0.0000000000
49102  28.296  1.618  -2.188 0.0000000000
84317  27.352  9.895  -2.535 0.0000000000
53634  27.679  8.903  -3.747 0.0000000000
55524  26.565  11.474  -7.547 0.0000000000
54255  26.987  9.595  -6.077 0.0000000000
52360  27.431  6.911  -5.528 0.0000000000
51115  25.894  4.561  -7.570 0.0000000000
45658  19.940  -4.642  -1.799 0.0000000000
45633  14.838  -3.667  1.438 0.0000000000
44909  15.251  -4.246  0.755 0.0000000000
44194  16.353  -5.515  -0.160 0.0000000000
43530  17.897  -6.314  -0.740 0.0000000000
44918  16.487  -4.862  -0.565 0.0000000000
52335  27.095  6.250  -0.948 0.0000000000
51709  25.510  5.034  -0.336 0.0000000000
51695  26.890  5.356  -0.708 0.0000000000
85953  28.086  4.590  -1.439 0.0000000000
85244  28.630  5.703  -2.614 0.0000000000
57309  25.631  15.356  -3.370 0.0000000000
57308  26.009  14.704  -3.411 0.0000000000
80040  26.345  15.349  -3.866 0.0000000000
47125  23.125  -0.983  -2.431 0.0000000000
46385  23.334  -2.258  -1.536 0.0000000000
47113  24.680  -1.858  -2.012 0.0000000000
90042  25.696  7.361  -1.055 0.0000000000
52986  26.356  8.192  -0.911 0.0000000000
82348  16.100  -8.216  1.181 0.0000000000
41370  16.867  -9.685  1.307 0.0000000000
41362  18.209  -10.022  1.948 0.0000000000
42093  18.654  -9.525  1.305 0.0000000000
43515  19.991  -7.013  0.703 0.0000000000
42844  20.789  -8.087  1.951 0.0000000000
47101  15.998  -0.442  -1.080 0.0000000000
48446  15.549  0.796  -1.444 0.0000000000
51091  16.200  4.139  -3.996 0.0000000000
49775  16.835  1.863  -4.491 0.0000000000
49774  17.442  1.895  -5.286 0.0000000000
49127  18.658  1.249  -5.233 0.0000000000
79529  18.876  2.506  -4.907 0.0000000000
53642  18.819  9.529  -5.417 0.0000000000
53005  19.922  8.524  -5.078 0.0000000000
51086  23.434  4.169  -3.178 0.0000000000
51088  21.844  4.403  -3.828 0.0000000000
50450  23.206  3.451  -3.599 0.0000000000
49759  23.157  2.650  -3.618 0.0000000000
49748  24.842  2.649  -3.075 0.0000000000
49104  26.285  1.575  -2.370 0.0000000000
49747  26.684  2.223  -2.057 0.0000000000
50449  28.398  3.068  -3.850 0.0000000000
49758  28.605  2.258  -3.630 0.0000000000
56113  27.209  12.025  -4.266 0.0000000000
79319  27.406  10.564  -2.975 0.0000000000
54897  27.546  10.524  -3.821 0.0000000000
85351  27.585  9.661  -3.194 0.0000000000
54244  27.585  9.703  -4.182 0.0000000000
85225  27.241  7.951  -5.443 0.0000000000
52374  26.845  6.903  -6.589 0.0000000000
52373  27.567  6.158  -5.609 0.0000000000
46391  17.743  -2.828  -2.252 0.0000000000
87770  18.790  -4.515  -2.248 0.0000000000
45667  20.130  -3.969  -2.193 0.0000000000
45644  23.957  -3.776  -0.117 0.0000000000
77433  22.253  -4.064  -0.100 0.0000000000
82487  15.941  -7.318  1.010 0.0000000000
42855  17.543  -8.475  0.302 0.0000000000
42102  19.124  -8.625  0.909 0.0000000000
42863  18.544  -7.543  -0.032 0.0000000000
43523  19.136  -6.968  -0.004 0.0000000000
43522  19.754  -6.210  0.095 0.0000000000
50441  14.628  3.869  -2.927 0.0000000000
51739  15.072  4.972  -4.092 0.0000000000
52364  16.331  5.731  -4.677 0.0000000000
52353  22.416  6.922  -2.821 0.0000000000
52995  21.848  7.357  -3.442 0.0000000000
51710  24.140  5.570  -1.829 0.0000000000
51074  24.589  4.801  -1.748 0.0000000000
51072  25.881  3.864  -0.414 0.0000000000
49732  27.039  2.773  -1.568 0.0000000000
51063  27.520  3.983  -1.014 0.0000000000
50434  28.840  4.215  -3.229 0.0000000000
51085  28.654  4.170  -3.985 0.0000000000
56683  24.733  13.584  -2.624 0.0000000000
56681  26.129  13.315  -3.000 0.0000000000
56690  26.421  13.459  -3.616 0.0000000000
56120  27.108  12.508  -4.978 0.0000000000
47117  20.791  -1.920  -2.576 0.0000000000
87223  20.470  -3.235  -2.418 0.0000000000
46386  22.420  -2.414  -1.613 0.0000000000
46373  23.795  -2.801  -1.087 0.0000000000
52988  22.306  7.517  -2.545 0.0000000000
91992  23.833  6.706  -1.406 0.0000000000
52975  25.393  6.762  -1.033 0.0000000000
52973  27.130  7.270  -1.247 0.0000000000
42101  20.005  -8.278  1.599 0.0000000000
47788  26.733  -0.517  -1.213 0.0000000000
47111  26.349  -1.353  -1.212 0.0000000000
45660  15.707  -2.941  -0.400 0.0000000000
45659  16.211  -3.277  -0.840 0.0000000000
46376  16.204  -2.471  -1.112 0.0000000000
82700  16.462  -1.676  -1.576 0.0000000000
47131  17.798  -1.172  -2.657 0.0000000000
49110  15.892  1.421  -2.829 0.0000000000
48464  16.657  0.509  -2.980 0.0000000000
47807  18.433  -0.482  -2.990 0.0000000000
48463  19.603  -0.132  -2.966 0.0000000000
48461  21.086  0.136  -2.890 0.0000000000
84906  22.965  0.170  -3.067 0.0000000000
53007  17.575  6.995  -4.672 0.0000000000
51736  17.767  5.858  -5.188 0.0000000000
52354  20.468  6.479  -4.399 0.0000000000
51726  19.809  5.630  -4.549 0.0000000000
50463  19.170  3.486  -4.398 0.0000000000
87952  20.461  2.855  -4.156 0.0000000000
49107  22.970  1.019  -3.079 0.0000000000
48458  24.544  0.366  -3.226 0.0000000000
48443  27.172  0.321  -1.300 0.0000000000
48455  27.767  1.060  -1.610 0.0000000000
49746  27.686  2.245  -2.003 0.0000000000
53613  27.287  8.592  -1.782 0.0000000000
53625  27.681  8.616  -2.729 0.0000000000
52994  28.283  7.315  -3.111 0.0000000000
84591  26.774  12.956  -5.724 0.0000000000
55518  27.047  11.944  -5.802 0.0000000000
54913  26.781  10.846  -7.095 0.0000000000
54908  27.173  10.339  -5.629 0.0000000000
90637  27.516  9.024  -4.579 0.0000000000
53638  27.646  8.230  -4.478 0.0000000000
52352  28.457  6.671  -3.541 0.0000000000
85358  28.116  5.808  -4.616 0.0000000000
51748  27.989  5.210  -5.120 0.0000000000
83840  26.951  3.660  -6.838 0.0000000000
44924  17.507  -4.386  -1.603 0.0000000000
44191  19.060  -5.562  -1.201 0.0000000000
44179  20.370  -5.455  0.022 0.0000000000
45656  21.663  -3.750  -0.871 0.0000000000
44914  21.404  -4.411  -0.284 0.0000000000
45646  15.243  -3.359  0.460 0.0000000000
44908  15.815  -4.920  0.213 0.0000000000
90449  26.390  5.432  -0.329 0.0000000000
52334  27.539  5.841  -1.339 0.0000000000
51706  28.140  5.365  -1.743 0.0000000000
47791  23.913  -0.916  -2.596 0.0000000000
47114  23.842  -1.603  -2.095 0.0000000000
47112  25.443  -1.561  -1.835 0.0000000000
42104  16.976  -9.101  0.704 0.0000000000
41369  17.655  -9.915  1.018 0.0000000000
41361  19.132  -9.658  2.257 0.0000000000
43514  20.964  -6.708  1.313 0.0000000000
42852  20.448  -7.527  1.438 0.0000000000
77901  21.840  -6.294  1.314 0.0000000000
47782  15.759  0.207  -1.078 0.0000000000
48436  15.120  0.680  -0.711 0.0000000000
78913  17.211  3.697  -3.864 0.0000000000
85960  16.992  2.825  -3.912 0.0000000000
50465  17.809  2.718  -4.557 0.0000000000
49773  18.193  1.955  -5.671 0.0000000000
50464  18.467  2.942  -4.539 0.0000000000
53640  20.434  9.369  -4.881 0.0000000000
52996  20.909  8.354  -4.313 0.0000000000
50438  24.563  3.468  -2.885 0.0000000000
50439  23.843  3.633  -3.233 0.0000000000
49749  23.976  2.991  -3.423 0.0000000000
82542  25.743  2.264  -2.549 0.0000000000
55510  27.325  11.451  -3.509 0.0000000000
55513  27.420  11.251  -4.430 0.0000000000
54903  27.458  10.435  -4.731 0.0000000000
53016  26.489  7.477  -7.261 0.0000000000
89434  25.380  6.279  -8.001 0.0000000000
46400  18.247  -2.162  -2.639 0.0000000000
46390  18.755  -3.115  -2.653 0.0000000000
46389  19.713  -3.273  -2.674 0.0000000000
44904  24.505  -4.190  0.349 0.0000000000
44905  23.701  -4.337  0.416 0.0000000000
44182  15.922  -5.845  0.525 0.0000000000
43516  15.745  -6.524  0.979 0.0000000000
42856  16.752  -7.974  0.486 0.0000000000
42864  17.580  -7.616  -0.077 0.0000000000
43524  18.224  -6.945  -0.427 0.0000000000
44180  18.845  -6.227  -0.604 0.0000000000
53000  15.254  6.500  -3.262 0.0000000000
52356  15.076  5.625  -3.827 0.0000000000
52355  15.833  6.100  -4.059 0.0000000000
52365  15.617  5.447  -4.316 0.0000000000
53008  16.690  6.528  -4.454 0.0000000000
52345  23.588  6.238  -2.015 0.0000000000
51708  26.380  4.772  -0.446 0.0000000000
51073  25.354  4.474  -0.554 0.0000000000
78563  25.020  4.022  -1.796 0.0000000000
51064  26.463  4.143  -0.351 0.0000000000
51717  28.667  4.664  -2.425 0.0000000000
57838  24.119  15.125  -3.685 0.0000000000
57310  23.460  14.557  -4.300 0.0000000000
57303  24.381  14.461  -3.089 0.0000000000
56682  25.559  13.487  -2.752 0.0000000000
80146  26.448  14.320  -3.908 0.0000000000
57301  25.961  13.955  -3.316 0.0000000000
56694  26.655  13.607  -4.370 0.0000000000
56114  26.850  12.841  -4.099 0.0000000000
90776  26.826  13.151  -4.871 0.0000000000
47116  21.713  -1.974  -2.143 0.0000000000
46384  24.225  -2.294  -1.593 0.0000000000
46372  24.569  -2.762  -1.060 0.0000000000
45653  24.221  -3.231  -0.603 0.0000000000
53627  22.602  7.437  -2.102 0.0000000000
80536  22.991  7.282  -1.845 0.0000000000
86523  23.090  6.942  -2.088 0.0000000000
52976  23.696  7.062  -1.174 0.0000000000
52974  26.433  7.275  -0.967 0.0000000000
91592  21.107  -8.537  2.380 0.0000000000
47787  27.669  -0.381  -0.984 0.0000000000
46354  14.865  -2.122  0.631 0.0000000000
46377  15.695  -2.066  -0.597 0.0000000000
47793  16.287  -0.045  -1.451 0.0000000000
47119  16.268  -0.797  -1.417 0.0000000000
47118  16.594  -0.846  -1.855 0.0000000000
46401  17.122  -1.749  -2.193 0.0000000000
47132  17.026  -0.778  -2.280 0.0000000000
49750  15.711  2.391  -2.509 0.0000000000
49093  15.671  1.407  -2.274 0.0000000000
48481  17.549  0.970  -5.261 0.0000000000
48482  16.773  0.954  -4.100 0.0000000000
47816  17.358  0.569  -4.008 0.0000000000
47808  17.458  -0.034  -2.787 0.0000000000
47815  18.072  0.221  -3.868 0.0000000000
47806  19.325  -0.800  -2.948 0.0000000000
47814  18.838  0.133  -3.449 0.0000000000
49120  19.530  1.396  -3.949 0.0000000000
48462  20.162  0.626  -3.005 0.0000000000
49109  21.259  1.023  -2.846 0.0000000000
48460  22.069  0.343  -2.971 0.0000000000
83653  19.036  8.646  -5.304 0.0000000000
85624  18.498  8.720  -4.992 0.0000000000
84182  18.429  7.567  -4.952 0.0000000000
89628  17.883  6.497  -5.152 0.0000000000
52362  18.546  6.584  -5.191 0.0000000000
52347  22.099  6.304  -3.340 0.0000000000
85455  21.357  6.445  -3.878 0.0000000000
51089  20.906  4.628  -3.984 0.0000000000
51090  20.149  4.880  -4.229 0.0000000000
51103  19.280  4.693  -4.336 0.0000000000
51102  20.085  3.919  -4.211 0.0000000000
50453  20.401  3.141  -4.257 0.0000000000
50452  21.343  3.047  -4.209 0.0000000000
49115  24.170  2.066  -3.373 0.0000000000
49116  23.406  1.797  -3.296 0.0000000000
49106  23.913  1.137  -3.330 0.0000000000
48457  25.389  0.333  -2.918 0.0000000000
84155  25.906  0.868  -2.678 0.0000000000
49103  27.248  1.662  -1.933 0.0000000000
48456  26.727  0.945  -1.971 0.0000000000
48454  28.628  0.865  -2.161 0.0000000000
50423  27.393  3.275  -1.414 0.0000000000
49731  27.861  2.826  -1.969 0.0000000000
56096  26.033  12.764  -2.510 0.0000000000
86645  26.586  12.050  -2.470 0.0000000000
55506  27.064  11.307  -2.658 0.0000000000
54233  27.418  9.265  -2.425 0.0000000000
53633  27.931  8.078  -3.429 0.0000000000
53624  27.940  7.810  -2.705 0.0000000000
56702  26.815  13.272  -6.549 0.0000000000
56123  26.744  12.350  -6.774 0.0000000000
87995  26.813  11.562  -6.675 0.0000000000
86010  26.751  9.475  -7.040 0.0000000000
54916  26.679  10.070  -7.496 0.0000000000
54912  26.893  10.240  -6.562 0.0000000000
54251  27.336  9.570  -5.174 0.0000000000
91653  27.090  9.159  -5.774 0.0000000000
53004  27.575  7.438  -4.952 0.0000000000
53003  28.088  7.422  -3.960 0.0000000000
52359  27.973  6.628  -4.525 0.0000000000
51753  26.279  5.490  -7.313 0.0000000000
51749  27.354  5.366  -6.143 0.0000000000
51112  27.091  4.553  -6.518 0.0000000000
51111  27.741  4.431  -5.586 0.0000000000
45670  16.618  -3.152  -1.318 0.0000000000
44925  16.711  -4.018  -1.111 0.0000000000
90133  19.496  -4.485  -2.217 0.0000000000
44915  19.303  -5.038  -1.881 0.0000000000
44190  19.993  -5.109  -1.027 0.0000000000
46375  22.062  -3.102  -1.317 0.0000000000
45666  21.116  -3.422  -1.806 0.0000000000
44906  22.864  -4.488  0.461 0.0000000000
44907  22.009  -4.729  0.405 0.0000000000
44178  21.194  -5.040  0.243 0.0000000000
44181  16.605  -6.164  -0.142 0.0000000000
43525  17.285  -6.669  -0.401 0.0000000000
44193  17.113  -5.774  -0.684 0.0000000000
52343  24.969  6.024  -0.876 0.0000000000
51707  27.285  4.936  -0.871 0.0000000000
57844  23.804  15.913  -4.220 0.0000000000
57837  24.857  15.295  -3.334 0.0000000000
47126  22.146  -1.119  -2.389 0.0000000000
47115  22.760  -1.663  -1.936 0.0000000000
47099  25.041  -2.291  -1.489 0.0000000000
42857  15.529  -7.524  1.657 0.0000000000
42105  16.191  -9.068  1.512 0.0000000000
41348  18.650  -10.032  2.915 0.0000000000
81566  19.753  -7.806  1.056 0.0000000000
47102  15.403  -0.602  -0.455 0.0000000000
83450  15.803  -1.199  -0.822 0.0000000000
48445  16.069  0.456  -1.818 0.0000000000
50454  15.945  3.511  -3.443 0.0000000000
49763  16.353  2.423  -3.485 0.0000000000
49129  17.854  1.321  -5.773 0.0000000000
83776  18.426  0.654  -4.703 0.0000000000
49128  18.234  1.381  -5.853 0.0000000000
49762  19.206  1.861  -4.828 0.0000000000
83800  19.963  2.252  -3.890 0.0000000000
53641  19.546  9.512  -5.373 0.0000000000
51076  23.103  4.782  -3.092 0.0000000000
51724  21.575  5.436  -3.741 0.0000000000
51087  22.683  4.186  -3.548 0.0000000000
50451  22.241  3.368  -3.997 0.0000000000
84340  25.031  1.788  -3.108 0.0000000000
92700  25.634  1.489  -2.827 0.0000000000
50435  28.554  3.620  -2.765 0.0000000000
81922  28.278  2.973  -2.658 0.0000000000
89911  27.056  12.239  -3.558 0.0000000000
56106  27.073  12.027  -2.983 0.0000000000
85219  26.795  8.800  -6.573 0.0000000000
53646  26.776  8.030  -6.436 0.0000000000
53010  26.994  7.451  -6.037 0.0000000000
85701  26.647  6.205  -6.924 0.0000000000
45668  18.327  -3.749  -2.310 0.0000000000
82673  19.219  -3.926  -2.507 0.0000000000
45645  23.129  -3.881  -0.057 0.0000000000
43517  15.239  -6.698  1.740 0.0000000000
42854  18.364  -8.240  0.271 0.0000000000
50456  14.570  4.023  -3.189 0.0000000000
51093  14.647  4.448  -3.526 0.0000000000
50455  14.967  3.807  -3.349 0.0000000000
51092  15.271  4.375  -3.913 0.0000000000
51738  15.904  5.041  -4.470 0.0000000000
51737  16.815  5.586  -4.804 0.0000000000
52346  22.816  6.224  -2.741 0.0000000000
51719  23.312  5.503  -2.664 0.0000000000
51075  23.787  4.859  -2.610 0.0000000000
50436  26.220  2.956  -1.634 0.0000000000
50424  26.630  3.488  -0.866 0.0000000000
51062  28.317  4.059  -1.838 0.0000000000
83752  27.907  3.465  -5.361 0.0000000000
46398  20.222  -2.587  -2.712 0.0000000000
46388  21.026  -2.701  -2.343 0.0000000000
46387  21.659  -2.732  -1.862 0.0000000000
46374  22.940  -2.862  -1.078 0.0000000000
45654  23.443  -3.336  -0.592 0.0000000000
52987  24.711  7.146  -1.092 0.0000000000
52336  26.048  6.180  -0.905 0.0000000000
52972  27.582  6.771  -1.668 0.0000000000
42092  19.583  -9.063  1.792 0.0000000000
47789  25.476  -0.854  -2.311 0.0000000000
83005  26.005  -0.880  -1.754 0.0000000000
47100  16.104  -1.656  -1.141 0.0000000000
46392  16.868  -2.561  -1.704 0.0000000000
49094  15.419  1.401  -1.704 0.0000000000
79855  15.724  0.912  -1.977 0.0000000000
48465  16.287  0.474  -2.286 0.0000000000
49121  16.412  1.499  -3.758 0.0000000000
48475  16.168  0.899  -3.033 0.0000000000
47809  16.697  -0.045  -2.186 0.0000000000
47130  18.868  -1.503  -2.872 0.0000000000
47129  19.892  -1.672  -2.889 0.0000000000
84498  19.992  -0.917  -2.900 0.0000000000
47128  20.630  -1.157  -2.749 0.0000000000
48473  19.150  0.643  -3.902 0.0000000000
47805  20.480  -0.410  -2.834 0.0000000000
47804  21.458  -0.568  -2.751 0.0000000000
47803  22.551  -0.408  -2.801 0.0000000000
47802  23.517  -0.328  -2.935 0.0000000000
52998  17.106  7.557  -4.004 0.0000000000
52363  17.143  6.107  -5.113 0.0000000000
89614  17.453  5.177  -4.479 0.0000000000
83274  21.134  7.361  -4.118 0.0000000000
52997  20.219  7.442  -4.693 0.0000000000
51725  20.712  5.579  -4.109 0.0000000000
52361  19.506  6.538  -4.942 0.0000000000
51735  18.827  5.723  -4.930 0.0000000000
51104  18.311  4.975  -4.377 0.0000000000
84261  18.650  4.039  -4.200 0.0000000000
49771  19.503  2.554  -4.519 0.0000000000
49761  21.023  2.476  -3.665 0.0000000000
49760  22.070  2.606  -3.771 0.0000000000
49117  22.579  1.908  -3.212 0.0000000000
49108  22.098  1.256  -2.988 0.0000000000
91745  24.021  -0.053  -3.203 0.0000000000
47800  25.120  -0.362  -2.830 0.0000000000
48444  26.071  -0.018  -2.124 0.0000000000
48442  28.167  0.331  -1.354 0.0000000000
49745  28.506  2.197  -2.708 0.0000000000
52985  27.517  7.754  -1.909 0.0000000000
52984  28.026  7.116  -2.412 0.0000000000
57315  26.789  14.953  -4.545 0.0000000000
90240  26.829  13.695  -5.868 0.0000000000
56699  26.772  13.669  -5.152 0.0000000000
55517  27.297  11.157  -5.278 0.0000000000
55521  26.995  11.032  -6.158 0.0000000000
53639  27.221  8.674  -5.459 0.0000000000
52342  28.507  6.563  -2.830 0.0000000000
85112  28.549  5.930  -3.863 0.0000000000
51734  28.551  5.104  -4.256 0.0000000000
51101  28.241  4.268  -4.791 0.0000000000
50472  27.580  3.466  -6.065 0.0000000000
51116  24.519  4.487  -8.747 0.0000000000
50476  26.059  3.025  -7.856 0.0000000000
50475  27.512  2.470  -6.827 0.0000000000
44917  17.315  -4.983  -1.197 0.0000000000
44923  18.046  -4.298  -2.024 0.0000000000
44916  18.281  -5.023  -1.736 0.0000000000
80417  19.628  -5.712  -0.520 0.0000000000
79180  20.989  -5.567  0.646 0.0000000000
45657  20.702  -4.285  -1.192 0.0000000000
88948  20.727  -4.839  -0.431 0.0000000000
44170  21.193  -5.977  1.053 0.0000000000
47098  25.967  -2.167  -1.017 0.0000000000
47801  24.320  -0.435  -2.941 0.0000000000
48459  23.662  0.357  -3.224 0.0000000000
48466  15.917  0.856  -2.369 0.0000000000
48480  18.070  0.971  -5.738 0.0000000000
49084  15.115  1.203  -0.954 0.0000000000
49105  24.575  1.263  -3.267 0.0000000000
49118  21.610  1.857  -3.157 0.0000000000
49130  17.201  1.369  -4.986 0.0000000000
49772  18.708  1.830  -5.453 0.0000000000
50440  15.130  3.496  -2.801 0.0000000000
50462  19.567  3.100  -4.437 0.0000000000
51077  14.431  4.396  -3.133 0.0000000000
51718  24.936  5.410  -0.776 0.0000000000
51727  14.641  5.088  -3.628 0.0000000000
79120  24.200  4.190  -2.689 0.0000000000
84033  16.813  4.753  -4.273 0.0000000000
88562  28.782  6.031  -3.222 0.0000000000
89035  15.938  2.075  -3.066 0.0000000000
92769  21.472  7.902  -3.828 0.0000000000
