#!ascii label  , from subject sub-v1s16x0051166_ses-1 vox2ras=TkReg
2019
8816  -31.120  -67.351  -4.927 0.1000000015
8086  -29.701  -67.623  -5.273 0.1000000015
7440  -28.276  -68.499  -5.746 0.1000000015
8109  -29.875  -67.415  -6.170 0.1000000015
7452  -29.386  -68.061  -7.091 0.1000000015
91574  -30.204  -67.252  -7.049 0.1000000015
7464  -29.310  -68.461  -8.326 0.1000000015
8142  -30.742  -67.285  -8.741 0.1000000015
8150  -30.677  -67.968  -9.894 0.1000000015
8141  -29.969  -68.197  -9.111 0.1000000015
95439  -31.350  -68.087  -11.305 0.1000000015
8151  -32.798  -67.177  -11.441 0.1000000015
7483  -30.108  -68.809  -10.774 0.1000000015
8155  -32.185  -67.655  -12.169 0.1000000015
92447  -30.837  -65.217  -11.570 0.1000000015
7488  -30.667  -68.675  -12.407 0.1000000015
8893  -30.836  -67.254  -12.127 0.1000000015
7491  -31.202  -68.534  -12.361 0.1000000015
8089  -33.701  -67.815  -5.478 0.1000000015
8087  -30.514  -67.225  -5.464 0.1000000015
8817  -32.086  -67.058  -5.190 0.1000000015
8839  -32.581  -66.380  -6.059 0.1000000015
8110  -30.785  -66.948  -6.331 0.1000000015
8860  -31.916  -66.408  -6.656 0.1000000015
8127  -30.613  -67.086  -7.754 0.1000000015
8875  -31.452  -66.498  -8.154 0.1000000015
8887  -31.498  -67.245  -10.022 0.1000000015
8891  -33.893  -66.679  -12.307 0.1000000015
9476  -29.917  -64.960  -4.969 0.1000000015
9492  -30.226  -65.011  -6.437 0.1000000015
9505  -30.003  -65.049  -7.332 0.1000000015
9518  -30.863  -63.934  -8.423 0.1000000015
9523  -29.851  -64.676  -9.832 0.1000000015
9531  -31.312  -64.150  -10.906 0.1000000015
9535  -32.379  -64.855  -12.077 0.1000000015
9539  -33.172  -66.083  -12.498 0.1000000015
9538  -31.529  -66.125  -12.188 0.1000000015
8158  -32.008  -67.438  -12.271 0.1000000015
6818  -35.402  -69.862  -6.974 0.1000000015
8128  -36.852  -67.903  -7.556 0.2000000030
7465  -36.073  -68.425  -7.266 0.2000000030
7442  -34.299  -69.287  -6.165 0.1000000015
8113  -37.273  -66.827  -7.459 0.1000000015
8112  -36.441  -66.995  -7.254 0.1000000015
7453  -34.911  -68.890  -6.612 0.1000000015
8864  -35.675  -66.033  -6.806 0.1000000015
8090  -34.761  -67.259  -6.127 0.1000000015
11417  -37.043  -61.698  -1.050 0.1000000015
10744  -35.640  -62.917  -0.732 0.1000000015
107246  -34.801  -65.726  -6.312 0.1000000015
8862  -33.485  -65.584  -6.488 0.1000000015
10723  -34.250  -63.257  0.197 0.1000000015
90973  -34.903  -63.384  -0.563 0.1000000015
10757  -34.577  -63.676  -1.293 0.1000000015
10090  -34.068  -63.777  -1.953 0.1000000015
106363  -33.871  -63.805  -2.746 0.1000000015
94446  -33.242  -63.675  -3.322 0.1000000015
9494  -33.882  -65.177  -6.406 0.1000000015
8882  -32.633  -65.394  -8.769 0.1000000015
106068  -32.463  -66.483  -10.183 0.1000000015
10106  -33.286  -63.878  -1.437 0.1000000015
10123  -32.333  -63.757  -2.679 0.1000000015
10124  -33.207  -63.811  -2.300 0.1000000015
10148  -32.256  -63.619  -3.662 0.1000000015
95733  -32.298  -63.535  -4.631 0.1000000015
10165  -33.134  -63.235  -5.379 0.1000000015
10183  -32.234  -63.271  -7.251 0.1000000015
93116  -33.052  -65.436  -9.894 0.1000000015
99328  -34.074  -66.078  -11.341 0.1000000015
10122  -31.458  -63.851  -3.023 0.1000000015
9477  -30.832  -64.424  -5.305 0.1000000015
10146  -31.420  -63.922  -4.787 0.1000000015
10174  -32.179  -63.293  -6.629 0.1000000015
10192  -32.404  -63.279  -9.322 0.1000000015
10197  -33.207  -63.900  -11.395 0.1000000015
9506  -31.110  -64.115  -7.305 0.1000000015
9524  -31.052  -63.799  -9.617 0.1000000015
9536  -34.002  -65.003  -12.288 0.1000000015
8894  -33.382  -66.832  -12.381 0.1000000015
8130  -38.231  -67.909  -7.672 0.1000000015
7467  -37.910  -68.528  -7.677 0.2000000030
6819  -36.315  -69.455  -7.127 0.1000000015
90477  -36.960  -69.611  -6.793 0.2000000030
91454  -36.920  -69.591  -6.349 0.2000000030
8115  -38.460  -67.497  -7.323 0.1000000015
12130  -36.757  -60.856  -0.453 0.1000000015
12129  -36.291  -61.570  -0.357 0.1000000015
8865  -36.635  -66.107  -7.217 0.1000000015
8863  -34.896  -65.460  -6.269 0.1000000015
10745  -36.221  -62.854  -1.576 0.1000000015
10758  -35.449  -63.369  -1.564 0.1000000015
10107  -34.992  -63.737  -2.173 0.1000000015
9508  -33.721  -64.463  -7.085 0.1000000015
10108  -35.847  -63.601  -2.489 0.1000000015
10125  -34.624  -63.869  -2.812 0.1000000015
99664  -33.772  -63.671  -4.155 0.1000000015
10166  -33.724  -63.642  -5.029 0.1000000015
10177  -33.727  -63.639  -5.941 0.1000000015
9526  -33.174  -63.609  -8.677 0.1000000015
9519  -33.336  -64.280  -8.538 0.1000000015
10195  -33.365  -63.495  -10.441 0.1000000015
8892  -34.519  -65.541  -12.055 0.1000000015
8094  -41.780  -67.286  -5.741 0.1000000015
7443  -41.825  -67.836  -5.930 0.1000000015
8093  -40.874  -67.405  -5.885 0.1000000015
8117  -40.078  -67.781  -6.316 0.1000000015
7456  -40.234  -68.393  -6.336 0.1000000015
7469  -39.293  -68.625  -6.950 0.2000000030
6834  -39.793  -69.121  -6.376 0.2000000030
7468  -38.566  -68.556  -7.381 0.2000000030
97224  -39.281  -69.483  -6.061 0.2000000030
6805  -38.514  -69.530  -5.789 0.2000000030
8091  -38.879  -67.261  -6.596 0.1000000015
8092  -39.837  -67.438  -6.184 0.1000000015
99166  -38.463  -66.816  -6.091 0.1000000015
8843  -37.623  -66.392  -6.163 0.1000000015
12131  -37.444  -60.905  -0.950 0.1000000015
12146  -37.988  -61.536  -1.364 0.1000000015
11432  -38.288  -62.255  -1.637 0.1000000015
11433  -38.929  -62.305  -1.728 0.1000000015
8866  -37.258  -66.428  -7.328 0.1000000015
8841  -35.436  -65.568  -6.254 0.1000000015
12858  -37.099  -59.995  -0.523 0.1000000015
13561  -38.024  -59.446  -1.360 0.1000000015
11416  -36.310  -62.292  -0.943 0.1000000015
11430  -36.949  -62.425  -1.570 0.1000000015
10775  -36.699  -63.564  -2.558 0.1000000015
10776  -37.576  -63.475  -2.362 0.1000000015
10151  -35.867  -64.494  -3.550 0.1000000015
92293  -37.047  -65.228  -3.856 0.1000000015
91776  -35.895  -65.305  -4.819 0.1000000015
9479  -35.339  -65.225  -5.400 0.1000000015
9495  -34.304  -64.834  -6.166 0.1000000015
12842  -36.424  -59.871  0.097 0.1000000015
10149  -34.213  -63.838  -3.501 0.1000000015
10167  -34.445  -64.143  -4.487 0.1000000015
9478  -34.741  -64.746  -5.126 0.1000000015
10178  -34.223  -64.280  -5.498 0.1000000015
9509  -33.793  -63.941  -6.635 0.1000000015
13546  -35.870  -59.230  0.231 0.1000000015
14238  -35.303  -58.624  -0.340 0.1000000015
13544  -34.289  -59.118  0.662 0.1000000015
93407  -34.649  -58.577  0.062 0.1000000015
9466  -44.455  -65.470  -3.964 0.1000000015
8847  -42.352  -66.878  -5.498 0.1000000015
9465  -43.877  -65.564  -4.077 0.1000000015
103176  -42.992  -66.174  -4.350 0.1000000015
8096  -43.223  -67.208  -5.072 0.1000000015
6823  -41.655  -68.560  -5.778 0.1000000015
6822  -40.839  -69.029  -6.016 0.2000000030
9464  -42.888  -65.771  -3.768 0.1000000015
8823  -41.978  -66.650  -4.904 0.1000000015
8846  -41.533  -66.977  -5.623 0.1000000015
101829  -40.071  -69.393  -5.877 0.2000000030
9446  -42.214  -65.230  -2.877 0.1000000015
8800  -41.345  -66.300  -4.005 0.1000000015
14266  -38.411  -58.845  -2.599 0.1000000015
14251  -38.094  -58.937  -1.840 0.1000000015
13573  -38.760  -59.546  -1.898 0.1000000015
12132  -38.065  -60.788  -1.254 0.1000000015
12147  -38.682  -60.968  -1.504 0.1000000015
12148  -39.508  -61.155  -1.719 0.1000000015
10132  -42.560  -64.590  -2.355 0.1000000015
9462  -40.765  -65.778  -3.281 0.1000000015
8821  -39.893  -66.701  -4.607 0.1000000015
8844  -39.310  -66.926  -5.547 0.1000000015
12859  -37.784  -60.128  -0.999 0.1000000015
99043  -39.433  -62.704  -1.764 0.1000000015
10762  -40.011  -63.168  -1.713 0.1000000015
99542  -39.301  -63.593  -1.968 0.1000000015
9460  -38.816  -65.590  -3.411 0.1000000015
8797  -38.370  -66.111  -4.210 0.1000000015
101227  -37.744  -58.292  -2.888 0.1000000015
10761  -38.600  -62.914  -1.900 0.1000000015
104965  -38.078  -63.188  -2.089 0.1000000015
93895  -38.815  -64.301  -2.430 0.1000000015
9442  -38.293  -64.804  -3.011 0.1000000015
9459  -37.906  -65.385  -3.660 0.1000000015
8796  -37.417  -65.770  -4.400 0.1000000015
8818  -36.976  -65.883  -5.515 0.1000000015
14250  -37.461  -58.567  -1.436 0.1000000015
14249  -36.419  -58.994  -0.359 0.1000000015
15017  -36.715  -57.948  -1.905 0.1000000015
15003  -35.667  -58.406  -1.064 0.1000000015
14237  -34.622  -58.305  -0.684 0.1000000015
14236  -33.959  -58.416  0.340 0.1000000015
8097  -43.383  -66.607  -4.629 0.1000000015
10153  -44.172  -64.996  -3.333 0.1000000015
10135  -45.433  -64.352  -2.866 0.1000000015
9467  -45.076  -65.378  -3.556 0.1000000015
7444  -42.987  -67.824  -5.359 0.1000000015
10133  -43.508  -64.416  -2.571 0.1000000015
11447  -44.482  -63.327  -2.016 0.1000000015
8077  -43.842  -66.960  -4.385 0.1000000015
6809  -41.956  -68.689  -5.237 0.1000000015
10778  -42.784  -63.823  -1.883 0.1000000015
10779  -43.672  -63.586  -2.030 0.1000000015
6792  -41.750  -68.936  -4.747 0.2000000030
12870  -39.172  -60.348  -1.755 0.1000000015
12871  -39.920  -60.483  -2.102 0.1000000015
10777  -41.939  -64.072  -1.696 0.1000000015
9445  -41.208  -65.282  -2.667 0.1000000015
7422  -43.053  -68.309  -3.680 0.1000000015
7421  -42.094  -68.693  -3.564 0.2000000030
13574  -39.229  -59.407  -2.767 0.1000000015
93580  -39.509  -61.963  -1.685 0.1000000015
11434  -40.295  -62.402  -1.626 0.1000000015
10110  -40.282  -63.938  -1.714 0.1000000015
9443  -39.260  -65.086  -2.744 0.1000000015
14265  -37.070  -57.911  -2.706 0.1000000015
95117  -36.323  -57.742  -2.690 0.1000000015
15016  -35.678  -57.807  -2.295 0.1000000015
15024  -35.528  -57.339  -2.649 0.1000000015
15002  -35.139  -58.195  -1.763 0.1000000015
15015  -35.020  -57.826  -2.141 0.1000000015
14990  -34.268  -58.034  -0.579 0.1000000015
11437  -45.307  -62.196  -1.883 0.1000000015
11448  -45.382  -63.057  -1.911 0.1000000015
10781  -45.966  -63.801  -2.482 0.1000000015
12154  -44.788  -61.584  -2.045 0.1000000015
10134  -44.556  -64.221  -2.694 0.1000000015
94438  -46.052  -64.392  -2.710 0.1000000015
8802  -45.051  -65.937  -3.864 0.1000000015
10766  -43.774  -62.707  -1.827 0.1000000015
10136  -46.555  -64.492  -2.344 0.1000000015
7433  -43.330  -67.798  -4.598 0.1000000015
11435  -42.069  -62.411  -1.550 0.1000000015
12153  -43.915  -61.827  -1.984 0.1000000015
8782  -45.921  -65.739  -2.514 0.1000000015
90617  -38.901  -58.991  -4.379 0.1000000015
13583  -39.593  -59.310  -4.051 0.1000000015
103179  -39.459  -59.910  -2.242 0.1000000015
12872  -40.670  -60.538  -2.536 0.1000000015
12149  -40.361  -61.100  -1.934 0.1000000015
12150  -40.812  -61.724  -1.697 0.1000000015
12151  -41.657  -61.747  -1.780 0.1000000015
10765  -42.891  -62.818  -1.620 0.1000000015
8051  -44.692  -66.733  -2.926 0.1000000015
8065  -43.671  -67.601  -3.650 0.1000000015
14275  -38.217  -58.608  -3.755 0.1000000015
106204  -40.095  -61.659  -1.735 0.1000000015
106526  -41.479  -63.689  -1.487 0.1000000015
7401  -42.386  -68.238  -2.676 0.1000000015
15027  -37.297  -58.142  -3.615 0.1000000015
15033  -36.838  -57.870  -4.476 0.1000000015
15026  -36.547  -57.726  -3.423 0.1000000015
103208  -36.168  -57.343  -4.081 0.1000000015
15771  -35.786  -56.705  -4.085 0.1000000015
92732  -35.494  -56.267  -3.356 0.1000000015
12166  -45.867  -61.261  -1.932 0.1000000015
90179  -46.166  -62.341  -1.797 0.1000000015
11449  -47.215  -62.529  -1.743 0.1000000015
12877  -45.096  -60.777  -2.265 0.1000000015
12876  -44.184  -60.938  -2.282 0.1000000015
12892  -44.775  -60.129  -2.639 0.1000000015
10137  -47.042  -63.863  -1.785 0.1000000015
9448  -45.988  -65.097  -2.922 0.1000000015
12152  -42.517  -61.866  -1.841 0.1000000015
12891  -43.680  -60.240  -2.682 0.1000000015
10112  -46.830  -64.581  -1.731 0.1000000015
14281  -38.566  -58.677  -5.192 0.1000000015
13575  -40.071  -59.888  -3.017 0.1000000015
12889  -41.592  -60.499  -2.709 0.1000000015
12874  -42.095  -61.109  -2.189 0.1000000015
12890  -42.611  -60.353  -2.670 0.1000000015
94619  -46.455  -65.041  -1.689 0.1000000015
8050  -43.954  -67.245  -2.843 0.1000000015
104592  -38.347  -58.271  -5.864 0.1000000015
14282  -39.443  -59.007  -5.817 0.1000000015
91143  -40.554  -59.561  -4.264 0.1000000015
97358  -44.828  -66.334  -1.867 0.1000000015
15043  -37.619  -57.785  -5.879 0.1000000015
15783  -37.101  -57.183  -6.484 0.1000000015
15782  -36.203  -56.807  -5.741 0.1000000015
15772  -35.911  -56.950  -4.695 0.1000000015
16496  -35.697  -56.349  -4.453 0.1000000015
15781  -35.835  -56.568  -5.132 0.1000000015
13597  -44.504  -59.455  -4.855 0.1000000015
13598  -45.758  -59.226  -4.735 0.1000000015
13587  -45.638  -59.395  -3.219 0.1000000015
12167  -46.990  -61.471  -1.600 0.1000000015
91190  -44.025  -59.391  -6.009 0.1000000015
12168  -48.063  -61.523  -1.463 0.1000000015
13595  -41.789  -59.525  -4.772 0.1000000015
13596  -43.150  -59.526  -4.743 0.1000000015
13586  -44.529  -59.620  -3.396 0.1000000015
11438  -48.499  -62.435  -1.130 0.1000000015
15044  -39.008  -57.792  -6.906 0.1000000015
14286  -39.227  -58.446  -6.584 0.1000000015
13593  -40.118  -59.340  -5.379 0.1000000015
95340  -41.084  -60.002  -3.422 0.1000000015
13584  -42.216  -59.820  -3.439 0.1000000015
10093  -46.667  -64.418  -1.179 0.1000000015
8768  -45.468  -66.079  -2.144 0.1000000015
8033  -43.517  -67.206  -2.144 0.1000000015
15055  -38.370  -57.229  -7.323 0.1000000015
15788  -37.848  -56.842  -7.554 0.1000000015
103623  -37.403  -56.382  -7.534 0.1000000015
16501  -36.108  -56.333  -6.078 0.1000000015
16505  -36.669  -56.091  -7.084 0.1000000015
16507  -36.746  -55.264  -7.451 0.1000000015
16500  -35.701  -55.874  -5.273 0.1000000015
12893  -45.964  -60.020  -2.312 0.1000000015
95208  -46.740  -60.555  -1.832 0.1000000015
12894  -46.900  -59.866  -1.978 0.1000000015
12155  -48.443  -61.047  -1.160 0.1000000015
15045  -39.739  -58.024  -7.383 0.1000000015
13604  -41.214  -59.233  -7.012 0.1000000015
13605  -41.925  -59.380  -6.610 0.1000000015
15784  -39.337  -57.256  -7.592 0.1000000015
14287  -39.818  -58.653  -7.116 0.1000000015
14288  -40.362  -59.117  -6.916 0.1000000015
13594  -40.928  -59.417  -5.910 0.1000000015
10746  -47.977  -63.341  -0.770 0.1000000015
15789  -38.827  -56.810  -7.867 0.1000000015
17284  -38.639  -55.241  -7.690 0.1000000015
16506  -38.304  -56.200  -8.011 0.1000000015
17286  -38.177  -55.445  -8.242 0.1000000015
90930  -38.427  -54.555  -8.254 0.1000000015
17285  -37.745  -55.009  -8.243 0.1000000015
18072  -37.969  -54.285  -8.398 0.1000000015
13607  -45.255  -59.169  -5.556 0.1000000015
13599  -46.767  -58.960  -4.288 0.1000000015
13588  -46.446  -59.097  -2.940 0.1000000015
13589  -46.521  -58.993  -2.867 0.1000000015
14289  -44.333  -59.191  -6.075 0.1000000015
13606  -42.908  -59.465  -6.277 0.1000000015
16502  -39.229  -56.555  -7.229 0.1000000015
90046  -38.829  -56.010  -7.286 0.1000000015
91866  -38.841  -54.118  -6.884 0.1000000015
106929  -38.755  -53.897  -7.922 0.1000000015
18073  -38.555  -53.485  -8.263 0.1000000015
14283  -47.178  -58.514  -4.468 0.1000000015
13615  -43.365  -59.270  -6.608 0.1000000015
14294  -40.360  -58.540  -7.254 0.1000000015
13612  -41.101  -58.916  -7.235 0.1000000015
14296  -42.831  -59.173  -6.901 0.1000000015
17283  -38.848  -54.799  -5.790 0.1000000015
18865  -38.874  -53.258  -7.289 0.1000000015
91614  -39.065  -52.494  -7.699 0.1000000015
15049  -44.533  -58.438  -5.781 0.1000000015
14295  -41.997  -58.658  -6.989 0.1000000015
15057  -43.217  -58.577  -6.441 0.1000000015
15058  -43.650  -59.029  -6.588 0.1000000015
96219  -39.115  -55.615  -5.678 0.1000000015
16503  -39.463  -56.309  -5.896 0.1000000015
15785  -39.992  -56.943  -6.268 0.1000000015
15046  -40.659  -57.736  -6.795 0.1000000015
15056  -41.083  -58.392  -7.258 0.1000000015
95841  -38.814  -52.277  -6.180 0.1000000015
19697  -38.747  -51.262  -5.407 0.1000000015
19701  -39.140  -51.547  -6.690 0.1000000015
15035  -41.341  -57.295  -5.238 0.1000000015
15773  -40.810  -56.828  -4.840 0.1000000015
102758  -38.722  -54.091  -4.315 0.1000000015
18069  -38.664  -53.657  -4.988 0.1000000015
18862  -38.652  -52.978  -5.642 0.1000000015
20562  -38.570  -50.261  -4.859 0.1000000015
92951  -39.000  -54.743  -4.306 0.1000000015
18860  -38.427  -52.716  -4.254 0.1000000015
94526  -38.466  -51.933  -4.743 0.1000000015
89240  -38.441  -51.053  -4.500 0.1000000015
21325  -38.196  -49.648  -4.074 0.1000000015
20554  -38.154  -50.570  -3.838 0.1000000015
19689  -38.251  -51.373  -3.970 0.1000000015
8108  -29.130  -68.065  -5.978 0.1000000015
99437  -31.171  -66.720  -7.242 0.1000000015
8126  -29.953  -67.669  -7.948 0.1000000015
8838  -31.457  -66.920  -5.680 0.1000000015
8876  -32.569  -65.610  -7.797 0.1000000015
8881  -31.817  -66.418  -9.135 0.1000000015
105863  -30.323  -64.856  -5.695 0.1000000015
9517  -29.507  -65.021  -8.156 0.1000000015
102506  -29.991  -64.464  -9.002 0.1000000015
7455  -35.813  -69.369  -7.203 0.1000000015
8111  -35.554  -67.751  -6.764 0.1000000015
6830  -37.090  -68.639  -7.606 0.2000000030
8840  -34.200  -66.177  -6.107 0.1000000015
10147  -31.442  -63.813  -3.894 0.1000000015
10164  -32.462  -63.363  -5.610 0.1000000015
9493  -31.193  -64.131  -6.318 0.1000000015
10184  -32.745  -63.024  -7.121 0.1000000015
10190  -32.250  -63.274  -8.211 0.1000000015
9532  -34.306  -64.760  -10.873 0.1000000015
102827  -32.909  -63.236  -8.705 0.1000000015
9537  -34.227  -64.251  -11.315 0.1000000015
8131  -38.818  -68.088  -7.270 0.1000000015
6832  -38.203  -69.147  -7.150 0.2000000030
8116  -39.185  -67.748  -6.793 0.1000000015
9510  -36.100  -65.785  -6.833 0.1000000015
9507  -33.514  -63.900  -7.842 0.1000000015
104438  -36.191  -63.222  -2.145 0.1000000015
10127  -36.341  -64.039  -3.030 0.1000000015
9457  -35.335  -64.803  -4.381 0.1000000015
10185  -33.256  -63.300  -7.139 0.1000000015
9525  -33.424  -64.174  -9.571 0.1000000015
8845  -40.461  -67.056  -5.549 0.1000000015
10760  -37.719  -62.772  -1.885 0.1000000015
9497  -36.107  -65.572  -5.900 0.1000000015
13560  -37.314  -59.177  -0.861 0.1000000015
93536  -38.004  -64.133  -2.628 0.1000000015
104843  -37.758  -64.446  -2.958 0.1000000015
10152  -36.709  -64.621  -3.421 0.1000000015
9496  -34.630  -65.123  -5.880 0.1000000015
12840  -34.782  -59.966  0.853 0.1000000015
10155  -45.507  -64.809  -3.104 0.1000000015
8825  -43.418  -66.262  -4.454 0.1000000015
8824  -42.891  -66.490  -4.869 0.1000000015
9463  -41.792  -65.748  -3.453 0.1000000015
6791  -41.094  -69.238  -4.458 0.2000000030
8799  -40.328  -66.314  -3.879 0.1000000015
10131  -41.633  -64.723  -2.126 0.1000000015
9461  -39.776  -65.748  -3.246 0.1000000015
8798  -39.359  -66.254  -3.892 0.1000000015
8820  -39.060  -66.559  -4.584 0.1000000015
104534  -41.273  -62.469  -1.472 0.1000000015
10129  -39.736  -64.527  -2.166 0.1000000015
10130  -40.690  -64.712  -2.030 0.1000000015
7402  -43.276  -67.807  -2.852 0.1000000015
15032  -35.843  -57.048  -3.560 0.1000000015
15014  -34.653  -57.661  -1.923 0.1000000015
106299  -43.236  -62.073  -1.861 0.1000000015
15042  -36.481  -57.349  -5.219 0.1000000015
15760  -35.550  -56.896  -2.996 0.1000000015
13585  -43.356  -59.709  -3.407 0.1000000015
18071  -37.220  -54.405  -8.048 0.1000000015
13613  -41.935  -59.164  -6.973 0.1000000015
9331  -32.666  -65.397  5.869 0.5000000000
3483  -38.049  -75.156  0.965 0.5000000000
3945  -38.175  -74.853  2.358 0.5000000000
10617  -32.724  -63.321  7.273 0.5000000000
88740  -32.564  -66.001  5.234 0.5000000000
7307  -33.509  -68.250  4.993 0.5000000000
3468  -38.463  -74.846  1.571 0.5000000000
89984  -33.634  -61.831  8.515 0.5000000000
9985  -32.755  -64.494  5.637 0.5000000000
5052  -38.643  -73.152  2.260 0.5000000000
10631  -32.643  -63.707  6.311 0.5000000000
12000  -32.978  -62.089  7.936 0.5000000000
11313  -32.572  -62.773  6.616 0.4000000060
10645  -32.914  -63.622  5.282 0.4000000060
5064  -34.304  -72.918  0.817 0.5000000000
99644  -33.086  -72.417  0.400 0.5000000000
5048  -32.675  -71.531  0.690 0.5000000000
6152  -32.305  -70.366  0.364 0.5000000000
8013  -34.003  -67.698  -0.067 0.5000000000
7345  -32.963  -68.188  0.254 0.5000000000
8733  -36.388  -66.865  0.740 0.4000000060
9393  -37.546  -65.813  1.244 0.4000000060
4485  -31.135  -73.471  1.538 0.1000000015
3962  -35.692  -75.509  1.642 0.5000000000
11279  -33.475  -62.740  8.364 0.5000000000
91742  -32.832  -64.161  7.292 0.5000000000
7934  -32.686  -66.901  5.449 0.5000000000
6689  -34.769  -68.630  5.248 0.4000000060
4470  -38.522  -74.032  2.673 0.5000000000
12001  -34.594  -61.671  8.754 0.5000000000
12733  -35.048  -60.896  8.920 0.5000000000
12721  -36.379  -59.973  8.925 0.5000000000
12720  -35.486  -60.151  9.116 0.5000000000
89445  -33.991  -60.982  8.819 0.5000000000
12719  -34.479  -60.237  9.122 0.3000000119
11999  -33.159  -60.974  8.250 0.5000000000
11296  -32.629  -62.025  7.042 0.4000000060
11324  -32.655  -62.870  5.715 0.4000000060
8691  -32.641  -66.392  3.883 0.6999999881
102306  -32.303  -68.045  3.277 0.5000000000
12034  -32.583  -62.103  6.070 0.4000000060
9345  -33.150  -65.170  4.469 0.5000000000
98859  -32.493  -66.946  3.235 0.6000000238
6702  -32.634  -69.398  2.912 0.6000000238
5570  -35.463  -71.020  3.168 0.6000000238
5051  -37.988  -73.268  1.724 0.5000000000
4501  -35.462  -73.949  0.338 0.3000000119
12732  -33.569  -60.185  8.786 0.3000000119
93008  -32.721  -61.262  7.507 0.3000000119
11325  -33.118  -62.825  5.050 0.4000000060
8692  -32.978  -66.352  3.161 0.5000000000
90142  -32.036  -68.953  2.180 0.6000000238
6707  -32.190  -69.609  1.993 0.6000000238
95693  -34.853  -72.456  1.703 0.5000000000
5049  -33.566  -72.040  1.207 0.5000000000
12753  -32.534  -60.551  7.055 0.4000000060
12035  -32.867  -61.461  5.444 0.4000000060
10002  -33.906  -64.125  4.279 0.5000000000
9369  -33.770  -65.860  3.045 0.5000000000
7982  -32.960  -67.195  1.510 0.5000000000
7331  -32.079  -68.987  1.318 0.5000000000
6145  -32.408  -70.757  0.936 0.5000000000
98760  -32.588  -59.887  7.564 0.4000000060
104718  -32.704  -60.926  5.801 0.4000000060
98540  -34.046  -62.011  4.405 0.5000000000
9370  -34.625  -65.546  2.822 0.5000000000
9382  -34.959  -65.959  2.211 0.4000000060
7998  -32.496  -68.041  1.153 0.5000000000
7344  -32.355  -68.758  0.604 0.5000000000
12046  -33.613  -61.181  4.693 0.4000000060
11335  -34.490  -62.803  4.168 0.5000000000
8731  -34.695  -66.811  1.054 0.4000000060
93025  -34.139  -67.170  0.607 0.5000000000
11346  -35.244  -62.670  3.679 0.5000000000
106564  -35.999  -64.986  2.574 0.4000000060
90128  -36.191  -66.243  1.530 0.4000000060
99502  -36.994  -66.373  1.097 0.4000000060
101045  -35.704  -63.453  3.265 0.3000000119
10686  -36.342  -63.787  2.730 0.4000000060
10042  -36.964  -64.968  2.070 0.3000000119
10043  -37.653  -64.481  1.704 0.3000000119
9385  -37.908  -65.213  1.354 0.3000000119
5029  -29.812  -72.582  2.842 0.1000000015
4464  -30.095  -73.073  2.063 0.1000000015
5030  -30.415  -72.402  2.706 0.1000000015
5047  -30.912  -72.860  2.196 0.1000000015
5032  -32.301  -72.656  2.795 0.4000000060
4466  -32.815  -73.381  2.340 0.4000000060
4487  -33.436  -74.303  1.884 0.4000000060
3943  -34.792  -74.716  2.168 0.5000000000
4467  -34.001  -73.716  2.624 0.4000000060
4468  -35.669  -73.934  2.856 0.5000000000
3944  -36.582  -74.868  2.296 0.5000000000
10601  -33.409  -63.584  8.260 0.5000000000
9326  -32.840  -65.705  6.633 0.5000000000
8670  -32.682  -66.217  5.985 0.5000000000
4453  -37.197  -73.281  3.834 0.5000000000
4469  -38.032  -74.247  3.129 0.5000000000
12002  -35.691  -61.543  8.598 0.5000000000
11280  -34.208  -62.494  8.672 0.5000000000
12735  -36.940  -60.539  8.505 0.5000000000
12734  -36.048  -60.721  8.762 0.5000000000
5560  -38.781  -70.909  4.077 0.6000000238
13441  -37.144  -59.683  8.811 0.4000000060
101501  -36.633  -59.362  9.192 0.2000000030
94762  -37.200  -58.979  9.255 0.2000000030
13431  -35.903  -59.453  9.380 0.3000000119
12718  -33.987  -59.536  9.284 0.3000000119
13440  -33.337  -59.456  8.833 0.4000000060
14129  -36.447  -58.722  9.612 0.3000000119
14127  -34.445  -58.857  9.694 0.3000000119
14114  -35.898  -58.133  10.076 0.3000000119
14887  -34.002  -58.144  9.911 0.4000000060
14142  -32.945  -58.949  8.581 0.4000000060
14126  -33.537  -58.733  9.270 0.3000000119
94332  -32.608  -59.169  7.978 0.4000000060
12762  -33.015  -60.535  5.350 0.4000000060
14125  -33.048  -58.137  8.921 0.3000000119
14165  -32.682  -58.820  6.685 0.3000000119
12771  -33.747  -60.222  4.739 0.3000000119
98991  -34.757  -61.961  3.964 0.4000000060
13482  -34.045  -59.392  4.806 0.3000000119
96679  -35.483  -61.764  3.568 0.3000000119
11366  -36.280  -63.025  2.917 0.4000000060
10030  -36.988  -64.080  2.278 0.3000000119
14183  -34.381  -58.543  4.923 0.2000000030
13495  -35.276  -59.781  3.882 0.2000000030
12057  -36.210  -61.632  3.187 0.3000000119
10700  -37.587  -63.462  1.945 0.3000000119
14184  -35.209  -58.173  4.546 0.1000000015
13507  -36.651  -60.135  3.102 0.2000000030
11368  -37.100  -62.179  2.463 0.4000000060
16395  -35.457  -55.635  5.493 0.1000000015
5568  -30.825  -71.906  3.236 0.1000000015
5031  -31.305  -72.438  2.681 0.1000000015
5014  -31.834  -72.066  3.320 0.2000000030
5033  -33.407  -72.932  3.082 0.5000000000
4452  -34.870  -73.061  3.346 0.4000000060
10618  -33.267  -64.354  8.009 0.5000000000
7935  -33.394  -67.525  6.118 0.4000000060
7309  -35.813  -68.410  6.525 0.4000000060
6126  -36.293  -69.924  5.651 0.4000000060
5003  -37.361  -71.462  5.354 0.5000000000
5017  -36.029  -72.340  4.381 0.5000000000
11281  -35.162  -62.280  8.612 0.5000000000
10602  -33.974  -63.383  8.625 0.4000000060
5018  -38.177  -72.293  4.960 0.4000000060
12737  -38.385  -60.390  8.270 0.4000000060
12004  -38.006  -60.977  8.012 0.4000000060
99706  -36.501  -61.204  8.418 0.5000000000
13442  -38.420  -59.828  8.561 0.4000000060
12736  -37.752  -60.195  8.458 0.5000000000
98720  -38.994  -59.297  9.029 0.3000000119
13432  -37.936  -59.254  8.897 0.3000000119
14130  -37.735  -58.616  9.390 0.3000000119
14131  -38.422  -58.613  9.455 0.2000000030
107264  -36.668  -57.986  9.917 0.2000000030
14117  -38.770  -57.968  10.008 0.1000000015
14877  -37.287  -57.497  10.155 0.3000000119
14876  -36.370  -57.464  10.354 0.3000000119
14113  -34.913  -58.181  10.133 0.3000000119
14874  -34.424  -57.407  10.438 0.2000000030
14141  -32.733  -58.342  8.271 0.2000000030
14166  -32.910  -57.820  6.907 0.2000000030
104214  -33.410  -56.915  9.738 0.2000000030
95598  -32.872  -57.046  8.196 0.2000000030
14171  -33.222  -58.384  6.053 0.2000000030
15625  -33.146  -56.746  9.255 0.2000000030
15648  -33.103  -56.373  8.044 0.1000000015
14172  -33.932  -58.051  5.510 0.2000000030
13483  -34.912  -59.101  4.317 0.2000000030
16372  -33.167  -55.734  8.549 0.1000000015
15649  -33.470  -56.233  7.374 0.1000000015
14938  -34.740  -57.699  5.164 0.1000000015
98301  -33.709  -54.926  7.629 0.1000000015
16385  -34.412  -55.272  6.633 0.1000000015
14925  -34.993  -56.906  5.551 0.1000000015
16386  -35.019  -55.223  6.019 0.1000000015
99491  -34.946  -54.325  5.878 0.1000000015
18724  -34.298  -52.948  6.009 0.1000000015
5015  -32.921  -72.246  3.526 0.3000000119
6678  -33.354  -69.414  6.504 0.3000000119
6113  -32.974  -69.932  5.729 0.3000000119
5559  -33.788  -71.532  4.338 0.3000000119
5016  -34.263  -72.265  3.868 0.3000000119
7289  -34.550  -68.316  7.184 0.3000000119
6125  -33.883  -70.226  5.528 0.3000000119
95628  -35.660  -71.301  5.100 0.5000000000
101507  -35.363  -63.623  8.591 0.4000000060
9311  -33.365  -66.268  7.183 0.5000000000
6115  -35.998  -69.192  6.515 0.4000000060
12018  -39.695  -61.570  7.423 0.4000000060
12016  -37.819  -61.851  7.690 0.4000000060
12003  -36.446  -61.970  8.246 0.5000000000
11282  -35.805  -62.791  8.373 0.5000000000
12020  -41.471  -61.683  7.480 0.4000000060
12006  -40.238  -60.954  7.875 0.4000000060
12005  -38.707  -60.775  7.965 0.4000000060
12017  -38.724  -61.544  7.558 0.5000000000
12007  -41.123  -61.034  7.909 0.4000000060
92698  -39.898  -60.437  8.339 0.4000000060
12740  -41.752  -60.732  8.548 0.3000000119
13443  -40.032  -59.740  8.938 0.3000000119
13433  -40.579  -59.173  9.607 0.3000000119
96376  -39.816  -59.072  9.465 0.2000000030
14118  -39.661  -57.964  10.268 0.1000000015
15620  -37.727  -56.739  10.694 0.1000000015
15619  -36.826  -56.787  10.650 0.1000000015
91251  -35.920  -56.849  10.806 0.2000000030
15608  -37.211  -56.143  11.065 0.1000000015
97273  -35.082  -56.975  10.927 0.2000000030
15607  -36.347  -56.182  11.107 0.2000000030
16351  -34.365  -55.757  11.052 0.2000000030
15626  -33.460  -56.168  9.927 0.1000000015
16350  -33.707  -55.357  10.557 0.1000000015
92953  -33.268  -54.611  9.763 0.1000000015
17113  -33.325  -53.966  10.208 0.1000000015
17143  -33.366  -54.931  8.290 0.1000000015
17168  -34.147  -54.560  7.039 0.1000000015
17913  -33.173  -53.430  8.916 0.1000000015
17914  -33.371  -53.457  8.182 0.1000000015
18723  -33.862  -53.012  6.899 0.1000000015
91008  -33.262  -51.847  8.060 0.1000000015
91991  -33.498  -52.048  7.146 0.1000000015
20399  -33.427  -50.422  7.654 0.1000000015
20416  -33.369  -50.725  6.866 0.1000000015
21181  -33.549  -50.020  6.769 0.1000000015
21908  -34.719  -48.676  7.523 0.1000000015
6112  -31.845  -70.156  5.799 0.3000000119
6123  -31.184  -70.985  5.086 0.2000000030
7277  -34.224  -68.203  7.762 0.3000000119
90634  -34.104  -65.292  8.343 0.4000000060
9944  -35.333  -64.571  8.601 0.3000000119
11301  -40.074  -62.209  6.878 0.3000000119
11300  -39.227  -62.318  7.140 0.3000000119
11299  -38.330  -62.614  7.343 0.4000000060
11298  -37.501  -62.676  7.656 0.4000000060
10604  -36.217  -63.823  8.364 0.3000000119
11303  -41.950  -62.215  6.996 0.3000000119
10619  -37.780  -63.309  7.471 0.4000000060
96479  -37.600  -64.211  7.601 0.3000000119
12747  -43.027  -61.615  7.892 0.3000000119
12021  -42.318  -61.704  7.698 0.3000000119
12022  -43.708  -61.759  7.682 0.3000000119
12741  -42.622  -61.130  8.390 0.3000000119
101502  -43.539  -61.352  8.374 0.3000000119
12722  -41.010  -59.745  9.249 0.3000000119
106935  -41.543  -59.718  9.413 0.3000000119
13420  -40.971  -58.621  10.146 0.2000000030
14880  -40.514  -57.993  10.478 0.1000000015
14861  -40.896  -57.413  10.961 0.1000000015
94965  -39.158  -57.357  10.591 0.1000000015
15611  -40.499  -56.731  11.371 0.1000000015
15621  -38.659  -56.711  10.875 0.1000000015
15610  -39.093  -56.103  11.330 0.1000000015
16341  -37.431  -55.481  11.405 0.1000000015
98389  -35.973  -55.398  11.403 0.2000000030
94535  -36.778  -55.028  11.533 0.2000000030
106002  -35.492  -54.904  11.500 0.2000000030
17115  -34.212  -54.888  11.175 0.1000000015
17870  -35.547  -53.740  11.724 0.1000000015
17103  -34.108  -54.012  11.251 0.1000000015
18645  -34.482  -52.668  11.481 0.1000000015
17884  -33.406  -53.014  10.376 0.1000000015
18686  -33.159  -52.788  9.174 0.1000000015
18659  -33.481  -52.164  10.397 0.1000000015
19527  -33.225  -51.979  9.053 0.1000000015
19542  -33.276  -51.280  8.646 0.1000000015
96676  -33.309  -51.219  7.384 0.1000000015
21136  -34.239  -49.588  9.030 0.1000000015
21170  -33.745  -49.537  7.517 0.1000000015
107157  -34.700  -49.129  8.808 0.1000000015
21171  -34.150  -48.999  7.349 0.1000000015
21159  -34.228  -49.124  8.180 0.1000000015
21909  -35.425  -48.365  7.620 0.1000000015
21922  -35.154  -48.290  6.877 0.1000000015
6099  -31.160  -70.571  7.044 0.2000000030
6111  -30.916  -70.789  5.879 0.2000000030
99670  -32.443  -69.178  8.265 0.2000000030
7271  -34.262  -68.156  8.123 0.3000000119
7897  -34.895  -67.130  7.889 0.2000000030
7896  -34.734  -67.385  7.685 0.3000000119
9292  -34.622  -66.067  8.129 0.3000000119
94522  -38.937  -63.041  6.978 0.3000000119
11317  -42.502  -62.732  6.443 0.3000000119
11316  -41.498  -62.797  6.404 0.3000000119
11315  -40.499  -62.914  6.396 0.3000000119
10632  -39.896  -63.541  6.425 0.3000000119
94327  -39.182  -63.827  6.765 0.3000000119
10620  -38.353  -63.701  7.225 0.3000000119
11318  -43.511  -62.630  6.378 0.3000000119
9977  -39.746  -64.414  6.312 0.3000000119
9964  -39.094  -64.712  6.639 0.2000000030
105013  -38.033  -64.429  7.354 0.2000000030
11305  -44.787  -62.301  7.027 0.2000000030
96322  -43.982  -62.142  6.957 0.2000000030
102371  -44.387  -61.928  7.520 0.3000000119
11993  -43.335  -60.821  8.981 0.3000000119
12724  -42.502  -60.427  9.172 0.3000000119
13436  -42.919  -59.781  9.851 0.2000000030
92480  -42.888  -59.210  10.332 0.2000000030
14120  -42.531  -58.710  10.547 0.1000000015
14862  -41.674  -57.495  11.126 0.1000000015
15613  -41.963  -56.958  11.670 0.1000000015
15592  -42.341  -56.328  12.106 0.1000000015
104007  -43.743  -55.549  12.516 0.1000000015
99439  -41.284  -56.224  11.823 0.1000000015
16327  -41.966  -55.706  12.224 0.1000000015
99826  -43.013  -54.831  12.537 0.1000000015
94271  -43.309  -54.001  12.573 0.1000000015
18635  -44.389  -52.619  12.620 0.1000000015
95796  -39.930  -56.155  11.541 0.1000000015
16325  -40.427  -55.542  11.831 0.1000000015
17089  -41.432  -54.449  12.281 0.1000000015
94272  -42.311  -54.068  12.440 0.1000000015
17859  -42.833  -53.372  12.499 0.1000000015
18634  -43.760  -52.143  12.504 0.1000000015
91214  -38.742  -55.525  11.537 0.1000000015
16324  -38.857  -54.801  11.850 0.1000000015
16342  -38.131  -55.206  11.595 0.1000000015
102343  -36.886  -54.297  11.822 0.2000000030
17105  -36.004  -54.525  11.628 0.1000000015
17871  -36.318  -53.847  11.858 0.1000000015
18646  -35.281  -52.936  11.779 0.1000000015
19495  -35.199  -51.956  11.670 0.1000000015
102362  -34.272  -51.827  11.264 0.1000000015
102328  -33.785  -51.788  10.838 0.1000000015
91063  -33.400  -51.074  9.433 0.1000000015
20356  -34.409  -50.021  9.829 0.1000000015
20355  -33.757  -50.277  9.257 0.1000000015
21895  -35.005  -48.770  8.242 0.1000000015
101338  -38.776  -68.328  5.810 0.2000000030
9294  -36.117  -66.107  8.052 0.2000000030
9293  -35.298  -66.127  8.220 0.3000000119
9945  -36.009  -65.005  8.406 0.3000000119
7925  -39.564  -68.305  5.389 0.2000000030
8661  -38.318  -67.708  6.227 0.2000000030
9314  -37.869  -66.293  7.097 0.2000000030
9295  -36.869  -65.849  7.825 0.3000000119
106552  -37.281  -64.946  7.788 0.3000000119
10647  -42.696  -64.083  5.424 0.3000000119
10646  -41.911  -64.304  5.558 0.3000000119
9979  -41.198  -64.092  5.797 0.3000000119
9986  -41.383  -65.022  5.502 0.3000000119
10648  -43.597  -63.890  5.374 0.3000000119
9987  -42.329  -64.885  5.174 0.3000000119
9978  -40.492  -64.698  5.865 0.3000000119
10639  -46.743  -63.587  6.007 0.2000000030
103453  -45.313  -63.964  5.418 0.3000000119
9327  -39.780  -65.467  6.091 0.2000000030
98679  -39.285  -65.227  6.413 0.2000000030
10621  -46.059  -63.083  6.674 0.2000000030
12023  -45.110  -62.007  7.847 0.2000000030
90300  -45.849  -62.355  7.843 0.2000000030
12009  -44.338  -61.591  8.183 0.3000000119
11284  -45.798  -62.026  8.527 0.3000000119
11994  -44.226  -61.077  8.955 0.3000000119
12725  -43.280  -60.390  9.533 0.2000000030
89239  -45.031  -61.544  8.712 0.3000000119
90913  -44.968  -61.090  9.317 0.2000000030
12708  -43.861  -60.156  10.044 0.2000000030
13422  -43.506  -59.460  10.444 0.2000000030
14864  -43.284  -57.742  11.630 0.1000000015
94636  -40.116  -54.011  12.139 0.1000000015
106575  -40.817  -54.013  12.217 0.1000000015
102440  -41.404  -53.633  12.267 0.1000000015
96280  -42.086  -53.143  12.348 0.1000000015
97175  -39.280  -54.031  12.105 0.1000000015
17857  -39.647  -53.307  12.077 0.1000000015
96875  -41.303  -52.823  12.106 0.1000000015
17087  -38.446  -54.022  12.131 0.1000000015
17856  -38.823  -53.271  12.170 0.1000000015
18630  -39.231  -52.522  12.016 0.1000000015
19481  -39.802  -51.996  11.644 0.1000000015
17086  -37.655  -54.082  12.055 0.1000000015
17855  -37.969  -53.304  12.288 0.1000000015
18629  -38.385  -52.430  12.259 0.1000000015
19480  -37.884  -51.627  12.205 0.1000000015
17854  -37.002  -53.426  12.123 0.1000000015
18627  -36.607  -52.545  12.144 0.1000000015
19478  -36.168  -51.813  11.944 0.1000000015
19496  -36.589  -51.217  11.846 0.1000000015
20310  -34.789  -51.055  11.287 0.1000000015
20328  -33.842  -50.665  10.111 0.1000000015
96538  -34.912  -49.428  9.448 0.1000000015
102762  -39.066  -70.835  5.201 0.3000000119
7949  -40.650  -69.470  4.238 0.3000000119
7937  -40.623  -68.036  4.908 0.3000000119
8662  -39.488  -66.923  5.887 0.2000000030
9315  -38.675  -65.677  6.730 0.2000000030
102770  -41.485  -68.155  4.579 0.3000000119
8671  -40.574  -66.866  5.463 0.3000000119
9962  -37.626  -65.300  7.509 0.2000000030
97089  -44.102  -64.450  5.091 0.3000000119
104293  -43.566  -65.711  4.771 0.3000000119
7938  -42.337  -67.558  4.606 0.3000000119
9991  -46.967  -64.223  5.338 0.2000000030
9336  -44.414  -65.330  4.799 0.3000000119
9346  -45.313  -66.220  4.419 0.3000000119
10640  -47.567  -63.735  6.270 0.2000000030
10623  -47.839  -63.651  7.039 0.2000000030
10606  -47.142  -63.149  7.727 0.2000000030
11272  -46.611  -62.168  9.034 0.3000000119
12727  -45.262  -60.848  9.925 0.2000000030
12709  -44.740  -60.334  10.369 0.2000000030
19498  -38.123  -50.911  11.774 0.1000000015
20312  -36.647  -50.612  11.449 0.1000000015
103227  -35.267  -50.415  11.035 0.1000000015
20329  -34.552  -50.456  10.641 0.1000000015
7279  -39.689  -69.125  6.448 0.1000000015
7280  -40.997  -69.291  6.631 0.2000000030
6661  -39.563  -70.417  5.568 0.3000000119
100448  -40.432  -71.212  4.045 0.3000000119
88111  -42.109  -71.716  3.868 0.3000000119
88390  -41.854  -71.190  3.357 0.3000000119
8673  -43.252  -66.741  4.639 0.3000000119
7951  -43.187  -68.378  4.225 0.3000000119
9347  -46.244  -66.103  4.304 0.3000000119
95716  -45.816  -66.747  4.269 0.3000000119
8682  -45.171  -67.190  4.200 0.3000000119
8681  -44.243  -67.652  4.276 0.3000000119
9339  -47.633  -65.449  4.964 0.2000000030
9965  -48.240  -64.186  6.268 0.2000000030
10596  -49.004  -63.627  9.137 0.1000000015
11286  -47.481  -62.804  8.626 0.2000000030
92542  -47.429  -62.318  9.396 0.2000000030
11258  -47.984  -62.234  10.094 0.2000000030
11257  -46.862  -61.697  9.881 0.3000000119
6670  -42.400  -71.133  5.008 0.3000000119
100449  -42.740  -70.932  3.657 0.3000000119
100429  -43.379  -70.458  3.921 0.3000000119
99806  -44.064  -68.973  3.970 0.3000000119
7940  -46.888  -66.901  5.141 0.3000000119
7953  -45.436  -67.484  4.399 0.3000000119
7952  -44.865  -68.120  4.133 0.3000000119
8675  -47.326  -66.209  5.629 0.2000000030
8676  -48.084  -65.971  6.077 0.2000000030
9317  -48.440  -65.416  7.469 0.1000000015
10609  -49.239  -64.370  9.011 0.1000000015
10597  -49.432  -64.106  9.789 0.1000000015
10584  -49.086  -63.266  9.857 0.1000000015
106601  -48.582  -62.709  9.946 0.1000000015
6671  -43.264  -70.385  5.483 0.3000000119
7282  -43.433  -68.684  6.857 0.2000000030
6682  -43.788  -70.243  4.593 0.3000000119
6691  -44.006  -69.585  4.237 0.3000000119
6683  -44.522  -69.464  4.922 0.3000000119
7927  -47.009  -67.020  6.055 0.2000000030
7302  -45.831  -68.071  5.232 0.3000000119
7313  -45.218  -68.282  4.532 0.3000000119
8647  -47.327  -66.119  7.109 0.2000000030
7914  -46.836  -66.707  6.558 0.2000000030
9935  -47.027  -64.826  9.485 0.1000000015
9303  -47.654  -65.460  8.449 0.1000000015
9918  -46.613  -64.196  9.995 0.1000000015
9936  -47.830  -65.133  10.148 0.1000000015
9285  -48.555  -65.257  9.440 0.1000000015
9937  -49.306  -64.697  9.772 0.1000000015
9919  -48.068  -65.131  11.045 0.1000000015
9920  -48.787  -65.325  11.318 0.1000000015
9921  -49.474  -64.669  10.552 0.1000000015
10566  -49.476  -64.186  12.513 0.1000000015
7283  -44.250  -68.577  6.600 0.2000000030
7912  -44.737  -67.837  6.696 0.2000000030
6673  -44.894  -69.121  5.687 0.2000000030
8646  -46.453  -66.610  6.890 0.2000000030
7285  -45.659  -67.988  6.262 0.2000000030
9302  -46.747  -65.429  8.094 0.1000000015
9934  -46.017  -64.314  9.217 0.1000000015
99238  -47.400  -64.747  10.253 0.1000000015
10565  -47.639  -64.197  11.641 0.1000000015
9904  -48.682  -65.116  12.310 0.1000000015
9897  -48.903  -64.898  13.077 0.1000000015
10555  -49.077  -64.623  13.196 0.1000000015
10564  -46.614  -63.224  11.630 0.1000000015
10553  -47.470  -63.562  12.346 0.1000000015
11226  -47.834  -63.464  13.379 0.1000000015
11224  -45.585  -62.273  12.058 0.1000000015
94184  -46.233  -62.228  12.524 0.1000000015
6697  -33.379  -69.061  3.976 0.4000000060
8680  -32.528  -66.526  4.579 0.5000000000
9344  -32.786  -65.199  5.098 0.5000000000
7946  -32.621  -67.766  4.436 0.4000000060
9357  -32.739  -65.824  4.525 0.5000000000
88868  -32.367  -66.996  3.989 0.6000000238
6136  -37.909  -70.428  4.751 0.5000000000
6690  -36.074  -68.728  5.927 0.4000000060
3963  -38.254  -74.927  0.970 0.5000000000
88570  -37.301  -70.245  5.122 0.4000000060
6134  -33.981  -69.631  3.811 0.5000000000
5036  -38.769  -72.592  3.406 0.5000000000
104000  -36.503  -72.621  1.972 0.5000000000
5050  -35.880  -73.280  1.279 0.3000000119
5572  -38.847  -71.496  3.724 0.5000000000
3496  -36.598  -75.946  0.369 0.5000000000
5035  -38.134  -72.273  2.763 0.5000000000
10001  -33.236  -64.401  4.753 0.4000000060
8000  -34.910  -67.244  0.355 0.4000000060
8001  -35.840  -67.370  0.251 0.4000000060
8732  -35.559  -66.798  0.907 0.4000000060
88749  -37.393  -65.252  1.627 0.3000000119
9384  -36.910  -65.714  1.679 0.4000000060
4465  -31.793  -73.053  2.146 0.2000000030
7308  -34.951  -68.313  5.917 0.5000000000
6698  -35.156  -69.035  4.913 0.4000000060
104449  -32.871  -62.255  5.406 0.3000000119
9358  -33.282  -65.657  3.820 0.4000000060
7323  -32.321  -68.589  3.011 0.6000000238
13430  -34.947  -59.539  9.446 0.3000000119
12746  -32.743  -60.535  7.786 0.4000000060
12029  -32.589  -61.265  6.445 0.4000000060
10660  -33.607  -63.487  4.626 0.5000000000
6140  -33.009  -70.134  2.645 0.6000000238
6141  -34.866  -70.169  3.687 0.6000000238
5571  -37.858  -71.075  3.728 0.6000000238
5034  -36.063  -71.837  2.525 0.5000000000
97506  -33.336  -62.062  4.883 0.4000000060
105248  -34.070  -63.145  4.388 0.4000000060
9359  -34.196  -65.197  3.486 0.5000000000
7981  -32.216  -68.290  1.977 0.6000000238
8703  -32.744  -66.905  2.386 0.5000000000
101648  -32.642  -70.562  1.762 0.5000000000
5569  -33.712  -70.859  2.464 0.5000000000
5576  -33.066  -71.267  1.520 0.5000000000
5577  -34.292  -71.600  2.065 0.5000000000
104919  -32.927  -59.880  8.263 0.4000000060
10661  -34.302  -63.577  4.184 0.5000000000
8705  -34.124  -66.117  2.378 0.5000000000
8720  -33.512  -66.610  1.928 0.5000000000
95396  -32.190  -69.925  1.171 0.5000000000
12761  -32.605  -60.482  6.139 0.4000000060
13451  -32.531  -59.261  7.321 0.3000000119
10671  -34.956  -63.512  3.775 0.5000000000
10015  -35.231  -64.149  3.412 0.5000000000
8721  -34.397  -66.442  1.711 0.4000000060
7999  -33.350  -67.474  0.727 0.5000000000
9371  -35.492  -65.320  2.580 0.4000000060
8722  -35.273  -66.347  1.587 0.4000000060
9383  -35.679  -65.901  2.079 0.4000000060
11347  -35.928  -62.488  3.266 0.4000000060
12056  -34.921  -61.146  3.863 0.4000000060
9372  -36.269  -65.438  2.207 0.4000000060
8659  -33.035  -66.430  6.594 0.5000000000
4454  -38.635  -73.170  3.968 0.5000000000
91949  -37.211  -61.330  8.112 0.5000000000
5549  -38.841  -70.982  5.146 0.5000000000
14115  -37.222  -58.276  9.647 0.2000000030
14128  -35.436  -58.841  9.771 0.3000000119
14875  -35.445  -57.525  10.512 0.3000000119
90233  -33.464  -57.978  9.460 0.3000000119
13471  -33.318  -59.691  5.306 0.3000000119
103219  -32.779  -59.914  5.794 0.3000000119
12772  -34.332  -60.709  4.284 0.3000000119
13470  -32.929  -59.222  5.910 0.3000000119
14907  -32.716  -57.707  7.869 0.2000000030
14182  -33.615  -58.884  5.397 0.3000000119
12784  -34.958  -60.441  3.944 0.3000000119
12785  -35.772  -60.650  3.493 0.3000000119
11367  -36.539  -62.322  2.832 0.4000000060
107048  -35.474  -59.231  3.905 0.2000000030
12075  -36.847  -61.541  2.718 0.2000000030
14924  -34.296  -57.357  5.680 0.2000000030
13496  -36.091  -59.348  3.534 0.2000000030
15665  -35.617  -56.359  5.317 0.1000000015
17169  -34.638  -54.635  6.424 0.1000000015
98804  -33.886  -64.401  8.488 0.4000000060
10603  -34.826  -63.078  8.625 0.4000000060
7300  -34.813  -68.076  6.612 0.5000000000
105779  -36.381  -70.465  5.729 0.4000000060
5548  -37.253  -70.638  5.500 0.5000000000
99311  -39.377  -60.875  7.860 0.4000000060
14132  -39.301  -58.570  9.695 0.2000000030
14116  -37.928  -58.019  9.775 0.2000000030
14878  -38.245  -57.372  10.337 0.1000000015
14886  -33.660  -57.455  9.897 0.2000000030
15617  -34.429  -56.567  10.836 0.2000000030
14896  -32.914  -57.431  8.644 0.2000000030
14908  -33.043  -57.014  7.529 0.2000000030
89549  -33.885  -56.146  10.596 0.2000000030
15639  -33.021  -56.573  8.685 0.1000000015
14923  -33.623  -57.523  6.156 0.2000000030
89665  -33.157  -55.919  9.227 0.1000000015
14916  -33.506  -56.887  6.801 0.2000000030
16378  -33.420  -55.600  7.841 0.1000000015
17129  -33.207  -54.084  9.412 0.1000000015
15653  -34.019  -56.056  6.762 0.1000000015
15663  -34.276  -56.653  6.138 0.1000000015
14185  -36.048  -57.916  4.269 0.1000000015
17144  -33.680  -54.180  7.767 0.1000000015
15664  -35.030  -56.105  5.826 0.1000000015
17941  -34.025  -53.815  7.163 0.1000000015
17942  -34.443  -53.839  6.482 0.1000000015
18737  -33.804  -52.140  6.303 0.1000000015
5558  -31.510  -71.507  3.973 0.3000000119
103765  -32.511  -71.705  3.928 0.3000000119
6668  -32.716  -69.168  7.068 0.3000000119
6124  -32.275  -70.559  5.192 0.3000000119
98348  -34.684  -69.010  7.001 0.3000000119
6114  -34.845  -69.627  6.378 0.3000000119
99585  -31.710  -71.104  4.673 0.3000000119
5546  -32.903  -71.037  4.710 0.3000000119
5547  -35.116  -70.536  5.479 0.3000000119
6679  -35.487  -69.023  7.032 0.3000000119
6669  -35.707  -68.670  7.071 0.3000000119
7906  -34.574  -68.144  7.142 0.3000000119
9312  -33.577  -65.806  7.649 0.3000000119
94143  -35.632  -69.840  6.170 0.3000000119
11283  -36.736  -62.783  8.016 0.4000000060
10605  -37.141  -63.538  7.860 0.4000000060
92787  -33.639  -65.161  8.097 0.4000000060
98146  -37.166  -62.106  7.912 0.4000000060
12019  -40.584  -61.596  7.382 0.4000000060
12739  -40.805  -60.413  8.600 0.3000000119
12723  -41.615  -60.140  9.097 0.3000000119
14133  -40.150  -58.557  9.948 0.2000000030
14879  -40.053  -57.363  10.813 0.1000000015
15618  -35.296  -56.167  11.167 0.2000000030
15609  -38.143  -56.004  11.237 0.1000000015
100917  -36.765  -55.655  11.309 0.2000000030
17104  -35.010  -55.271  11.379 0.1000000015
16358  -33.311  -55.288  9.796 0.1000000015
17114  -33.688  -54.420  10.756 0.1000000015
17885  -33.665  -53.543  10.886 0.1000000015
98083  -33.305  -54.175  8.636 0.1000000015
17903  -33.203  -53.308  9.666 0.1000000015
18687  -33.216  -52.711  8.496 0.1000000015
17923  -33.662  -53.450  7.550 0.1000000015
18707  -33.418  -52.758  7.703 0.1000000015
20384  -33.431  -50.637  8.589 0.1000000015
6104  -31.307  -70.245  6.442 0.2000000030
6667  -32.003  -69.677  6.497 0.2000000030
5536  -30.420  -71.410  5.402 0.2000000030
9291  -34.142  -66.079  7.873 0.3000000119
11304  -42.989  -62.112  7.169 0.3000000119
13434  -41.461  -59.271  9.776 0.1000000015
14881  -41.330  -58.036  10.637 0.1000000015
15612  -41.251  -56.981  11.438 0.1000000015
14860  -39.572  -56.734  11.100 0.1000000015
106017  -40.532  -56.178  11.661 0.1000000015
16343  -39.477  -55.488  11.676 0.1000000015
90875  -34.952  -54.411  11.499 0.1000000015
17869  -34.687  -53.507  11.533 0.1000000015
17853  -36.104  -53.188  11.965 0.1000000015
19510  -33.601  -51.386  10.276 0.1000000015
6658  -31.673  -69.715  7.182 0.2000000030
88737  -34.125  -68.103  8.648 0.2000000030
93013  -33.471  -68.516  8.630 0.2000000030
6659  -32.428  -69.152  7.739 0.3000000119
10635  -43.065  -63.282  5.843 0.3000000119
10634  -42.001  -63.521  5.949 0.3000000119
10633  -41.114  -63.393  6.094 0.3000000119
101213  -40.478  -63.805  6.127 0.3000000119
11319  -44.437  -62.646  6.340 0.3000000119
10636  -44.025  -63.146  5.765 0.3000000119
10638  -45.815  -63.275  6.094 0.3000000119
14119  -41.778  -58.664  10.337 0.1000000015
14103  -42.122  -58.092  10.802 0.1000000015
14863  -42.458  -57.590  11.363 0.1000000015
15593  -43.252  -56.370  12.318 0.1000000015
16328  -42.740  -55.644  12.415 0.1000000015
16326  -41.314  -55.272  12.116 0.1000000015
17090  -42.130  -55.007  12.384 0.1000000015
17860  -43.688  -53.123  12.596 0.1000000015
94270  -44.166  -53.919  12.647 0.1000000015
17088  -40.651  -54.672  12.081 0.1000000015
91123  -39.805  -54.750  11.931 0.1000000015
17106  -37.507  -54.786  11.698 0.1000000015
18626  -35.864  -52.506  11.930 0.1000000015
19511  -34.071  -51.144  10.827 0.1000000015
7936  -38.884  -69.377  5.473 0.2000000030
9313  -36.857  -67.013  7.269 0.2000000030
7948  -39.686  -69.394  4.727 0.3000000119
8642  -37.961  -67.230  6.572 0.2000000030
9988  -43.314  -64.790  4.957 0.3000000119
9333  -41.239  -65.969  5.381 0.3000000119
10649  -44.484  -63.835  5.427 0.3000000119
97141  -42.384  -66.381  4.822 0.3000000119
9335  -42.776  -65.628  4.873 0.3000000119
9332  -40.528  -65.758  5.727 0.3000000119
10650  -46.021  -63.763  5.606 0.3000000119
10622  -46.908  -63.358  6.879 0.2000000030
9989  -44.976  -64.584  5.115 0.3000000119
11995  -45.779  -61.505  9.390 0.3000000119
12726  -44.474  -60.703  9.705 0.2000000030
14104  -42.894  -58.233  11.041 0.1000000015
13409  -43.818  -59.080  10.892 0.2000000030
18633  -42.789  -52.484  12.404 0.1000000015
17858  -40.536  -53.278  12.088 0.1000000015
102499  -39.954  -52.705  11.917 0.1000000015
18628  -37.489  -52.503  12.303 0.1000000015
19479  -37.019  -51.748  12.180 0.1000000015
20311  -35.782  -50.956  11.563 0.1000000015
87031  -39.392  -70.902  3.990 0.3000000119
88140  -39.031  -70.002  5.459 0.3000000119
105722  -40.743  -70.810  3.668 0.3000000119
7950  -41.933  -69.588  3.855 0.3000000119
8672  -41.583  -66.856  5.068 0.3000000119
8674  -44.306  -66.431  4.551 0.3000000119
9338  -46.604  -65.462  4.538 0.3000000119
89336  -47.271  -64.985  4.848 0.3000000119
96642  -47.524  -64.510  5.249 0.2000000030
9337  -45.628  -65.388  4.682 0.3000000119
11983  -46.072  -61.064  10.193 0.2000000030
12710  -45.526  -60.514  10.611 0.2000000030
104368  -45.081  -59.994  10.955 0.2000000030
7910  -39.313  -68.202  7.263 0.1000000015
6662  -41.803  -70.074  5.912 0.2000000030
100267  -41.045  -71.530  4.582 0.3000000119
7310  -42.979  -70.135  3.582 0.3000000119
7955  -46.670  -66.412  4.630 0.3000000119
8683  -46.231  -66.548  4.442 0.3000000119
9981  -48.375  -64.858  6.097 0.2000000030
9966  -48.701  -64.800  6.922 0.2000000030
101799  -48.370  -63.327  8.678 0.1000000015
10608  -48.974  -63.903  8.282 0.1000000015
11273  -48.296  -62.840  9.368 0.2000000030
6663  -42.952  -69.798  6.213 0.3000000119
6116  -42.853  -71.097  4.618 0.3000000119
7314  -45.725  -67.590  4.678 0.3000000119
8663  -47.327  -66.210  6.480 0.2000000030
8664  -48.152  -66.000  6.964 0.2000000030
9328  -48.409  -65.551  6.563 0.2000000030
9952  -48.952  -64.712  8.069 0.1000000015
9305  -49.063  -65.019  9.188 0.1000000015
95283  -48.177  -65.412  8.766 0.1000000015
8637  -48.058  -65.704  7.866 0.1000000015
10585  -49.603  -63.852  10.606 0.1000000015
6665  -44.473  -69.164  6.145 0.3000000119
7301  -45.292  -68.891  5.045 0.3000000119
7913  -46.319  -67.354  6.278 0.2000000030
8636  -47.186  -65.851  7.615 0.1000000015
9283  -47.131  -65.223  8.816 0.1000000015
10583  -47.249  -64.392  10.701 0.1000000015
9905  -49.089  -65.110  12.058 0.1000000015
8644  -44.614  -67.071  6.991 0.2000000030
94835  -45.501  -67.353  6.662 0.2000000030
9282  -46.221  -64.941  8.599 0.1000000015
10554  -48.370  -64.575  12.989 0.1000000015
11225  -46.689  -62.720  12.336 0.1000000015
4519  -35.225  -74.599  -0.571 0.3000000119
4004  -34.684  -75.745  -1.794 0.3000000119
4518  -34.370  -74.609  -1.125 0.3000000119
3075  -29.371  -76.675  -2.906 0.2000000030
3063  -27.356  -76.483  -1.290 0.2000000030
3540  -33.314  -76.245  -2.214 0.4000000060
3539  -32.097  -76.264  -3.202 0.3000000119
4019  -33.694  -75.692  -2.161 0.3000000119
106378  -31.081  -76.718  -4.757 0.3000000119
4500  -33.944  -73.538  -0.145 0.4000000060
4533  -33.419  -74.612  -1.609 0.4000000060
3553  -31.439  -75.975  -4.243 0.3000000119
3537  -29.577  -75.843  -3.270 0.2000000030
4517  -33.129  -73.586  -0.939 0.4000000060
4017  -31.400  -74.678  -3.726 0.4000000060
5063  -32.839  -72.758  -0.333 0.4000000060
95435  -32.337  -71.045  0.269 0.4000000060
4003  -32.463  -74.565  -2.230 0.4000000060
4033  -31.134  -75.112  -4.343 0.3000000119
4016  -29.651  -74.851  -3.381 0.3000000119
5079  -32.176  -72.605  -1.117 0.4000000060
4532  -32.315  -73.582  -1.743 0.4000000060
4002  -31.707  -74.340  -3.010 0.3000000119
4032  -30.730  -74.924  -4.637 0.4000000060
6151  -32.348  -70.200  -0.202 0.4000000060
4548  -31.255  -73.691  -4.337 0.3000000119
7362  -32.632  -68.977  -0.109 0.4000000060
101004  -32.278  -70.971  -0.445 0.4000000060
5095  -31.801  -72.656  -2.715 0.4000000060
5111  -31.379  -72.754  -4.638 0.3000000119
6171  -32.451  -70.500  -1.058 0.4000000060
90266  -32.241  -71.232  -1.482 0.4000000060
91252  -32.156  -71.849  -2.763 0.4000000060
6731  -33.086  -69.200  -0.893 0.4000000060
102388  -33.731  -68.687  -1.158 0.4000000060
6745  -32.834  -69.950  -1.659 0.4000000060
5626  -32.012  -72.213  -4.676 0.3000000119
7363  -33.408  -68.445  -0.524 0.4000000060
6746  -33.477  -69.169  -1.668 0.4000000060
6185  -32.489  -71.005  -2.584 0.4000000060
94320  -32.203  -71.615  -4.494 0.2000000030
8014  -35.195  -67.784  -0.464 0.3000000119
7364  -34.301  -68.213  -0.880 0.4000000060
8025  -35.871  -68.202  -1.074 0.4000000060
7378  -35.392  -68.530  -1.803 0.4000000060
6747  -33.894  -69.225  -2.418 0.4000000060
6757  -33.431  -69.956  -3.445 0.2000000030
5643  -32.096  -71.435  -4.737 0.3000000119
8002  -36.578  -67.425  0.200 0.3000000119
90355  -36.273  -67.858  -0.340 0.3000000119
7393  -34.788  -69.015  -2.449 0.3000000119
103365  -34.172  -69.410  -3.185 0.2000000030
6211  -32.755  -70.692  -4.235 0.2000000030
6198  -31.971  -70.910  -4.495 0.2000000030
8015  -37.181  -67.684  -0.276 0.3000000119
8734  -37.723  -66.451  0.729 0.3000000119
8746  -37.871  -67.037  0.073 0.3000000119
88715  -37.493  -68.075  -0.995 0.2000000030
7395  -36.697  -68.813  -2.647 0.2000000030
6767  -33.840  -69.985  -4.442 0.1000000015
6782  -32.621  -70.554  -4.617 0.2000000030
8017  -38.952  -67.370  -0.748 0.2000000030
8028  -38.837  -67.880  -1.294 0.2000000030
7396  -37.628  -68.777  -2.681 0.1000000015
98135  -35.992  -69.226  -3.731 0.1000000015
6768  -34.778  -69.786  -4.757 0.1000000015
6766  -33.057  -70.391  -4.582 0.1000000015
8735  -38.376  -66.502  0.391 0.3000000119
8747  -38.682  -66.942  -0.182 0.3000000119
10701  -38.281  -63.722  1.454 0.2000000030
9386  -38.544  -64.663  1.142 0.1000000015
9394  -38.374  -65.763  0.876 0.3000000119
8748  -39.579  -66.929  -0.431 0.2000000030
8045  -38.714  -68.357  -1.983 0.1000000015
7416  -37.203  -69.086  -3.486 0.1000000015
10063  -39.234  -65.265  0.625 0.2000000030
9410  -39.980  -66.368  -0.002 0.2000000030
8763  -40.258  -67.343  -0.939 0.1000000015
8046  -39.614  -68.206  -1.794 0.1000000015
7398  -39.315  -68.684  -2.570 0.1000000015
7418  -39.062  -69.158  -3.266 0.1000000015
6769  -36.790  -69.305  -4.556 0.1000000015
94692  -35.656  -69.617  -5.134 0.1000000015
6800  -33.654  -70.124  -5.490 0.1000000015
9395  -39.966  -65.740  0.281 0.1000000015
8749  -40.449  -66.733  -0.451 0.2000000030
8764  -40.984  -67.169  -0.904 0.1000000015
8047  -40.512  -68.198  -1.916 0.1000000015
6772  -39.655  -69.430  -3.874 0.1000000015
6770  -37.879  -69.334  -4.236 0.1000000015
6787  -37.572  -69.450  -5.403 0.1000000015
6785  -34.607  -70.131  -5.972 0.1000000015
8076  -32.510  -68.788  -4.593 0.1000000015
8031  -41.521  -67.483  -1.427 0.1000000015
6773  -40.493  -69.265  -3.766 0.1000000015
6789  -39.395  -69.582  -4.661 0.1000000015
6803  -35.901  -69.871  -6.738 0.1000000015
6802  -34.923  -69.947  -6.622 0.1000000015
6806  -39.180  -69.615  -5.363 0.1000000015
101625  -47.177  -60.936  11.084 0.2000000030
11381  -37.624  -62.518  2.072 0.2000000030
10064  -40.036  -64.852  0.399 0.1000000015
8750  -41.222  -66.532  -0.520 0.1000000015
9396  -40.719  -65.322  0.117 0.1000000015
99725  -41.588  -66.938  -0.989 0.1000000015
8048  -41.411  -68.126  -2.050 0.1000000015
6786  -36.384  -69.611  -5.748 0.1000000015
6788  -38.618  -69.564  -4.891 0.1000000015
93905  -41.455  -68.601  -2.878 0.1000000015
3085  -30.842  -76.655  -4.774 0.3000000119
3538  -31.647  -75.525  -3.580 0.3000000119
4018  -32.318  -75.452  -2.763 0.3000000119
3552  -30.854  -75.821  -4.921 0.3000000119
4560  -30.951  -74.120  -4.851 0.3000000119
89682  -32.264  -71.798  -0.212 0.4000000060
4531  -31.647  -73.561  -2.925 0.4000000060
7377  -34.388  -68.634  -1.681 0.4000000060
6200  -32.966  -70.467  -3.039 0.2000000030
6199  -32.482  -71.082  -4.171 0.2000000030
8026  -36.759  -68.229  -0.965 0.3000000119
7379  -36.306  -68.503  -1.793 0.2000000030
6210  -32.313  -71.009  -4.555 0.2000000030
8745  -37.132  -67.029  0.470 0.3000000119
7394  -35.719  -68.911  -2.582 0.2000000030
6758  -34.915  -69.344  -3.462 0.1000000015
7380  -37.281  -68.418  -1.807 0.4000000060
8016  -38.147  -67.577  -0.710 0.2000000030
8044  -38.017  -68.459  -2.138 0.2000000030
6783  -33.232  -70.205  -5.048 0.1000000015
7417  -38.180  -69.130  -3.373 0.1000000015
8736  -39.186  -66.250  0.304 0.3000000119
6784  -33.879  -70.165  -5.544 0.1000000015
105004  -38.923  -63.823  1.034 0.1000000015
9411  -40.656  -66.110  -0.056 0.1000000015
92178  -40.156  -67.841  -1.417 0.1000000015
7419  -39.911  -69.068  -3.156 0.1000000015
6771  -38.817  -69.470  -4.016 0.1000000015
6801  -34.232  -70.080  -6.143 0.1000000015
7420  -40.703  -68.860  -3.067 0.1000000015
7431  -33.172  -69.059  -5.111 0.1000000015
8765  -42.136  -67.075  -1.356 0.1000000015
95670  -41.519  -65.708  -0.261 0.1000000015
3974  -32.534  -75.133  0.167 0.3000000119
3513  -32.704  -75.963  -0.795 0.2000000030
3512  -31.688  -75.787  -0.847 0.3000000119
3527  -32.533  -76.511  -1.584 0.2000000030
102283  -33.641  -75.649  0.433 0.2000000030
3961  -34.391  -75.562  1.245 0.4000000060
3494  -33.817  -76.280  -0.547 0.3000000119
3052  -31.455  -76.439  -1.323 0.2000000030
3051  -31.060  -77.102  -1.602 0.1000000015
3065  -31.999  -76.930  -2.102 0.2000000030
2614  -30.681  -77.912  -1.907 0.1000000015
3514  -34.928  -76.595  -1.196 0.3000000119
2613  -29.752  -78.083  -1.290 0.1000000015
3066  -32.952  -76.496  -2.103 0.2000000030
106449  -29.380  -78.922  -1.900 0.1000000015
88563  -29.198  -78.834  -2.019 0.1000000015
2626  -30.992  -78.017  -2.677 0.1000000015
2197  -29.861  -78.022  -2.884 0.1000000015
2175  -26.726  -78.905  -0.706 0.1000000015
1799  -27.955  -79.318  -1.546 0.1000000015
2196  -29.036  -78.145  -2.074 0.1000000015
2184  -25.938  -78.697  -0.977 0.1000000015
2186  -28.033  -78.672  -1.562 0.1000000015
93811  -36.580  -75.902  -0.081 0.3000000119
3067  -34.334  -76.613  -1.849 0.2000000030
3076  -32.044  -77.043  -2.662 0.2000000030
2615  -31.469  -77.541  -2.421 0.2000000030
2199  -31.165  -77.902  -3.032 0.2000000030
2612  -28.059  -77.747  -1.535 0.1000000015
2600  -25.311  -78.506  -1.180 0.1000000015
3990  -36.549  -75.628  -0.254 0.2000000030
3515  -35.623  -76.171  -1.011 0.3000000119
3077  -32.283  -76.602  -2.847 0.2000000030
2205  -30.670  -77.357  -3.232 0.2000000030
2601  -25.624  -78.502  -1.223 0.1000000015
4005  -35.156  -76.234  -1.653 0.3000000119
4488  -37.538  -74.358  0.829 0.2000000030
2633  -30.323  -77.044  -3.663 0.2000000030
2625  -29.660  -77.398  -3.030 0.1000000015
3049  -26.039  -77.714  -1.250 0.1000000015
96086  -27.077  -77.533  -1.168 0.1000000015
3064  -28.630  -76.289  -2.177 0.1000000015
105962  -24.120  -77.878  -1.478 0.1000000015
3989  -35.575  -75.637  -1.129 0.2000000030
3526  -28.153  -75.580  -1.649 0.1000000015
94924  -25.882  -76.660  -1.015 0.1000000015
3975  -36.536  -74.986  -0.250 0.2000000030
3536  -28.980  -75.266  -2.278 0.1000000015
4015  -29.138  -74.501  -2.377 0.1000000015
3509  -24.709  -76.589  -1.254 0.1000000015
3525  -27.293  -75.421  -1.268 0.1000000015
4559  -30.891  -74.098  -4.915 0.3000000119
4000  -27.319  -74.448  -1.275 0.1000000015
3498  -37.694  -75.217  0.666 0.3000000119
3481  -35.842  -76.112  0.710 0.3000000119
3495  -34.850  -76.351  0.033 0.2000000030
3528  -34.628  -76.314  -1.913 0.3000000119
2624  -28.802  -77.181  -2.259 0.1000000015
2636  -31.671  -77.021  -3.541 0.2000000030
3053  -33.760  -76.657  -1.513 0.2000000030
3054  -34.987  -76.376  -1.647 0.3000000119
4001  -28.340  -74.650  -1.655 0.1000000015
3508  -23.384  -77.735  -1.267 0.1000000015
4558  -30.261  -74.253  -4.233 0.2000000030
4530  -28.703  -73.032  -1.859 0.1000000015
5093  -28.429  -72.158  -1.455 0.1000000015
5078  -27.504  -71.830  -0.793 0.1000000015
98954  -29.619  -73.278  -2.859 0.2000000030
5094  -29.395  -72.458  -2.404 0.2000000030
5608  -28.207  -71.189  -0.953 0.2000000030
5607  -27.342  -70.847  -0.498 0.1000000015
5625  -29.078  -71.535  -1.792 0.2000000030
5640  -30.042  -71.928  -2.963 0.1000000015
4546  -30.462  -73.648  -4.202 0.2000000030
5109  -30.510  -72.815  -3.855 0.1000000015
6183  -28.767  -70.502  -1.290 0.1000000015
6184  -29.681  -70.925  -2.169 0.1000000015
4547  -31.168  -73.427  -4.609 0.2000000030
97962  -31.030  -72.278  -4.370 0.1000000015
5641  -30.640  -71.460  -3.371 0.1000000015
5110  -31.395  -72.681  -4.593 0.2000000030
91040  -31.704  -72.207  -4.848 0.2000000030
6197  -31.254  -71.172  -3.895 0.1000000015
106903  -31.521  -72.012  -4.793 0.1000000015
6756  -30.834  -70.056  -3.251 0.1000000015
90528  -29.652  -74.016  -3.147 0.1000000015
3960  -32.942  -74.693  1.069 0.2000000030
3988  -31.804  -75.221  -0.276 0.1000000015
5543  -29.957  -71.815  4.028 0.1000000015
7924  -38.536  -68.454  6.600 0.1000000015
6090  -32.141  -70.482  8.335 0.1000000015
6089  -31.570  -70.436  7.703 0.1000000015
99080  -36.330  -67.161  7.698 0.1000000015
6651  -31.953  -69.690  8.007 0.1000000015
7908  -37.678  -68.435  7.061 0.2000000030
7907  -37.308  -68.473  6.644 0.1000000015
6643  -33.113  -69.656  9.295 0.1000000015
7290  -38.971  -69.516  5.787 0.2000000030
7923  -37.499  -68.192  6.463 0.1000000015
99148  -36.559  -67.982  7.286 0.1000000015
7261  -34.162  -68.108  9.354 0.1000000015
7259  -32.868  -68.926  8.740 0.1000000015
6652  -32.471  -69.716  8.650 0.1000000015
5557  -30.534  -71.627  3.847 0.1000000015
92997  -34.633  -67.747  8.625 0.1000000015
8641  -37.200  -67.911  6.649 0.1000000015
6660  -39.113  -70.217  5.862 0.2000000030
5544  -30.444  -71.482  4.568 0.1000000015
5502  -31.864  -71.101  7.996 0.1000000015
8615  -35.385  -67.294  7.993 0.1000000015
90606  -36.206  -67.465  7.918 0.1000000015
3959  -31.857  -74.201  0.932 0.1000000015
96567  -43.966  -67.782  7.032 0.1000000015
7904  -43.028  -67.604  7.488 0.1000000015
7911  -41.862  -68.051  7.515 0.1000000015
7901  -40.458  -67.366  8.093 0.1000000015
7281  -42.427  -68.934  7.017 0.1000000015
8632  -42.103  -66.327  8.108 0.1000000015
9296  -40.745  -65.718  8.461 0.1000000015
9280  -39.657  -65.460  9.162 0.1000000015
7903  -42.750  -66.670  7.858 0.1000000015
95961  -42.264  -67.143  7.834 0.1000000015
7902  -41.459  -67.240  7.981 0.1000000015
8620  -40.185  -66.612  8.568 0.1000000015
107265  -38.915  -66.706  9.194 0.1000000015
8633  -43.416  -66.453  7.609 0.1000000015
9272  -39.169  -65.168  9.632 0.1000000015
9947  -41.770  -64.683  7.920 0.1000000015
9929  -41.055  -64.993  8.119 0.1000000015
90553  -40.339  -64.895  8.589 0.1000000015
101341  -42.910  -65.972  8.006 0.1000000015
9281  -40.113  -65.810  8.814 0.1000000015
9271  -38.780  -65.063  10.207 0.1000000015
8634  -44.330  -66.068  7.221 0.1000000015
11267  -39.402  -63.310  9.115 0.1000000015
9928  -39.604  -64.428  9.113 0.1000000015
89061  -41.107  -64.192  8.182 0.1000000015
9948  -42.493  -64.500  7.877 0.1000000015
9299  -43.575  -65.430  7.639 0.1000000015
8645  -45.381  -66.394  7.000 0.1000000015
107057  -46.769  -61.192  10.525 0.1000000015
12698  -45.780  -60.113  11.291 0.1000000015
12697  -45.129  -59.259  11.589 0.1000000015
9931  -43.109  -64.100  8.060 0.1000000015
8635  -45.228  -65.530  7.406 0.1000000015
9316  -46.150  -65.808  7.391 0.1000000015
11984  -47.548  -61.546  10.626 0.1000000015
13423  -44.339  -59.622  10.797 0.1000000015
13410  -44.282  -59.016  11.265 0.1000000015
12700  -47.691  -60.589  11.709 0.1000000015
14850  -44.648  -57.249  12.278 0.1000000015
14106  -44.461  -58.581  11.680 0.1000000015
14095  -45.111  -58.185  12.206 0.1000000015
10592  -40.310  -63.766  8.611 0.1000000015
9916  -38.922  -64.132  9.636 0.1000000015
14105  -43.720  -58.495  11.313 0.1000000015
7272  -40.685  -68.193  7.456 0.1000000015
8630  -39.345  -67.210  8.591 0.1000000015
8619  -39.494  -66.452  9.029 0.1000000015
94804  -43.065  -64.843  7.794 0.1000000015
14865  -44.147  -57.902  11.886 0.1000000015
12076  -37.641  -61.479  2.283 0.1000000015
12800  -37.158  -60.723  2.711 0.1000000015
92300  -29.300  -76.032  1.839 0.1000000015
3025  -29.587  -77.007  1.513 0.1000000015
3492  -29.589  -75.774  0.464 0.1000000015
2554  -30.063  -77.266  3.002 0.1000000015
2569  -29.973  -77.764  2.160 0.1000000015
3480  -29.213  -75.433  1.258 0.1000000015
2555  -30.404  -77.672  3.519 0.1000000015
3467  -29.191  -75.730  2.675 0.1000000015
3941  -28.974  -75.203  2.056 0.1000000015
2119  -30.822  -78.393  3.720 0.1000000015
102985  -31.084  -78.112  4.399 0.1000000015
2996  -29.576  -76.324  3.283 0.1000000015
2542  -31.570  -78.292  5.116 0.1000000015
99164  -30.584  -77.470  4.172 0.1000000015
5471  -28.958  -71.543  10.487 0.1000000015
5486  -29.226  -71.865  9.969 0.1000000015
3875  -27.996  -74.696  8.965 0.1000000015
2917  -27.880  -76.249  9.141 0.1000000015
99329  -28.548  -76.303  8.958 0.1000000015
2474  -28.703  -77.687  9.196 0.1000000015
3493  -29.921  -75.160  0.243 0.1000000015
88533  -28.069  -77.753  9.297 0.1000000015
2475  -29.151  -78.294  9.265 0.1000000015
2120  -31.273  -79.173  4.231 0.1000000015
2106  -31.770  -79.474  5.079 0.1000000015
103360  -30.909  -75.884  -0.666 0.1000000015
87013  -29.226  -80.469  9.669 0.1000000015
89863  -29.776  -81.278  9.360 0.1000000015
1030  -31.153  -81.110  8.733 0.1000000015
1378  -31.590  -80.589  5.792 0.1000000015
1723  -32.052  -80.171  5.990 0.1000000015
103119  -32.122  -78.847  5.669 0.1000000015
2541  -31.011  -77.362  4.853 0.1000000015
96734  -30.566  -76.469  -0.839 0.1000000015
91250  -28.495  -80.767  10.029 0.1000000015
1348  -30.260  -81.144  8.909 0.1000000015
1361  -32.143  -80.433  7.385 0.1000000015
1710  -32.453  -79.771  6.831 0.1000000015
105570  -28.861  -72.084  9.749 0.1000000015
4377  -28.862  -73.287  9.222 0.1000000015
3876  -28.670  -74.654  8.856 0.1000000015
103747  -29.011  -74.573  2.236 0.1000000015
90525  -29.551  -74.348  1.193 0.1000000015
3403  -28.437  -75.468  8.891 0.1000000015
2931  -28.973  -76.869  8.944 0.1000000015
3404  -29.268  -75.974  8.780 0.1000000015
3511  -30.188  -75.775  -0.216 0.1000000015
89382  -30.741  -80.721  9.404 0.1000000015
1337  -31.713  -81.035  8.999 0.1000000015
101856  -32.139  -80.928  8.597 0.1000000015
2531  -32.302  -78.048  5.895 0.1000000015
1687  -31.941  -79.860  8.836 0.1000000015
1688  -32.360  -79.849  8.370 0.1000000015
1699  -32.577  -79.784  7.869 0.1000000015
2107  -32.632  -78.778  6.529 0.1000000015
91457  -30.944  -71.754  10.901 0.1000000015
5487  -29.894  -72.111  9.951 0.1000000015
5473  -31.657  -71.877  11.120 0.1000000015
5474  -32.217  -71.964  11.613 0.1000000015
4483  -29.390  -73.910  1.915 0.1000000015
4940  -29.354  -72.529  9.596 0.1000000015
4378  -29.791  -73.367  9.281 0.1000000015
3461  -29.218  -75.435  3.518 0.1000000015
4484  -30.143  -73.834  1.329 0.1000000015
4399  -29.299  -74.150  8.928 0.1000000015
2981  -29.721  -76.016  4.097 0.1000000015
4499  -30.919  -74.069  0.937 0.1000000015
101991  -29.230  -75.037  8.728 0.1000000015
2932  -29.783  -76.798  8.797 0.1000000015
2483  -30.271  -77.626  8.898 0.1000000015
2055  -31.210  -79.796  9.169 0.1000000015
2066  -29.852  -78.396  9.169 0.1000000015
2067  -30.768  -78.635  9.038 0.1000000015
2080  -32.915  -78.833  8.173 0.1000000015
2092  -32.909  -78.941  7.505 0.1000000015
2068  -31.793  -78.948  8.850 0.1000000015
2069  -32.507  -79.042  8.556 0.1000000015
3942  -29.180  -74.011  2.864 0.1000000015
4916  -30.617  -72.179  10.243 0.1000000015
4917  -31.471  -72.233  10.558 0.1000000015
104275  -34.161  -72.648  11.958 0.1000000015
3453  -29.973  -75.773  4.747 0.1000000015
3452  -29.507  -75.109  4.429 0.1000000015
4463  -29.539  -73.295  2.554 0.1000000015
4379  -30.758  -73.445  9.407 0.1000000015
4942  -31.207  -72.801  9.912 0.1000000015
2982  -30.369  -76.568  4.626 0.1000000015
3973  -31.338  -74.590  0.321 0.1000000015
3877  -29.942  -74.741  8.746 0.1000000015
4400  -30.241  -74.076  9.012 0.1000000015
2508  -33.155  -77.824  6.613 0.1000000015
2530  -31.739  -77.218  5.529 0.1000000015
106229  -29.819  -75.393  8.686 0.1000000015
98015  -33.097  -78.274  8.474 0.1000000015
2933  -30.738  -76.878  8.731 0.1000000015
2484  -31.308  -77.845  8.775 0.1000000015
89520  -32.591  -78.124  8.703 0.1000000015
4896  -33.349  -72.460  11.306 0.1000000015
4943  -32.242  -72.807  10.265 0.1000000015
2529  -30.988  -76.653  5.214 0.1000000015
101865  -33.569  -78.125  7.834 0.1000000015
2969  -32.832  -77.196  6.094 0.1000000015
97668  -31.939  -77.097  8.770 0.1000000015
3405  -30.527  -75.299  8.725 0.1000000015
96060  -30.203  -76.049  8.722 0.1000000015
98239  -31.266  -76.077  8.763 0.1000000015
104092  -31.520  -76.293  5.634 0.1000000015
3914  -29.857  -74.538  5.140 0.1000000015
2968  -32.367  -76.627  5.885 0.1000000015
2497  -34.436  -77.349  7.948 0.1000000015
2509  -33.948  -77.600  7.322 0.1000000015
93233  -33.857  -77.073  6.675 0.1000000015
3859  -31.166  -74.195  9.137 0.1000000015
106366  -32.920  -77.507  8.844 0.1000000015
2485  -33.611  -77.553  8.758 0.1000000015
106173  -32.077  -76.465  8.850 0.1000000015
2934  -33.103  -76.878  9.019 0.1000000015
3445  -31.330  -75.469  5.872 0.1000000015
3915  -30.307  -74.104  5.849 0.1000000015
89921  -34.434  -76.379  6.793 0.1000000015
3430  -33.636  -75.577  6.492 0.1000000015
4362  -33.133  -72.717  10.623 0.1000000015
2936  -35.265  -76.411  8.630 0.1000000015
2487  -35.216  -76.739  8.099 0.1000000015
2935  -34.436  -76.802  9.037 0.1000000015
2486  -34.556  -77.057  8.528 0.1000000015
3879  -31.507  -75.067  8.904 0.1000000015
4424  -30.988  -73.722  6.427 0.1000000015
89199  -32.268  -75.056  6.233 0.1000000015
2953  -35.331  -76.319  7.547 0.1000000015
3407  -33.827  -76.085  9.249 0.1000000015
3860  -32.137  -74.438  9.247 0.1000000015
4411  -31.833  -73.443  6.898 0.1000000015
4380  -32.033  -73.600  9.604 0.1000000015
5441  -32.991  -72.263  12.069 0.1000000015
4323  -36.881  -74.177  14.103 0.1000000015
4337  -36.590  -73.665  13.206 0.1000000015
4887  -35.867  -73.181  12.433 0.1000000015
4335  -35.129  -73.790  13.157 0.1000000015
4398  -28.397  -73.998  8.996 0.1000000015
2482  -29.426  -77.561  9.046 0.1000000015
87019  -28.500  -78.939  9.505 0.1000000015
95644  -29.450  -79.255  9.399 0.1000000015
1672  -29.944  -80.385  9.484 0.1000000015
1336  -30.918  -81.011  9.257 0.1000000015
1042  -31.709  -81.040  7.681 0.1000000015
1369  -31.787  -80.734  6.631 0.1000000015
1377  -31.060  -80.837  5.481 0.1000000015
4941  -30.273  -72.719  9.691 0.1000000015
3444  -30.587  -75.874  5.320 0.1000000015
2950  -32.419  -75.905  5.998 0.1000000015
2952  -34.777  -77.014  7.370 0.1000000015
3905  -31.127  -74.619  6.177 0.1000000015
4336  -35.702  -74.430  13.984 0.1000000015
3967  -17.587  -74.905  0.316 0.1000000015
3968  -18.073  -74.615  0.762 0.1000000015
3550  -19.043  -75.124  -3.958 0.1000000015
4028  -18.671  -74.706  -3.248 0.1000000015
102987  -19.668  -73.832  -3.492 0.1000000015
4013  -18.481  -74.396  -2.438 0.1000000015
3506  -17.104  -75.534  -0.208 0.1000000015
4042  -19.683  -74.799  -4.424 0.1000000015
4049  -21.062  -75.120  -5.514 0.1000000015
3572  -22.094  -75.304  -5.797 0.1000000015
3982  -18.295  -74.499  -0.070 0.1000000015
97779  -18.864  -74.313  -0.033 0.1000000015
4494  -18.726  -74.329  0.741 0.1000000015
4507  -18.787  -73.941  -0.785 0.1000000015
4543  -18.824  -73.820  -2.158 0.1000000015
106692  -17.738  -74.815  -1.138 0.1000000015
3981  -17.655  -74.848  -0.552 0.1000000015
3952  -17.638  -74.972  1.172 0.1000000015
4029  -19.354  -74.418  -3.697 0.1000000015
3524  -17.395  -75.390  -1.191 0.1000000015
4012  -17.905  -74.774  -1.772 0.1000000015
4030  -19.998  -74.125  -4.092 0.1000000015
4050  -21.915  -74.892  -5.533 0.1000000015
4051  -22.758  -74.845  -5.557 0.1000000015
3573  -23.247  -75.287  -5.848 0.1000000015
5026  -22.525  -72.215  2.131 0.1000000015
5025  -20.971  -72.593  1.897 0.1000000015
5046  -22.647  -72.943  1.596 0.1000000015
4508  -19.422  -73.944  -0.367 0.1000000015
4495  -19.397  -74.110  0.690 0.1000000015
4477  -19.166  -73.974  1.496 0.1000000015
4479  -20.245  -73.600  1.049 0.1000000015
5043  -20.208  -72.861  1.936 0.1000000015
5044  -20.960  -73.385  1.099 0.1000000015
4478  -19.772  -73.572  1.342 0.1000000015
97044  -19.290  -73.390  -1.034 0.1000000015
3953  -18.337  -74.501  1.586 0.1000000015
4544  -19.270  -73.325  -2.253 0.1000000015
4527  -19.006  -73.534  -1.537 0.1000000015
95556  -21.259  -74.315  -5.059 0.1000000015
5575  -21.773  -72.358  1.975 0.1000000015
4460  -23.256  -73.462  1.567 0.1000000015
4480  -20.172  -74.581  0.197 0.1000000015
4496  -19.708  -74.086  0.494 0.1000000015
4509  -19.848  -73.912  -0.186 0.1000000015
4556  -19.712  -73.270  -2.989 0.1000000015
4557  -20.222  -73.420  -3.705 0.1000000015
4567  -20.707  -73.804  -4.392 0.1000000015
4568  -21.556  -73.563  -4.594 0.1000000015
4528  -19.486  -72.996  -1.559 0.1000000015
5106  -19.834  -72.734  -2.298 0.1000000015
5564  -21.514  -71.827  2.603 0.1000000015
5072  -19.713  -73.067  -0.926 0.1000000015
5565  -22.230  -71.632  2.616 0.1000000015
5622  -21.203  -71.657  -1.261 0.1000000015
5623  -22.054  -71.397  -1.237 0.1000000015
98374  -22.970  -71.116  -1.593 0.1000000015
5062  -20.515  -74.739  0.299 0.1000000015
96284  -20.062  -74.399  0.181 0.1000000015
4510  -20.108  -74.724  -0.150 0.1000000015
5073  -20.293  -72.670  -0.910 0.1000000015
5074  -20.479  -73.182  -0.630 0.1000000015
5601  -20.857  -72.113  -0.865 0.1000000015
5602  -21.350  -71.989  -0.738 0.1000000015
92474  -20.370  -74.572  -0.402 0.1000000015
92952  -20.192  -75.181  -0.194 0.1000000015
5075  -21.197  -73.014  -0.714 0.1000000015
1031  -31.800  -81.055  8.464 0.1000000015
1041  -31.093  -81.001  7.345 0.1000000015
1043  -32.181  -81.034  8.027 0.1000000015
1052  -31.575  -80.899  6.869 0.1000000015
1053  -31.992  -80.985  7.299 0.1000000015
1064  -31.477  -80.830  6.144 0.1000000015
1349  -32.069  -80.559  8.783 0.1000000015
1350  -32.348  -80.599  8.273 0.1000000015
1379  -32.079  -80.229  6.544 0.1000000015
1673  -31.510  -80.728  9.200 0.1000000015
1722  -31.744  -80.226  5.294 0.1000000015
1792  -27.480  -79.482  -1.126 0.1000000015
2070  -33.692  -77.791  8.302 0.1000000015
2185  -27.211  -78.946  -1.087 0.1000000015
2187  -29.856  -78.272  -2.196 0.1000000015
2198  -30.564  -78.041  -2.879 0.1000000015
2611  -26.981  -78.410  -1.118 0.1000000015
2627  -31.643  -77.576  -3.011 0.2000000030
2634  -30.829  -77.017  -4.383 0.2000000030
2635  -31.240  -77.142  -3.461 0.2000000030
2639  -31.142  -76.871  -4.514 0.3000000119
2951  -33.318  -76.455  6.245 0.1000000015
2997  -30.080  -76.878  3.808 0.1000000015
3010  -29.598  -76.668  2.435 0.1000000015
3084  -30.014  -76.595  -3.817 0.2000000030
3086  -31.069  -76.524  -4.846 0.3000000119
3087  -31.669  -76.682  -3.831 0.2000000030
3406  -32.373  -75.932  8.984 0.1000000015
3418  -34.884  -75.737  7.073 0.1000000015
3460  -28.914  -74.917  2.831 0.1000000015
3482  -37.237  -75.434  1.307 0.5000000000
3497  -37.250  -75.527  0.560 0.3000000119
3516  -37.145  -75.465  0.267 0.3000000119
3551  -30.299  -75.894  -4.429 0.3000000119
3878  -30.635  -74.656  8.856 0.1000000015
3916  -30.467  -74.993  5.638 0.1000000015
3957  -29.131  -74.718  1.535 0.1000000015
3958  -30.182  -74.507  0.593 0.1000000015
3972  -29.423  -74.915  0.788 0.1000000015
3976  -37.415  -75.170  0.380 0.3000000119
3987  -30.817  -75.207  -0.135 0.1000000015
3998  -18.118  -74.441  -0.985 0.1000000015
3999  -18.499  -74.121  -1.613 0.1000000015
4014  -19.146  -73.978  -2.901 0.1000000015
4031  -30.468  -74.988  -4.518 0.4000000060
4043  -20.428  -74.540  -4.805 0.1000000015
4322  -36.040  -74.316  14.279 0.1000000015
4489  -38.834  -74.111  1.460 0.5000000000
4918  -32.295  -72.242  10.920 0.1000000015
4939  -28.484  -72.481  9.524 0.1000000015
5004  -38.324  -71.118  5.310 0.5000000000
5019  -38.907  -71.880  4.520 0.6000000238
5472  -29.946  -71.710  10.555 0.1000000015
5545  -31.004  -71.316  4.385 0.2000000030
5609  -32.006  -71.794  -1.315 0.4000000060
6103  -30.911  -70.871  6.537 0.2000000030
6127  -37.866  -70.644  5.277 0.5000000000
6135  -36.059  -69.572  4.993 0.4000000060
6142  -36.820  -70.297  4.377 0.5000000000
6196  -30.247  -70.441  -2.682 0.1000000015
6664  -43.805  -69.461  6.245 0.2000000030
6672  -44.037  -69.801  5.523 0.3000000119
6680  -35.399  -68.401  6.528 0.4000000060
6681  -43.410  -70.585  4.883 0.3000000119
6692  -44.833  -69.064  4.417 0.3000000119
6715  -32.296  -69.541  0.404 0.5000000000
6730  -32.547  -69.732  -0.516 0.4000000060
6765  -32.277  -70.672  -4.577 0.2000000030
6774  -41.277  -68.979  -3.647 0.1000000015
6775  -41.750  -68.940  -4.188 0.2000000030
6790  -40.174  -69.477  -4.522 0.2000000030
6804  -37.746  -69.494  -6.412 0.2000000030
6807  -39.786  -69.570  -5.317 0.1000000015
6808  -41.381  -69.046  -5.292 0.2000000030
6817  -34.843  -69.883  -6.693 0.1000000015
6820  -37.749  -69.472  -6.784 0.2000000030
6821  -38.441  -69.403  -6.555 0.2000000030
6831  -37.357  -69.194  -7.189 0.2000000030
6833  -38.982  -69.184  -6.874 0.2000000030
7260  -33.581  -68.670  9.383 0.1000000015
7270  -33.129  -68.669  8.152 0.3000000119
7278  -38.759  -69.120  6.193 0.2000000030
7284  -45.040  -68.519  6.295 0.2000000030
7288  -33.536  -68.576  7.623 0.3000000119
7291  -45.478  -68.444  5.778 0.2000000030
7292  -46.017  -67.955  5.941 0.3000000119
7299  -33.219  -67.827  5.442 0.5000000000
7311  -43.526  -69.897  3.865 0.3000000119
7312  -44.584  -68.798  4.156 0.3000000119
7319  -32.815  -68.394  4.075 0.6000000238
7365  -35.063  -68.237  -1.205 0.4000000060
7397  -38.472  -68.767  -2.672 0.1000000015
7399  -40.157  -68.596  -2.491 0.1000000015
7400  -40.853  -68.485  -2.473 0.1000000015
7432  -42.489  -68.519  -4.643 0.1000000015
7441  -33.807  -69.673  -5.812 0.1000000015
7454  -35.403  -69.293  -7.051 0.1000000015
7457  -41.175  -68.349  -6.052 0.1000000015
7463  -28.710  -68.828  -7.786 0.1000000015
7466  -36.396  -68.847  -7.422 0.2000000030
7490  -30.513  -69.080  -12.430 0.1000000015
7888  -35.105  -67.324  8.473 0.1000000015
7898  -37.223  -68.424  7.138 0.1000000015
7921  -33.129  -66.972  6.300 0.4000000060
7922  -34.227  -67.736  6.920 0.5000000000
7926  -46.409  -67.475  5.678 0.3000000119
7939  -46.238  -67.412  5.025 0.3000000119
7947  -39.261  -69.105  4.878 0.3000000119
7954  -46.187  -67.008  4.635 0.3000000119
7958  -32.349  -67.595  3.548 0.5000000000
7967  -32.375  -67.625  2.672 0.6000000238
8027  -38.076  -68.130  -1.481 0.2000000030
8029  -39.563  -67.604  -1.094 0.1000000015
8030  -40.814  -67.727  -1.419 0.1000000015
8034  -44.316  -66.781  -2.281 0.1000000015
8066  -44.234  -66.935  -3.539 0.1000000015
8067  -44.537  -66.286  -4.055 0.1000000015
8074  -30.324  -67.527  -4.716 0.1000000015
8095  -42.532  -67.329  -5.586 0.1000000015
8114  -37.825  -67.115  -7.564 0.1000000015
8118  -41.041  -67.758  -6.055 0.1000000015
8129  -37.627  -67.763  -7.715 0.1000000015
8132  -39.447  -68.109  -6.773 0.1000000015
8157  -30.968  -68.401  -12.471 0.1000000015
8607  -38.679  -66.177  9.834 0.1000000015
8627  -34.750  -66.847  7.810 0.3000000119
8628  -35.150  -67.006  7.951 0.2000000030
8629  -35.696  -67.070  8.001 0.1000000015
8631  -41.117  -66.459  8.302 0.1000000015
8640  -34.147  -67.332  7.304 0.3000000119
8643  -38.991  -66.303  6.386 0.2000000030
8660  -33.733  -67.112  6.938 0.5000000000
8684  -47.268  -66.038  4.816 0.2000000030
8704  -33.402  -66.356  2.579 0.5000000000
8730  -33.804  -66.904  1.216 0.5000000000
8753  -46.055  -65.580  -1.935 0.1000000015
8781  -45.266  -66.218  -2.722 0.1000000015
8801  -42.355  -66.243  -4.204 0.1000000015
8803  -45.382  -65.713  -3.195 0.1000000015
8819  -37.730  -66.212  -4.995 0.1000000015
8822  -40.931  -66.713  -4.739 0.1000000015
8826  -44.040  -66.115  -4.514 0.1000000015
8827  -44.481  -65.800  -4.181 0.1000000015
8842  -36.661  -65.919  -6.886 0.1000000015
8848  -42.884  -66.717  -5.083 0.1000000015
8861  -33.188  -65.409  -7.129 0.1000000015
8867  -38.063  -66.879  -7.091 0.1000000015
8895  -34.138  -66.097  -12.573 0.1000000015
9261  -49.206  -65.075  11.212 0.1000000015
9273  -48.393  -65.221  10.362 0.1000000015
9274  -49.058  -65.112  10.301 0.1000000015
9284  -47.884  -65.281  9.392 0.1000000015
9297  -41.544  -65.578  8.163 0.1000000015
9298  -42.416  -65.311  7.918 0.1000000015
9304  -48.562  -65.223  8.478 0.1000000015
9334  -41.957  -65.709  5.057 0.3000000119
9340  -48.139  -65.368  5.651 0.2000000030
9348  -46.925  -65.866  4.515 0.3000000119
9429  -46.329  -65.121  -2.175 0.1000000015
9444  -40.223  -65.253  -2.607 0.1000000015
9447  -43.215  -65.121  -3.141 0.1000000015
9458  -36.211  -65.088  -4.026 0.1000000015
9480  -36.586  -65.545  -4.673 0.1000000015
9481  -43.527  -65.988  -4.483 0.1000000015
9482  -44.047  -65.832  -4.460 0.1000000015
9898  -49.039  -65.065  12.774 0.1000000015
9899  -49.267  -64.842  12.525 0.1000000015
9906  -49.536  -64.622  11.616 0.1000000015
9943  -34.554  -65.047  8.545 0.3000000119
9946  -36.821  -64.724  8.088 0.3000000119
9949  -43.825  -64.569  7.893 0.1000000015
9961  -33.112  -65.172  7.432 0.5000000000
9963  -38.471  -64.781  7.096 0.2000000030
9976  -32.740  -64.759  6.560 0.5000000000
9980  -47.598  -64.118  5.659 0.2000000030
9990  -46.141  -64.603  5.048 0.3000000119
9992  -47.906  -64.710  5.388 0.2000000030
10013  -33.729  -64.816  4.104 0.5000000000
10014  -34.522  -64.336  3.793 0.5000000000
10027  -35.005  -64.847  3.171 0.5000000000
10028  -35.762  -64.469  2.909 0.4000000060
10029  -36.397  -64.635  2.487 0.4000000060
10044  -39.392  -64.326  0.703 0.1000000015
10072  -47.374  -63.602  -0.709 0.1000000015
10109  -38.395  -63.589  -2.233 0.1000000015
10111  -41.144  -64.122  -1.597 0.1000000015
10113  -47.241  -63.870  -1.165 0.1000000015
10126  -35.484  -63.970  -3.000 0.1000000015
10128  -37.235  -64.129  -2.906 0.1000000015
10150  -35.026  -64.213  -3.617 0.1000000015
10154  -44.923  -64.892  -3.357 0.1000000015
10163  -31.747  -63.656  -5.830 0.1000000015
10175  -32.646  -63.117  -6.520 0.1000000015
10176  -33.224  -63.147  -6.280 0.1000000015
10191  -32.963  -63.213  -7.891 0.1000000015
10193  -33.148  -63.635  -9.482 0.1000000015
10194  -32.338  -63.454  -10.380 0.1000000015
10196  -33.841  -63.982  -10.399 0.1000000015
10607  -48.098  -63.495  7.956 0.1000000015
10624  -48.667  -64.099  7.340 0.1000000015
10637  -45.043  -63.267  5.842 0.3000000119
10687  -36.911  -63.052  2.465 0.4000000060
10743  -34.114  -63.645  -0.572 0.1000000015
10747  -48.455  -62.675  -0.728 0.1000000015
10759  -36.880  -62.996  -2.107 0.1000000015
10763  -40.904  -63.310  -1.436 0.1000000015
10764  -41.925  -63.247  -1.395 0.1000000015
10767  -47.634  -63.324  -1.270 0.1000000015
10768  -48.294  -63.078  -1.036 0.1000000015
10780  -45.191  -63.746  -2.407 0.1000000015
10782  -46.684  -63.675  -2.157 0.1000000015
10783  -47.456  -63.062  -1.672 0.1000000015
10784  -48.117  -62.900  -1.338 0.1000000015
11212  -46.840  -62.300  13.127 0.1000000015
11285  -46.512  -62.542  8.213 0.2000000030
11297  -32.977  -63.011  7.926 0.5000000000
11302  -40.982  -62.184  6.821 0.3000000119
11306  -45.551  -62.527  7.202 0.2000000030
11307  -46.309  -62.821  7.431 0.2000000030
11314  -39.615  -62.918  6.671 0.3000000119
11320  -45.268  -62.788  6.472 0.2000000030
11334  -33.768  -62.715  4.580 0.4000000060
11431  -37.610  -62.157  -1.489 0.1000000015
11436  -44.564  -62.490  -1.876 0.1000000015
11450  -48.093  -62.307  -1.473 0.1000000015
12008  -41.860  -61.211  7.968 0.4000000060
12711  -46.315  -60.689  10.862 0.1000000015
12738  -39.100  -60.174  8.391 0.4000000060
12786  -36.537  -60.941  3.041 0.2000000030
12860  -38.456  -60.211  -1.406 0.1000000015
12873  -41.188  -61.110  -2.111 0.1000000015
12875  -43.138  -61.190  -2.184 0.1000000015
12879  -47.794  -60.541  -1.146 0.1000000015
12895  -47.644  -60.753  -1.412 0.1000000015
13421  -42.269  -59.234  10.074 0.1000000015
13435  -42.063  -59.741  9.543 0.3000000119
13462  -32.537  -59.735  6.615 0.3000000119
13545  -35.100  -59.141  0.450 0.1000000015
13600  -47.053  -58.720  -3.711 0.1000000015
13608  -46.452  -58.853  -5.160 0.1000000015
13614  -42.639  -59.295  -6.834 0.1000000015
14121  -43.228  -58.857  10.746 0.1000000015
14153  -32.590  -58.540  7.528 0.3000000119
14194  -35.650  -58.692  4.009 0.2000000030
14247  -34.657  -58.078  -1.501 0.1000000015
14248  -34.931  -58.373  -1.224 0.1000000015
14276  -38.887  -59.028  -3.409 0.1000000015
14278  -46.795  -58.577  -2.981 0.1000000015
14873  -33.793  -56.792  10.301 0.2000000030
14885  -33.214  -57.433  9.311 0.2000000030
14939  -35.705  -57.253  4.947 0.1000000015
15004  -36.643  -58.394  -1.084 0.1000000015
15025  -35.941  -57.443  -3.111 0.1000000015
15034  -37.714  -58.339  -4.754 0.1000000015
15047  -41.597  -57.880  -6.449 0.1000000015
15048  -42.517  -57.960  -6.083 0.1000000015
15654  -34.599  -55.857  6.310 0.1000000015
15748  -35.028  -57.307  -2.334 0.1000000015
15759  -35.035  -56.644  -2.454 0.1000000015
15787  -36.760  -56.654  -6.800 0.1000000015
16349  -33.425  -54.723  10.220 0.1000000015
16379  -33.860  -55.435  7.218 0.1000000015
16508  -37.533  -55.817  -7.927 0.1000000015
17868  -34.047  -53.259  11.293 0.1000000015
18658  -33.258  -52.508  9.764 0.1000000015
21158  -33.720  -49.879  8.403 0.1000000015
21874  -35.389  -49.031  8.841 0.1000000015
87030  -39.797  -71.043  4.257 0.3000000119
87793  -39.679  -71.255  4.747 0.3000000119
88017  -40.528  -70.664  5.479 0.3000000119
88402  -39.058  -69.778  4.740 0.3000000119
88699  -33.298  -66.576  -5.751 0.1000000015
89462  -33.136  -54.968  9.127 0.1000000015
90246  -34.594  -64.010  8.696 0.4000000060
90441  -33.277  -69.694  -2.381 0.4000000060
90780  -29.393  -76.275  1.076 0.1000000015
91260  -33.286  -51.056  8.065 0.1000000015
91397  -34.523  -59.936  4.318 0.3000000119
93253  -31.316  -80.552  4.988 0.1000000015
94161  -46.331  -63.137  -1.978 0.1000000015
94405  -35.398  -69.977  -6.181 0.1000000015
94892  -38.821  -61.711  -1.591 0.1000000015
95171  -40.547  -69.312  -5.165 0.2000000030
95589  -35.876  -76.372  -0.285 0.3000000119
95708  -28.595  -78.988  -1.945 0.1000000015
95785  -33.348  -51.792  9.801 0.1000000015
96042  -32.193  -79.612  5.867 0.1000000015
96328  -30.960  -75.715  -4.880 0.3000000119
98043  -33.900  -66.529  7.522 0.3000000119
98287  -43.821  -60.649  9.480 0.3000000119
98430  -39.620  -67.514  8.193 0.1000000015
98455  -33.071  -63.432  -4.383 0.1000000015
98489  -37.635  -58.292  -2.144 0.1000000015
98507  -38.410  -66.558  -5.170 0.1000000015
98786  -42.326  -68.120  -5.571 0.1000000015
98797  -31.286  -81.045  8.064 0.1000000015
99037  -33.772  -52.586  11.043 0.1000000015
99193  -47.828  -65.762  5.319 0.2000000030
99344  -27.995  -76.958  -1.676 0.1000000015
99353  -45.037  -66.250  -3.466 0.1000000015
99837  -42.203  -67.697  -1.886 0.1000000015
100458  -38.989  -70.855  5.079 0.3000000119
101309  -37.497  -64.757  -3.296 0.1000000015
101790  -43.862  -67.016  7.314 0.1000000015
101979  -31.957  -77.038  -3.160 0.2000000030
102951  -32.737  -62.646  7.418 0.5000000000
103141  -44.649  -66.586  -3.492 0.1000000015
103476  -44.944  -66.495  -2.332 0.1000000015
103635  -32.542  -67.193  4.726 0.5000000000
103642  -38.119  -54.583  11.870 0.1000000015
104203  -30.306  -79.502  9.309 0.1000000015
104795  -32.386  -70.090  1.870 0.6000000238
104822  -35.325  -67.254  8.677 0.1000000015
104971  -32.995  -63.674  7.828 0.5000000000
105141  -37.481  -60.761  8.264 0.4000000060
105224  -35.840  -58.181  -1.674 0.1000000015
105250  -43.005  -65.388  7.849 0.1000000015
105284  -43.049  -71.115  4.035 0.3000000119
105288  -45.234  -67.919  6.512 0.2000000030
105295  -32.507  -67.598  1.914 0.6000000238
105459  -35.802  -62.135  8.442 0.5000000000
106214  -29.904  -75.374  -4.017 0.2000000030
106684  -46.119  -62.677  11.757 0.1000000015
106874  -27.102  -79.191  -0.620 0.1000000015
107000  -33.303  -78.287  7.224 0.1000000015
107162  -35.932  -68.449  6.202 0.4000000060
107251  -34.333  -61.396  4.229 0.3000000119
