#!ascii label  , from subject sub-v1s16x0051199_ses-1 vox2ras=TkReg
1428
34508  -5.635  -13.708  67.700 0.6250000000
35271  -6.274  -13.042  67.714 0.6250000000
34515  -6.747  -13.626  66.548 0.6250000000
35278  -6.839  -12.922  67.033 0.6250000000
87455  -6.923  -12.660  67.863 0.5000000000
34516  -7.262  -13.190  66.267 0.6250000000
35279  -7.553  -12.539  66.674 0.6250000000
35280  -8.231  -12.220  66.440 0.6250000000
35272  -7.475  -12.399  67.495 0.5000000000
86478  -8.242  -12.978  65.405 0.5000000000
35273  -7.996  -12.143  67.123 0.5000000000
36050  -8.712  -11.750  67.272 0.5000000000
36057  -9.030  -11.939  66.285 0.5000000000
36058  -9.790  -11.525  65.933 0.6250000000
77928  -9.567  -11.294  67.031 0.5000000000
36866  -10.254  -10.830  66.759 0.1250000000
88864  -10.404  -10.963  65.960 0.6250000000
93710  -10.800  -10.254  67.288 0.1250000000
36874  -10.908  -10.622  65.472 0.5000000000
36867  -10.860  -10.407  66.467 0.2500000000
92641  -11.448  -10.269  65.407 0.6250000000
78915  -12.289  -10.311  64.399 0.6250000000
76522  -23.505  -0.315  69.032 0.3750000000
77762  -23.311  -2.000  68.378 0.3750000000
88331  -23.392  -1.130  68.436 0.3750000000
36868  -11.621  -10.035  66.250 0.3750000000
76521  -23.191  -1.522  67.497 0.3750000000
76866  -23.465  -0.511  67.769 0.3750000000
37724  -12.078  -9.941  65.451 0.6250000000
88691  -22.306  -2.564  66.573 0.7500000000
77215  -22.838  -2.474  67.379 0.5000000000
88273  -23.210  -1.103  66.836 0.5000000000
88529  -23.838  0.197  67.390 0.5000000000
81870  -24.614  1.418  66.929 0.3750000000
88137  -22.752  -1.814  66.505 0.7500000000
88410  -23.451  -0.446  66.646 0.6250000000
90494  -23.925  0.336  66.320 0.5000000000
45048  -24.566  0.873  65.981 0.3750000000
45794  -25.103  0.938  65.259 0.3750000000
36881  -13.121  -10.123  64.201 0.7500000000
43107  -21.651  -3.009  66.186 0.8750000000
88222  -22.087  -2.307  65.847 0.8750000000
77100  -22.465  -1.560  65.534 0.8750000000
88528  -23.074  -1.085  66.056 0.7500000000
76523  -23.388  -0.474  65.859 0.7500000000
88643  -23.518  -0.198  65.382 0.5000000000
83456  -25.951  1.628  65.780 0.3750000000
77334  -22.975  -0.843  65.183 0.7500000000
77363  -24.014  0.380  65.132 0.6250000000
45054  -24.538  0.516  64.304 0.5000000000
90748  -22.343  -1.388  64.628 1.0000000000
76985  -23.402  -0.302  64.669 0.8750000000
45053  -23.837  0.109  64.287 0.6250000000
88369  -21.909  -1.965  64.059 1.0000000000
43761  -22.300  -1.297  63.735 1.0000000000
88356  -22.820  -0.813  64.244 0.8750000000
44400  -22.851  -0.806  63.384 0.7500000000
44393  -23.415  -0.367  63.839 0.7500000000
45062  -24.114  0.080  63.575 0.6250000000
44401  -23.603  -0.418  62.899 0.6250000000
43772  -21.815  -1.780  63.165 1.0000000000
43773  -22.349  -1.226  62.892 1.0000000000
87159  -22.910  -0.847  62.670 0.8750000000
86004  -23.291  -0.700  62.040 0.7500000000
43788  -21.898  -1.648  62.207 1.0000000000
44411  -22.581  -1.132  62.132 0.8750000000
44423  -22.838  -1.035  61.397 0.8750000000
43798  -21.943  -1.756  61.460 1.0000000000
43799  -22.308  -1.413  61.617 0.8750000000
43806  -22.311  -1.480  60.882 0.8750000000
43149  -21.383  -2.354  62.562 1.0000000000
43153  -21.487  -2.299  61.579 1.0000000000
43805  -21.940  -1.953  60.268 1.0000000000
43810  -22.390  -1.272  59.875 1.0000000000
43152  -21.193  -3.073  61.095 1.0000000000
43157  -21.556  -2.501  60.663 1.0000000000
43809  -21.946  -1.927  59.391 1.0000000000
36909  -20.153  -10.880  61.974 0.1250000000
36904  -20.113  -10.375  62.069 0.1250000000
43160  -21.627  -2.548  59.793 1.0000000000
43163  -21.564  -2.500  58.922 1.0000000000
42484  -20.887  -3.677  59.781 1.0000000000
43159  -21.277  -3.141  59.311 1.0000000000
43162  -20.999  -3.021  58.312 1.0000000000
43166  -21.357  -2.293  58.214 1.0000000000
90421  -21.075  -10.905  61.051 0.1250000000
36919  -21.310  -10.796  60.356 0.1250000000
80478  -20.571  -4.176  59.432 1.0000000000
42487  -20.792  -3.722  58.937 1.0000000000
42490  -20.580  -3.206  57.339 1.0000000000
41035  -20.182  -5.250  58.619 0.8750000000
41778  -20.424  -4.431  58.751 1.0000000000
41788  -20.474  -3.856  58.032 1.0000000000
86448  -20.610  -4.252  57.101 1.0000000000
38662  -20.913  -9.124  59.059 0.3750000000
88900  -20.173  -6.021  58.559 0.8750000000
80633  -20.352  -4.765  57.909 0.8750000000
41053  -20.607  -5.164  57.282 0.8750000000
41054  -20.924  -5.149  56.603 0.8750000000
38667  -20.602  -8.505  58.872 0.6250000000
42432  -22.608  -3.668  67.725 0.5000000000
92697  -22.678  -3.093  67.594 0.5000000000
37725  -12.900  -9.694  65.056 0.7500000000
42439  -22.219  -3.255  66.984 0.6250000000
45787  -25.239  1.562  66.315 0.3750000000
45795  -25.992  1.202  64.985 0.3750000000
36882  -13.893  -10.013  63.945 0.8750000000
42438  -21.650  -3.936  66.337 0.7500000000
45055  -25.569  0.819  64.293 0.3750000000
37736  -14.625  -10.146  63.638 0.8750000000
42446  -21.325  -3.692  65.555 0.8750000000
77989  -21.501  -2.829  65.311 0.8750000000
76995  -21.990  -2.134  64.955 1.0000000000
45063  -25.011  0.505  63.440 0.3750000000
37737  -15.431  -9.892  63.827 0.7500000000
42453  -21.221  -3.523  64.713 0.8750000000
36890  -16.120  -10.081  63.193 0.7500000000
42463  -21.128  -3.349  63.837 0.8750000000
77160  -21.474  -2.684  64.406 1.0000000000
45071  -24.485  0.019  62.842 0.5000000000
36901  -17.635  -10.637  62.704 0.5000000000
43137  -21.414  -2.504  63.494 1.0000000000
85395  -18.438  -10.729  62.875 0.6250000000
44430  -22.893  -0.854  60.567 0.7500000000
44424  -23.572  -0.439  61.155 0.6250000000
36902  -19.161  -10.787  62.861 0.6250000000
81943  -22.909  -0.659  59.841 1.0000000000
88855  -19.474  -10.940  62.116 0.5000000000
43148  -20.980  -2.984  61.993 1.0000000000
44440  -22.671  -0.810  59.199 1.0000000000
36903  -19.734  -10.543  62.567 0.3750000000
42477  -20.708  -3.625  61.450 1.0000000000
43156  -21.267  -3.130  60.210 1.0000000000
44439  -22.233  -1.357  58.966 1.0000000000
41764  -20.129  -4.928  60.490 1.0000000000
41765  -20.466  -4.244  60.951 1.0000000000
42481  -20.836  -3.662  60.605 1.0000000000
43816  -21.476  -1.686  57.743 1.0000000000
43812  -21.774  -1.841  58.567 1.0000000000
36910  -20.578  -10.796  61.557 0.1250000000
79228  -20.522  -4.237  60.138 1.0000000000
43165  -20.958  -2.397  57.545 1.0000000000
37756  -20.443  -9.939  61.455 0.1250000000
37764  -20.872  -10.223  60.722 0.2500000000
38654  -20.582  -9.383  60.649 0.1250000000
37770  -20.913  -9.541  59.796 0.1250000000
41026  -20.201  -4.886  59.529 1.0000000000
42493  -21.057  -2.865  55.965 0.8750000000
43168  -20.762  -2.566  56.708 1.0000000000
92249  -21.184  -3.655  55.896 0.8750000000
41797  -21.049  -4.331  56.230 0.7500000000
39489  -20.097  -8.146  59.572 0.6250000000
39497  -20.306  -7.564  58.701 0.6250000000
40279  -20.011  -6.617  58.942 0.7500000000
40290  -19.951  -5.781  59.199 0.7500000000
41805  -21.515  -4.311  55.551 0.7500000000
41075  -21.775  -5.119  55.175 0.7500000000
42431  -22.107  -4.186  67.055 0.6250000000
40960  -22.021  -5.608  66.933 0.6250000000
82115  -22.257  -6.263  67.598 0.6250000000
37726  -13.734  -9.651  64.779 0.8750000000
41707  -22.126  -4.894  67.155 0.6250000000
40965  -21.678  -5.884  66.238 0.7500000000
37727  -14.634  -9.731  64.481 0.8750000000
41717  -21.736  -4.927  66.417 0.7500000000
41725  -21.400  -5.429  65.719 0.7500000000
77856  -21.344  -4.579  65.709 0.8750000000
41734  -21.144  -4.378  64.988 0.8750000000
45072  -25.427  0.338  62.494 0.3750000000
36891  -17.053  -10.195  63.277 0.7500000000
42452  -20.868  -4.178  64.239 0.8750000000
44412  -24.286  -0.223  62.019 0.3750000000
36892  -18.073  -10.594  63.468 0.7500000000
45083  -24.372  -0.043  61.184 0.3750000000
42462  -20.512  -3.976  63.350 1.0000000000
42473  -21.032  -3.147  62.917 1.0000000000
42472  -20.569  -3.673  62.331 1.0000000000
41757  -20.373  -4.246  61.763 1.0000000000
80813  -22.430  -0.737  58.031 1.0000000000
92661  -22.437  -0.928  58.599 1.0000000000
37746  -19.992  -10.019  62.771 0.5000000000
41756  -20.125  -4.903  61.344 1.0000000000
44443  -22.014  -1.235  58.223 1.0000000000
37755  -20.191  -9.575  62.080 0.3750000000
43815  -21.065  -1.785  56.976 1.0000000000
41025  -19.709  -5.688  60.009 1.0000000000
38660  -20.158  -8.623  60.476 0.6250000000
38661  -20.604  -8.879  59.785 0.3750000000
42496  -21.703  -3.361  55.333 0.8750000000
86978  -19.767  -7.226  59.533 0.7500000000
37712  -12.838  -9.475  66.056 0.6250000000
38617  -21.507  -9.431  66.050 0.8750000000
38623  -21.114  -9.368  65.428 1.0000000000
38624  -21.644  -8.831  65.610 1.0000000000
39436  -21.842  -7.891  65.949 0.8750000000
40218  -21.693  -6.777  66.088 0.8750000000
38622  -20.215  -9.583  65.315 1.0000000000
37731  -19.415  -9.751  65.105 1.0000000000
39447  -21.228  -7.986  65.337 0.8750000000
40230  -21.285  -6.965  65.558 0.8750000000
40976  -21.434  -6.185  65.722 0.8750000000
37738  -17.488  -10.379  64.133 1.0000000000
39446  -20.598  -9.079  64.905 1.0000000000
84072  -21.163  -8.784  65.160 1.0000000000
40975  -21.110  -5.959  65.125 0.8750000000
90015  -21.164  -5.088  65.211 0.8750000000
45064  -26.197  0.795  63.430 0.2500000000
38627  -19.877  -9.527  64.623 1.0000000000
39453  -20.551  -8.182  64.861 1.0000000000
40240  -20.599  -7.021  64.938 0.8750000000
40988  -20.475  -5.996  64.622 0.8750000000
41733  -20.694  -5.081  64.640 0.8750000000
41743  -20.254  -4.700  63.949 0.8750000000
45092  -24.042  -0.012  60.597 0.3750000000
36893  -18.821  -10.689  63.430 0.7500000000
37740  -19.445  -10.363  63.482 0.7500000000
84529  -20.212  -4.696  63.305 1.0000000000
44431  -23.451  -0.291  60.219 0.5000000000
81679  -20.146  -4.868  62.076 1.0000000000
41750  -20.277  -4.429  62.603 1.0000000000
44441  -23.320  -0.224  59.308 0.8750000000
88827  -20.024  -9.431  63.257 0.7500000000
89966  -20.096  -9.230  62.604 0.6250000000
41015  -19.600  -5.754  61.005 1.0000000000
44447  -21.887  -0.963  57.420 1.0000000000
44450  -21.577  -1.192  56.528 1.0000000000
92115  -21.440  -1.360  57.178 1.0000000000
38649  -20.274  -9.083  61.341 0.5000000000
40271  -19.483  -6.675  60.371 0.7500000000
42497  -22.186  -2.630  54.911 0.8750000000
43171  -21.618  -2.340  55.529 0.8750000000
43169  -21.109  -1.971  56.166 1.0000000000
39488  -19.674  -7.772  60.338 0.7500000000
93527  -19.705  -6.379  59.590 0.7500000000
37719  -20.469  -9.771  66.162 1.0000000000
37728  -15.497  -9.821  64.719 0.8750000000
90113  -16.376  -9.940  64.053 1.0000000000
37729  -16.953  -10.274  64.849 1.0000000000
90194  -18.726  -10.130  64.973 1.0000000000
37732  -19.333  -10.080  64.385 1.0000000000
37739  -18.583  -10.525  64.159 1.0000000000
39452  -20.067  -8.600  64.254 1.0000000000
82872  -20.147  -7.568  64.405 1.0000000000
38632  -19.823  -9.560  63.945 1.0000000000
40239  -19.989  -6.573  64.172 1.0000000000
41000  -20.116  -5.508  64.133 1.0000000000
45118  -24.880  0.416  59.103 0.5000000000
93268  -23.955  0.237  59.002 0.5000000000
45105  -24.148  0.236  59.822 0.3750000000
39460  -19.835  -7.592  63.805 1.0000000000
40250  -19.737  -6.742  63.266 1.0000000000
40999  -19.870  -5.844  63.512 1.0000000000
83881  -19.948  -8.526  63.501 1.0000000000
39468  -19.800  -7.638  62.945 1.0000000000
41742  -20.070  -5.180  63.617 1.0000000000
45117  -23.486  -0.055  58.463 0.8750000000
44444  -22.879  -0.512  58.583 0.8750000000
41004  -19.700  -6.070  62.622 1.0000000000
41749  -20.065  -5.253  62.817 1.0000000000
44449  -23.121  -0.333  57.155 1.0000000000
45128  -23.006  -0.347  57.893 1.0000000000
38640  -19.993  -8.493  62.729 1.0000000000
40258  -19.572  -6.895  62.404 1.0000000000
87535  -19.499  -6.270  61.819 1.0000000000
41009  -19.820  -5.510  61.931 1.0000000000
44452  -23.194  -0.353  56.300 1.0000000000
44451  -22.383  -0.617  56.738 1.0000000000
44448  -22.549  -0.583  57.447 1.0000000000
38648  -20.054  -8.707  62.004 1.0000000000
39474  -19.689  -7.762  62.016 1.0000000000
93696  -19.470  -6.970  61.729 1.0000000000
43172  -22.208  -1.747  55.190 1.0000000000
44456  -22.368  -0.887  55.738 1.0000000000
39480  -19.498  -7.365  61.137 1.0000000000
40264  -19.435  -6.590  61.212 1.0000000000
43824  -22.695  -2.040  54.552 1.0000000000
43820  -21.675  -1.547  55.766 1.0000000000
85173  -19.773  -8.279  61.198 0.6250000000
78788  -16.210  -10.092  65.226 1.0000000000
79822  -24.261  0.244  58.319 0.6250000000
45137  -23.921  -0.127  56.893 1.0000000000
45129  -23.697  -0.029  57.696 0.8750000000
44457  -23.464  -0.590  55.431 1.0000000000
43821  -22.923  -1.231  54.914 1.0000000000
45130  -24.559  0.130  57.515 0.6250000000
45138  -24.858  -0.036  56.690 0.7500000000
44453  -24.171  -0.232  56.043 1.0000000000
82378  -23.286  -1.502  54.241 1.0000000000
44461  -23.773  -0.830  54.678 1.0000000000
79836  -25.545  0.174  57.362 0.6250000000
45144  -25.173  -0.167  55.848 0.8750000000
44458  -24.466  -0.400  55.228 1.0000000000
44465  -23.934  -0.980  54.006 1.0000000000
45139  -25.860  0.011  56.545 0.6250000000
82488  -26.586  0.157  57.248 0.3750000000
44459  -25.439  -0.248  55.046 0.8750000000
44462  -24.647  -0.486  54.483 1.0000000000
43827  -23.999  -1.041  53.260 1.0000000000
90153  -27.427  0.183  57.148 0.3750000000
45145  -26.182  -0.085  55.708 0.6250000000
45140  -26.878  0.065  56.468 0.5000000000
45151  -26.419  -0.077  54.902 0.6250000000
44466  -24.669  -0.579  53.744 1.0000000000
44463  -25.582  -0.217  54.179 0.7500000000
44469  -24.645  -0.679  52.954 1.0000000000
44467  -25.243  -0.350  53.424 0.8750000000
44470  -25.341  -0.293  52.720 1.0000000000
44472  -24.698  -0.720  52.080 1.0000000000
80311  -26.548  0.056  54.151 0.6250000000
45152  -27.249  0.171  54.870 0.6250000000
45156  -25.927  -0.057  53.417 0.6250000000
45160  -26.051  0.175  52.589 0.8750000000
44473  -25.433  -0.194  51.827 0.8750000000
45157  -26.597  0.331  53.381 0.7500000000
79171  -27.138  0.398  54.190 0.3750000000
45158  -27.125  0.829  53.346 0.8750000000
45161  -26.737  0.746  52.399 0.8750000000
45880  -27.686  0.995  54.279 0.5000000000
45881  -28.384  1.790  53.912 0.6250000000
46559  -32.552  2.535  55.104 0.1250000000
45162  -27.300  1.216  52.534 0.8750000000
45886  -27.700  1.484  53.155 0.6250000000
45887  -28.501  1.998  52.782 0.7500000000
45882  -29.442  2.242  53.533 0.3750000000
45883  -30.628  2.145  53.692 0.2500000000
46582  -31.794  2.082  53.599 0.2500000000
45166  -27.401  1.260  51.735 0.8750000000
78543  -27.939  1.594  52.131 1.0000000000
78213  -28.703  1.973  51.786 0.7500000000
45888  -29.258  2.247  52.434 0.5000000000
45889  -30.223  2.332  52.627 0.3750000000
45884  -31.226  2.116  53.148 0.2500000000
45897  -28.193  1.628  51.171 0.8750000000
45893  -29.478  2.296  51.687 0.7500000000
78229  -28.970  1.973  51.024 0.8750000000
45900  -29.597  2.308  50.960 0.8750000000
45898  -28.628  1.844  50.493 0.8750000000
45913  -28.054  1.874  48.361 0.8750000000
46560  -33.594  2.547  55.330 0.1250000000
46561  -34.207  2.628  55.795 0.1250000000
46574  -33.119  2.442  54.743 0.1250000000
45890  -31.078  2.228  52.295 0.2500000000
45894  -30.269  2.428  51.670 0.5000000000
45899  -29.141  2.060  50.486 0.8750000000
46599  -29.584  2.357  50.192 0.8750000000
92889  -28.299  1.842  49.996 1.0000000000
45905  -28.868  2.045  49.870 0.8750000000
47252  -33.407  3.275  55.852 0.1250000000
46583  -32.553  2.258  53.810 0.1250000000
46591  -31.883  2.118  52.822 0.2500000000
46596  -31.576  2.330  51.907 0.5000000000
46597  -32.288  2.448  52.157 0.3750000000
45895  -30.920  2.413  51.616 0.5000000000
46601  -31.213  2.606  51.183 0.6250000000
46600  -30.311  2.577  50.933 0.8750000000
79091  -30.116  2.799  50.223 0.8750000000
47293  -30.747  3.060  50.533 0.8750000000
46604  -29.778  2.912  49.491 1.0000000000
46607  -28.596  2.294  48.930 0.8750000000
80108  -29.253  2.473  49.362 0.8750000000
92881  -29.449  2.836  49.025 1.0000000000
47304  -29.496  3.345  48.693 1.0000000000
46575  -34.128  2.348  55.328 0.1250000000
46584  -33.667  2.400  54.565 0.1250000000
46593  -33.272  2.516  53.520 0.1250000000
47305  -29.985  3.804  49.077 1.0000000000
46592  -32.571  2.317  52.944 0.2500000000
47288  -31.985  2.688  51.363 0.5000000000
47294  -31.572  3.204  50.732 0.8750000000
47299  -30.327  3.481  49.878 0.8750000000
47313  -29.695  4.102  48.156 0.8750000000
47955  -30.256  4.668  48.630 1.0000000000
47280  -32.995  2.783  52.483 0.3750000000
47289  -32.651  3.072  51.626 0.3750000000
47295  -32.315  3.417  50.921 0.5000000000
47935  -32.946  3.856  51.111 0.3750000000
47300  -31.054  3.868  50.188 0.7500000000
47943  -31.961  3.947  50.302 0.7500000000
47944  -32.592  4.086  50.532 0.6250000000
47949  -30.593  4.350  49.489 0.8750000000
47950  -31.563  4.642  49.628 0.7500000000
47951  -32.497  4.643  49.880 0.7500000000
81092  -30.879  5.081  49.067 0.8750000000
93124  -32.144  4.982  49.381 0.7500000000
48603  -32.683  5.363  49.206 0.7500000000
48607  -31.693  5.447  48.871 0.7500000000
47960  -30.207  4.735  47.577 1.0000000000
47956  -30.807  5.345  48.179 1.0000000000
47961  -30.906  5.209  47.056 0.8750000000
47290  -33.362  3.555  51.903 0.3750000000
47945  -33.214  4.629  50.454 0.6250000000
47952  -33.148  5.081  49.764 0.5000000000
48608  -32.461  5.852  48.317 0.7500000000
48614  -31.640  5.760  47.662 1.0000000000
48619  -31.531  5.712  46.523 0.8750000000
82936  -32.395  6.046  47.525 0.8750000000
48604  -33.461  5.488  49.347 0.6250000000
48609  -33.427  5.887  48.645 0.6250000000
48620  -32.146  6.145  46.394 0.7500000000
48615  -32.097  5.999  46.994 0.8750000000
48610  -34.211  6.091  48.602 0.3750000000
49328  -33.110  6.166  47.740 0.7500000000
49336  -32.757  6.331  46.823 0.8750000000
49343  -31.893  6.024  45.854 0.8750000000
49350  -32.566  6.387  45.745 0.7500000000
89821  -33.398  6.324  44.607 0.8750000000
50033  -36.263  6.568  43.996 0.8750000000
86666  -37.594  6.846  43.673 0.7500000000
50034  -38.437  7.136  43.686 0.6250000000
49360  -36.910  6.619  43.272 0.8750000000
49329  -33.968  6.249  47.960 0.5000000000
49338  -34.572  6.527  47.428 0.5000000000
49330  -34.731  6.359  48.221 0.2500000000
49337  -33.705  6.464  47.121 0.5000000000
90802  -33.484  6.571  46.174 0.7500000000
49351  -33.363  6.550  45.223 0.7500000000
49352  -34.245  6.641  45.592 0.7500000000
49355  -34.122  6.473  44.659 0.7500000000
50021  -34.987  6.643  45.050 0.7500000000
50026  -35.677  6.593  44.559 0.7500000000
49356  -34.937  6.470  44.213 0.8750000000
50027  -36.484  6.750  44.834 0.7500000000
78340  -37.049  6.761  44.189 0.6250000000
50028  -37.886  6.930  44.380 0.5000000000
50029  -38.794  7.184  44.562 0.6250000000
49339  -35.351  6.643  47.776 0.2500000000
49344  -34.395  6.641  46.545 0.6250000000
49345  -35.244  6.729  46.916 0.3750000000
50004  -36.042  6.857  47.316 0.1250000000
50010  -35.125  6.704  45.982 0.3750000000
50011  -35.985  6.815  46.379 0.3750000000
50022  -35.849  6.723  45.436 0.6250000000
50023  -36.806  6.989  45.815 0.5000000000
78322  -37.321  6.945  45.022 0.5000000000
91257  -37.664  7.157  45.719 0.2500000000
50024  -39.090  7.434  45.392 0.2500000000
50012  -36.814  7.050  46.864 0.1250000000
50006  -37.602  7.494  47.410 0.1250000000
50013  -37.642  7.329  46.480 0.1250000000
78066  -38.655  7.875  47.047 0.1250000000
78127  -38.410  7.474  46.014 0.2500000000
50014  -39.321  7.834  46.276 0.1250000000
50015  -40.131  8.073  46.482 0.1250000000
78230  -38.196  7.144  45.185 0.2500000000
50016  -40.684  8.087  46.261 0.1250000000
50679  -41.272  8.394  46.792 0.1250000000
50687  -41.252  8.135  46.056 0.1250000000
35286  -7.839  -12.731  65.913 0.6250000000
86675  -21.824  -1.985  60.975 1.0000000000
36099  -20.516  -11.221  61.622 0.1250000000
81238  -21.291  -10.150  59.549 0.1250000000
41044  -20.415  -5.787  57.851 0.8750000000
41064  -21.352  -5.188  55.865 0.8750000000
37711  -12.383  -9.651  66.481 0.2500000000
36900  -16.704  -10.539  62.624 0.6250000000
42492  -20.781  -3.450  56.507 1.0000000000
40291  -20.399  -6.685  58.245 0.7500000000
40329  -21.691  -6.099  55.471 0.7500000000
90974  -21.950  -5.794  54.791 0.7500000000
41076  -22.125  -5.121  54.457 0.5000000000
37730  -17.806  -10.324  64.936 1.0000000000
45896  -27.451  1.304  50.921 1.0000000000
45904  -28.124  1.931  49.293 0.8750000000
45920  -27.886  1.219  47.855 0.8750000000
48605  -34.103  5.778  49.195 0.3750000000
49359  -35.581  6.444  43.894 0.8750000000
50025  -39.922  7.788  45.707 0.2500000000
81880  -13.377  -10.564  63.643 0.6250000000
36888  -13.984  -10.664  63.400 0.6250000000
93775  -14.589  -10.702  63.164 0.5000000000
36898  -14.984  -11.039  62.744 0.5000000000
36899  -15.789  -10.725  62.614 0.2500000000
36090  -17.246  -11.103  62.086 0.3750000000
36889  -15.252  -10.367  63.176 0.6250000000
36091  -18.363  -11.043  62.162 0.3750000000
39498  -20.866  -8.141  58.031 0.5000000000
40330  -22.190  -6.845  55.493 0.7500000000
40339  -22.210  -6.476  54.782 0.1250000000
39567  -22.643  -6.804  53.905 0.1250000000
39509  -20.709  -7.353  57.956 0.6250000000
39510  -21.274  -7.608  57.345 0.7500000000
40305  -21.271  -6.786  56.856 0.7500000000
40318  -21.849  -6.944  56.183 0.7500000000
82071  -21.229  -6.042  56.289 0.7500000000
82284  -22.152  -6.013  54.082 0.3750000000
41087  -22.351  -5.269  53.639 0.2500000000
40345  -22.484  -6.117  53.270 0.2500000000
38614  -15.692  -8.802  66.788 0.3750000000
37699  -15.472  -9.497  66.396 0.3750000000
45084  -25.178  0.188  61.511 0.2500000000
38668  -21.008  -9.004  58.093 0.5000000000
40304  -20.773  -6.702  57.525 0.7500000000
41045  -20.812  -5.946  57.033 0.7500000000
41811  -21.996  -4.258  54.875 0.7500000000
41101  -22.608  -5.324  52.842 0.2500000000
40351  -22.975  -6.023  52.581 0.2500000000
81903  -14.874  -9.701  66.129 0.5000000000
37715  -15.530  -9.889  65.743 0.5000000000
80695  -16.088  -9.969  66.008 0.5000000000
37700  -16.388  -9.376  66.495 0.5000000000
92806  -14.974  -9.674  65.319 0.5000000000
37716  -16.972  -10.044  65.702 0.7500000000
93498  -18.076  -9.859  65.650 0.8750000000
45093  -24.845  0.291  60.600 0.2500000000
42499  -22.254  -3.458  54.560 0.7500000000
92301  -22.527  -3.463  53.851 0.7500000000
41816  -22.508  -4.645  53.217 0.5000000000
41820  -22.761  -4.464  52.491 0.3750000000
41102  -23.068  -5.265  52.159 0.3750000000
43178  -23.029  -2.228  53.801 0.8750000000
43175  -22.583  -2.798  54.174 0.8750000000
42502  -22.582  -3.877  53.191 0.5000000000
77917  -17.430  -9.565  66.383 0.7500000000
40209  -21.983  -6.482  66.733 0.6250000000
37717  -18.842  -9.799  65.560 0.8750000000
45094  -25.577  0.431  60.273 0.2500000000
45095  -26.383  0.534  60.275 0.2500000000
43826  -23.485  -1.602  53.532 0.7500000000
43181  -23.159  -2.777  52.315 0.6250000000
79069  -23.268  -2.203  52.968 0.6250000000
43183  -23.573  -2.703  51.556 0.6250000000
83258  -22.215  -7.221  67.305 0.5000000000
93829  -18.368  -9.628  66.204 0.7500000000
86529  -21.981  -7.298  66.524 0.6250000000
79616  -25.236  0.346  58.192 0.5000000000
80082  -24.100  -1.232  52.460 0.7500000000
93621  -23.652  -1.605  52.852 0.6250000000
43184  -24.011  -2.159  51.412 0.6250000000
92373  -23.656  -1.992  52.133 0.6250000000
84560  -24.503  -1.918  50.900 0.5000000000
43192  -24.625  -2.560  50.146 0.5000000000
43193  -25.134  -2.816  49.437 0.2500000000
37718  -19.380  -9.760  65.985 0.8750000000
39428  -22.130  -8.095  66.840 0.6250000000
44475  -24.971  -0.934  51.108 0.6250000000
43830  -24.286  -1.472  51.651 0.6250000000
43833  -25.043  -1.620  50.261 0.6250000000
43834  -25.491  -0.759  50.288 0.6250000000
91926  -25.194  -2.159  49.684 0.6250000000
38618  -22.026  -8.870  66.296 0.6250000000
82197  -25.648  -2.246  49.126 0.3750000000
43846  -25.612  -1.400  49.588 0.3750000000
43847  -26.087  -1.538  48.871 0.3750000000
43199  -26.159  -2.380  48.450 0.3750000000
43859  -27.085  -1.785  47.526 0.5000000000
83943  -27.350  -1.206  47.317 0.5000000000
44510  -27.743  -0.955  46.827 0.5000000000
44476  -25.616  -0.091  50.932 0.6250000000
44481  -25.845  -0.630  49.724 0.6250000000
44491  -26.044  -0.877  49.244 0.5000000000
44492  -26.500  -0.714  48.665 0.5000000000
43858  -26.580  -1.652  48.185 0.5000000000
44502  -27.003  -1.003  47.909 0.5000000000
44511  -28.302  -0.608  46.321 0.5000000000
45199  -28.408  0.229  46.356 0.3750000000
45146  -27.185  0.082  55.641 0.3750000000
45164  -26.114  0.404  51.663 0.7500000000
84669  -25.930  -0.026  50.137 0.7500000000
45169  -26.245  0.551  50.757 0.7500000000
44482  -26.225  -0.201  49.404 0.6250000000
44503  -27.421  -0.512  47.491 0.6250000000
45198  -27.860  -0.108  46.912 0.5000000000
45927  -28.678  1.095  46.463 0.5000000000
47316  -29.682  4.099  47.075 0.6250000000
46620  -29.308  2.484  46.430 0.5000000000
46621  -29.873  2.832  45.922 0.6250000000
47319  -30.109  3.690  46.040 0.6250000000
47965  -30.366  4.568  46.498 0.6250000000
47966  -30.961  5.084  46.048 0.7500000000
45207  -28.886  0.465  45.916 0.2500000000
45934  -29.192  0.929  45.832 0.3750000000
46623  -29.850  1.981  45.726 0.5000000000
46624  -30.469  2.298  45.362 0.3750000000
47320  -30.701  3.466  45.359 0.6250000000
85583  -31.181  4.942  45.299 0.6250000000
45165  -26.794  0.934  51.374 0.7500000000
45175  -26.545  0.634  49.865 0.6250000000
45185  -26.705  0.237  48.954 0.6250000000
44493  -27.072  -0.164  48.230 0.6250000000
45192  -28.100  0.741  47.092 0.5000000000
47315  -29.430  3.320  46.735 0.7500000000
45921  -28.293  1.584  47.425 0.6250000000
46619  -28.786  2.044  46.934 0.5000000000
48624  -31.471  5.544  45.573 0.7500000000
47324  -31.961  3.801  44.473 0.5000000000
47970  -31.440  4.430  44.821 0.6250000000
93561  -32.399  3.370  44.356 0.3750000000
46629  -32.922  2.935  44.269 0.2500000000
46630  -33.864  2.686  44.094 0.1250000000
45170  -26.846  0.988  50.617 0.6250000000
45902  -27.233  1.282  50.126 0.7500000000
85871  -27.956  1.626  50.417 0.8750000000
45176  -27.087  1.022  49.266 0.6250000000
48597  -33.887  5.319  49.948 0.2500000000
45903  -27.677  1.594  49.644 0.7500000000
45186  -27.190  0.596  48.564 0.6250000000
45912  -27.577  1.330  48.673 0.7500000000
45191  -27.588  0.437  47.820 0.7500000000
46616  -28.397  2.429  47.906 0.7500000000
46608  -29.033  2.857  48.457 0.7500000000
46617  -28.920  2.882  47.368 0.7500000000
47312  -29.197  3.564  47.755 0.7500000000
48626  -31.671  5.237  44.825 0.7500000000
47971  -32.129  4.616  44.365 0.6250000000
47330  -32.701  3.889  44.105 0.3750000000
47331  -33.566  3.556  43.810 0.5000000000
46640  -34.292  3.178  43.703 0.2500000000
47936  -33.644  4.385  51.283 0.3750000000
47946  -33.929  4.987  50.727 0.2500000000
48598  -34.618  5.386  50.507 0.2500000000
84109  -34.739  5.769  49.714 0.2500000000
49354  -32.716  6.269  44.819 0.7500000000
47974  -32.810  4.785  43.968 0.5000000000
92582  -34.093  3.675  43.480 0.5000000000
46655  -37.868  3.107  41.671 0.2500000000
83811  -38.683  3.687  40.625 0.1250000000
47994  -39.011  4.240  40.154 0.1250000000
48001  -39.346  5.071  39.578 0.2500000000
48002  -40.312  4.588  39.241 0.1250000000
48658  -40.130  5.432  38.872 0.2500000000
48628  -33.163  5.913  44.275 0.7500000000
48630  -33.101  5.383  43.979 0.7500000000
47975  -33.464  4.937  43.618 0.5000000000
47332  -34.662  3.713  43.167 0.5000000000
47983  -35.311  4.810  42.640 0.5000000000
47335  -35.510  3.371  42.984 0.3750000000
87793  -35.342  4.116  42.670 0.5000000000
47339  -36.573  4.075  42.013 0.3750000000
47337  -36.929  3.305  42.253 0.2500000000
47340  -37.223  3.936  41.585 0.2500000000
47344  -37.979  3.913  41.026 0.1250000000
92089  -38.439  4.278  40.549 0.2500000000
47993  -38.610  4.855  40.263 0.2500000000
48657  -39.571  6.008  39.054 0.2500000000
48660  -40.193  6.153  38.545 0.2500000000
81674  -33.723  6.159  44.210 0.7500000000
48631  -33.738  5.664  43.783 0.6250000000
47976  -34.184  5.119  43.304 0.5000000000
47982  -34.700  4.574  42.937 0.5000000000
47336  -36.097  3.749  42.493 0.3750000000
47984  -36.007  4.631  42.337 0.3750000000
47992  -38.021  4.715  40.773 0.3750000000
47987  -37.516  4.549  41.256 0.3750000000
48649  -38.695  5.502  40.061 0.3750000000
48656  -38.962  6.069  39.679 0.3750000000
49386  -39.303  6.820  39.391 0.3750000000
49391  -39.836  6.783  38.752 0.5000000000
50061  -40.138  7.559  38.534 0.3750000000
49392  -40.506  6.819  38.216 0.3750000000
50730  -41.095  8.388  37.721 0.3750000000
49395  -41.095  7.073  37.805 0.2500000000
50064  -41.451  7.666  37.603 0.2500000000
83873  -42.268  7.520  37.408 0.2500000000
50732  -42.777  8.201  37.201 0.1250000000
49358  -34.313  6.174  43.922 0.7500000000
48632  -34.464  5.734  43.492 0.6250000000
48640  -35.649  5.263  42.598 0.6250000000
48639  -34.997  5.394  42.994 0.6250000000
52099  -41.321  10.234  41.077 0.5000000000
52802  -42.252  11.385  41.288 0.1250000000
52803  -42.899  11.836  41.710 0.1250000000
53512  -43.395  12.445  42.130 0.1250000000
47986  -36.871  4.842  41.783 0.3750000000
85140  -41.139  10.429  40.010 0.6250000000
52806  -41.640  10.975  40.734 0.2500000000
53519  -42.993  12.516  41.345 0.1250000000
48648  -38.221  5.421  40.590 0.3750000000
49377  -38.455  6.238  40.419 0.5000000000
52103  -40.891  10.124  38.878 0.7500000000
52811  -41.672  11.323  39.731 0.5000000000
52807  -42.117  11.756  40.328 0.2500000000
53518  -42.584  12.200  40.858 0.3750000000
50060  -39.627  7.538  39.148 0.5000000000
50728  -40.453  8.411  38.370 0.5000000000
51418  -40.587  9.269  38.636 0.6250000000
52111  -41.461  10.399  38.167 0.7500000000
52817  -41.414  10.913  38.952 0.7500000000
52812  -42.119  11.939  39.528 0.3750000000
50063  -40.736  7.664  37.962 0.3750000000
52118  -41.806  9.817  37.578 0.6250000000
52112  -41.975  11.062  38.264 0.7500000000
89415  -41.975  11.616  38.916 0.5000000000
50731  -41.865  8.364  37.355 0.2500000000
51424  -42.397  9.157  37.146 0.3750000000
80275  -39.208  7.398  44.058 0.3750000000
50697  -39.822  7.938  43.719 0.3750000000
50035  -40.604  8.003  44.481 0.2500000000
50699  -41.555  8.657  43.491 0.2500000000
48633  -35.129  6.108  43.511 0.7500000000
87087  -39.043  7.609  43.471 0.5000000000
50698  -40.817  8.435  43.571 0.2500000000
51391  -41.968  8.924  43.155 0.2500000000
89841  -35.758  5.830  42.899 0.7500000000
49361  -37.817  6.974  42.947 0.7500000000
50041  -38.544  7.484  42.880 0.7500000000
50042  -39.160  8.087  42.859 0.5000000000
50706  -40.033  8.689  42.696 0.3750000000
50708  -41.215  8.952  42.815 0.2500000000
51398  -42.249  9.346  42.896 0.1250000000
55428  -46.894  16.581  45.771 0.1250000000
51396  -41.186  9.383  42.228 0.6250000000
51397  -41.712  9.294  42.563 0.2500000000
52090  -41.928  9.623  42.321 0.1250000000
52092  -43.129  10.536  42.951 0.1250000000
54791  -45.392  14.560  44.506 0.1250000000
55427  -45.532  15.990  44.796 0.1250000000
48641  -36.288  5.468  42.329 0.6250000000
49369  -38.149  7.046  42.079 0.7500000000
82875  -38.698  7.768  42.247 0.7500000000
50707  -40.520  9.228  42.045 0.7500000000
51405  -41.373  9.709  41.835 0.5000000000
52091  -42.407  10.045  42.572 0.1250000000
52797  -43.303  11.469  42.606 0.1250000000
54161  -44.457  12.789  43.521 0.1250000000
54802  -44.491  14.280  43.491 0.1250000000
55437  -44.731  15.094  43.830 0.1250000000
56041  -46.525  17.538  45.670 0.1250000000
48642  -37.032  5.798  41.948 0.3750000000
50044  -38.604  7.519  41.485 0.7500000000
50045  -39.123  8.282  41.942 0.7500000000
50713  -39.722  8.744  41.514 0.7500000000
52097  -41.889  10.389  41.743 0.5000000000
52796  -42.555  10.989  42.212 0.1250000000
54175  -43.863  13.102  42.640 0.1250000000
54814  -44.058  14.032  42.630 0.1250000000
87090  -44.754  15.892  43.578 0.1250000000
48644  -37.603  5.363  41.237 0.5000000000
49376  -37.985  5.994  40.938 0.5000000000
82149  -39.060  7.877  40.842 0.7500000000
50717  -39.684  8.424  40.509 0.7500000000
51407  -40.488  9.355  40.711 0.7500000000
51408  -40.884  9.774  40.880 0.6250000000
54185  -43.227  13.117  41.433 0.1250000000
84787  -43.541  13.779  41.827 0.1250000000
49378  -38.861  6.980  40.110 0.5000000000
50722  -39.772  8.225  39.644 0.7500000000
51410  -40.563  9.514  39.790 0.7500000000
53522  -42.466  12.598  39.829 0.3750000000
53523  -42.833  13.003  40.652 0.3750000000
50054  -39.310  7.667  39.919 0.5000000000
50723  -40.184  8.745  39.239 0.7500000000
52818  -42.679  11.716  38.333 0.5000000000
78556  -42.429  12.307  38.957 0.3750000000
52120  -43.393  10.433  37.445 0.6250000000
52119  -42.595  10.051  37.429 0.7500000000
91833  -42.064  10.463  37.775 0.7500000000
51425  -43.314  9.606  37.116 0.3750000000
50742  -44.238  9.237  36.875 0.2500000000
79138  -36.010  6.313  43.360 0.7500000000
49367  -36.533  6.155  42.653 0.7500000000
49368  -37.357  6.500  42.372 0.7500000000
49371  -37.694  6.245  41.564 0.7500000000
56040  -45.290  17.145  44.497 0.1250000000
54813  -43.803  14.527  42.056 0.1250000000
55442  -44.306  14.951  42.793 0.1250000000
79821  -44.481  15.830  42.479 0.1250000000
56051  -44.791  16.788  43.265 0.1250000000
56650  -45.174  18.100  44.144 0.1250000000
50049  -38.574  7.104  40.757 0.6250000000
54192  -43.201  13.854  40.758 0.1250000000
55451  -43.988  15.179  41.781 0.1250000000
53526  -42.832  13.040  39.021 0.3750000000
54191  -42.920  13.477  39.826 0.3750000000
84172  -44.004  10.000  37.183 0.5000000000
51426  -44.795  9.952  37.109 0.2500000000
52121  -44.324  10.763  37.510 0.6250000000
51435  -45.148  9.251  36.838 0.2500000000
45106  -25.002  0.451  59.892 0.2500000000
48625  -32.016  5.968  45.120 0.6250000000
38669  -21.978  -9.151  57.593 0.3750000000
41812  -22.383  -4.290  54.006 0.5000000000
79531  -23.148  -4.598  51.877 0.3750000000
45107  -25.800  0.444  59.661 0.2500000000
43187  -24.048  -2.663  50.879 0.5000000000
45928  -29.237  1.631  46.084 0.5000000000
47969  -30.768  4.290  45.498 0.6250000000
90306  -29.756  1.146  45.533 0.3750000000
84263  -30.423  3.014  45.513 0.6250000000
47323  -31.283  3.606  44.878 0.6250000000
83589  -31.972  2.930  44.544 0.5000000000
48627  -32.455  5.508  44.401 0.6250000000
87440  -33.276  4.287  43.740 0.5000000000
82430  -33.951  4.266  43.366 0.5000000000
47354  -39.810  4.066  39.807 0.1250000000
50727  -39.933  8.121  38.938 0.5000000000
50733  -43.726  7.922  37.167 0.1250000000
81631  -43.392  8.792  36.969 0.2500000000
53498  -43.998  11.971  43.134 0.1250000000
51422  -40.853  8.993  37.921 0.6250000000
51419  -41.060  9.670  37.984 0.7500000000
51423  -41.459  9.085  37.510 0.7500000000
52827  -42.672  10.855  37.801 0.6250000000
52085  -42.957  9.722  43.263 0.1250000000
52785  -43.996  10.902  43.287 0.1250000000
54162  -44.808  13.564  43.988 0.1250000000
51404  -40.781  9.488  41.527 0.6250000000
54176  -44.299  13.556  43.228 0.1250000000
50714  -40.198  9.105  41.079 0.7500000000
94313  -43.503  13.107  42.011 0.1250000000
50718  -40.157  8.860  40.160 0.7500000000
49372  -38.184  6.726  41.153 0.6250000000
54824  -43.546  14.569  41.274 0.1250000000
30563  -0.769  -18.469  69.966 0.1250000000
31402  -0.928  -17.543  70.144 0.2500000000
31403  -2.355  -17.363  69.265 0.2500000000
31397  0.063  -17.569  70.407 0.2500000000
93128  -1.624  -18.911  70.002 0.1250000000
30570  -1.780  -18.297  69.677 0.2500000000
30571  -3.028  -18.109  68.913 0.2500000000
29844  -1.004  -19.172  69.872 0.1250000000
31410  -4.339  -17.224  67.844 0.2500000000
30569  -0.162  -18.365  69.513 0.1250000000
32202  -1.642  -16.685  69.806 0.2500000000
30562  0.032  -18.124  70.125 0.3750000000
31404  -3.455  -17.244  68.470 0.2500000000
32204  -3.863  -16.437  68.244 0.2500000000
31395  0.327  -17.825  70.094 0.3750000000
32198  -0.228  -16.783  70.504 0.3750000000
32969  -2.339  -16.085  69.517 0.3750000000
32197  0.179  -16.965  70.372 0.3750000000
32203  -2.912  -16.582  68.948 0.2500000000
32970  -3.344  -15.790  68.860 0.3750000000
31396  0.272  -17.581  70.220 0.3750000000
32961  0.317  -16.196  70.155 0.3750000000
32196  0.362  -17.254  69.956 0.3750000000
32971  -4.274  -15.575  68.178 0.2500000000
32978  -5.013  -15.529  67.504 0.2500000000
33767  -5.888  -14.884  66.842 0.2500000000
32999  -7.126  -14.802  65.877 0.2500000000
33768  -6.466  -14.509  66.454 0.2500000000
33776  -7.661  -14.456  65.492 0.2500000000
34524  -7.762  -13.522  65.559 0.2500000000
34525  -8.476  -13.495  65.120 0.2500000000
34531  -9.150  -13.451  64.797 0.1250000000
35302  -13.017  -12.160  63.258 0.1250000000
32962  0.085  -15.868  70.597 0.3750000000
32963  -1.081  -15.862  70.426 0.3750000000
85539  0.281  -15.200  70.255 0.2500000000
33759  -5.386  -14.709  67.422 0.3750000000
33769  -7.115  -13.994  65.999 0.2500000000
35294  -8.820  -12.869  65.113 0.2500000000
35295  -9.494  -12.737  64.804 0.2500000000
34542  -11.785  -12.715  63.713 0.1250000000
35301  -12.257  -12.227  63.492 0.1250000000
32954  -0.475  -15.131  70.784 0.2500000000
32964  -2.454  -15.422  69.836 0.3750000000
32955  -1.599  -14.907  70.678 0.2500000000
33750  -3.512  -15.071  69.391 0.3750000000
94126  -3.875  -15.297  68.724 0.3750000000
89181  0.242  -14.387  70.194 0.2500000000
33751  -4.255  -14.745  68.714 0.5000000000
33758  -4.753  -14.935  67.936 0.3750000000
33760  -5.922  -14.290  67.076 0.3750000000
35296  -10.228  -12.597  64.501 0.2500000000
35297  -11.055  -12.443  64.105 0.2500000000
36079  -11.720  -11.913  63.719 0.1250000000
36080  -12.440  -11.578  63.503 0.2500000000
91070  -13.708  -11.841  63.021 0.1250000000
35309  -14.269  -11.998  62.683 0.1250000000
35310  -14.897  -12.155  62.268 0.1250000000
35317  -15.578  -12.236  61.829 0.1250000000
35318  -16.313  -12.262  61.434 0.1250000000
36088  -14.750  -11.621  62.543 0.1250000000
36096  -16.055  -11.748  61.732 0.1250000000
33738  -1.950  -14.023  70.886 0.1250000000
34490  -2.621  -13.391  71.428 0.1250000000
34494  -3.476  -13.838  70.634 0.1250000000
34495  -4.237  -13.636  70.182 0.2500000000
34489  -1.501  -13.208  71.422 0.1250000000
33742  -2.811  -14.448  70.412 0.2500000000
79298  -18.576  -6.627  69.794 0.1250000000
40952  -18.954  -5.486  69.761 0.1250000000
33737  -0.862  -14.137  70.860 0.2500000000
34501  -4.523  -13.872  69.105 0.2500000000
40947  -19.035  -6.302  70.502 0.1250000000
33741  -0.051  -13.750  70.364 0.2500000000
33743  -3.829  -14.290  69.749 0.5000000000
33752  -4.941  -14.206  68.196 0.5000000000
32953  0.041  -14.824  70.623 0.2500000000
34509  -6.279  -13.647  67.065 0.3750000000
35288  -9.244  -12.253  65.425 0.3750000000
36065  -9.882  -12.008  65.000 0.5000000000
80126  -15.441  -11.513  62.179 0.1250000000
34491  -3.722  -13.233  71.242 0.1250000000
41698  -19.207  -4.642  69.381 0.1250000000
42409  -20.210  -4.105  69.986 0.2500000000
42410  -20.867  -3.845  69.903 0.2500000000
34496  -5.001  -13.295  69.649 0.2500000000
34502  -5.236  -13.456  68.617 0.2500000000
40204  -18.114  -7.126  69.055 0.1250000000
40955  -18.264  -5.951  69.048 0.1250000000
41693  -19.829  -4.789  70.438 0.1250000000
42413  -21.464  -3.240  69.937 0.2500000000
40203  -17.508  -7.675  68.447 0.1250000000
39407  -18.859  -7.593  70.671 0.1250000000
40948  -19.478  -5.445  70.577 0.1250000000
92292  -20.345  -5.743  71.012 0.1250000000
41694  -21.608  -4.237  70.005 0.2500000000
41695  -22.470  -4.370  69.968 0.2500000000
42415  -23.047  -3.911  69.990 0.2500000000
87739  -23.181  -2.760  69.714 0.2500000000
35270  -5.812  -13.059  68.296 0.3750000000
39421  -18.107  -8.216  68.911 0.1250000000
86566  -18.555  -7.692  69.850 0.1250000000
39408  -19.354  -7.769  70.952 0.1250000000
39404  -20.577  -7.058  71.017 0.1250000000
40197  -21.479  -6.295  70.322 0.2500000000
87104  -22.031  -5.101  70.053 0.2500000000
94012  -23.129  -4.501  69.893 0.2500000000
42418  -23.143  -3.345  69.772 0.2500000000
77570  -23.330  -2.406  69.257 0.2500000000
79238  -18.716  -8.476  69.177 0.1250000000
38584  -19.051  -8.135  70.170 0.1250000000
92823  -20.818  -8.292  70.580 0.1250000000
86961  -21.836  -7.808  70.145 0.1250000000
40198  -22.294  -6.467  70.081 0.2500000000
40953  -23.281  -6.009  69.696 0.2500000000
80267  -23.192  -4.123  69.545 0.2500000000
42423  -23.242  -3.273  69.251 0.2500000000
43099  -23.091  -3.002  68.307 0.2500000000
89572  -19.632  -8.764  69.251 0.2500000000
38592  -20.562  -8.906  69.525 0.1250000000
38586  -21.574  -8.306  70.122 0.1250000000
38588  -23.127  -8.154  69.518 0.2500000000
40957  -23.237  -5.541  69.107 0.2500000000
42422  -23.118  -4.044  68.608 0.2500000000
80086  -18.861  -9.264  68.660 0.2500000000
37680  -19.889  -9.380  68.538 0.3750000000
37674  -22.091  -9.121  68.994 0.2500000000
39415  -23.112  -8.399  69.015 0.2500000000
39416  -23.287  -7.608  69.093 0.2500000000
40956  -22.734  -5.952  68.415 0.3750000000
41702  -22.972  -5.000  68.478 0.3750000000
41708  -22.497  -4.500  67.804 0.3750000000
36072  -10.533  -11.801  64.573 0.5000000000
36886  -11.883  -11.084  63.887 0.5000000000
36081  -13.322  -11.294  63.311 0.2500000000
36087  -14.225  -11.339  62.989 0.1250000000
36089  -16.324  -11.197  62.099 0.1250000000
39511  -22.114  -8.154  56.949 0.5000000000
34487  -4.034  -12.378  71.654 0.1250000000
34486  -2.943  -12.500  72.155 0.1250000000
35256  -4.665  -13.043  70.803 0.1250000000
40207  -16.719  -7.534  67.068 0.1250000000
40208  -17.012  -6.983  67.810 0.1250000000
40954  -17.554  -6.399  68.447 0.1250000000
41700  -18.770  -4.924  68.721 0.1250000000
42412  -20.148  -3.433  69.586 0.2500000000
43080  -20.689  -3.256  69.626 0.2500000000
43085  -21.220  -2.378  69.668 0.2500000000
40959  -17.926  -5.344  68.259 0.1250000000
79544  -19.830  -4.026  69.828 0.2500000000
84858  -22.141  -2.358  69.996 0.2500000000
43086  -23.000  -2.779  69.995 0.2500000000
39427  -16.970  -8.215  67.891 0.1250000000
42414  -22.390  -3.480  69.962 0.2500000000
38606  -17.062  -8.954  67.819 0.2500000000
38599  -17.552  -8.929  68.356 0.2500000000
37688  -17.755  -9.463  67.716 0.3750000000
38607  -18.263  -9.534  68.252 0.3750000000
36066  -10.324  -11.309  65.219 0.5000000000
77828  -18.743  -9.742  67.596 0.3750000000
79438  -21.125  -9.267  68.459 0.2500000000
38601  -22.552  -8.672  68.579 0.2500000000
38609  -22.460  -8.070  67.844 0.3750000000
86537  -22.807  -7.156  68.316 0.3750000000
40961  -22.346  -5.341  67.752 0.3750000000
36879  -10.810  -11.121  64.755 0.5000000000
37702  -18.546  -9.724  66.917 0.3750000000
37703  -19.821  -9.741  67.185 0.5000000000
37691  -21.456  -9.307  67.482 0.5000000000
38608  -22.097  -8.841  67.382 0.3750000000
37704  -20.983  -9.615  66.806 0.6250000000
37705  -21.738  -9.272  66.691 0.6250000000
36073  -11.195  -11.484  64.215 0.5000000000
36880  -11.429  -10.610  64.690 0.5000000000
36887  -12.687  -10.807  63.713 0.5000000000
39525  -21.765  -7.477  56.757 0.3750000000
39526  -22.471  -7.775  56.534 0.1250000000
35257  -5.492  -12.736  70.324 0.1250000000
35262  -5.739  -12.913  69.203 0.1250000000
35263  -6.560  -12.667  68.692 0.2500000000
40217  -16.870  -6.414  66.862 0.1250000000
39435  -16.027  -7.998  66.608 0.1250000000
38605  -16.655  -8.452  67.292 0.1250000000
38616  -16.999  -9.064  67.110 0.2500000000
37701  -17.768  -9.512  66.877 0.3750000000
87772  -19.391  -9.775  66.795 0.3750000000
35258  -6.336  -12.349  70.024 0.1250000000
35264  -7.521  -12.269  68.473 0.1250000000
40216  -16.409  -6.920  66.242 0.1250000000
36049  -8.129  -12.013  67.875 0.3750000000
38615  -16.243  -8.742  66.943 0.2500000000
39539  -22.666  -7.471  55.949 0.1250000000
35259  -7.218  -12.119  69.477 0.1250000000
82719  -7.835  -11.842  69.215 0.1250000000
36043  -8.222  -11.709  68.675 0.1250000000
80961  -8.633  -11.504  68.168 0.1250000000
39445  -15.326  -7.834  66.262 0.1250000000
40215  -15.721  -7.183  66.001 0.1250000000
39434  -15.095  -8.681  66.637 0.1250000000
92601  -15.491  -8.346  66.598 0.2500000000
40963  -16.694  -5.996  65.961 0.1250000000
39579  -23.724  -6.905  52.858 0.1250000000
41117  -23.680  -5.969  51.952 0.1250000000
77844  -8.300  -11.351  69.413 0.1250000000
36051  -9.286  -11.009  68.082 0.1250000000
39433  -14.317  -8.707  66.651 0.1250000000
38613  -14.708  -9.320  66.567 0.2500000000
37698  -14.151  -9.507  66.379 0.3750000000
37713  -13.603  -9.484  65.779 0.3750000000
37714  -14.337  -9.583  65.501 0.3750000000
81682  -23.627  -5.082  51.568 0.1250000000
41118  -24.385  -5.571  51.360 0.1250000000
41828  -24.186  -4.776  50.978 0.1250000000
41135  -25.034  -5.245  50.698 0.1250000000
41837  -24.098  -3.949  50.752 0.1250000000
41838  -24.672  -4.413  50.434 0.1250000000
41136  -25.369  -4.651  50.126 0.1250000000
43177  -22.764  -2.950  53.214 0.7500000000
41826  -23.022  -4.019  51.949 0.3750000000
42510  -23.696  -3.334  51.078 0.2500000000
42511  -24.204  -3.254  50.448 0.2500000000
43869  -28.301  -1.560  46.384 0.2500000000
43868  -27.611  -1.761  46.942 0.3750000000
45153  -27.617  0.455  54.909 0.3750000000
51429  -48.798  9.359  37.588 0.1250000000
83957  -49.548  9.709  37.609 0.1250000000
92781  -48.082  10.244  37.230 0.2500000000
52125  -48.817  10.550  37.385 0.1250000000
52122  -45.314  10.676  37.369 0.3750000000
52123  -46.359  10.754  37.253 0.3750000000
85655  -47.116  11.222  37.268 0.3750000000
80677  -46.847  9.793  37.013 0.1250000000
90491  -47.885  11.072  37.185 0.2500000000
52834  -49.451  11.207  37.486 0.2500000000
52828  -43.484  11.272  37.843 0.5000000000
52819  -43.552  12.102  38.258 0.5000000000
52829  -44.309  11.658  37.950 0.5000000000
83419  -44.953  11.299  37.759 0.3750000000
52830  -45.688  11.463  37.679 0.3750000000
52831  -46.570  11.732  37.561 0.3750000000
52832  -47.564  11.979  37.505 0.3750000000
90014  -48.333  12.489  37.733 0.2500000000
52833  -48.614  11.707  37.495 0.2500000000
53546  -49.130  12.607  37.728 0.2500000000
84058  -49.452  11.996  37.602 0.2500000000
53547  -50.076  12.768  37.415 0.2500000000
83653  -50.219  11.806  37.444 0.2500000000
54218  -51.701  14.585  35.652 0.2500000000
53561  -52.528  14.146  34.975 0.2500000000
53531  -42.945  12.477  38.597 0.5000000000
52820  -44.377  12.461  38.369 0.5000000000
53542  -45.107  11.969  38.134 0.5000000000
53543  -45.949  12.276  38.075 0.5000000000
53544  -46.872  12.596  37.958 0.5000000000
82085  -47.817  12.931  38.048 0.3750000000
53545  -48.753  13.312  37.954 0.3750000000
84940  -49.729  13.631  37.507 0.3750000000
54211  -50.228  14.770  36.773 0.3750000000
54212  -50.851  13.921  36.683 0.3750000000
54858  -51.377  15.422  34.910 0.3750000000
84091  -51.599  14.928  34.539 0.3750000000
53560  -51.067  13.646  34.780 0.2500000000
54845  -49.468  16.107  38.079 0.2500000000
54846  -49.825  15.724  36.959 0.3750000000
54857  -50.453  15.765  35.605 0.3750000000
92776  -50.033  16.138  35.638 0.3750000000
54869  -50.734  15.693  34.862 0.2500000000
35287  -8.534  -12.463  65.703 0.5000000000
38676  -21.598  -8.542  57.437 0.3750000000
90770  -23.445  -6.455  52.521 0.1250000000
43180  -22.861  -3.559  52.459 0.3750000000
42504  -23.235  -3.394  51.756 0.3750000000
44518  -28.843  -0.207  45.841 0.2500000000
32985  -6.210  -15.474  66.513 0.2500000000
87766  -8.172  -14.072  65.190 0.2500000000
34543  -12.553  -12.891  63.563 0.1250000000
32968  0.137  -15.375  69.319 0.3750000000
35303  -13.809  -12.443  63.064 0.1250000000
41692  -20.696  -4.437  70.335 0.2500000000
41691  -20.117  -4.834  70.670 0.2500000000
42417  -19.540  -3.915  69.401 0.2500000000
86643  -19.502  -4.690  69.978 0.1250000000
40944  -19.986  -5.533  70.985 0.1250000000
39403  -19.782  -7.171  71.040 0.1250000000
91756  -21.056  -6.850  70.990 0.1250000000
40946  -21.230  -5.575  70.493 0.2500000000
40949  -21.871  -5.843  70.170 0.2500000000
41696  -22.838  -4.921  69.983 0.2500000000
39409  -20.295  -7.747  71.012 0.1250000000
38585  -20.072  -8.295  70.101 0.1250000000
86309  -21.068  -7.575  70.772 0.1250000000
39411  -22.612  -7.395  70.022 0.2500000000
40951  -22.939  -5.652  70.011 0.2500000000
41699  -23.202  -5.064  69.760 0.2500000000
88975  -18.200  -9.015  68.679 0.2500000000
38593  -22.030  -9.091  69.690 0.2500000000
38587  -22.532  -8.480  70.015 0.1250000000
39412  -23.154  -7.343  69.709 0.2500000000
41703  -23.264  -4.746  69.099 0.2500000000
37681  -20.505  -9.210  69.046 0.2500000000
37673  -21.345  -9.186  69.331 0.3750000000
38594  -22.748  -8.829  69.260 0.2500000000
39422  -23.022  -8.113  68.620 0.2500000000
40205  -23.232  -6.537  69.060 0.2500000000
37690  -20.385  -9.523  67.725 0.3750000000
38600  -21.974  -9.095  68.185 0.2500000000
40958  -17.261  -5.677  67.565 0.1250000000
37689  -19.201  -9.701  68.058 0.3750000000
40964  -17.110  -5.448  66.514 0.1250000000
39444  -14.678  -7.838  66.140 0.1250000000
40229  -15.878  -6.318  65.562 0.1250000000
38612  -14.109  -9.253  66.749 0.1250000000
41827  -23.521  -4.160  51.383 0.3750000000
41847  -25.018  -3.959  49.930 0.1250000000
43222  -28.018  -2.431  46.718 0.2500000000
45875  -28.966  2.131  54.782 0.2500000000
52126  -49.702  10.366  37.536 0.1250000000
52124  -47.315  10.466  37.129 0.1250000000
53548  -51.096  12.647  36.921 0.2500000000
54217  -50.960  14.987  35.864 0.3750000000
77864  -52.115  13.577  36.204 0.2500000000
53534  -45.278  12.878  38.509 0.5000000000
84454  -49.272  14.607  37.736 0.3750000000
54844  -48.693  15.162  38.353 0.3750000000
54227  -50.991  15.516  34.729 0.3750000000
55535  -50.115  15.892  35.249 0.2500000000
37780  -21.388  -9.600  58.501 0.2500000000
38677  -22.633  -8.675  57.174 0.2500000000
45802  -27.553  2.336  63.947 0.1250000000
46487  -27.493  2.885  64.450 0.1250000000
83316  -27.129  1.991  64.478 0.1250000000
79199  -27.216  1.764  63.424 0.1250000000
91693  -27.214  1.610  62.781 0.1250000000
45800  -26.486  1.263  64.363 0.1250000000
45065  -26.835  1.096  63.059 0.1250000000
45073  -26.837  0.921  62.318 0.1250000000
94200  -26.374  0.692  62.608 0.1250000000
47169  -27.115  3.607  65.180 0.1250000000
86005  -27.228  1.441  62.002 0.1250000000
90473  -26.958  2.710  65.191 0.1250000000
45086  -26.880  0.874  61.672 0.1250000000
45085  -26.234  0.497  61.796 0.1250000000
85851  -25.856  0.381  60.919 0.1250000000
47824  -26.988  4.576  64.670 0.1250000000
46475  -26.394  3.751  66.182 0.1250000000
46480  -26.676  3.486  65.917 0.1250000000
46474  -26.071  3.255  66.587 0.1250000000
47161  -26.027  3.517  66.542 0.1250000000
45043  -24.780  2.207  68.056 0.1250000000
45781  -25.266  2.397  67.268 0.1250000000
76941  -24.301  1.099  67.718 0.1250000000
47167  -26.401  4.008  66.084 0.1250000000
47175  -26.266  4.198  65.148 0.1250000000
46468  -25.511  3.145  67.244 0.1250000000
46467  -24.991  3.155  68.198 0.1250000000
46479  -24.896  3.318  66.247 0.1250000000
45119  -26.063  0.388  58.890 0.2500000000
45131  -26.293  0.332  58.033 0.2500000000
43225  -30.452  -2.713  46.402 0.1250000000
42552  -29.105  -3.113  46.657 0.1250000000
42539  -29.403  -3.598  47.039 0.1250000000
43223  -28.824  -2.366  46.343 0.1250000000
43224  -29.646  -2.623  46.343 0.1250000000
43232  -30.872  -2.172  46.005 0.1250000000
80030  -27.844  0.237  56.462 0.2500000000
92251  -28.966  -1.660  46.037 0.1250000000
43874  -29.461  -1.310  45.752 0.1250000000
86552  -29.946  -0.945  45.499 0.1250000000
82406  -30.127  -2.234  46.064 0.1250000000
43875  -30.238  -1.604  45.712 0.1250000000
43873  -28.858  -1.000  45.935 0.1250000000
44519  -29.425  -0.581  45.600 0.1250000000
81635  -30.112  -0.282  45.331 0.1250000000
45935  -30.345  0.552  45.250 0.2500000000
46625  -31.090  2.740  44.995 0.3750000000
45945  -33.468  2.115  44.392 0.1250000000
46641  -35.030  2.977  43.571 0.1250000000
46642  -35.813  2.784  43.460 0.1250000000
54829  -43.495  14.550  40.548 0.1250000000
54194  -43.409  14.174  39.905 0.2500000000
54199  -43.544  13.662  39.135 0.2500000000
54200  -44.342  13.896  39.009 0.2500000000
53532  -43.524  12.906  38.620 0.3750000000
53533  -44.335  13.278  38.701 0.3750000000
53535  -46.270  13.102  38.473 0.3750000000
54209  -47.248  13.526  38.476 0.3750000000
54210  -48.276  13.966  38.376 0.3750000000
54201  -45.072  13.666  38.892 0.3750000000
84671  -45.786  13.541  38.785 0.3750000000
54202  -46.575  14.013  38.883 0.3750000000
55502  -49.795  16.277  36.336 0.2500000000
85426  -50.258  14.437  34.862 0.2500000000
92090  -24.933  3.528  63.740 0.1250000000
45788  -25.794  2.436  66.565 0.1250000000
45208  -29.485  0.287  45.529 0.2500000000
90204  -30.471  1.442  45.253 0.2500000000
45944  -32.527  2.024  44.535 0.2500000000
45942  -31.148  1.798  44.954 0.2500000000
46628  -31.728  2.162  44.711 0.2500000000
39512  -23.026  -8.248  56.772 0.1250000000
38678  -23.551  -8.319  57.387 0.1250000000
45789  -26.595  1.789  65.158 0.1250000000
45801  -26.963  1.472  63.788 0.1250000000
89440  -26.467  2.547  65.969 0.1250000000
47823  -26.857  4.652  64.526 0.1250000000
47818  -26.878  4.420  65.281 0.1250000000
47168  -26.774  4.047  65.697 0.1250000000
45782  -25.594  3.025  67.261 0.1250000000
77410  -24.493  1.856  69.022 0.1250000000
46473  -25.004  3.360  67.317 0.1250000000
45777  -25.343  3.013  68.087 0.1250000000
45776  -24.798  2.757  68.991 0.1250000000
84633  -24.470  3.056  67.896 0.1250000000
46486  -24.666  3.092  65.098 0.1250000000
46485  -23.994  2.504  64.623 0.1250000000
46472  -24.358  2.680  66.661 0.1250000000
46478  -24.149  2.499  65.509 0.1250000000
88729  -28.421  -2.979  46.723 0.1250000000
43231  -29.519  -1.983  46.002 0.1250000000
42553  -29.919  -3.204  46.742 0.1250000000
44520  -30.670  -0.886  45.427 0.1250000000
45209  -30.967  -0.117  45.162 0.1250000000
55462  -43.875  15.246  40.812 0.1250000000
54831  -43.855  14.762  40.107 0.1250000000
54195  -44.031  14.311  39.483 0.2500000000
82001  -47.788  14.871  38.862 0.3750000000
34532  -9.897  -13.384  64.543 0.1250000000
34533  -10.704  -13.333  64.279 0.1250000000
34534  -11.373  -13.267  64.012 0.1250000000
36097  -17.764  -11.538  61.393 0.1250000000
85470  -18.828  -11.450  61.408 0.1250000000
45147  -27.926  0.359  55.610 0.2500000000
45154  -28.038  0.731  55.278 0.2500000000
94426  -28.221  1.450  54.841 0.2500000000
76940  -23.689  0.668  69.748 0.2500000000
88173  -21.862  -0.029  69.982 0.1250000000
76904  -22.609  0.519  69.998 0.1250000000
88708  -23.227  0.993  69.945 0.1250000000
43736  -21.085  -1.533  69.543 0.1250000000
43737  -22.040  -0.924  70.050 0.1250000000
88197  -22.595  -0.460  69.945 0.1250000000
88272  -23.264  -0.364  69.460 0.1250000000
43084  -20.517  -2.577  69.365 0.1250000000
88156  -22.734  -1.581  69.991 0.1250000000
88166  -23.128  -0.990  69.790 0.1250000000
76520  -23.366  -1.337  69.348 0.1250000000
43092  -23.150  -2.012  69.753 0.1250000000
88155  -23.839  1.506  69.942 0.2500000000
76885  -23.103  0.071  69.758 0.1250000000
44373  -21.042  -0.778  69.587 0.1250000000
43091  -20.671  -1.801  69.205 0.1250000000
42421  -19.353  -3.571  68.729 0.1250000000
43090  -20.063  -2.631  69.144 0.1250000000
43098  -20.181  -2.151  68.511 0.1250000000
42430  -19.002  -3.203  67.993 0.1250000000
76945  -23.973  0.675  68.759 0.2500000000
88292  -20.715  -1.235  68.849 0.1250000000
83292  -19.553  -2.597  67.854 0.1250000000
90018  -18.868  -2.740  67.397 0.1250000000
39527  -23.374  -7.952  56.516 0.1250000000
45108  -26.731  0.508  59.502 0.1250000000
45109  -27.140  0.800  59.110 0.1250000000
45120  -26.980  0.422  58.655 0.1250000000
45836  -27.470  1.254  58.530 0.1250000000
46532  -27.736  2.260  58.386 0.1250000000
46540  -28.151  2.354  57.439 0.1250000000
45132  -27.250  0.314  57.821 0.1250000000
45837  -27.854  1.443  57.778 0.1250000000
45121  -27.355  0.632  58.104 0.1250000000
45846  -27.735  0.796  57.504 0.1250000000
45133  -27.722  0.424  57.300 0.1250000000
47240  -28.664  3.157  56.778 0.1250000000
45847  -28.189  1.195  57.002 0.1250000000
46548  -28.560  1.914  56.499 0.1250000000
45856  -28.084  0.585  56.696 0.1250000000
45857  -28.477  1.034  56.162 0.1250000000
45141  -28.263  0.545  56.067 0.1250000000
91858  -29.041  2.467  56.176 0.1250000000
45858  -28.578  1.539  55.611 0.1250000000
46549  -29.102  2.096  55.945 0.1250000000
45866  -28.396  0.939  55.793 0.1250000000
45148  -28.276  0.631  55.807 0.1250000000
46550  -29.612  2.466  55.734 0.1250000000
46557  -29.332  2.101  55.304 0.1250000000
45867  -28.749  1.859  55.331 0.1250000000
45874  -28.157  1.016  55.342 0.1250000000
46558  -30.606  2.385  55.376 0.1250000000
45868  -30.118  1.996  54.986 0.1250000000
45936  -31.271  0.809  45.018 0.1250000000
85893  -35.997  5.133  52.396 0.1250000000
46572  -31.369  2.119  54.963 0.1250000000
80871  -30.092  2.154  54.371 0.1250000000
47938  -35.365  5.034  51.908 0.1250000000
48588  -36.082  5.571  51.623 0.1250000000
48587  -35.306  5.420  51.065 0.1250000000
83237  -35.896  5.793  50.822 0.1250000000
48599  -35.394  5.775  50.285 0.1250000000
45876  -31.008  1.985  54.461 0.1250000000
47937  -34.512  4.884  51.396 0.1250000000
91478  -35.585  6.235  49.479 0.1250000000
49331  -35.443  6.500  48.590 0.1250000000
49324  -34.799  6.144  48.972 0.1250000000
45877  -31.359  2.064  53.871 0.1250000000
93178  -34.876  4.473  52.208 0.1250000000
47925  -34.142  4.091  52.109 0.1250000000
49998  -36.068  6.849  48.159 0.1250000000
76572  -53.853  11.112  37.511 0.1250000000
53549  -51.221  11.436  37.262 0.1250000000
54834  -46.703  15.177  39.402 0.2500000000
55484  -47.962  16.378  39.221 0.2500000000
51427  -45.825  9.777  36.983 0.2500000000
52839  -52.504  12.081  36.689 0.1250000000
76574  -54.247  11.515  36.229 0.1250000000
79476  -45.747  14.230  39.153 0.2500000000
54839  -48.984  16.447  38.848 0.2500000000
55485  -49.307  17.856  39.423 0.2500000000
56112  -49.499  18.476  38.688 0.1250000000
77409  -52.533  13.990  35.560 0.1250000000
91350  -53.172  13.480  35.647 0.1250000000
52848  -53.343  13.116  35.236 0.1250000000
56125  -49.492  16.932  36.913 0.1250000000
54228  -52.111  14.867  35.050 0.1250000000
52858  -51.924  12.443  34.339 0.1250000000
55522  -48.850  16.543  35.973 0.1250000000
52847  -51.616  12.903  34.512 0.1250000000
52846  -50.098  12.395  34.694 0.1250000000
52857  -50.517  11.992  34.297 0.1250000000
47281  -33.906  3.189  53.006 0.1250000000
48661  -40.703  5.779  38.370 0.1250000000
94498  -40.617  6.254  38.248 0.2500000000
43083  -19.918  -3.254  69.463 0.1250000000
89252  -21.628  -1.523  69.851 0.1250000000
52835  -50.366  10.773  37.491 0.1250000000
55486  -49.647  17.537  38.558 0.1250000000
55523  -49.569  16.397  35.978 0.1250000000
54868  -49.987  15.517  34.903 0.1250000000
94022  -19.680  -3.199  69.165 0.1250000000
76571  -53.330  13.144  36.132 0.1250000000
55501  -49.621  16.836  37.495 0.1250000000
79039  -21.380  -0.621  69.834 0.1250000000
43097  -19.626  -2.882  68.641 0.1250000000
49313  -36.124  6.173  50.265 0.1250000000
52836  -52.307  10.999  37.345 0.1250000000
51431  -53.298  9.585  37.488 0.1250000000
85510  -51.534  10.276  37.562 0.1250000000
55472  -46.139  15.998  39.816 0.2500000000
76577  -53.889  12.866  36.094 0.1250000000
54833  -45.507  14.962  39.650 0.2500000000
56124  -49.592  17.835  37.841 0.1250000000
56142  -49.283  17.253  36.907 0.1250000000
86331  0.046  -16.347  69.146 0.2500000000
32209  -0.751  -16.631  67.279 0.1250000000
32977  -1.053  -15.777  66.620 0.1250000000
89769  -0.483  -15.633  67.993 0.1250000000
32997  -1.333  -16.028  65.435 0.1250000000
33749  0.164  -14.435  69.426 0.1250000000
33757  -0.226  -14.536  68.331 0.1250000000
34492  0.154  -13.574  69.591 0.1250000000
42518  -24.717  -3.295  49.869 0.1250000000
42527  -25.690  -2.994  48.797 0.1250000000
42528  -26.355  -3.143  48.181 0.1250000000
42537  -27.786  -3.174  47.068 0.1250000000
43210  -26.709  -2.500  47.772 0.1250000000
42536  -27.033  -3.236  47.558 0.1250000000
43211  -27.349  -2.526  47.202 0.1250000000
32208  -0.318  -17.260  68.360 0.2500000000
93755  -0.410  -16.435  68.200 0.1250000000
84037  -1.236  -14.992  66.140 0.1250000000
34499  -0.054  -13.638  68.586 0.1250000000
41863  -26.882  -3.821  48.223 0.1250000000
31423  -6.212  -16.974  66.810 0.1250000000
31411  -5.411  -17.379  67.307 0.1250000000
32210  -4.655  -16.349  67.595 0.1250000000
32218  -5.993  -16.117  66.690 0.1250000000
32211  -5.445  -16.264  67.114 0.1250000000
32979  -5.645  -15.487  66.998 0.1250000000
33777  -8.395  -14.813  65.255 0.1250000000
33792  -8.793  -14.132  64.935 0.1250000000
33793  -9.560  -14.138  64.729 0.1250000000
86496  -22.920  -9.814  58.326 0.1250000000
37781  -22.416  -9.463  57.913 0.1250000000
37697  -13.564  -9.458  66.811 0.1250000000
37696  -13.046  -9.610  66.984 0.1250000000
37695  -12.196  -9.824  67.149 0.1250000000
85859  -13.503  -9.507  66.520 0.1250000000
46648  -36.290  3.056  42.866 0.1250000000
50030  -39.742  7.538  44.759 0.1250000000
50031  -40.565  7.909  45.397 0.1250000000
50693  -41.302  8.109  45.165 0.1250000000
77846  -41.399  8.344  44.219 0.1250000000
50065  -43.215  7.286  37.369 0.1250000000
55471  -44.309  15.277  40.311 0.1250000000
54832  -44.541  14.858  39.819 0.1250000000
54838  -44.861  14.310  39.305 0.1250000000
55473  -47.122  16.501  39.509 0.1250000000
56086  -45.381  17.069  40.717 0.1250000000
55474  -48.153  17.740  39.451 0.1250000000
56103  -45.682  16.741  40.213 0.1250000000
56104  -46.821  17.372  39.629 0.1250000000
56696  -47.880  18.196  39.341 0.1250000000
56111  -48.862  18.684  39.361 0.1250000000
56707  -47.781  18.400  39.009 0.1250000000
56718  -48.845  18.896  38.543 0.1250000000
56695  -46.881  18.022  39.154 0.1250000000
56685  -46.035  18.030  40.128 0.1250000000
56123  -49.337  18.240  37.801 0.1250000000
49393  -41.145  6.321  37.938 0.1250000000
49396  -41.768  6.879  37.611 0.1250000000
77049  -24.270  1.539  69.815 0.1250000000
88059  -45.071  15.627  40.124 0.1250000000
46649  -36.947  2.687  42.830 0.1250000000
55463  -44.721  16.058  40.699 0.1250000000
39402  -19.167  -6.927  70.969 0.1250000000
39410  -21.669  -7.098  70.179 0.1250000000
40193  -19.928  -6.471  71.072 0.1250000000
40194  -20.729  -6.173  71.007 0.1250000000
40196  -19.428  -6.068  70.994 0.1250000000
40199  -22.879  -6.459  70.014 0.2500000000
40201  -18.754  -7.145  70.548 0.1250000000
40202  -23.267  -6.812  69.548 0.2500000000
40945  -20.500  -5.369  71.038 0.2500000000
40950  -22.584  -5.746  70.058 0.2500000000
52128  -52.943  10.153  37.673 0.1250000000
83241  -21.113  -8.831  69.964 0.1250000000
87456  -21.144  -4.938  70.349 0.2500000000
93739  -22.172  -1.556  70.033 0.1250000000
