#!ascii label  , from subject sub-v1s16x0051199_ses-1 vox2ras=TkReg
578
4801  -42.960  -64.290  21.569 0.0000000000
6325  -40.545  -61.383  12.887 0.0000000000
5281  -34.940  -62.964  18.894 0.0000000000
4864  -41.694  -65.227  15.717 0.0000000000
7598  -36.413  -58.962  15.934 0.0000000000
5742  -39.992  -61.382  25.046 0.0000000000
7554  -31.551  -58.527  20.239 0.0000000000
94493  -26.374  -55.541  21.783 0.0000000000
8015  -33.555  -57.356  17.489 0.0000000000
6300  -34.658  -61.184  15.983 0.0000000000
8787  -37.105  -56.635  19.952 0.0000000000
6242  -35.154  -61.698  22.474 0.0000000000
6658  -32.961  -60.230  23.597 0.0000000000
87047  -28.174  -51.248  21.536 0.0000000000
87792  -28.113  -52.863  19.133 0.0000000000
3590  -39.647  -67.373  19.647 0.0000000000
4890  -41.695  -64.871  13.530 0.0000000000
3691  -41.406  -68.070  12.397 0.0000000000
4111  -42.412  -66.640  9.153 0.0000000000
5800  -39.463  -63.003  20.760 0.0000000000
4831  -43.081  -64.745  18.529 0.0000000000
82189  -36.980  -63.299  14.737 0.0000000000
6737  -38.330  -60.890  14.163 0.0000000000
6258  -38.281  -61.935  22.023 0.0000000000
6267  -33.652  -61.257  19.529 0.0000000000
8411  -31.604  -56.318  17.234 0.0000000000
81505  -29.779  -59.029  24.120 0.0000000000
7974  -28.741  -57.122  21.127 0.0000000000
9230  -29.800  -54.029  17.550 0.0000000000
10170  -33.248  -52.521  18.910 0.0000000000
3648  -40.072  -67.819  16.370 0.0000000000
8054  -42.384  -57.542  16.130 0.0000000000
7155  -44.368  -60.482  14.139 0.0000000000
77887  -42.523  -62.144  9.301 0.0000000000
9208  -34.839  -55.177  19.266 0.0000000000
8398  -34.450  -56.482  18.499 0.0000000000
4384  -41.286  -66.115  20.936 0.0000000000
4889  -40.648  -64.775  13.049 0.0000000000
4087  -42.115  -65.818  11.119 0.0000000000
79034  -42.500  -64.896  9.817 0.0000000000
77311  -43.852  -64.000  7.474 0.0000000000
76281  -39.961  -64.636  11.918 0.0000000000
5284  -37.476  -63.030  19.446 0.0000000000
5294  -36.219  -63.417  18.405 0.0000000000
6712  -35.146  -60.560  15.684 0.0000000000
5316  -35.794  -63.447  15.418 0.0000000000
6723  -36.408  -60.898  14.678 0.0000000000
5845  -37.923  -62.440  13.988 0.0000000000
7138  -37.662  -59.878  14.953 0.0000000000
5753  -40.863  -61.486  23.348 0.0000000000
6234  -38.561  -61.074  23.520 0.0000000000
6670  -33.795  -60.427  21.808 0.0000000000
6254  -34.766  -61.609  21.606 0.0000000000
7083  -32.597  -59.776  20.335 0.0000000000
7567  -31.724  -58.301  18.130 0.0000000000
7987  -31.102  -57.813  18.672 0.0000000000
7952  -27.903  -58.166  22.980 0.0000000000
7545  -29.606  -58.501  22.763 0.0000000000
8369  -27.541  -56.421  21.319 0.0000000000
10672  -29.075  -51.454  18.129 0.0000000000
9682  -28.875  -53.413  18.115 0.0000000000
10178  -30.480  -52.080  17.851 0.0000000000
9683  -31.670  -53.116  17.946 0.0000000000
4841  -42.234  -64.978  17.427 0.0000000000
4018  -41.751  -66.444  17.919 0.0000000000
4040  -41.960  -66.306  15.660 0.0000000000
3266  -40.201  -68.977  12.900 0.0000000000
8452  -40.746  -56.358  14.395 0.0000000000
7144  -44.960  -59.379  15.431 0.0000000000
76923  -45.161  -60.613  9.308 0.0000000000
6279  -33.577  -61.093  17.609 0.0000000000
5300  -34.785  -63.009  17.275 0.0000000000
6703  -33.771  -60.140  16.585 0.0000000000
8029  -35.057  -58.265  17.000 0.0000000000
7988  -36.868  -57.645  18.479 0.0000000000
6225  -38.115  -60.775  24.175 0.0000000000
6230  -34.830  -61.411  23.167 0.0000000000
7074  -32.515  -59.724  22.031 0.0000000000
9641  -26.915  -53.118  21.538 0.0000000000
80133  -26.975  -54.192  20.557 0.0000000000
10644  -27.602  -51.949  20.358 0.0000000000
11129  -28.339  -50.609  19.320 0.0000000000
11601  -30.478  -49.297  19.837 0.0000000000
4879  -42.081  -64.958  14.244 0.0000000000
4061  -42.202  -66.605  13.746 0.0000000000
4074  -42.482  -65.795  13.041 0.0000000000
3717  -41.755  -67.593  10.415 0.0000000000
3325  -41.010  -68.622  8.424 0.0000000000
3738  -41.898  -67.207  6.520 0.0000000000
4128  -41.675  -65.797  5.453 0.0000000000
4480  -39.728  -66.002  9.345 0.0000000000
5262  -43.083  -62.993  21.488 0.0000000000
4386  -43.319  -64.777  20.092 0.0000000000
88755  -41.028  -64.301  17.905 0.0000000000
79148  -40.426  -64.691  17.088 0.0000000000
4836  -36.079  -63.742  16.675 0.0000000000
4851  -37.519  -63.658  16.311 0.0000000000
4863  -39.651  -64.682  15.458 0.0000000000
5332  -38.771  -63.689  14.428 0.0000000000
5846  -38.736  -62.754  13.658 0.0000000000
6738  -39.222  -61.014  13.986 0.0000000000
5785  -41.130  -62.330  21.918 0.0000000000
5783  -38.731  -62.452  21.515 0.0000000000
5274  -36.168  -62.975  20.133 0.0000000000
6256  -36.844  -61.715  22.266 0.0000000000
5780  -35.893  -62.491  21.094 0.0000000000
6268  -34.037  -61.913  19.041 0.0000000000
6684  -32.595  -59.708  17.918 0.0000000000
91168  -32.306  -56.600  17.350 0.0000000000
9219  -33.468  -54.786  18.499 0.0000000000
7067  -30.892  -59.390  23.609 0.0000000000
7547  -31.236  -58.891  22.072 0.0000000000
7976  -29.999  -57.640  20.652 0.0000000000
8776  -27.990  -55.168  20.022 0.0000000000
8784  -28.931  -55.964  18.790 0.0000000000
8000  -29.873  -57.026  18.737 0.0000000000
8808  -30.564  -55.171  17.226 0.0000000000
9218  -32.744  -54.170  18.246 0.0000000000
4003  -41.834  -66.305  19.435 0.0000000000
3612  -40.434  -67.209  18.038 0.0000000000
88809  -40.539  -68.169  14.657 0.0000000000
3248  -39.877  -68.190  15.507 0.0000000000
7139  -38.667  -59.648  15.602 0.0000000000
7140  -40.043  -59.698  16.142 0.0000000000
7153  -41.595  -60.066  14.371 0.0000000000
7143  -43.864  -59.724  15.616 0.0000000000
6740  -41.806  -60.368  13.205 0.0000000000
88431  -42.446  -60.957  11.890 0.0000000000
88717  -40.850  -61.890  10.577 0.0000000000
90316  -35.410  -54.842  19.601 0.0000000000
9209  -35.545  -55.647  19.476 0.0000000000
4369  -41.202  -65.729  21.561 0.0000000000
4370  -42.163  -65.364  21.248 0.0000000000
5847  -39.738  -62.530  12.791 0.0000000000
76283  -40.735  -65.046  12.392 0.0000000000
88274  -39.960  -64.361  12.532 0.0000000000
76279  -41.023  -65.188  11.357 0.0000000000
76288  -40.278  -62.121  12.344 0.0000000000
5283  -36.147  -63.291  19.239 0.0000000000
80161  -36.931  -63.208  18.883 0.0000000000
5293  -35.490  -63.297  18.706 0.0000000000
80904  -35.895  -59.863  15.599 0.0000000000
6713  -35.785  -60.750  15.155 0.0000000000
6714  -36.391  -60.264  15.088 0.0000000000
6724  -36.970  -60.949  14.303 0.0000000000
7126  -36.915  -59.539  15.346 0.0000000000
5730  -40.733  -61.440  25.822 0.0000000000
5743  -40.367  -61.294  24.518 0.0000000000
6226  -39.212  -61.246  24.319 0.0000000000
7078  -32.550  -59.673  21.192 0.0000000000
6673  -32.998  -60.129  20.844 0.0000000000
7559  -31.571  -58.433  19.208 0.0000000000
7558  -31.036  -57.971  19.706 0.0000000000
9177  -26.252  -54.718  21.935 0.0000000000
8351  -26.431  -56.206  23.053 0.0000000000
8358  -26.769  -57.019  22.648 0.0000000000
7951  -27.343  -57.585  23.195 0.0000000000
80008  -27.037  -56.835  21.853 0.0000000000
7957  -27.604  -57.536  22.344 0.0000000000
8368  -26.903  -56.008  21.460 0.0000000000
11145  -30.395  -50.496  18.431 0.0000000000
10681  -29.696  -52.009  17.839 0.0000000000
10674  -30.990  -51.368  18.195 0.0000000000
11146  -31.417  -50.696  18.673 0.0000000000
4854  -41.794  -65.299  16.705 0.0000000000
4029  -42.116  -66.019  16.646 0.0000000000
4417  -42.025  -65.645  15.942 0.0000000000
7626  -45.471  -59.406  13.361 0.0000000000
7191  -45.360  -60.316  11.331 0.0000000000
7190  -45.302  -59.874  10.356 0.0000000000
7115  -33.227  -59.218  17.233 0.0000000000
6290  -33.708  -60.772  16.887 0.0000000000
7585  -33.622  -58.649  17.215 0.0000000000
8386  -35.750  -56.642  19.312 0.0000000000
8414  -34.815  -57.273  18.170 0.0000000000
89432  -35.983  -57.322  18.979 0.0000000000
8017  -35.483  -57.869  17.567 0.0000000000
8387  -36.763  -57.267  19.292 0.0000000000
6664  -33.202  -60.070  22.330 0.0000000000
92037  -33.279  -60.126  22.977 0.0000000000
80893  -27.247  -52.457  21.990 0.0000000000
10127  -27.378  -52.256  21.238 0.0000000000
10140  -27.220  -52.787  20.622 0.0000000000
10636  -27.822  -51.536  21.005 0.0000000000
11615  -29.556  -49.674  19.320 0.0000000000
91511  -39.117  -67.611  19.260 0.0000000000
92535  -41.379  -64.835  14.176 0.0000000000
4438  -42.329  -65.191  13.675 0.0000000000
4451  -42.127  -65.166  12.954 0.0000000000
78393  -42.354  -66.046  10.175 0.0000000000
3727  -42.017  -67.435  7.848 0.0000000000
77595  -42.876  -63.523  7.495 0.0000000000
77726  -42.403  -65.291  5.489 0.0000000000
4481  -41.491  -64.482  7.915 0.0000000000
4121  -40.903  -65.790  6.567 0.0000000000
76280  -40.801  -65.122  9.830 0.0000000000
5277  -40.936  -63.096  20.605 0.0000000000
5278  -42.354  -63.291  20.643 0.0000000000
84744  -39.672  -64.224  17.686 0.0000000000
5814  -34.521  -62.419  16.870 0.0000000000
5301  -35.322  -63.546  17.182 0.0000000000
5308  -34.890  -63.109  16.488 0.0000000000
84891  -36.892  -63.646  15.830 0.0000000000
4861  -37.503  -63.575  15.378 0.0000000000
91433  -39.060  -64.441  16.085 0.0000000000
4862  -38.922  -64.222  15.453 0.0000000000
4876  -39.235  -64.273  14.838 0.0000000000
6323  -38.651  -61.799  13.765 0.0000000000
90268  -39.265  -62.343  13.358 0.0000000000
5765  -39.076  -62.103  22.304 0.0000000000
5798  -37.463  -62.557  20.785 0.0000000000
5782  -37.864  -62.202  21.461 0.0000000000
6232  -36.728  -61.155  23.440 0.0000000000
6233  -37.610  -60.866  23.488 0.0000000000
6243  -36.277  -61.608  22.754 0.0000000000
6263  -33.992  -61.211  20.443 0.0000000000
80976  -34.524  -61.575  20.951 0.0000000000
5795  -34.571  -62.020  20.361 0.0000000000
5796  -35.231  -62.647  20.320 0.0000000000
91324  -33.168  -60.785  18.316 0.0000000000
78402  -33.124  -60.720  19.100 0.0000000000
82266  -31.899  -57.158  17.377 0.0000000000
8810  -32.344  -55.738  17.476 0.0000000000
8811  -33.268  -55.583  18.054 0.0000000000
9233  -32.792  -54.984  17.951 0.0000000000
79342  -31.295  -59.706  24.262 0.0000000000
7969  -29.397  -57.664  21.413 0.0000000000
7546  -30.467  -58.641  22.476 0.0000000000
7549  -30.726  -58.330  21.651 0.0000000000
7975  -29.361  -57.291  20.648 0.0000000000
9675  -27.837  -53.444  19.468 0.0000000000
9195  -27.636  -54.280  19.841 0.0000000000
86138  -28.197  -54.043  19.212 0.0000000000
9217  -29.222  -54.119  17.802 0.0000000000
8796  -28.738  -55.159  18.626 0.0000000000
8797  -29.259  -55.520  18.030 0.0000000000
8385  -29.279  -56.618  19.210 0.0000000000
8396  -29.604  -56.376  18.234 0.0000000000
8409  -29.990  -55.770  17.496 0.0000000000
9231  -30.433  -54.294  17.388 0.0000000000
10169  -32.396  -52.576  18.455 0.0000000000
9684  -32.362  -53.421  18.227 0.0000000000
9685  -33.038  -53.312  18.637 0.0000000000
9676  -33.750  -53.178  19.081 0.0000000000
89686  -43.190  -64.969  19.269 0.0000000000
4394  -42.422  -65.638  19.740 0.0000000000
4012  -42.529  -65.658  18.833 0.0000000000
4017  -41.014  -66.848  17.431 0.0000000000
4010  -41.054  -66.855  18.461 0.0000000000
3629  -40.243  -67.442  17.221 0.0000000000
3611  -39.591  -67.648  17.940 0.0000000000
92971  -39.664  -67.853  16.960 0.0000000000
3680  -41.506  -67.815  13.262 0.0000000000
3667  -41.435  -67.534  14.199 0.0000000000
81662  -39.609  -68.609  13.877 0.0000000000
3258  -40.112  -68.661  13.747 0.0000000000
7127  -37.860  -59.121  15.675 0.0000000000
85177  -38.342  -58.340  16.526 0.0000000000
7141  -40.980  -59.951  15.309 0.0000000000
7156  -45.159  -60.078  14.452 0.0000000000
87297  -44.713  -59.779  15.296 0.0000000000
7154  -42.703  -60.102  14.333 0.0000000000
92517  -42.903  -60.506  13.088 0.0000000000
88186  -41.350  -61.022  12.353 0.0000000000
92956  -43.744  -62.500  8.880 0.0000000000
77389  -43.612  -62.154  10.175 0.0000000000
77797  -41.471  -61.722  9.923 0.0000000000
8812  -33.782  -56.157  18.126 0.0000000000
8413  -33.992  -56.871  17.786 0.0000000000
8785  -34.953  -56.104  19.092 0.0000000000
8786  -36.312  -56.108  19.695 0.0000000000
11095  -28.651  -50.777  21.528 0.0000000000
11565  -29.546  -49.845  21.951 0.0000000000
3990  -40.632  -66.602  20.688 0.0000000000
4916  -41.651  -65.299  12.203 0.0000000000
77198  -41.762  -65.466  10.977 0.0000000000
4099  -43.351  -64.760  8.874 0.0000000000
3728  -43.222  -65.589  7.721 0.0000000000
76278  -43.125  -63.784  8.771 0.0000000000
79630  -41.441  -65.049  10.298 0.0000000000
80236  -38.589  -63.065  20.175 0.0000000000
5285  -38.338  -63.121  19.372 0.0000000000
5295  -37.759  -63.116  18.664 0.0000000000
4827  -38.147  -63.313  17.962 0.0000000000
5315  -35.189  -63.097  15.671 0.0000000000
5822  -35.401  -62.248  15.113 0.0000000000
5832  -36.124  -62.499  14.530 0.0000000000
85170  -36.681  -62.964  14.382 0.0000000000
5344  -37.408  -62.972  14.283 0.0000000000
5833  -36.984  -62.395  14.098 0.0000000000
6312  -37.531  -61.503  14.029 0.0000000000
6725  -37.577  -60.606  14.389 0.0000000000
6246  -39.443  -61.660  23.097 0.0000000000
6245  -38.416  -61.480  22.670 0.0000000000
6671  -34.424  -60.914  22.085 0.0000000000
6253  -34.232  -60.956  21.305 0.0000000000
6674  -33.581  -60.521  21.005 0.0000000000
6679  -33.220  -60.519  20.109 0.0000000000
7087  -32.344  -59.527  18.704 0.0000000000
7094  -31.948  -58.912  18.716 0.0000000000
8002  -31.340  -57.539  17.750 0.0000000000
8013  -31.049  -56.814  17.415 0.0000000000
7540  -28.402  -58.434  23.650 0.0000000000
7541  -29.266  -58.720  23.552 0.0000000000
7542  -30.203  -58.987  23.370 0.0000000000
7958  -28.304  -57.991  22.460 0.0000000000
85823  -28.486  -57.589  21.856 0.0000000000
92119  -28.627  -52.016  18.441 0.0000000000
9681  -28.401  -53.463  18.843 0.0000000000
10167  -29.145  -52.523  17.966 0.0000000000
10177  -29.955  -52.716  17.643 0.0000000000
9697  -30.255  -53.492  17.517 0.0000000000
10179  -30.819  -52.867  17.655 0.0000000000
10168  -31.421  -52.246  18.092 0.0000000000
10676  -32.808  -51.899  18.817 0.0000000000
4842  -42.739  -64.733  17.911 0.0000000000
4019  -42.301  -66.009  18.190 0.0000000000
4030  -42.262  -65.822  17.512 0.0000000000
3630  -41.452  -66.570  16.546 0.0000000000
89797  -41.142  -66.961  15.902 0.0000000000
3267  -40.748  -68.650  12.730 0.0000000000
84400  -43.290  -57.699  13.884 0.0000000000
8068  -43.437  -57.774  15.445 0.0000000000
7614  -44.538  -58.747  16.164 0.0000000000
87461  -45.154  -58.984  15.205 0.0000000000
7145  -45.324  -59.481  14.512 0.0000000000
7170  -45.021  -60.720  12.721 0.0000000000
7169  -44.080  -61.147  12.079 0.0000000000
77072  -45.163  -61.057  10.140 0.0000000000
76286  -44.508  -61.721  9.136 0.0000000000
6273  -34.015  -61.884  18.149 0.0000000000
5292  -34.952  -63.126  18.067 0.0000000000
6280  -34.118  -61.822  17.301 0.0000000000
6291  -33.935  -61.276  16.934 0.0000000000
86807  -34.150  -60.879  16.499 0.0000000000
8028  -34.036  -58.075  17.249 0.0000000000
7586  -34.312  -58.814  16.878 0.0000000000
6704  -34.475  -60.338  16.170 0.0000000000
7125  -35.034  -59.763  16.025 0.0000000000
7597  -35.630  -59.230  16.078 0.0000000000
8030  -36.327  -58.042  16.930 0.0000000000
5741  -38.734  -61.360  24.870 0.0000000000
6231  -35.640  -61.546  23.412 0.0000000000
6223  -36.301  -61.279  24.009 0.0000000000
6666  -34.530  -60.986  22.728 0.0000000000
7550  -31.434  -58.650  21.196 0.0000000000
9640  -26.408  -53.804  22.228 0.0000000000
9647  -26.520  -54.036  21.290 0.0000000000
9178  -26.749  -55.029  21.103 0.0000000000
9648  -26.894  -53.508  20.794 0.0000000000
9674  -27.278  -53.451  20.136 0.0000000000
10157  -27.653  -52.563  19.737 0.0000000000
90065  -28.680  -50.421  20.902 0.0000000000
10663  -27.921  -51.566  19.508 0.0000000000
11143  -28.807  -50.585  18.564 0.0000000000
11144  -29.499  -50.069  18.669 0.0000000000
11616  -30.298  -49.715  19.017 0.0000000000
4426  -42.102  -65.313  14.957 0.0000000000
4041  -42.371  -65.788  14.975 0.0000000000
4427  -42.391  -65.412  14.332 0.0000000000
94120  -41.868  -67.304  12.051 0.0000000000
3705  -41.366  -68.204  11.479 0.0000000000
3308  -41.428  -68.222  9.408 0.0000000000
4122  -43.399  -65.045  6.243 0.0000000000
94406  -41.915  -66.181  5.328 0.0000000000
3746  -40.659  -66.959  6.145 0.0000000000
4110  -40.037  -66.246  7.981 0.0000000000
5263  -43.260  -63.431  21.572 0.0000000000
4371  -43.047  -64.864  20.865 0.0000000000
5279  -43.169  -63.678  20.787 0.0000000000
5288  -43.019  -63.710  19.867 0.0000000000
4823  -42.554  -63.826  18.923 0.0000000000
4822  -41.212  -63.780  18.724 0.0000000000
4830  -43.003  -64.205  18.289 0.0000000000
84543  -42.308  -64.472  17.822 0.0000000000
4840  -41.580  -64.821  17.256 0.0000000000
4853  -41.162  -65.003  16.430 0.0000000000
78185  -35.578  -63.462  17.995 0.0000000000
5302  -36.171  -63.598  17.534 0.0000000000
4849  -36.205  -63.709  15.922 0.0000000000
4850  -36.715  -63.662  16.332 0.0000000000
90866  -39.318  -64.449  16.870 0.0000000000
4852  -39.997  -64.836  16.251 0.0000000000
79003  -40.826  -64.910  15.547 0.0000000000
4878  -41.579  -64.950  14.858 0.0000000000
4877  -40.325  -64.766  14.637 0.0000000000
84128  -40.496  -64.711  13.739 0.0000000000
5345  -38.310  -63.115  14.140 0.0000000000
5346  -39.061  -63.521  13.742 0.0000000000
76285  -39.305  -63.074  13.148 0.0000000000
6324  -39.714  -61.758  13.347 0.0000000000
5787  -43.339  -62.825  22.316 0.0000000000
5261  -41.853  -62.759  21.318 0.0000000000
5260  -40.572  -62.765  21.252 0.0000000000
5766  -40.276  -62.093  22.574 0.0000000000
5784  -39.797  -62.523  21.726 0.0000000000
5276  -37.859  -62.887  20.114 0.0000000000
5275  -37.098  -62.848  20.129 0.0000000000
5282  -35.394  -63.044  19.500 0.0000000000
86323  -37.875  -61.099  22.924 0.0000000000
6257  -37.627  -61.640  22.246 0.0000000000
5764  -36.057  -62.061  21.997 0.0000000000
5781  -36.947  -62.156  21.501 0.0000000000
5797  -36.731  -62.602  20.731 0.0000000000
5803  -34.641  -62.477  19.518 0.0000000000
6272  -33.557  -61.315  18.627 0.0000000000
6685  -33.005  -60.356  17.745 0.0000000000
7584  -32.955  -58.527  17.475 0.0000000000
7095  -32.215  -59.036  18.047 0.0000000000
82723  -32.487  -57.810  17.492 0.0000000000
8412  -33.109  -56.495  17.570 0.0000000000
9220  -34.219  -54.581  19.018 0.0000000000
7072  -31.013  -59.173  22.894 0.0000000000
7069  -32.494  -59.874  22.961 0.0000000000
7553  -30.839  -58.045  20.711 0.0000000000
8775  -27.594  -55.713  20.766 0.0000000000
8370  -28.231  -56.470  20.903 0.0000000000
8378  -28.379  -55.951  20.190 0.0000000000
9207  -28.302  -54.743  19.282 0.0000000000
8783  -28.520  -55.535  19.421 0.0000000000
8379  -28.950  -56.697  20.233 0.0000000000
7985  -29.716  -57.268  19.785 0.0000000000
84154  -30.425  -57.697  20.011 0.0000000000
7986  -30.433  -57.514  19.161 0.0000000000
8001  -30.537  -57.194  18.130 0.0000000000
8410  -30.779  -56.034  17.197 0.0000000000
8809  -31.407  -55.447  17.202 0.0000000000
9698  -31.064  -53.691  17.503 0.0000000000
9699  -31.880  -53.939  17.746 0.0000000000
78946  -32.079  -54.786  17.550 0.0000000000
9686  -33.607  -53.964  18.809 0.0000000000
9677  -34.305  -53.738  19.273 0.0000000000
4385  -42.251  -65.558  20.522 0.0000000000
3991  -41.392  -66.402  20.179 0.0000000000
4001  -40.344  -66.970  20.079 0.0000000000
4011  -41.792  -66.441  18.745 0.0000000000
4002  -41.108  -66.770  19.379 0.0000000000
3604  -40.271  -67.234  18.983 0.0000000000
3603  -39.540  -67.543  18.918 0.0000000000
4049  -42.060  -66.506  14.678 0.0000000000
3650  -41.278  -67.202  15.128 0.0000000000
3649  -40.565  -67.655  15.689 0.0000000000
3666  -40.746  -68.416  13.583 0.0000000000
8778  -37.493  -55.886  20.434 0.0000000000
7977  -37.882  -57.663  19.539 0.0000000000
8018  -36.950  -57.714  17.582 0.0000000000
7588  -36.907  -58.212  16.452 0.0000000000
77780  -37.328  -58.592  16.031 0.0000000000
6726  -38.225  -60.246  14.672 0.0000000000
7128  -39.528  -59.097  17.047 0.0000000000
6727  -39.058  -60.325  14.801 0.0000000000
6728  -39.950  -60.442  14.609 0.0000000000
78432  -40.007  -61.023  13.715 0.0000000000
6739  -40.832  -60.561  13.731 0.0000000000
7132  -44.370  -59.211  16.212 0.0000000000
7131  -43.319  -59.201  16.868 0.0000000000
7142  -42.325  -59.659  15.677 0.0000000000
76289  -40.858  -61.710  11.680 0.0000000000
77575  -40.285  -62.360  11.361 0.0000000000
76984  -41.799  -61.569  10.730 0.0000000000
77007  -39.586  -64.562  11.343 0.0000000000
80978  -39.639  -65.574  10.501 0.0000000000
3257  -39.713  -68.442  14.593 0.0000000000
3265  -39.826  -68.902  13.148 0.0000000000
3275  -40.676  -68.905  11.990 0.0000000000
3349  -41.529  -67.085  5.882 0.0000000000
3747  -41.535  -66.625  5.629 0.0000000000
3748  -42.377  -66.191  5.739 0.0000000000
3754  -41.960  -65.970  5.216 0.0000000000
4050  -42.512  -65.936  14.350 0.0000000000
4062  -42.522  -65.690  13.849 0.0000000000
4403  -42.436  -65.215  17.586 0.0000000000
4404  -42.639  -65.319  18.027 0.0000000000
4412  -42.081  -65.473  17.032 0.0000000000
4815  -43.283  -64.136  20.783 0.0000000000
4824  -43.456  -64.241  19.224 0.0000000000
4875  -38.450  -63.790  15.102 0.0000000000
4888  -39.546  -64.249  14.064 0.0000000000
4903  -41.523  -64.987  12.906 0.0000000000
5289  -43.446  -64.103  20.129 0.0000000000
5303  -37.150  -63.289  17.922 0.0000000000
5309  -35.495  -63.593  16.190 0.0000000000
5331  -37.902  -63.326  14.697 0.0000000000
5779  -34.992  -62.193  21.046 0.0000000000
5799  -38.282  -62.712  20.802 0.0000000000
5806  -34.498  -62.504  18.579 0.0000000000
5809  -34.470  -62.483  17.721 0.0000000000
5821  -34.822  -62.261  15.884 0.0000000000
6235  -39.902  -61.430  23.851 0.0000000000
6244  -37.194  -61.259  22.850 0.0000000000
6255  -35.345  -62.083  21.662 0.0000000000
6301  -35.229  -61.424  15.388 0.0000000000
6310  -35.879  -61.568  14.790 0.0000000000
6311  -36.621  -61.636  14.324 0.0000000000
6665  -33.958  -60.401  22.654 0.0000000000
6669  -33.103  -60.091  21.541 0.0000000000
6678  -32.656  -60.011  19.423 0.0000000000
6693  -32.957  -59.770  17.314 0.0000000000
6694  -33.315  -60.316  17.071 0.0000000000
6741  -45.443  -60.093  13.440 0.0000000000
7064  -30.471  -59.329  24.192 0.0000000000
7068  -31.586  -59.617  23.351 0.0000000000
7073  -31.778  -59.439  22.491 0.0000000000
7077  -31.920  -59.268  21.625 0.0000000000
7082  -32.051  -59.156  20.725 0.0000000000
7086  -32.106  -59.177  19.649 0.0000000000
7105  -32.716  -59.133  17.600 0.0000000000
7116  -33.751  -59.363  16.861 0.0000000000
7117  -35.029  -59.025  16.468 0.0000000000
7137  -36.964  -60.322  14.714 0.0000000000
7544  -28.699  -58.392  22.918 0.0000000000
7548  -29.950  -58.108  22.006 0.0000000000
7575  -32.316  -58.437  17.678 0.0000000000
7587  -35.897  -58.601  16.465 0.0000000000
7625  -45.280  -58.939  14.282 0.0000000000
7959  -29.059  -58.053  22.230 0.0000000000
7968  -27.947  -57.003  21.578 0.0000000000
7970  -30.215  -57.904  21.313 0.0000000000
8003  -35.794  -57.607  18.346 0.0000000000
8014  -32.739  -57.198  17.373 0.0000000000
8016  -34.420  -57.621  17.508 0.0000000000
8027  -33.243  -57.906  17.428 0.0000000000
8357  -26.403  -56.292  22.161 0.0000000000
8397  -30.307  -56.519  17.669 0.0000000000
8399  -35.209  -57.000  18.886 0.0000000000
8751  -26.212  -55.443  22.543 0.0000000000
8798  -34.138  -55.537  18.695 0.0000000000
8807  -29.716  -54.823  17.548 0.0000000000
9216  -28.644  -54.255  18.480 0.0000000000
9232  -31.243  -54.548  17.330 0.0000000000
9696  -29.517  -53.387  17.707 0.0000000000
10158  -28.119  -52.134  18.989 0.0000000000
10159  -33.939  -52.416  19.339 0.0000000000
10166  -28.544  -52.733  18.554 0.0000000000
10637  -28.251  -50.897  20.884 0.0000000000
10645  -28.012  -51.140  20.169 0.0000000000
10671  -28.336  -51.323  18.725 0.0000000000
10673  -29.997  -51.309  17.965 0.0000000000
11130  -28.904  -49.917  19.667 0.0000000000
11147  -32.171  -50.725  18.951 0.0000000000
11559  -29.996  -49.406  22.518 0.0000000000
76282  -42.120  -64.354  6.101 0.0000000000
76284  -42.250  -63.782  9.032 0.0000000000
76287  -39.662  -63.397  12.579 0.0000000000
76942  -39.758  -63.710  12.043 0.0000000000
77058  -39.767  -63.507  11.389 0.0000000000
77213  -39.929  -62.875  12.030 0.0000000000
77560  -42.177  -64.561  9.827 0.0000000000
79180  -27.379  -54.864  20.460 0.0000000000
79825  -34.351  -59.564  16.454 0.0000000000
79907  -42.160  -65.593  12.133 0.0000000000
81363  -38.442  -63.287  18.613 0.0000000000
81552  -38.317  -63.886  15.825 0.0000000000
81612  -32.766  -60.224  18.526 0.0000000000
82612  -41.024  -61.751  26.424 0.0000000000
82766  -28.889  -50.004  19.001 0.0000000000
82930  -34.345  -61.647  16.560 0.0000000000
83449  -29.491  -50.716  18.231 0.0000000000
83571  -35.553  -62.958  15.047 0.0000000000
84452  -40.685  -67.207  16.527 0.0000000000
85124  -38.447  -63.951  16.623 0.0000000000
85853  -34.170  -61.773  19.782 0.0000000000
86871  -29.041  -54.789  17.987 0.0000000000
87511  -41.771  -66.337  17.198 0.0000000000
87849  -36.784  -63.082  19.576 0.0000000000
88387  -40.234  -65.232  10.957 0.0000000000
88473  -39.990  -64.923  11.568 0.0000000000
88819  -33.324  -59.778  16.925 0.0000000000
89306  -42.181  -64.030  18.237 0.0000000000
89501  -31.914  -57.848  17.577 0.0000000000
89798  -38.658  -58.944  16.422 0.0000000000
90248  -43.304  -63.992  6.088 0.0000000000
90603  -30.047  -56.808  18.146 0.0000000000
90604  -42.057  -66.985  12.782 0.0000000000
91061  -45.322  -60.462  10.160 0.0000000000
92129  -28.799  -56.171  19.567 0.0000000000
93953  -35.201  -62.669  15.410 0.0000000000
94314  -39.710  -64.119  13.231 0.0000000000
