#!ascii label  , from subject sub-v1s16x0051199_ses-1 vox2ras=TkReg
2213
30076  16.901  -20.086  68.926 0.6250000000
30077  15.803  -19.607  68.670 0.6250000000
30877  14.944  -18.988  68.993 0.6250000000
30084  14.758  -19.608  68.844 0.5000000000
30083  15.972  -20.301  68.451 0.6250000000
30878  14.310  -19.211  68.841 0.5000000000
30082  17.245  -20.800  68.664 0.6250000000
29232  16.610  -21.141  68.161 0.6250000000
93212  14.739  -20.303  68.352 0.5000000000
30085  13.980  -20.124  68.359 0.2500000000
29234  13.757  -20.813  68.214 0.2500000000
29233  15.427  -20.884  67.864 0.5000000000
30093  12.720  -20.943  68.332 0.2500000000
29244  12.733  -21.347  68.249 0.2500000000
29254  11.935  -21.417  68.125 0.2500000000
32470  18.573  -18.543  68.460 0.6250000000
31643  18.626  -19.070  68.622 0.6250000000
31644  18.002  -19.284  68.903 0.6250000000
30868  18.170  -19.771  69.028 0.6250000000
31645  16.998  -19.277  68.695 0.6250000000
30870  16.346  -19.470  68.687 0.6250000000
30073  18.659  -19.581  68.644 0.7500000000
30074  18.275  -20.221  68.889 0.6250000000
30075  17.781  -20.313  69.043 0.6250000000
30081  18.682  -20.349  68.219 0.6250000000
29230  18.083  -20.994  68.439 0.6250000000
30900  13.680  -20.163  67.205 0.2500000000
30888  13.882  -20.120  68.098 0.2500000000
84865  18.545  -21.054  67.619 0.6250000000
29231  17.462  -21.459  67.907 0.6250000000
30102  12.190  -20.923  67.475 0.2500000000
29242  16.454  -21.529  67.411 0.5000000000
84492  12.381  -20.924  68.150 0.2500000000
29243  14.667  -21.384  67.340 0.5000000000
28504  12.299  -22.142  67.374 0.2500000000
28507  16.962  -22.514  64.912 0.2500000000
28508  15.093  -22.573  65.167 0.3750000000
29264  17.707  -22.177  65.323 0.2500000000
92918  16.224  -22.304  65.656 0.3750000000
27146  13.615  -23.860  64.966 0.3750000000
27868  11.773  -22.919  66.487 0.3750000000
33321  19.526  -17.006  67.547 0.6250000000
32473  19.770  -17.603  67.842 0.6250000000
32474  19.067  -17.720  68.152 0.6250000000
91948  19.677  -18.010  68.021 0.6250000000
32469  19.213  -18.248  68.264 0.6250000000
31650  19.908  -18.278  67.808 0.7500000000
31642  19.191  -18.670  68.290 0.7500000000
30876  19.359  -19.399  67.747 0.7500000000
30911  13.931  -19.994  65.859 0.2500000000
30091  19.074  -20.457  67.181 0.8750000000
29240  18.146  -21.623  67.379 0.7500000000
29241  17.485  -21.954  66.959 0.5000000000
29255  11.883  -21.549  67.210 0.2500000000
79889  19.155  -20.459  66.103 0.8750000000
30092  18.648  -21.295  66.759 0.7500000000
28502  14.866  -22.051  66.327 0.6250000000
29253  12.754  -21.844  67.670 0.3750000000
92334  16.296  -21.993  66.547 0.5000000000
30101  18.626  -21.128  65.609 0.5000000000
29252  18.092  -21.905  66.256 0.3750000000
29263  18.168  -21.709  64.999 0.3750000000
33326  20.029  -16.275  67.163 0.6250000000
32472  20.309  -17.577  67.626 0.6250000000
30887  19.654  -19.677  66.619 1.0000000000
30119  13.837  -20.709  64.393 0.2500000000
30109  13.184  -20.796  65.790 0.2500000000
82869  20.197  -19.103  64.947 0.8750000000
30899  19.636  -19.682  65.495 0.5000000000
29265  12.617  -21.433  65.541 0.2500000000
30909  19.600  -19.651  64.463 0.3750000000
30100  19.074  -20.283  64.999 0.5000000000
31709  22.542  -18.934  62.853 0.3750000000
31710  21.625  -19.093  62.714 0.1250000000
31695  21.008  -18.897  63.392 0.3750000000
30908  20.204  -19.158  63.928 0.3750000000
31694  21.835  -18.741  63.281 0.5000000000
92179  23.774  -18.724  63.655 0.5000000000
33337  21.009  -16.074  66.372 0.5000000000
33324  21.502  -16.828  66.929 0.5000000000
33325  20.767  -16.481  67.087 0.5000000000
33320  20.352  -16.940  67.490 0.6250000000
32483  21.049  -17.051  67.347 0.7500000000
86798  20.724  -17.830  67.436 0.7500000000
32482  21.780  -16.838  67.839 0.7500000000
30886  20.169  -18.760  67.101 1.0000000000
30898  20.282  -19.070  66.055 1.0000000000
86376  21.427  -17.321  67.209 0.8750000000
83214  20.885  -18.340  66.630 1.0000000000
31679  20.874  -18.746  64.457 0.7500000000
31678  21.591  -18.483  65.144 0.7500000000
31691  24.646  -18.674  63.904 0.3750000000
31677  22.356  -18.468  64.698 0.7500000000
31707  24.448  -18.972  63.052 0.2500000000
31708  23.521  -19.010  62.893 0.3750000000
31692  23.095  -18.558  64.193 0.5000000000
81148  21.676  -18.607  64.083 0.5000000000
95014  23.076  -18.763  63.452 0.3750000000
91326  21.592  -16.213  65.918 0.5000000000
31659  21.751  -17.422  67.146 0.8750000000
31666  21.563  -18.175  66.264 1.0000000000
31665  22.134  -18.114  66.048 0.7500000000
77129  22.581  -18.001  66.738 0.8750000000
31676  23.013  -18.295  65.231 0.8750000000
79512  23.845  -18.468  64.548 0.6250000000
78146  25.578  -18.795  64.271 0.5000000000
78247  24.636  -18.444  64.913 0.6250000000
32494  22.922  -16.740  67.095 0.6250000000
33336  22.075  -16.768  66.514 0.6250000000
32495  21.933  -16.635  67.830 0.7500000000
78117  21.861  -17.125  68.385 0.7500000000
77128  22.673  -17.115  69.226 0.6250000000
32481  21.871  -16.915  68.036 0.7500000000
78200  22.518  -17.891  68.669 0.8750000000
79154  23.687  -18.251  65.699 0.8750000000
30906  27.207  -19.976  64.822 0.3750000000
30907  26.503  -19.336  64.422 0.7500000000
30105  28.480  -21.787  64.010 0.1250000000
89126  23.245  -16.404  68.442 0.6250000000
32505  23.467  -16.574  65.267 0.5000000000
78392  23.386  -16.996  69.427 0.7500000000
77120  22.989  -17.787  69.363 0.8750000000
77118  23.937  -17.683  69.477 0.7500000000
92828  22.958  -18.184  68.861 0.8750000000
78323  23.215  -18.167  67.329 1.0000000000
77119  24.603  -18.028  69.235 0.8750000000
77123  23.915  -18.299  67.848 0.8750000000
89093  26.050  -18.590  67.415 1.0000000000
77126  24.386  -18.326  66.185 1.0000000000
30885  26.762  -19.213  66.599 0.7500000000
89092  25.162  -18.480  66.778 0.8750000000
30099  28.008  -20.428  65.237 0.7500000000
30896  27.374  -19.773  65.876 0.7500000000
30897  26.617  -19.384  65.414 0.7500000000
29262  28.863  -22.045  63.760 0.2500000000
84640  28.472  -21.256  64.768 0.6250000000
78468  24.389  -16.690  68.503 0.5000000000
78415  26.107  -17.596  69.230 0.8750000000
77122  24.994  -17.277  69.248 0.5000000000
31640  27.225  -18.249  68.229 0.8750000000
78629  25.958  -18.248  68.806 1.0000000000
91929  27.561  -19.024  67.889 0.8750000000
30875  26.915  -18.774  67.789 1.0000000000
30884  27.562  -19.412  67.077 1.0000000000
30090  28.240  -20.097  66.341 0.7500000000
29251  29.146  -21.901  64.856 0.7500000000
30098  28.801  -20.971  65.601 0.7500000000
29250  29.943  -22.169  65.722 0.8750000000
32480  27.300  -17.475  67.352 0.6250000000
79183  25.668  -16.926  68.316 0.5000000000
78407  24.004  -16.688  65.951 0.5000000000
32467  27.701  -17.977  68.051 0.7500000000
78230  26.555  -17.405  68.741 0.7500000000
30874  27.834  -18.927  67.970 0.8750000000
30079  29.951  -20.393  68.006 0.8750000000
30873  29.033  -19.476  68.044 0.8750000000
30088  29.780  -21.207  67.315 0.8750000000
30883  28.435  -19.573  67.549 1.0000000000
30080  29.398  -20.213  67.777 1.0000000000
29249  30.573  -22.210  66.367 0.8750000000
29239  30.182  -22.079  66.742 1.0000000000
30089  29.135  -20.527  66.698 1.0000000000
29260  30.133  -22.122  65.339 0.8750000000
31739  33.674  -18.634  58.565 0.1250000000
31732  33.358  -19.323  58.929 0.5000000000
31731  33.910  -18.911  59.114 0.3750000000
30939  34.092  -19.090  60.253 0.7500000000
89554  28.990  -18.327  68.037 0.7500000000
31647  29.543  -18.634  68.047 0.8750000000
30866  29.153  -18.895  67.998 0.8750000000
92685  30.750  -21.285  67.255 0.8750000000
30078  30.562  -20.658  68.024 0.8750000000
29238  30.696  -22.020  66.903 0.8750000000
29229  30.251  -21.322  67.442 0.8750000000
29259  31.540  -21.672  65.373 0.8750000000
29268  32.404  -21.371  63.673 0.7500000000
29269  31.710  -21.455  64.359 0.8750000000
32563  34.093  -17.338  58.816 0.2500000000
32547  34.033  -18.261  59.038 0.2500000000
32546  34.142  -17.532  59.567 0.5000000000
84809  34.210  -18.509  60.328 0.6250000000
30929  34.379  -19.044  61.071 0.7500000000
29228  31.178  -20.762  67.320 0.8750000000
30871  30.860  -20.094  67.900 0.8750000000
29237  31.270  -21.621  66.811 0.8750000000
29248  31.276  -21.901  66.349 0.8750000000
29258  32.607  -21.401  64.850 0.8750000000
78990  32.119  -21.472  65.753 0.8750000000
30112  34.015  -21.103  63.322 0.7500000000
29267  33.415  -21.357  64.012 0.7500000000
30121  33.669  -20.857  62.252 0.7500000000
31712  34.850  -18.566  61.686 0.7500000000
90690  34.775  -19.250  61.810 0.7500000000
30930  34.246  -20.001  61.707 0.7500000000
33388  34.342  -16.843  60.283 0.7500000000
33379  34.528  -17.229  61.092 0.8750000000
30086  32.759  -20.859  66.060 0.8750000000
30087  31.961  -20.895  66.718 0.8750000000
29236  32.201  -21.193  66.199 0.8750000000
29247  33.053  -21.197  65.579 0.8750000000
29266  34.298  -21.231  64.378 0.7500000000
29257  33.746  -21.307  64.973 0.8750000000
79904  35.232  -20.037  63.136 0.7500000000
30120  34.527  -20.416  62.738 0.7500000000
93925  35.176  -18.325  62.167 0.8750000000
30920  34.973  -19.668  62.411 0.7500000000
33387  34.825  -16.183  61.071 0.8750000000
33378  34.982  -16.901  61.763 0.8750000000
35819  29.437  -13.631  56.247 0.3750000000
34975  29.707  -14.334  56.742 0.6250000000
34218  29.982  -14.935  57.094 0.6250000000
36685  29.181  -11.861  55.436 0.5000000000
35817  30.975  -13.081  57.046 0.6250000000
35818  30.243  -13.526  56.833 0.6250000000
34970  30.414  -14.375  57.253 0.7500000000
34956  31.585  -14.633  59.388 0.8750000000
34201  31.449  -15.512  58.942 0.7500000000
83338  31.379  -15.420  60.103 0.6250000000
84545  31.429  -15.660  61.257 0.8750000000
33381  31.325  -16.555  61.480 0.8750000000
32510  32.556  -17.591  63.266 0.8750000000
36668  31.582  -12.711  57.234 0.7500000000
93976  31.789  -12.791  57.855 0.7500000000
35809  31.686  -13.213  58.346 0.6250000000
35795  31.941  -13.024  60.111 1.0000000000
35789  31.809  -13.677  60.501 1.0000000000
34942  32.289  -14.444  61.795 1.0000000000
34180  31.626  -15.048  61.476 0.8750000000
34164  32.637  -16.091  62.665 0.8750000000
33359  32.896  -16.800  63.245 0.8750000000
30893  33.057  -20.291  65.627 0.8750000000
36676  31.217  -12.521  56.582 0.7500000000
36667  32.137  -12.321  57.548 0.8750000000
36647  32.919  -12.059  60.832 0.8750000000
36638  33.303  -12.249  61.617 0.8750000000
35788  32.016  -13.232  60.788 1.0000000000
35774  32.950  -13.882  62.220 1.0000000000
34930  33.893  -14.733  64.318 0.8750000000
34163  33.125  -15.907  63.386 0.8750000000
33358  33.483  -16.595  63.903 0.8750000000
32509  33.188  -17.507  63.797 0.8750000000
31662  34.574  -19.152  65.541 0.8750000000
30891  35.039  -19.928  65.720 0.8750000000
30892  34.262  -20.192  65.662 0.8750000000
29246  34.158  -21.017  65.578 0.8750000000
80552  33.354  -11.108  59.041 0.8750000000
37565  34.608  -11.229  61.778 0.8750000000
79043  33.611  -12.424  62.563 1.0000000000
35759  34.122  -13.909  64.495 1.0000000000
34929  34.651  -14.486  65.037 1.0000000000
33347  34.219  -16.268  64.545 0.8750000000
32500  34.468  -17.086  64.772 0.8750000000
31670  34.495  -17.991  64.947 0.8750000000
30094  35.218  -20.410  65.261 0.8750000000
30095  34.706  -20.714  65.747 0.8750000000
38504  35.130  -10.360  60.507 1.0000000000
37537  35.051  -11.465  63.852 0.8750000000
36612  35.876  -11.961  65.201 1.0000000000
34922  35.668  -14.031  65.056 1.0000000000
90384  36.118  -14.838  65.029 1.0000000000
94916  36.064  -15.618  65.030 1.0000000000
33346  36.014  -17.035  64.351 0.8750000000
32499  36.110  -17.921  64.532 0.7500000000
30912  35.943  -19.251  64.180 0.7500000000
30902  36.026  -19.916  64.854 0.8750000000
30104  34.964  -21.092  64.869 0.7500000000
29256  34.480  -21.177  65.077 0.8750000000
39361  37.241  -8.277  61.055 1.0000000000
38493  37.622  -8.812  62.978 1.0000000000
38474  36.568  -10.209  63.461 0.8750000000
37523  36.403  -11.426  64.440 1.0000000000
35751  36.096  -13.250  64.688 1.0000000000
34921  36.084  -13.969  65.095 1.0000000000
34155  36.058  -15.570  64.403 1.0000000000
85949  35.852  -16.358  64.045 0.8750000000
32507  35.903  -17.822  63.925 0.7500000000
31682  36.034  -18.528  64.235 0.7500000000
30103  35.390  -20.577  64.679 0.7500000000
40214  39.310  -7.061  59.762 1.0000000000
39360  38.936  -8.763  61.344 1.0000000000
39355  38.400  -8.453  62.634 1.0000000000
39346  37.862  -9.276  63.212 0.8750000000
37535  36.984  -11.344  63.410 1.0000000000
36621  36.593  -12.320  63.763 1.0000000000
81718  36.060  -14.146  63.546 1.0000000000
87195  35.991  -15.074  63.254 0.8750000000
33368  35.755  -16.074  63.252 0.8750000000
32508  35.578  -17.746  63.136 0.7500000000
31697  35.470  -18.552  62.824 0.7500000000
30919  35.429  -19.385  62.985 0.7500000000
30110  35.665  -19.888  63.927 0.7500000000
39368  39.014  -8.363  59.605 1.0000000000
38502  38.690  -9.680  61.189 0.8750000000
37575  38.905  -9.795  62.086 0.8750000000
36636  36.863  -12.062  61.944 0.8750000000
35779  36.360  -13.154  62.032 0.8750000000
35772  36.089  -14.119  62.165 0.8750000000
34939  35.946  -14.920  62.371 0.8750000000
33369  35.552  -16.103  62.392 0.8750000000
33357  35.452  -16.859  62.774 0.8750000000
37594  36.919  -10.617  59.174 1.0000000000
37586  37.490  -10.785  60.185 0.8750000000
36645  36.859  -11.912  61.126 0.8750000000
36637  36.341  -12.986  61.183 0.8750000000
35780  36.051  -13.947  61.394 0.8750000000
34940  35.852  -14.778  61.701 0.8750000000
82026  35.328  -16.089  61.823 0.8750000000
92681  35.287  -16.685  62.209 0.8750000000
32518  35.257  -17.577  62.352 0.8750000000
34946  35.618  -14.651  60.948 0.8750000000
36684  29.992  -12.308  55.810 0.7500000000
91838  30.526  -11.865  55.435 0.7500000000
36682  31.558  -12.031  55.966 0.7500000000
36675  31.939  -12.219  56.733 0.7500000000
37596  33.067  -11.301  58.441 0.8750000000
38529  33.473  -10.694  57.789 1.0000000000
38521  33.678  -10.639  58.561 1.0000000000
38528  34.049  -9.961  58.026 1.0000000000
38512  34.826  -10.218  59.655 1.0000000000
39378  34.895  -9.250  58.417 1.0000000000
38511  35.750  -9.225  60.323 1.0000000000
39377  35.959  -8.208  58.970 1.0000000000
39369  36.620  -8.082  60.047 1.0000000000
40992  38.916  -5.858  58.704 1.0000000000
80072  32.286  -11.684  56.132 0.8750000000
93776  32.895  -11.254  56.327 0.8750000000
39387  35.489  -8.233  57.984 1.0000000000
81115  36.394  -7.028  57.498 1.0000000000
40999  39.132  -5.793  57.420 1.0000000000
41008  38.961  -5.849  56.112 0.8750000000
40234  39.849  -6.307  55.330 0.8750000000
41025  38.972  -6.869  54.857 0.7500000000
40250  38.110  -7.353  54.344 0.7500000000
37615  31.906  -11.545  55.336 0.8750000000
37607  32.658  -11.130  55.586 0.8750000000
38535  33.346  -10.526  56.081 1.0000000000
38534  33.791  -9.980  57.060 1.0000000000
39396  34.314  -8.938  56.675 1.0000000000
40237  34.835  -7.872  56.203 1.0000000000
40228  35.091  -8.017  57.071 1.0000000000
82827  36.055  -7.024  56.561 1.0000000000
40236  35.734  -7.147  55.678 1.0000000000
41009  37.260  -6.556  55.993 1.0000000000
41015  38.515  -6.480  55.392 1.0000000000
41026  37.857  -6.978  54.712 0.8750000000
41034  37.487  -7.144  53.948 0.6250000000
41044  37.203  -7.415  53.253 0.6250000000
40251  38.082  -7.951  54.158 0.6250000000
37624  32.234  -10.953  54.786 0.6250000000
38549  31.643  -10.619  54.003 0.8750000000
37625  31.395  -11.265  54.669 0.6250000000
38548  32.609  -10.237  54.352 1.0000000000
38541  33.050  -10.473  55.127 1.0000000000
39409  33.682  -9.780  55.446 1.0000000000
85403  33.430  -9.788  54.656 1.0000000000
39397  33.844  -9.656  56.232 1.0000000000
39408  34.241  -8.955  55.750 1.0000000000
40244  34.760  -7.915  55.211 1.0000000000
40253  34.870  -7.900  54.168 1.0000000000
40243  35.718  -7.194  54.738 1.0000000000
40252  35.831  -7.233  54.052 1.0000000000
41016  36.966  -6.900  55.141 1.0000000000
41027  36.786  -6.983  54.302 0.8750000000
40260  35.541  -7.683  53.503 0.7500000000
41035  36.585  -7.223  53.682 0.7500000000
40273  36.166  -7.657  53.111 0.7500000000
78820  36.312  -7.944  52.416 0.6250000000
38547  33.015  -9.582  53.946 0.8750000000
39420  34.213  -9.063  54.714 0.8750000000
39421  33.731  -9.289  54.170 1.0000000000
40261  34.677  -8.109  53.322 1.0000000000
78823  35.343  -7.979  52.817 0.7500000000
80793  35.156  -8.107  51.924 0.6250000000
79057  35.993  -8.232  51.411 0.6250000000
38560  32.243  -9.933  53.640 0.8750000000
90740  31.981  -9.637  53.023 0.8750000000
39450  32.994  -8.493  52.764 1.0000000000
39435  33.422  -8.955  53.495 1.0000000000
40276  32.593  -8.346  52.030 1.0000000000
39434  34.220  -8.685  53.863 1.0000000000
40275  33.418  -8.070  52.238 1.0000000000
40274  34.347  -8.052  52.476 1.0000000000
40299  35.129  -8.206  50.920 0.6250000000
78965  35.299  -8.282  50.069 0.6250000000
40288  32.204  -8.618  51.060 1.0000000000
40287  33.105  -8.222  51.368 1.0000000000
90242  34.105  -8.074  51.450 1.0000000000
40300  34.392  -8.317  50.185 0.8750000000
85207  32.016  -8.534  50.345 1.0000000000
40302  32.816  -8.462  50.391 1.0000000000
40301  33.587  -8.309  50.659 1.0000000000
40314  33.444  -8.449  49.806 1.0000000000
78964  34.010  -8.434  49.116 0.8750000000
40315  32.551  -8.356  49.511 1.0000000000
94649  33.219  -8.379  49.038 1.0000000000
40333  33.466  -8.209  48.333 0.8750000000
40332  34.368  -8.338  48.204 0.7500000000
40345  33.754  -7.944  47.522 0.8750000000
41096  34.234  -7.685  46.870 0.8750000000
41111  34.726  -7.285  46.378 0.8750000000
41122  36.473  -7.141  46.071 0.6250000000
41063  31.111  -7.835  50.123 0.8750000000
40316  31.729  -8.185  49.776 1.0000000000
41071  31.380  -7.363  49.482 1.0000000000
41070  32.001  -7.719  49.000 1.0000000000
40334  32.694  -7.987  48.589 1.0000000000
41084  32.281  -7.170  48.245 1.0000000000
41098  32.620  -6.692  47.525 1.0000000000
41083  32.949  -7.549  47.795 1.0000000000
41112  34.037  -7.082  46.600 0.8750000000
41097  33.419  -7.150  47.081 0.8750000000
41813  34.338  -6.476  46.268 1.0000000000
82228  35.597  -6.154  45.629 0.7500000000
41826  35.954  -6.664  45.720 0.7500000000
41812  35.179  -6.669  45.971 0.8750000000
41072  30.897  -7.091  49.941 0.7500000000
41791  31.486  -5.961  48.665 0.8750000000
41085  31.667  -6.801  48.786 0.8750000000
41790  32.029  -6.321  48.072 0.8750000000
41800  33.080  -6.305  46.998 1.0000000000
42532  33.633  -5.969  46.547 1.0000000000
41814  33.658  -6.609  46.652 1.0000000000
41827  35.000  -5.930  45.854 1.0000000000
42531  34.359  -5.580  46.217 1.0000000000
42495  30.518  -5.577  50.540 0.7500000000
41779  30.596  -6.455  50.300 0.7500000000
42502  30.766  -5.801  49.898 0.7500000000
41784  31.080  -6.418  49.458 0.8750000000
42501  31.156  -5.517  49.368 0.8750000000
43262  31.382  -4.671  49.515 0.8750000000
43271  31.689  -5.150  48.811 0.8750000000
42509  32.033  -5.606  48.123 0.8750000000
43269  33.052  -4.439  48.021 0.8750000000
43283  32.670  -5.246  47.696 1.0000000000
41801  32.458  -5.968  47.458 1.0000000000
42518  33.111  -5.617  47.069 1.0000000000
43298  33.819  -5.165  46.726 1.0000000000
43297  34.465  -4.688  46.372 1.0000000000
43309  35.618  -4.633  45.441 0.8750000000
42546  35.622  -5.474  45.494 0.8750000000
43263  30.835  -5.054  50.020 0.6250000000
44043  32.405  -3.305  50.214 0.8750000000
44054  31.760  -3.857  49.769 0.8750000000
44052  33.400  -3.193  49.934 0.8750000000
44053  32.667  -3.612  49.333 0.8750000000
43261  32.036  -4.306  49.028 0.8750000000
44051  34.401  -3.192  49.613 0.5000000000
91687  33.591  -3.396  49.130 0.7500000000
93377  33.123  -3.665  48.873 0.8750000000
43270  32.333  -4.798  48.366 0.8750000000
44787  35.197  -3.075  49.196 0.7500000000
44064  32.768  -4.066  48.659 0.8750000000
44062  34.456  -3.321  48.747 0.8750000000
44063  33.587  -3.758  48.422 0.8750000000
44797  35.100  -3.033  48.343 1.0000000000
44078  34.403  -3.512  47.851 1.0000000000
44079  33.712  -4.108  47.743 1.0000000000
43282  33.402  -4.812  47.377 1.0000000000
43281  34.105  -4.194  47.087 1.0000000000
80570  34.636  -3.555  47.135 1.0000000000
44101  35.016  -4.103  45.954 1.0000000000
91895  35.621  -3.891  45.490 1.0000000000
42555  36.915  -5.337  45.022 0.7500000000
43320  36.963  -4.574  44.808 0.7500000000
42488  30.263  -5.368  51.436 0.5000000000
43255  30.609  -4.672  50.790 0.6250000000
43254  31.067  -4.212  50.249 0.6250000000
44044  31.562  -3.530  50.593 0.5000000000
44778  35.163  -2.906  50.089 0.5000000000
92229  35.876  -2.528  50.149 0.5000000000
44786  35.800  -2.637  49.509 0.5000000000
44796  35.703  -2.667  48.721 0.5000000000
44811  35.083  -3.001  47.425 1.0000000000
44092  34.972  -3.385  46.600 1.0000000000
82688  36.285  -4.149  45.076 0.8750000000
44113  35.995  -3.335  45.290 1.0000000000
42541  40.472  -5.239  45.678 0.1250000000
43308  39.811  -5.029  45.069 0.2500000000
42553  38.463  -5.249  44.872 0.5000000000
43319  37.798  -4.660  44.589 0.5000000000
93704  36.824  -3.991  44.776 0.8750000000
42552  39.104  -4.998  44.793 0.2500000000
43318  38.688  -4.523  44.447 0.5000000000
44045  30.883  -3.842  51.045 0.3750000000
80952  32.250  -3.193  50.989 0.5000000000
44774  34.020  -2.864  51.299 0.3750000000
79424  33.196  -3.067  50.928 0.3750000000
93199  35.084  -2.418  51.216 0.2500000000
44042  34.229  -3.046  50.475 0.3750000000
44771  36.163  -2.366  51.275 0.2500000000
91953  34.789  -2.723  50.863 0.3750000000
44777  35.562  -2.507  50.817 0.3750000000
44810  35.582  -2.564  47.964 1.0000000000
44820  35.422  -2.803  46.573 1.0000000000
44091  35.380  -3.308  45.907 1.0000000000
44839  36.398  -2.645  44.866 0.8750000000
84830  37.319  -3.769  44.454 0.7500000000
44112  36.642  -3.497  44.760 0.8750000000
42527  41.886  -4.919  46.429 0.1250000000
94571  40.559  -4.659  45.194 0.1250000000
44035  31.654  -3.368  51.549 0.2500000000
46139  36.291  -0.902  54.883 0.2500000000
44034  32.652  -3.112  51.713 0.1250000000
90758  36.412  -1.221  53.981 0.2500000000
90275  35.713  -1.698  53.110 0.2500000000
84651  34.951  -1.580  53.307 0.2500000000
44767  34.573  -1.954  52.343 0.2500000000
44033  33.385  -2.960  51.762 0.2500000000
45454  35.260  -1.798  52.606 0.2500000000
45438  36.524  -1.627  53.240 0.2500000000
44773  34.605  -2.392  51.540 0.2500000000
44766  35.886  -2.121  52.036 0.2500000000
44772  35.294  -2.156  51.721 0.2500000000
78994  37.346  -2.008  52.576 0.2500000000
45453  36.244  -1.972  52.622 0.2500000000
45461  36.778  -2.342  51.876 0.2500000000
44776  36.378  -2.403  50.495 0.5000000000
44785  36.406  -2.274  49.787 0.5000000000
45474  36.285  -2.159  49.062 0.7500000000
45488  36.118  -2.098  48.331 1.0000000000
45500  35.971  -2.020  47.528 1.0000000000
45508  35.877  -2.070  46.519 1.0000000000
44828  36.193  -1.940  45.491 1.0000000000
43317  39.469  -4.435  44.487 0.5000000000
44111  38.202  -3.799  44.133 0.5000000000
90968  37.030  -3.022  44.355 0.8750000000
43315  40.996  -4.008  45.001 0.1250000000
45424  35.345  -1.227  54.666 0.2500000000
92687  37.134  -0.979  54.304 0.2500000000
45439  35.603  -1.440  53.718 0.2500000000
45437  37.502  -1.345  53.526 0.2500000000
87397  37.625  -2.341  51.661 0.2500000000
44770  37.227  -2.446  50.954 0.3750000000
80251  36.554  -1.874  44.732 1.0000000000
44122  37.761  -2.881  43.904 0.6250000000
44109  39.894  -3.742  44.167 0.3750000000
44121  38.700  -3.057  43.715 0.6250000000
45467  37.098  -2.168  50.060 0.5000000000
45473  36.900  -1.744  49.391 0.7500000000
45487  36.684  -1.525  48.712 1.0000000000
80606  36.306  -1.329  46.055 1.0000000000
45507  36.323  -1.407  47.014 1.0000000000
44838  37.108  -2.208  44.137 1.0000000000
44849  38.440  -2.206  43.452 0.7500000000
45486  37.354  -1.216  48.965 1.0000000000
45499  36.485  -1.426  47.923 1.0000000000
45526  36.521  -1.186  45.067 1.0000000000
45525  36.908  -1.392  44.321 1.0000000000
44850  37.778  -2.010  43.641 1.0000000000
44848  39.316  -2.394  43.399 0.8750000000
91125  38.187  -1.652  52.904 0.2500000000
45466  37.988  -2.161  50.320 0.5000000000
45472  37.684  -1.683  49.590 0.5000000000
46199  37.059  -0.918  48.305 1.0000000000
46207  36.847  -0.675  47.399 1.0000000000
46220  36.594  -0.816  46.540 1.0000000000
46232  36.668  -0.561  45.691 1.0000000000
94859  36.838  -0.927  44.527 1.0000000000
46242  37.188  -0.687  44.004 1.0000000000
45539  38.202  -1.294  43.279 1.0000000000
45540  37.478  -1.408  43.746 1.0000000000
45538  39.054  -1.568  43.052 0.6250000000
45537  40.047  -1.806  43.028 0.3750000000
44845  42.203  -2.103  43.986 0.1250000000
45536  41.080  -1.696  42.926 0.3750000000
80246  38.189  -2.312  51.052 0.2500000000
46933  38.127  -0.041  47.978 1.0000000000
46198  37.790  -0.704  48.505 1.0000000000
46932  39.132  -0.104  48.120 1.0000000000
46206  37.433  -0.413  47.944 1.0000000000
46941  39.416  0.555  47.719 1.0000000000
46942  38.681  0.442  47.637 1.0000000000
84758  37.930  0.682  47.300 1.0000000000
46943  37.394  0.069  47.377 1.0000000000
47630  39.601  1.313  47.283 1.0000000000
47631  38.706  1.178  47.094 1.0000000000
47632  37.739  1.297  46.464 1.0000000000
46952  37.183  0.788  46.119 1.0000000000
46944  36.932  -0.006  46.474 1.0000000000
47638  38.470  1.885  46.297 1.0000000000
46962  37.041  0.381  45.305 1.0000000000
47644  37.920  1.823  45.732 1.0000000000
47650  37.638  1.089  44.466 1.0000000000
46974  37.262  0.179  44.228 1.0000000000
85525  37.660  -0.085  43.506 1.0000000000
46254  37.732  -0.768  43.475 1.0000000000
46267  38.704  0.020  42.568 0.8750000000
46253  38.194  -0.395  43.049 0.8750000000
45553  40.486  -1.107  42.474 0.3750000000
45554  39.619  -0.978  42.596 0.5000000000
45535  41.907  -1.771  43.287 0.1250000000
46186  38.225  -1.164  49.106 0.8750000000
46197  38.761  -0.707  48.558 1.0000000000
46931  39.705  0.038  48.222 1.0000000000
47637  39.196  1.793  46.697 1.0000000000
47649  37.929  1.854  44.977 1.0000000000
48289  38.494  2.186  45.476 1.0000000000
83122  38.169  1.747  44.291 1.0000000000
46987  37.771  0.602  43.725 1.0000000000
47657  38.259  1.297  43.627 1.0000000000
46986  38.242  0.468  43.075 1.0000000000
46998  38.804  0.640  42.670 0.8750000000
46265  40.135  -0.447  42.127 0.6250000000
46266  39.358  -0.227  42.321 0.7500000000
46275  41.548  -0.466  41.516 0.3750000000
45565  42.111  -1.075  42.004 0.2500000000
46264  40.822  -0.600  42.004 0.6250000000
47611  40.580  0.863  48.800 0.7500000000
47619  40.944  1.643  48.681 0.8750000000
47620  40.356  1.221  48.197 0.8750000000
48273  40.754  2.096  47.972 0.8750000000
48282  40.630  2.456  47.185 0.8750000000
47629  40.162  1.625  47.492 0.8750000000
48283  39.921  2.148  46.714 1.0000000000
87799  39.211  2.277  46.031 1.0000000000
48288  39.232  2.504  45.189 1.0000000000
48293  38.561  2.206  44.651 1.0000000000
48292  39.258  2.505  44.299 1.0000000000
48301  38.686  2.029  43.877 1.0000000000
48300  39.407  2.310  43.390 1.0000000000
47656  38.860  1.733  43.294 1.0000000000
47661  38.752  1.171  42.963 1.0000000000
47660  39.358  1.717  42.734 1.0000000000
84045  39.182  1.051  42.556 0.8750000000
46997  39.280  0.483  42.331 0.8750000000
47665  39.838  1.171  42.169 0.7500000000
47006  39.990  0.275  41.974 0.6250000000
46274  42.590  -0.687  41.156 0.3750000000
47003  42.061  -0.117  40.952 0.3750000000
46276  40.726  -0.066  41.613 0.6250000000
45564  42.992  -1.310  41.786 0.2500000000
48281  41.329  2.713  47.600 0.8750000000
81463  40.562  2.711  46.500 1.0000000000
48952  40.714  3.010  45.299 1.0000000000
48285  40.102  2.675  45.771 1.0000000000
48958  40.564  2.999  44.560 1.0000000000
48287  39.950  2.819  44.851 1.0000000000
48291  39.992  2.850  43.977 1.0000000000
48304  40.563  2.417  42.399 1.0000000000
94729  39.867  2.266  42.767 1.0000000000
47664  40.566  1.723  41.921 0.7500000000
47659  39.993  1.912  42.363 1.0000000000
47671  41.525  0.998  41.127 0.6250000000
47663  41.310  1.636  41.437 0.6250000000
47005  40.736  0.852  41.566 0.7500000000
47013  44.425  0.407  40.091 0.8750000000
47014  43.549  0.196  40.293 0.3750000000
47015  42.727  -0.018  40.583 0.6250000000
47004  41.423  0.269  41.189 0.5000000000
46289  46.482  -0.393  39.894 0.3750000000
47023  45.212  0.569  39.838 0.7500000000
46283  43.422  -0.560  40.660 0.5000000000
46273  43.403  -1.031  41.183 0.3750000000
46280  47.124  -0.676  40.268 0.2500000000
46279  48.338  -0.502  40.250 0.2500000000
46287  48.025  -0.135  39.595 0.5000000000
48939  41.936  3.123  47.164 0.7500000000
48940  41.171  2.987  46.838 0.8750000000
48946  40.939  3.066  46.096 0.8750000000
48945  41.752  3.179  46.380 0.8750000000
48951  41.481  3.190  45.615 0.8750000000
48957  41.271  3.167  44.809 1.0000000000
48969  40.930  3.101  43.859 1.0000000000
48299  40.245  2.718  43.159 1.0000000000
48979  41.043  3.001  42.901 1.0000000000
48303  41.395  2.735  42.203 0.8750000000
48307  42.631  2.412  40.954 0.8750000000
47670  42.159  1.564  40.885 0.6250000000
48308  41.860  2.401  41.498 0.7500000000
48309  41.121  2.201  41.860 0.8750000000
48323  44.997  2.037  40.029 1.0000000000
88792  44.330  1.928  40.178 1.0000000000
47668  43.789  1.279  40.217 0.8750000000
48316  43.024  1.852  40.499 0.8750000000
47016  42.115  0.593  40.812 0.5000000000
47677  45.456  1.363  39.717 0.8750000000
47678  44.696  1.276  40.005 0.8750000000
47021  46.596  0.395  39.424 0.6250000000
46288  47.237  -0.208  39.653 0.6250000000
86559  47.001  1.059  39.063 0.8750000000
46278  49.116  -0.472  40.574 0.3750000000
47020  47.572  0.505  39.137 0.8750000000
47011  48.839  -0.076  39.734 0.5000000000
47010  49.853  0.104  40.007 0.3750000000
48938  42.625  3.268  47.508 0.7500000000
48944  42.705  3.277  46.662 0.8750000000
48950  42.339  3.248  45.795 0.8750000000
85203  41.959  3.244  45.137 1.0000000000
48956  41.974  3.312  44.299 1.0000000000
48968  41.620  3.243  43.422 1.0000000000
48977  42.739  3.342  42.481 1.0000000000
48978  41.856  3.171  42.725 1.0000000000
49639  46.034  3.940  43.554 1.0000000000
49650  45.699  3.858  42.704 1.0000000000
48975  44.304  3.591  42.382 1.0000000000
48986  42.634  2.950  41.606 1.0000000000
48987  42.071  2.990  42.066 0.8750000000
48984  44.449  3.463  41.464 1.0000000000
92563  43.488  3.366  41.724 1.0000000000
48985  43.153  2.885  41.139 1.0000000000
48973  45.880  3.842  41.966 1.0000000000
48983  45.335  3.558  41.322 1.0000000000
48314  44.497  2.572  40.426 1.0000000000
48995  43.874  2.984  40.887 1.0000000000
48306  43.256  2.510  40.722 1.0000000000
48982  46.165  3.696  41.226 0.8750000000
48312  46.129  2.830  40.148 0.8750000000
47676  46.296  1.379  39.379 0.8750000000
47018  49.229  0.347  39.054 0.7500000000
47019  48.417  0.363  39.080 0.8750000000
93606  43.100  3.374  47.175 0.6250000000
48942  44.397  3.669  46.775 0.6250000000
48943  43.649  3.448  46.815 0.6250000000
48949  43.374  3.302  45.842 0.6250000000
79202  43.492  3.357  45.008 0.8750000000
84115  42.995  3.383  44.286 1.0000000000
49632  46.043  3.987  44.532 0.5000000000
48954  44.055  3.422  44.369 1.0000000000
48967  42.406  3.365  43.434 1.0000000000
49631  46.718  4.441  44.919 0.6250000000
83489  45.447  3.738  44.083 1.0000000000
80739  44.813  3.561  44.015 1.0000000000
48966  43.331  3.453  43.437 1.0000000000
49638  46.700  4.306  44.116 0.6250000000
48964  45.096  3.694  43.184 1.0000000000
48976  43.597  3.504  42.650 1.0000000000
93642  46.731  4.266  43.360 0.7500000000
49649  46.366  4.072  42.695 0.7500000000
49655  46.655  4.032  41.901 0.7500000000
48981  46.984  3.874  41.165 0.7500000000
49002  46.855  3.069  39.879 0.7500000000
48321  46.509  2.320  39.512 0.8750000000
47689  47.657  1.367  38.760 1.0000000000
47687  49.164  1.210  38.088 0.6250000000
47688  48.455  1.447  38.402 0.7500000000
47031  48.785  0.774  38.534 0.8750000000
47032  48.165  0.852  38.727 1.0000000000
50315  46.798  4.949  46.647 0.5000000000
78702  44.259  3.487  46.148 0.7500000000
49628  45.457  3.927  45.909 0.5000000000
48948  44.825  3.609  45.760 0.5000000000
85903  44.223  3.436  45.363 0.8750000000
50319  46.885  4.731  45.743 0.5000000000
49627  46.142  4.450  46.233 0.5000000000
78730  46.075  4.182  45.394 0.6250000000
89530  45.152  3.653  44.949 0.7500000000
49630  47.330  4.662  44.489 0.3750000000
49637  47.353  4.526  43.685 0.5000000000
49648  47.234  4.335  42.704 0.6250000000
89650  47.376  4.191  41.830 0.7500000000
48991  47.325  3.635  40.408 0.7500000000
48990  48.176  3.777  40.204 0.8750000000
49001  47.596  3.289  39.578 0.8750000000
48320  47.213  2.570  39.226 1.0000000000
49010  47.951  2.739  38.859 0.8750000000
48332  47.519  2.117  38.797 1.0000000000
47675  47.004  1.788  39.039 1.0000000000
49008  49.462  3.395  38.338 0.8750000000
49009  48.727  3.082  38.585 1.0000000000
88142  47.984  2.029  38.556 1.0000000000
47697  48.951  1.853  38.042 1.0000000000
48331  48.532  2.336  38.370 0.8750000000
47037  49.835  1.042  37.691 0.3750000000
50314  47.443  5.336  46.277 0.3750000000
51008  48.129  5.801  45.952 0.3750000000
50318  47.662  5.170  45.529 0.3750000000
50323  47.923  4.976  44.861 0.3750000000
87165  48.057  4.802  44.109 0.3750000000
49636  48.128  4.578  43.248 0.5000000000
78859  48.107  4.391  42.269 0.6250000000
49662  47.971  4.064  41.220 0.7500000000
49654  48.925  4.323  41.829 0.6250000000
49668  48.972  3.876  39.917 0.7500000000
49661  48.936  4.097  40.860 0.7500000000
94122  49.609  3.957  39.648 0.8750000000
49676  49.890  3.894  38.971 0.8750000000
48999  49.114  3.669  39.058 0.8750000000
49019  49.886  3.166  37.633 0.8750000000
51007  48.946  6.337  45.661 0.3750000000
50317  48.423  5.506  45.228 0.3750000000
50322  48.718  5.141  44.527 0.3750000000
50326  48.938  4.783  43.779 0.5000000000
49647  49.067  4.541  42.835 0.6250000000
79229  49.616  4.445  42.284 0.6250000000
49660  49.720  4.116  40.447 0.7500000000
49653  49.852  4.303  41.489 0.6250000000
49645  50.307  4.572  42.345 0.6250000000
49667  50.378  4.208  39.816 0.7500000000
49659  50.530  4.353  40.812 0.7500000000
49675  50.671  4.195  38.865 0.8750000000
49684  50.912  4.042  38.096 0.8750000000
51021  49.276  5.708  44.952 0.3750000000
50321  49.686  5.191  44.242 0.5000000000
49635  49.800  4.786  43.471 0.6250000000
50334  50.514  4.831  43.088 0.3750000000
49646  49.885  4.575  42.840 0.6250000000
49652  50.824  4.605  41.688 0.3750000000
50338  51.795  4.965  41.858 0.3750000000
50342  51.635  4.730  40.272 0.3750000000
90388  51.022  4.452  40.313 0.7500000000
49666  51.955  4.825  39.534 0.5000000000
79346  51.201  4.485  39.575 0.7500000000
49674  51.524  4.545  38.595 0.7500000000
49683  51.427  4.214  37.444 0.6250000000
50333  51.118  4.890  42.519 0.2500000000
51056  53.318  5.682  42.147 0.1250000000
50337  52.555  5.364  42.442 0.1250000000
86040  52.693  5.345  41.574 0.1250000000
94371  52.249  5.029  40.219 0.2500000000
50345  52.710  5.270  39.699 0.5000000000
49673  52.434  5.027  38.820 0.6250000000
81364  51.392  5.259  43.338 0.2500000000
50331  52.361  5.505  43.226 0.1250000000
50332  51.858  5.176  42.692 0.2500000000
51047  53.195  5.698  43.000 0.1250000000
51046  53.931  6.062  42.628 0.1250000000
51055  54.084  6.081  41.789 0.1250000000
50336  53.489  5.745  41.300 0.1250000000
51045  54.709  6.448  42.241 0.1250000000
94443  53.733  5.832  40.610 0.2500000000
50341  52.914  5.437  40.624 0.2500000000
30869  17.481  -19.800  69.040 0.6250000000
31646  15.878  -19.069  68.662 0.6250000000
28501  17.282  -22.219  65.959 0.3750000000
28513  16.454  -22.952  64.072 0.2500000000
84143  12.840  -22.607  66.584 0.3750000000
28505  12.668  -22.667  66.491 0.2500000000
30918  14.307  -19.997  64.538 0.2500000000
29276  13.406  -21.323  64.237 0.2500000000
29277  12.283  -21.796  65.349 0.2500000000
30924  22.251  -19.530  62.241 0.1250000000
30925  21.388  -19.730  62.285 0.1250000000
90615  20.941  -19.345  62.726 0.1250000000
30915  20.337  -19.473  63.088 0.2500000000
30916  19.688  -19.787  63.537 0.2500000000
30107  19.121  -20.248  64.027 0.3750000000
31693  22.440  -18.643  63.733 0.6250000000
31667  20.901  -18.660  65.545 0.8750000000
31706  25.388  -18.985  63.255 0.3750000000
31658  22.133  -17.632  67.913 0.8750000000
31705  26.306  -19.271  63.451 0.5000000000
77131  25.321  -18.608  65.432 0.7500000000
90712  25.984  -19.035  65.059 0.7500000000
33335  22.681  -16.691  65.966 0.6250000000
30106  27.888  -20.791  64.330 0.3750000000
30914  27.207  -20.093  63.753 0.3750000000
77121  23.585  -18.096  69.178 0.8750000000
77124  25.357  -17.744  69.250 0.8750000000
77975  24.893  -18.245  68.313 0.8750000000
77979  26.003  -18.909  66.051 1.0000000000
29261  29.458  -21.931  64.531 0.5000000000
31641  26.427  -17.962  69.108 0.8750000000
31649  26.923  -18.478  68.358 1.0000000000
30097  29.616  -21.725  66.159 0.8750000000
31648  28.468  -18.058  67.917 0.7500000000
77127  25.699  -16.765  66.895 0.6250000000
30867  28.372  -18.571  68.004 0.7500000000
80175  30.317  -20.017  68.056 0.8750000000
90369  30.803  -22.063  65.771 0.8750000000
30946  33.630  -19.438  59.753 0.5000000000
30954  32.457  -19.707  58.733 0.1250000000
31720  34.039  -18.758  59.626 0.5000000000
90037  34.098  -18.202  59.742 0.3750000000
31656  29.638  -18.292  67.059 0.7500000000
95164  30.950  -22.097  66.700 0.8750000000
32537  34.245  -17.754  60.344 0.6250000000
32527  34.502  -18.122  61.054 0.7500000000
30111  34.903  -20.701  63.832 0.6250000000
29278  33.104  -21.292  62.924 0.7500000000
31698  35.221  -18.980  62.271 0.8750000000
34186  34.642  -15.955  60.088 0.7500000000
32526  34.895  -17.794  61.707 0.8750000000
29235  33.258  -20.931  65.807 0.8750000000
34179  35.459  -15.410  61.384 0.7500000000
34969  31.078  -14.624  57.757 0.6250000000
34208  31.152  -15.466  58.100 0.7500000000
36677  30.499  -12.766  56.461 0.7500000000
92266  31.403  -13.246  57.647 0.6250000000
35826  29.857  -12.983  56.269 0.6250000000
35810  31.379  -13.911  58.058 0.7500000000
35801  31.851  -13.076  59.187 0.6250000000
34963  31.455  -14.722  58.451 0.8750000000
35796  31.735  -13.756  59.745 0.7500000000
34951  31.557  -14.424  60.349 0.8750000000
34187  31.246  -15.012  60.999 0.8750000000
33396  31.235  -16.225  59.468 0.8750000000
82565  31.161  -16.233  60.284 0.6250000000
34173  32.384  -15.288  62.198 0.8750000000
33380  31.959  -16.095  61.949 0.8750000000
33371  31.761  -16.955  62.136 0.7500000000
33370  32.319  -16.921  62.622 0.8750000000
36662  32.109  -12.463  58.477 0.8750000000
36657  32.260  -12.299  59.534 0.7500000000
36648  32.337  -12.520  60.433 0.8750000000
36639  32.604  -12.754  61.105 1.0000000000
35782  32.397  -13.590  61.401 1.0000000000
78780  33.254  -14.057  63.136 1.0000000000
34941  32.866  -14.676  62.587 1.0000000000
34935  33.293  -14.934  63.469 0.8750000000
34172  32.865  -15.382  62.860 0.8750000000
30096  33.806  -20.844  65.666 0.8750000000
37597  32.520  -11.873  58.772 0.7500000000
37590  32.831  -11.603  59.273 1.0000000000
37602  32.565  -11.809  57.989 0.8750000000
36656  32.754  -11.850  60.074 0.8750000000
37566  33.721  -11.680  61.289 0.8750000000
36630  34.170  -11.886  63.255 1.0000000000
35781  33.144  -13.086  61.870 1.0000000000
85442  33.601  -14.214  63.844 1.0000000000
34156  34.290  -15.301  64.680 0.8750000000
34157  33.683  -15.619  64.069 0.8750000000
32501  33.882  -17.341  64.369 0.8750000000
31671  33.568  -18.291  64.468 0.8750000000
31661  35.218  -18.835  65.272 0.8750000000
30903  33.426  -19.288  65.150 0.8750000000
37588  34.239  -10.951  60.014 1.0000000000
37589  33.395  -11.298  59.677 1.0000000000
38513  33.932  -10.721  59.268 1.0000000000
37577  34.484  -11.143  60.838 0.8750000000
37578  33.515  -11.515  60.448 1.0000000000
37550  34.741  -11.306  62.808 0.8750000000
36631  33.923  -11.764  62.239 0.8750000000
36623  33.900  -12.662  63.514 1.0000000000
36622  34.613  -12.159  64.234 1.0000000000
35765  34.356  -13.044  64.390 1.0000000000
35773  33.398  -13.249  62.843 1.0000000000
34923  35.064  -13.999  65.334 1.0000000000
34149  34.792  -15.482  65.142 0.8750000000
87635  35.300  -14.720  65.045 1.0000000000
33334  34.806  -16.433  65.100 0.8750000000
32490  35.661  -17.606  65.051 0.8750000000
87007  35.215  -18.059  65.112 0.8750000000
30889  35.837  -18.514  65.155 0.8750000000
30890  35.592  -19.534  65.100 0.8750000000
29245  34.842  -21.012  65.366 0.8750000000
38494  36.324  -9.462  62.227 1.0000000000
38495  35.338  -10.451  61.412 1.0000000000
38503  36.069  -9.241  61.295 1.0000000000
37564  35.534  -10.584  62.374 0.8750000000
37536  35.977  -11.051  64.251 0.8750000000
37525  35.546  -11.765  64.727 1.0000000000
37512  36.037  -11.881  65.100 1.0000000000
36613  35.192  -12.561  64.984 1.0000000000
36611  36.302  -12.278  64.565 1.0000000000
35753  35.309  -13.290  65.114 1.0000000000
82106  36.085  -14.746  64.173 1.0000000000
34148  35.662  -15.685  65.195 0.8750000000
33356  35.679  -16.984  63.545 0.7500000000
33332  35.990  -17.212  65.076 0.8750000000
31683  35.773  -18.536  63.611 0.7500000000
31669  36.099  -18.433  64.794 0.8750000000
39356  37.384  -8.569  62.033 1.0000000000
40203  38.394  -8.191  61.672 1.0000000000
37562  38.624  -9.989  62.639 1.0000000000
38484  36.568  -9.775  63.112 0.8750000000
39349  38.500  -8.808  63.008 1.0000000000
38472  37.424  -10.035  63.369 0.8750000000
37534  36.945  -11.056  63.676 1.0000000000
85096  36.702  -11.587  64.085 1.0000000000
34928  36.075  -14.044  64.458 1.0000000000
35764  36.198  -13.248  63.994 1.0000000000
30913  35.703  -19.140  63.488 0.7500000000
40216  37.508  -6.951  59.477 1.0000000000
40215  39.035  -6.224  59.407 1.0000000000
89608  39.882  -6.249  59.397 1.0000000000
38509  39.059  -8.803  61.123 1.0000000000
40208  38.697  -7.980  60.536 1.0000000000
38501  39.315  -8.978  61.985 1.0000000000
40209  38.288  -7.425  60.286 1.0000000000
38492  39.170  -9.049  62.678 0.8750000000
37548  37.571  -11.139  62.642 0.8750000000
36629  36.679  -12.227  62.788 1.0000000000
35771  36.184  -13.373  62.969 0.8750000000
81045  36.007  -14.348  62.797 1.0000000000
34170  35.796  -15.532  62.600 0.8750000000
39367  39.101  -8.097  60.279 1.0000000000
38510  38.445  -9.389  60.129 1.0000000000
37576  37.903  -10.885  61.174 0.8750000000
37563  38.074  -10.959  62.008 0.8750000000
34171  35.707  -15.474  62.018 0.8750000000
36654  36.726  -11.848  60.251 0.8750000000
36646  36.207  -12.796  60.362 0.8750000000
37616  31.160  -11.757  55.322 0.8750000000
37608  32.651  -11.711  57.021 0.7500000000
37601  33.025  -11.311  57.633 0.8750000000
38520  34.408  -10.060  58.834 1.0000000000
80334  33.223  -10.947  56.965 0.8750000000
39370  35.355  -9.315  59.328 1.0000000000
40223  36.723  -6.981  58.508 1.0000000000
40993  37.923  -5.888  58.032 1.0000000000
40221  40.272  -6.240  59.038 1.0000000000
39388  34.517  -9.114  57.532 1.0000000000
41000  37.780  -5.921  56.886 1.0000000000
90674  39.839  -5.888  58.712 0.8750000000
40227  40.617  -6.221  57.379 0.8750000000
41007  39.964  -5.947  56.111 0.8750000000
40235  39.914  -6.750  55.328 0.8750000000
92488  38.522  -7.402  54.534 0.7500000000
39436  32.647  -9.257  53.251 0.8750000000
40262  33.814  -8.311  53.028 1.0000000000
43310  34.992  -5.084  45.821 1.0000000000
87800  34.619  -3.957  46.616 1.0000000000
43321  36.270  -5.030  45.144 0.8750000000
42545  36.288  -5.898  45.333 0.7500000000
42528  41.109  -5.359  46.337 0.1250000000
83074  35.581  -2.492  47.228 1.0000000000
44829  35.799  -2.639  45.757 1.0000000000
43307  41.275  -4.613  45.697 0.1250000000
43316  40.251  -4.266  44.665 0.1250000000
44110  39.079  -3.823  44.045 0.6250000000
44120  39.559  -3.131  43.766 0.5000000000
46243  36.849  -0.446  44.779 1.0000000000
45555  38.818  -0.715  42.774 0.6250000000
87128  40.707  -2.188  43.429 0.3750000000
47621  39.917  0.736  47.814 1.0000000000
87062  37.374  0.604  46.784 1.0000000000
47645  37.479  1.274  45.478 1.0000000000
45552  41.299  -1.035  42.271 0.2500000000
90698  41.782  -1.431  42.631 0.1250000000
47610  41.142  0.998  49.351 0.6250000000
47012  45.079  -0.255  40.106 0.7500000000
46282  44.245  -0.471  40.352 0.3750000000
47669  42.850  0.902  40.425 0.6250000000
47022  45.820  0.016  39.765 0.5000000000
45568  46.454  -0.905  40.521 0.3750000000
46271  47.105  -0.978  40.983 0.3750000000
46281  45.765  -0.671  40.215 0.3750000000
45570  45.021  -1.042  40.634 0.6250000000
90447  47.690  -0.489  40.068 0.6250000000
79273  47.750  -0.749  40.667 0.2500000000
48994  44.827  3.153  40.794 1.0000000000
48313  45.327  2.701  40.318 0.8750000000
48315  43.759  2.251  40.418 1.0000000000
48322  45.777  2.127  39.802 0.7500000000
86366  45.862  0.716  39.562 0.7500000000
48955  42.700  3.300  45.078 1.0000000000
48974  45.110  3.711  42.135 1.0000000000
48993  45.705  3.280  40.695 0.8750000000
48992  46.515  3.447  40.559 0.8750000000
48965  44.206  3.534  43.353 1.0000000000
89951  47.298  4.789  45.126 0.3750000000
49000  48.369  3.468  39.303 0.8750000000
48340  49.256  2.602  37.967 1.0000000000
47696  49.519  1.747  37.643 0.7500000000
49007  50.197  3.737  38.162 0.8750000000
49018  50.620  3.539  37.346 0.8750000000
49658  51.322  4.658  40.998 0.3750000000
80436  52.102  4.989  40.941 0.2500000000
93516  30.361  -21.631  63.808 0.6250000000
30948  31.648  -20.118  58.955 0.1250000000
30132  30.734  -21.389  61.396 0.1250000000
92094  30.748  -21.675  64.616 0.6250000000
30160  32.214  -20.249  59.358 0.2500000000
29289  30.829  -21.457  62.240 0.6250000000
29280  31.224  -21.393  63.336 0.6250000000
30947  32.910  -20.015  59.482 0.2500000000
35794  35.419  -13.974  59.568 0.7500000000
34949  35.317  -14.633  60.110 0.7500000000
34955  35.045  -14.822  59.164 0.6250000000
79059  28.728  -20.664  59.357 0.1250000000
30170  30.126  -20.319  58.865 0.1250000000
93138  29.318  -20.472  58.859 0.1250000000
80298  30.098  -20.523  59.828 0.1250000000
30163  29.360  -20.493  59.707 0.1250000000
30162  30.890  -20.394  59.237 0.1250000000
78792  30.937  -20.849  59.924 0.1250000000
30150  30.446  -20.984  60.644 0.1250000000
30161  31.592  -20.628  59.643 0.1250000000
30149  31.513  -21.215  60.490 0.2500000000
30131  31.701  -21.452  61.400 0.2500000000
30148  32.320  -20.684  60.000 0.2500000000
29288  31.761  -21.426  62.257 0.6250000000
30147  33.089  -20.328  60.324 0.3750000000
80197  32.462  -21.146  60.815 0.2500000000
30122  32.648  -21.279  61.870 0.5000000000
30940  33.783  -19.757  60.726 0.6250000000
30130  33.347  -20.671  61.231 0.6250000000
35787  35.812  -13.788  60.476 0.7500000000
34961  35.249  -14.020  58.757 0.6250000000
35800  35.216  -13.949  57.982 0.6250000000
92688  28.852  -14.425  56.238 0.5000000000
35799  35.552  -13.337  59.123 0.7500000000
92738  35.446  -13.443  58.447 0.6250000000
87462  35.754  -13.320  59.800 0.7500000000
36655  35.980  -12.637  59.565 0.7500000000
36666  35.341  -12.896  57.021 0.5000000000
35807  35.459  -13.207  57.802 0.3750000000
36661  35.740  -12.623  58.615 0.7500000000
39395  39.940  -7.259  56.212 0.7500000000
38533  37.277  -9.068  56.827 0.6250000000
94011  36.278  -10.065  56.684 0.6250000000
39406  37.834  -8.320  55.736 0.7500000000
91468  36.264  -9.861  56.006 0.6250000000
84157  35.786  -10.873  56.613 0.5000000000
36673  35.530  -11.960  56.876 0.5000000000
36665  35.677  -12.306  57.677 0.6250000000
37600  35.947  -11.290  57.481 0.6250000000
39407  36.703  -9.345  55.228 0.5000000000
87417  40.300  -6.390  55.802 0.7500000000
38527  36.351  -10.227  57.285 0.6250000000
37595  36.116  -11.547  58.393 0.7500000000
38526  37.429  -9.369  57.910 0.6250000000
32492  28.338  -17.580  66.089 0.6250000000
84769  26.684  -17.030  65.657 0.6250000000
31664  29.007  -17.804  65.861 0.6250000000
31657  28.767  -17.851  66.896 0.6250000000
30882  30.341  -19.218  67.954 0.7500000000
32528  30.928  -17.192  61.453 0.6250000000
30880  31.588  -20.255  67.003 0.7500000000
39386  39.392  -7.762  57.639 0.7500000000
37587  36.370  -11.724  59.339 0.6250000000
38519  36.523  -10.452  58.206 0.6250000000
31714  30.009  -18.027  61.334 0.5000000000
31687  30.385  -18.400  63.576 0.5000000000
30895  31.352  -19.353  66.259 0.7500000000
31655  30.568  -18.806  66.695 0.7500000000
32539  30.489  -17.390  60.394 0.6250000000
32529  30.512  -17.500  61.108 0.5000000000
31700  31.058  -17.988  62.495 0.5000000000
31686  31.260  -18.393  63.310 0.6250000000
30905  31.676  -19.057  65.145 0.6250000000
31673  31.894  -18.737  64.226 0.6250000000
30894  32.196  -19.899  66.093 0.6250000000
31699  31.799  -17.735  62.721 0.7500000000
31672  32.737  -18.674  64.313 0.7500000000
30904  32.515  -19.318  65.066 0.7500000000
39375  39.853  -7.226  59.480 0.8750000000
39385  40.260  -7.148  58.551 0.7500000000
39376  39.139  -8.246  58.755 0.8750000000
38518  37.792  -9.554  58.929 0.6250000000
31663  29.896  -18.194  65.654 0.6250000000
90464  30.561  -18.546  64.258 0.6250000000
78837  30.784  -18.679  65.158 0.6250000000
83497  30.941  -10.490  53.532 0.7500000000
39438  30.109  -9.667  53.152 0.6250000000
38575  30.749  -9.995  53.075 0.6250000000
39437  31.445  -10.072  53.292 0.6250000000
39451  32.209  -9.062  52.526 0.8750000000
39454  29.789  -9.063  52.905 0.6250000000
39453  30.503  -9.428  52.570 0.7500000000
39452  31.300  -9.540  52.547 0.7500000000
39464  30.962  -9.034  51.749 0.7500000000
40289  31.473  -8.677  51.071 0.6250000000
39463  31.657  -8.859  51.824 0.8750000000
39465  30.235  -8.794  52.173 0.6250000000
79171  31.060  -8.653  51.066 0.6250000000
40303  31.371  -8.403  50.516 0.7500000000
41110  35.592  -7.321  46.190 0.6250000000
40277  29.637  -8.246  52.653 0.3750000000
41045  29.627  -7.332  52.456 0.3750000000
40291  30.000  -7.992  51.890 0.6250000000
40290  30.622  -8.486  51.440 0.6250000000
41054  30.361  -7.685  51.189 0.5000000000
40304  30.842  -8.176  50.757 0.7500000000
41763  29.714  -6.442  52.358 0.1250000000
41055  29.945  -7.092  51.707 0.5000000000
41064  30.638  -7.364  50.519 0.7500000000
42482  29.736  -5.894  53.032 0.1250000000
42489  29.914  -5.727  52.234 0.1250000000
41771  30.031  -6.245  51.592 0.5000000000
49599  45.278  4.733  50.127 0.2500000000
49596  44.704  4.248  50.496 0.2500000000
49597  44.017  3.815  49.961 0.2500000000
48918  43.384  3.399  49.496 0.3750000000
48262  42.951  2.751  49.727 0.3750000000
50292  46.052  5.030  49.728 0.2500000000
49600  44.569  4.282  49.579 0.2500000000
49601  43.944  3.872  49.144 0.3750000000
48919  42.739  3.058  49.098 0.3750000000
48928  42.031  2.922  47.949 0.6250000000
49605  45.251  4.601  49.032 0.2500000000
49607  44.019  3.849  48.324 0.2500000000
48937  43.352  3.527  47.760 0.3750000000
81759  44.825  4.234  48.069 0.2500000000
49618  44.194  3.767  47.470 0.2500000000
42481  30.209  -5.002  52.425 0.1250000000
49593  45.066  4.012  51.451 0.2500000000
49595  45.406  4.738  51.190 0.2500000000
48914  44.344  3.560  50.784 0.2500000000
48264  41.620  1.953  49.100 0.6250000000
50290  45.901  5.326  50.845 0.2500000000
50297  46.146  4.896  48.775 0.2500000000
48271  42.137  2.666  48.717 0.3750000000
48272  41.452  2.389  48.372 0.7500000000
82849  45.584  4.599  48.240 0.2500000000
79704  44.901  3.986  47.137 0.3750000000
49624  45.511  4.209  46.692 0.3750000000
49625  44.913  3.764  46.393 0.3750000000
43247  30.548  -4.412  51.611 0.2500000000
47609  41.898  1.424  49.753 0.5000000000
48263  42.344  2.307  49.477 0.3750000000
50291  46.678  5.448  49.350 0.2500000000
50296  46.738  5.264  48.417 0.3750000000
50306  46.190  4.802  47.908 0.3750000000
49617  45.516  4.435  47.498 0.3750000000
50305  46.763  5.122  47.515 0.3750000000
49616  46.151  4.674  47.061 0.3750000000
50295  47.232  5.763  47.984 0.3750000000
46196  39.438  -0.623  48.674 0.7500000000
32479  28.001  -17.701  66.922 0.6250000000
29279  32.254  -21.357  62.758 0.6250000000
30881  30.985  -19.566  67.380 0.7500000000
32519  31.235  -17.355  62.017 0.6250000000
31684  32.859  -18.094  63.807 0.7500000000
38550  30.694  -10.895  54.115 0.6250000000
86289  30.292  -6.103  50.940 0.5000000000
46930  40.129  0.367  48.452 0.8750000000
48927  42.661  3.216  48.317 0.6250000000
50304  47.303  5.558  47.096 0.3750000000
37606  35.335  -11.612  56.218 0.3750000000
31713  30.575  -17.794  61.880 0.5000000000
31685  32.196  -18.301  63.537 0.6250000000
41770  30.283  -6.825  51.014 0.6250000000
49606  44.490  4.202  48.821 0.2500000000
48926  43.313  3.532  48.709 0.3750000000
84541  42.680  2.306  49.890 0.3750000000
26500  9.849  -24.523  60.637 0.1250000000
27159  9.389  -24.116  60.187 0.1250000000
26506  9.703  -24.444  59.926 0.1250000000
27164  11.016  -24.231  59.054 0.1250000000
27898  9.934  -24.043  59.737 0.1250000000
80025  11.090  -23.984  59.131 0.1250000000
81492  10.904  -25.078  61.679 0.1250000000
27153  9.741  -23.868  61.204 0.1250000000
27887  9.759  -23.763  60.744 0.1250000000
27893  10.708  -23.638  60.156 0.1250000000
81356  10.425  -26.444  66.203 0.1250000000
86377  11.504  -24.268  65.161 0.1250000000
83513  11.559  -24.259  63.604 0.1250000000
27147  11.452  -23.545  64.435 0.1250000000
27152  10.753  -23.588  62.677 0.1250000000
27874  11.391  -23.052  63.887 0.1250000000
27879  10.377  -23.246  62.023 0.1250000000
27885  12.342  -22.889  62.066 0.1250000000
27886  10.574  -23.132  61.547 0.1250000000
28531  14.061  -22.924  61.675 0.1250000000
84174  11.916  -23.343  60.834 0.1250000000
27884  13.170  -23.233  60.922 0.1250000000
27892  12.537  -23.546  59.439 0.1250000000
83244  10.242  -26.393  66.776 0.1250000000
26486  11.513  -25.508  65.730 0.1250000000
28509  12.286  -22.635  66.718 0.1250000000
27870  11.190  -23.061  65.753 0.1250000000
28517  11.339  -22.803  65.550 0.1250000000
27878  11.189  -22.874  62.858 0.1250000000
27873  11.607  -22.722  64.161 0.1250000000
28521  13.617  -22.369  62.701 0.1250000000
28530  15.075  -22.455  61.203 0.1250000000
27891  14.152  -23.086  60.453 0.1250000000
26489  14.157  -24.776  64.384 0.2500000000
84126  12.701  -26.475  66.088 0.1250000000
27140  12.581  -24.578  65.427 0.1250000000
27867  13.755  -23.158  65.359 0.2500000000
27141  11.445  -24.107  65.880 0.2500000000
83764  11.492  -23.472  66.265 0.2500000000
88476  11.355  -23.315  66.277 0.2500000000
28510  11.565  -22.625  66.374 0.1250000000
28522  12.288  -22.422  63.411 0.1250000000
28515  12.925  -21.865  63.928 0.1250000000
28516  11.857  -22.289  64.882 0.1250000000
29301  15.635  -21.631  61.665 0.1250000000
28520  14.758  -22.123  62.149 0.1250000000
29306  15.918  -21.896  60.780 0.1250000000
28538  15.249  -22.656  60.174 0.1250000000
27895  14.203  -23.258  59.252 0.1250000000
28503  13.344  -22.331  66.676 0.2500000000
29287  14.181  -21.650  63.051 0.1250000000
29286  15.171  -21.301  62.445 0.1250000000
30145  15.914  -20.817  61.942 0.1250000000
29300  16.346  -21.143  61.197 0.1250000000
29305  16.534  -21.435  60.366 0.1250000000
28537  16.133  -22.192  59.941 0.1250000000
28542  15.444  -22.937  59.281 0.1250000000
29275  14.516  -20.924  63.289 0.1250000000
30118  14.748  -20.170  63.468 0.1250000000
30129  15.336  -20.488  62.641 0.1250000000
30128  15.947  -19.968  62.102 0.1250000000
30144  16.439  -20.268  61.401 0.1250000000
30155  16.721  -20.611  60.622 0.1250000000
30166  16.903  -20.901  59.891 0.1250000000
29310  16.746  -21.691  59.589 0.1250000000
28541  16.354  -22.475  59.141 0.1250000000
29315  16.994  -21.951  58.842 0.1250000000
29314  17.509  -21.377  58.443 0.1250000000
30910  14.629  -19.063  64.629 0.1250000000
30917  14.951  -19.331  63.593 0.1250000000
31696  15.101  -18.385  63.641 0.1250000000
92195  16.020  -18.616  61.554 0.1250000000
30941  16.717  -19.556  60.669 0.1250000000
87942  16.968  -20.154  60.110 0.1250000000
30165  17.239  -20.280  59.487 0.1250000000
30950  17.022  -19.424  59.796 0.1250000000
29309  17.239  -21.145  59.206 0.1250000000
30175  17.487  -20.488  58.738 0.1250000000
30958  17.524  -19.828  58.304 0.1250000000
79144  14.103  -19.241  67.616 0.1250000000
31681  14.365  -18.839  66.072 0.1250000000
31680  14.783  -18.048  64.609 0.1250000000
30928  15.393  -19.661  62.782 0.1250000000
31711  15.424  -18.741  62.820 0.1250000000
32516  14.917  -17.540  63.571 0.1250000000
91158  15.845  -19.101  62.156 0.1250000000
32524  15.214  -17.672  62.703 0.1250000000
30937  16.311  -19.343  61.507 0.1250000000
31725  16.289  -18.582  60.892 0.1250000000
78513  16.526  -18.617  60.092 0.1250000000
31736  15.960  -18.126  59.588 0.1250000000
82845  16.700  -18.620  59.212 0.1250000000
30949  17.310  -19.548  58.999 0.1250000000
31742  17.149  -18.930  58.241 0.1250000000
31660  14.216  -18.826  68.724 0.3750000000
31668  14.360  -18.120  67.519 0.2500000000
32506  14.498  -17.132  64.352 0.1250000000
78796  14.455  -17.683  65.794 0.1250000000
82509  15.678  -18.153  61.999 0.1250000000
33366  13.844  -16.278  63.840 0.1250000000
31726  15.538  -17.906  60.162 0.1250000000
29270  29.780  -21.890  64.197 0.5000000000
32556  15.666  -17.917  59.042 0.1250000000
31654  14.431  -18.503  69.005 0.3750000000
32478  14.425  -17.952  68.706 0.3750000000
32488  14.240  -17.281  68.204 0.2500000000
33345  13.372  -16.022  65.941 0.1250000000
32498  14.101  -17.238  67.017 0.1250000000
34152  12.523  -15.498  64.789 0.1250000000
32525  14.274  -16.867  62.202 0.1250000000
32517  14.333  -16.776  63.176 0.1250000000
33355  13.208  -15.883  64.382 0.1250000000
31689  28.770  -17.733  63.707 0.5000000000
31675  29.092  -17.823  64.624 0.5000000000
94843  13.859  -16.388  62.441 0.1250000000
33367  13.126  -15.596  63.242 0.1250000000
34161  12.479  -15.245  63.782 0.1250000000
31674  30.028  -18.355  64.410 0.5000000000
32535  14.877  -17.302  61.443 0.1250000000
31719  15.625  -17.947  61.097 0.1250000000
32543  14.934  -17.412  60.521 0.1250000000
91741  15.321  -17.608  59.516 0.1250000000
31651  17.673  -18.699  68.468 0.5000000000
31652  16.447  -18.725  68.334 0.5000000000
31653  15.094  -18.521  68.967 0.5000000000
32477  14.530  -17.942  68.751 0.3750000000
32487  14.378  -17.315  68.448 0.3750000000
33330  14.397  -16.538  68.093 0.3750000000
33344  13.812  -16.682  67.287 0.1250000000
33331  13.665  -16.244  67.722 0.1250000000
32532  25.739  -17.200  61.821 0.2500000000
32533  24.880  -16.995  61.618 0.2500000000
32522  25.452  -16.961  62.539 0.3750000000
34145  12.925  -15.570  66.325 0.1250000000
32512  27.425  -17.214  63.814 0.3750000000
32520  27.217  -17.537  62.865 0.5000000000
32511  28.211  -17.379  64.196 0.3750000000
32513  26.591  -17.172  63.470 0.3750000000
34153  11.832  -15.176  65.185 0.1250000000
31690  28.138  -17.633  63.193 0.3750000000
34162  11.866  -14.859  64.339 0.1250000000
82684  13.710  -16.187  61.974 0.1250000000
33377  13.506  -15.635  62.574 0.1250000000
34169  12.923  -15.249  63.178 0.1250000000
87904  14.110  -16.632  61.333 0.1250000000
32536  14.421  -16.919  60.610 0.1250000000
34216  33.599  -15.517  56.618 0.1250000000
94875  18.257  -18.051  68.145 0.5000000000
32475  17.273  -18.108  67.766 0.5000000000
32476  16.021  -17.969  67.924 0.5000000000
32484  18.263  -17.394  67.365 0.5000000000
94910  15.036  -17.463  68.125 0.3750000000
33322  13.945  -16.322  68.363 0.3750000000
33323  13.958  -16.316  68.304 0.2500000000
32534  24.097  -16.815  61.012 0.2500000000
82143  25.892  -17.039  63.210 0.3750000000
33390  24.231  -16.807  60.237 0.2500000000
34146  12.193  -15.194  66.515 0.1250000000
79801  25.596  -17.292  60.972 0.2500000000
32504  26.710  -17.012  64.461 0.5000000000
32493  27.541  -17.350  66.038 0.5000000000
31704  27.830  -17.972  62.266 0.3750000000
90947  33.969  -17.098  58.267 0.1250000000
33403  34.303  -16.403  58.548 0.1250000000
34207  34.057  -15.784  57.370 0.1250000000
33404  34.012  -16.517  57.816 0.1250000000
34974  33.820  -14.705  56.329 0.1250000000
34968  34.230  -14.994  57.052 0.1250000000
35825  33.645  -13.820  55.187 0.2500000000
35816  34.067  -13.990  55.992 0.2500000000
85192  33.626  -13.396  54.508 0.1250000000
35824  34.175  -13.357  55.621 0.2500000000
36691  33.891  -12.725  54.126 0.1250000000
36681  34.003  -12.972  54.949 0.2500000000
36690  34.439  -12.052  54.662 0.1250000000
33327  19.031  -16.575  66.801 0.5000000000
32496  17.797  -17.051  66.086 0.3750000000
32485  17.061  -17.566  66.717 0.3750000000
91609  22.640  -13.490  60.353 0.2500000000
34952  22.368  -14.510  60.388 0.2500000000
34189  22.436  -15.279  60.598 0.2500000000
92156  23.347  -16.387  62.196 0.2500000000
34959  23.059  -14.263  59.914 0.2500000000
34197  22.890  -15.025  59.995 0.2500000000
33391  23.559  -16.348  60.635 0.2500000000
33383  23.395  -16.400  61.386 0.2500000000
33372  23.978  -16.428  62.621 0.3750000000
34196  23.537  -15.423  59.721 0.3750000000
33399  23.816  -16.161  59.937 0.2500000000
32523  24.641  -16.647  62.596 0.5000000000
32515  25.103  -16.754  63.550 0.5000000000
77130  25.846  -16.865  65.326 0.5000000000
33398  24.465  -16.611  59.591 0.3750000000
32541  25.377  -17.438  59.991 0.3750000000
31717  27.681  -18.119  61.521 0.3750000000
92535  28.526  -18.004  62.457 0.3750000000
79494  31.083  -18.661  64.204 0.5000000000
33395  34.326  -16.623  59.385 0.2500000000
34194  34.666  -15.752  59.229 0.1250000000
34199  34.664  -15.488  58.478 0.1250000000
34973  34.497  -14.229  56.743 0.1250000000
35815  34.710  -13.347  56.365 0.2500000000
36680  34.527  -12.643  55.595 0.2500000000
37614  34.950  -11.787  55.566 0.2500000000
37613  35.059  -11.089  54.831 0.2500000000
39419  36.445  -9.538  54.483 0.2500000000
83228  35.381  -10.397  54.089 0.2500000000
38540  35.699  -10.150  55.069 0.2500000000
39433  36.172  -9.728  53.632 0.2500000000
38487  23.005  -11.050  63.025 0.2500000000
37556  22.889  -11.058  62.112 0.2500000000
38498  22.226  -11.019  61.983 0.2500000000
37572  21.765  -11.392  61.673 0.2500000000
37555  23.676  -11.334  62.430 0.2500000000
36641  21.373  -12.674  61.231 0.2500000000
37573  21.189  -11.977  61.506 0.2500000000
37570  23.598  -11.512  61.631 0.2500000000
37571  22.731  -11.443  61.430 0.2500000000
36650  22.021  -12.152  61.109 0.2500000000
34190  21.769  -14.877  60.916 0.2500000000
83685  21.329  -15.112  61.455 0.2500000000
37582  23.624  -11.953  60.944 0.2500000000
35790  23.478  -12.669  60.384 0.2500000000
90930  22.871  -12.130  60.891 0.2500000000
34181  22.023  -15.539  61.420 0.2500000000
33373  22.747  -16.205  62.658 0.5000000000
35798  23.611  -13.502  59.850 0.2500000000
34958  23.392  -14.800  59.646 0.2500000000
33360  24.227  -16.434  63.358 0.5000000000
33348  24.306  -16.599  64.427 0.5000000000
80275  23.783  -14.231  59.512 0.3750000000
77132  24.726  -16.630  66.592 0.5000000000
34195  24.235  -15.859  59.416 0.3750000000
92074  24.987  -16.977  59.266 0.3750000000
31716  28.449  -18.298  61.629 0.3750000000
32540  26.367  -17.500  60.351 0.3750000000
31723  27.940  -18.291  60.757 0.3750000000
31715  29.300  -18.246  61.457 0.3750000000
82468  29.163  -18.127  62.201 0.3750000000
34962  34.940  -14.664  58.271 0.2500000000
34206  34.540  -15.232  57.762 0.1250000000
85965  34.777  -14.479  57.504 0.1250000000
35808  35.081  -13.729  57.222 0.2500000000
36674  35.103  -12.412  56.282 0.2500000000
79177  37.408  -8.879  53.957 0.3750000000
39432  37.941  -8.489  53.430 0.3750000000
40259  38.082  -7.775  53.717 0.3750000000
38477  22.322  -10.956  63.690 0.2500000000
38478  21.485  -10.930  63.343 0.2500000000
38476  23.142  -11.140  64.039 0.2500000000
38489  21.579  -11.066  62.385 0.2500000000
37557  21.035  -11.477  62.047 0.2500000000
91693  20.629  -11.934  61.899 0.2500000000
36632  20.120  -12.210  62.255 0.2500000000
36642  20.634  -12.699  61.623 0.2500000000
35783  21.209  -13.464  61.241 0.2500000000
33385  22.023  -15.963  62.294 0.5000000000
33409  24.841  -16.387  59.027 0.3750000000
79026  25.899  -17.518  59.450 0.3750000000
82932  26.699  -17.624  59.379 0.3750000000
31735  27.943  -18.019  59.973 0.3750000000
31701  30.487  -18.153  62.706 0.3750000000
79865  29.871  -18.119  62.056 0.3750000000
38543  28.544  -10.475  55.627 0.3750000000
37619  28.446  -11.330  55.535 0.3750000000
34193  34.970  -15.277  59.834 0.3750000000
80472  35.435  -10.897  55.723 0.3750000000
40242  39.164  -7.010  54.843 0.7500000000
39418  37.754  -8.339  54.690 0.5000000000
94657  38.138  -7.796  53.075 0.2500000000
41043  37.922  -7.596  53.516 0.2500000000
38479  20.740  -11.069  63.522 0.2500000000
37558  20.413  -11.641  62.467 0.2500000000
32553  26.115  -17.449  58.644 0.3750000000
85057  27.015  -17.641  58.498 0.3750000000
32552  27.594  -17.735  59.334 0.3750000000
91012  28.472  -18.221  60.208 0.3750000000
35827  29.135  -12.835  55.758 0.3750000000
89700  28.380  -9.805  56.290 0.3750000000
40239  29.459  -9.324  56.819 0.3750000000
39411  28.688  -9.895  55.804 0.3750000000
37618  29.257  -10.901  55.254 0.3750000000
38542  29.107  -10.056  55.324 0.3750000000
36683  30.836  -12.254  55.893 0.6250000000
37617  29.921  -11.566  55.233 0.6250000000
38551  29.968  -10.896  54.623 0.3750000000
94192  30.125  -10.599  54.129 0.5000000000
34185  35.156  -15.339  60.592 0.6250000000
32551  28.548  -17.834  59.427 0.3750000000
31734  29.184  -18.185  60.095 0.3750000000
92456  30.135  -17.828  60.738 0.3750000000
40229  29.995  -8.842  57.079 0.3750000000
39398  29.033  -9.515  56.202 0.3750000000
41011  30.161  -8.419  56.346 0.2500000000
40238  29.695  -9.039  56.123 0.2500000000
86921  29.500  -10.331  54.870 0.2500000000
40245  29.504  -8.915  55.133 0.2500000000
32550  29.566  -17.684  59.402 0.3750000000
32538  30.907  -16.792  60.819 0.5000000000
31733  29.955  -17.893  60.124 0.3750000000
39439  29.635  -9.403  53.740 0.3750000000
34220  28.563  -15.449  56.469 0.3750000000
33427  29.124  -16.030  56.788 0.3750000000
33397  30.817  -16.867  59.094 0.5000000000
34219  29.349  -15.143  56.747 0.3750000000
33416  30.466  -16.127  57.836 0.3750000000
32549  30.359  -17.376  59.607 0.5000000000
40263  29.478  -8.477  53.399 0.2500000000
33406  30.519  -16.715  58.433 0.5000000000
33407  29.840  -16.842  58.055 0.5000000000
33405  31.083  -16.219  58.574 0.3750000000
40313  35.075  -8.354  49.116 0.5000000000
40344  34.553  -8.145  47.373 0.6250000000
40353  35.191  -7.978  46.781 0.6250000000
44036  30.963  -3.782  51.781 0.2500000000
78252  53.569  0.290  41.339 0.1250000000
47000  52.166  0.256  41.578 0.1250000000
91268  51.257  0.108  41.342 0.1250000000
77199  52.930  0.302  40.738 0.1250000000
78104  51.713  0.238  40.732 0.1250000000
47009  50.722  0.084  40.761 0.2500000000
89075  52.409  0.335  40.048 0.1250000000
88865  54.342  0.355  39.046 0.1250000000
77700  53.403  0.431  39.094 0.1250000000
88906  51.115  0.263  39.789 0.2500000000
77744  52.191  0.385  39.280 0.1250000000
78019  53.875  0.517  38.551 0.1250000000
88928  52.289  0.481  38.382 0.1250000000
78430  52.948  0.608  37.654 0.1250000000
88730  50.137  0.397  38.970 0.2500000000
77790  51.134  0.424  38.729 0.1250000000
77204  54.155  0.597  37.949 0.1250000000
47701  53.906  0.999  36.981 0.1250000000
48339  49.916  2.474  37.357 0.6250000000
47029  50.317  0.623  38.107 0.2500000000
47035  51.605  0.668  37.419 0.1250000000
90444  51.126  0.559  37.978 0.2500000000
47040  52.100  0.857  36.819 0.1250000000
78630  53.305  0.793  37.145 0.2500000000
47039  54.827  0.887  36.796 0.1250000000
47695  50.280  1.581  37.141 0.2500000000
47036  50.618  0.846  37.431 0.2500000000
47041  51.071  1.063  36.799 0.3750000000
47702  52.642  1.154  36.375 0.2500000000
49017  51.182  3.617  36.781 0.7500000000
48348  50.489  2.442  36.847 0.5000000000
49029  51.466  3.198  36.148 0.6250000000
48347  51.105  2.429  36.359 0.5000000000
47704  50.859  1.757  36.620 0.3750000000
48358  52.502  2.196  35.564 0.1250000000
48359  51.751  2.333  35.875 0.3750000000
47703  51.625  1.525  36.289 0.3750000000
87615  53.417  1.987  35.532 0.1250000000
47713  52.260  1.696  35.896 0.3750000000
47711  54.505  1.532  35.948 0.1250000000
47712  53.041  1.496  35.918 0.1250000000
28514  15.603  -23.268  64.016 0.2500000000
37626  30.631  -11.404  54.859 0.6250000000
47030  49.513  0.707  38.331 0.3750000000
86433  50.271  3.004  37.105 0.5000000000
27872  14.982  -23.697  64.090 0.2500000000
77712  25.053  -16.771  64.885 0.5000000000
32548  30.884  -16.834  59.959 0.5000000000
32503  27.510  -17.158  64.808 0.5000000000
32502  28.292  -17.425  65.192 0.5000000000
31702  29.766  -18.126  62.834 0.3750000000
27165  9.868  -24.306  59.763 0.1250000000
26494  10.270  -24.282  62.076 0.1250000000
26493  11.788  -25.115  63.102 0.1250000000
26490  11.668  -25.229  64.830 0.1250000000
27142  11.333  -23.798  65.855 0.2500000000
79619  11.853  -25.428  65.989 0.2500000000
27869  11.302  -23.027  66.395 0.1250000000
91278  14.753  -17.234  62.947 0.1250000000
33354  13.933  -16.679  65.464 0.1250000000
87339  13.569  -16.058  62.735 0.1250000000
31688  29.495  -18.078  63.647 0.5000000000
33393  14.859  -17.199  59.922 0.1250000000
32521  26.328  -17.332  62.475 0.2500000000
32542  24.766  -17.198  60.561 0.2500000000
32530  27.070  -17.787  61.946 0.3750000000
34154  10.967  -14.828  65.622 0.1250000000
33329  14.387  -16.527  68.269 0.3750000000
34139  13.679  -15.843  68.183 0.2500000000
34188  23.158  -15.669  60.293 0.2500000000
33382  24.037  -16.618  61.875 0.2500000000
34142  11.080  -14.984  67.631 0.1250000000
34147  10.997  -14.952  66.687 0.1250000000
32531  26.384  -17.445  61.440 0.2500000000
34200  34.378  -15.923  57.973 0.1250000000
34980  33.161  -14.597  55.047 0.2500000000
83200  33.547  -14.451  55.666 0.2500000000
32497  17.046  -17.027  65.892 0.3750000000
89884  22.558  -12.662  60.675 0.2500000000
35791  21.797  -13.983  60.796 0.2500000000
33392  22.843  -15.910  60.993 0.2500000000
32555  24.819  -17.206  59.793 0.3750000000
38488  22.233  -10.903  62.694 0.2500000000
36651  21.894  -13.064  60.845 0.2500000000
34947  21.183  -14.410  61.306 0.2500000000
83904  23.501  -16.261  63.071 0.5000000000
31724  27.290  -17.742  60.148 0.3750000000
38464  23.400  -11.019  64.970 0.2500000000
38490  20.876  -11.166  62.788 0.2500000000
35784  20.452  -13.881  61.744 0.2500000000
39412  28.040  -10.191  56.096 0.3750000000
37544  20.214  -11.333  63.199 0.2500000000
39410  29.253  -9.527  55.513 0.2500000000
39422  29.469  -9.584  54.759 0.2500000000
78575  51.206  0.045  42.043 0.1250000000
88688  53.968  1.324  36.175 0.1250000000
49030  50.783  3.091  36.686 0.7500000000
34143  14.667  -15.701  67.482 0.2500000000
32486  16.226  -17.326  66.856 0.2500000000
33343  15.383  -16.079  66.813 0.2500000000
33342  16.276  -16.596  66.183 0.2500000000
33341  17.683  -16.639  65.467 0.2500000000
38468  19.817  -11.018  64.922 0.1250000000
37531  19.281  -11.210  64.384 0.1250000000
37533  17.677  -11.496  64.895 0.1250000000
36617  17.537  -12.345  64.661 0.1250000000
36618  17.046  -12.816  65.054 0.1250000000
38456  22.846  -10.472  65.541 0.1250000000
38457  22.016  -10.516  65.361 0.1250000000
38466  21.457  -10.871  64.947 0.1250000000
38467  20.591  -10.938  65.035 0.1250000000
38480  20.138  -11.078  64.096 0.1250000000
78744  18.844  -11.540  63.936 0.1250000000
36616  18.283  -11.967  64.148 0.1250000000
36626  17.969  -12.905  64.066 0.1250000000
35768  17.901  -13.921  64.108 0.1250000000
34931  17.298  -14.273  64.675 0.1250000000
35761  16.877  -13.631  65.131 0.1250000000
34924  16.669  -14.537  65.263 0.2500000000
93740  16.119  -14.660  65.807 0.2500000000
34925  15.518  -15.164  66.397 0.2500000000
34916  14.790  -14.438  67.643 0.2500000000
38455  23.695  -10.791  66.047 0.1250000000
38465  22.391  -10.901  64.677 0.1250000000
79079  21.021  -10.969  64.224 0.1250000000
37545  19.501  -11.459  63.592 0.1250000000
36625  18.506  -12.602  63.640 0.1250000000
35767  18.421  -13.461  63.576 0.1250000000
34938  17.859  -14.838  64.346 0.1250000000
34159  17.863  -15.604  64.690 0.2500000000
34150  17.220  -16.201  65.315 0.2500000000
34151  16.317  -15.535  65.692 0.2500000000
37559  19.737  -11.818  62.867 0.1250000000
36624  18.971  -12.002  63.347 0.1250000000
34937  18.588  -14.551  63.625 0.2500000000
34168  18.357  -15.199  64.203 0.1250000000
33352  18.916  -16.095  64.929 0.3750000000
33353  18.056  -16.216  64.961 0.3750000000
33339  19.583  -16.065  66.000 0.3750000000
40230  29.389  -9.352  57.607 0.2500000000
39399  28.616  -9.610  56.998 0.2500000000
36634  18.898  -12.909  63.122 0.1250000000
34158  18.548  -15.693  64.461 0.3750000000
36633  19.473  -12.475  62.696 0.1250000000
35776  19.342  -13.409  62.612 0.1250000000
34944  19.346  -14.432  62.805 0.2500000000
34936  19.212  -15.058  63.308 0.2500000000
34167  18.905  -15.321  63.870 0.2500000000
37517  24.291  -11.273  65.226 0.1250000000
35775  19.946  -13.055  62.161 0.1250000000
95029  19.806  -13.898  62.262 0.1250000000
34176  19.747  -15.211  62.861 0.3750000000
33364  19.981  -15.885  63.933 0.3750000000
33365  19.282  -15.749  64.250 0.3750000000
33351  19.790  -15.963  64.802 0.3750000000
33338  20.495  -15.919  65.701 0.3750000000
37530  24.055  -11.274  64.286 0.1250000000
34175  20.425  -15.374  62.480 0.3750000000
33376  20.796  -15.851  62.904 0.3750000000
33350  20.702  -15.990  64.541 0.3750000000
94791  21.133  -15.990  65.519 0.3750000000
41731  32.069  -7.018  59.409 0.1250000000
40994  31.534  -7.426  59.242 0.1250000000
40988  31.692  -7.779  59.913 0.1250000000
79134  25.174  -11.735  65.359 0.1250000000
33375  21.472  -15.979  62.786 0.3750000000
33349  21.579  -16.046  64.862 0.3750000000
41735  31.878  -6.797  58.744 0.1250000000
82989  31.341  -7.192  58.780 0.1250000000
37529  24.989  -11.505  64.438 0.1250000000
37543  23.835  -11.334  63.353 0.1250000000
79120  22.220  -16.303  65.309 0.3750000000
40995  30.745  -7.578  58.792 0.1250000000
40990  30.227  -8.199  59.151 0.1250000000
91197  29.809  -8.599  58.672 0.1250000000
37542  24.757  -11.505  63.570 0.1250000000
37554  24.539  -11.619  62.713 0.1250000000
41002  30.198  -8.292  57.635 0.1250000000
40996  30.176  -8.160  58.372 0.1250000000
40224  29.829  -8.803  57.977 0.2500000000
40225  29.297  -9.213  58.537 0.1250000000
39389  28.582  -9.580  58.040 0.1250000000
80898  24.310  -11.693  61.980 0.1250000000
37581  24.644  -12.218  61.304 0.1250000000
39379  28.410  -9.425  58.938 0.1250000000
39380  27.300  -9.509  58.483 0.1250000000
39390  27.414  -9.600  57.532 0.2500000000
38536  27.359  -10.491  56.447 0.2500000000
37620  27.740  -11.777  55.701 0.2500000000
33363  20.556  -15.931  63.593 0.3750000000
37515  25.371  -12.147  66.413 0.1250000000
37516  24.552  -11.474  66.225 0.1250000000
78941  21.335  -16.061  63.687 0.3750000000
36602  26.368  -12.506  66.579 0.1250000000
33374  22.096  -16.162  63.169 0.3750000000
33362  22.205  -16.112  64.200 0.3750000000
41739  31.351  -6.341  58.021 0.1250000000
80723  22.870  -16.191  63.608 0.3750000000
79724  22.885  -16.353  64.670 0.3750000000
41740  30.855  -6.968  57.455 0.1250000000
41001  30.490  -7.579  57.926 0.1250000000
40982  31.611  -7.800  60.721 0.1250000000
40989  31.012  -8.055  59.629 0.1250000000
37553  25.575  -11.757  62.858 0.1250000000
33361  23.590  -16.331  64.019 0.3750000000
41736  31.048  -7.011  58.298 0.1250000000
40978  31.180  -8.341  61.202 0.1250000000
40210  30.473  -8.492  59.938 0.1250000000
40217  29.692  -8.647  59.279 0.1250000000
37569  25.231  -12.130  62.074 0.1250000000
90245  29.954  -8.450  55.658 0.1250000000
41010  30.475  -7.879  56.955 0.1250000000
80601  30.544  -8.672  60.633 0.1250000000
40218  29.071  -9.021  59.392 0.1250000000
36649  24.604  -12.629  60.453 0.1250000000
89740  29.670  -8.515  60.664 0.1250000000
40212  28.840  -8.549  60.318 0.1250000000
36659  24.508  -13.110  59.858 0.2500000000
39362  28.143  -9.096  59.897 0.2500000000
39381  26.577  -9.715  58.035 0.2500000000
39391  26.841  -9.938  57.177 0.2500000000
35797  24.437  -13.689  59.467 0.2500000000
34957  24.085  -14.970  59.269 0.2500000000
39372  26.630  -9.857  58.952 0.2500000000
36678  27.190  -12.199  56.049 0.2500000000
38562  29.750  -10.188  54.286 0.3750000000
91710  26.161  -11.223  57.538 0.2500000000
35829  27.765  -13.354  55.840 0.2500000000
36687  27.718  -12.643  55.741 0.2500000000
35820  27.187  -13.123  56.200 0.2500000000
34982  28.173  -13.880  55.900 0.2500000000
36615  26.066  -12.392  65.604 0.1250000000
37528  25.996  -12.055  64.559 0.1250000000
41743  30.833  -6.976  56.514 0.1250000000
37541  25.702  -11.696  63.711 0.1250000000
41017  30.392  -7.710  55.845 0.1250000000
89772  25.785  -12.552  61.459 0.1250000000
40204  30.861  -8.630  61.391 0.1250000000
40205  30.128  -8.599  61.385 0.1250000000
40254  29.423  -8.711  54.231 0.1250000000
40200  29.249  -8.445  62.130 0.1250000000
88014  24.470  -14.262  59.216 0.2500000000
34203  24.758  -15.524  58.881 0.2500000000
40207  27.968  -8.854  60.970 0.1250000000
38561  30.226  -10.242  53.665 0.5000000000
39364  26.952  -10.160  59.853 0.1250000000
37603  26.335  -11.836  57.078 0.1250000000
34977  27.512  -13.958  56.158 0.2500000000
92865  26.732  -12.504  65.042 0.1250000000
41745  30.782  -6.787  55.645 0.1250000000
36614  27.570  -12.589  65.063 0.1250000000
92026  26.501  -11.981  63.845 0.1250000000
41018  29.775  -8.014  54.832 0.1250000000
37526  27.924  -12.307  64.465 0.1250000000
93785  26.190  -11.803  62.613 0.1250000000
36640  25.879  -12.871  60.821 0.1250000000
37539  28.023  -11.645  63.916 0.1250000000
86354  26.463  -12.592  61.118 0.1250000000
90946  29.524  -8.364  62.816 0.1250000000
37567  26.753  -11.901  61.590 0.1250000000
89427  25.787  -12.972  59.946 0.1250000000
34965  24.871  -14.666  58.838 0.2500000000
81693  28.553  -8.651  62.861 0.1250000000
80555  25.783  -12.814  59.024 0.2500000000
36663  25.560  -13.248  58.829 0.2500000000
35804  25.135  -13.850  58.973 0.2500000000
38505  27.365  -9.906  61.130 0.1250000000
82296  25.959  -14.868  57.764 0.2500000000
33420  26.489  -16.755  57.539 0.2500000000
34212  25.744  -15.678  57.988 0.2500000000
35821  26.583  -13.324  56.834 0.1250000000
32591  28.267  -17.029  57.028 0.2500000000
33430  26.963  -16.341  56.995 0.2500000000
32568  28.188  -17.345  57.743 0.2500000000
79627  27.969  -17.584  58.551 0.2500000000
33417  29.548  -16.399  57.393 0.1250000000
41746  30.230  -7.163  54.992 0.1250000000
84170  29.760  -7.237  54.340 0.1250000000
41028  29.504  -7.778  53.907 0.1250000000
38485  27.331  -10.929  62.476 0.1250000000
39351  27.794  -10.156  62.532 0.1250000000
38496  27.290  -10.431  61.859 0.1250000000
37579  27.024  -12.187  60.694 0.1250000000
38506  26.955  -11.175  60.347 0.1250000000
37592  26.420  -12.363  59.546 0.1250000000
35803  25.654  -13.526  58.366 0.2500000000
38515  26.092  -11.263  58.827 0.1250000000
37598  25.991  -12.044  58.587 0.1250000000
34971  26.571  -15.030  57.195 0.2500000000
34221  27.610  -15.768  56.565 0.1250000000
79318  38.095  -7.673  47.309 0.1250000000
41811  37.977  -7.258  46.523 0.1250000000
80763  35.357  -8.302  47.821 0.5000000000
94888  37.447  -7.724  46.984 0.1250000000
41095  36.708  -7.962  47.065 0.2500000000
40352  35.945  -8.155  47.120 0.3750000000
41108  37.039  -7.491  46.504 0.1250000000
41109  36.148  -7.765  46.568 0.2500000000
41121  37.365  -6.914  45.993 0.2500000000
42543  38.362  -5.989  45.342 0.2500000000
42544  37.592  -6.297  45.470 0.2500000000
90817  37.052  -5.939  45.241 0.5000000000
41825  36.794  -6.513  45.595 0.3750000000
93829  37.326  -5.030  44.820 0.3750000000
44837  40.890  -2.721  43.962 0.2500000000
44847  40.129  -2.565  43.562 0.3750000000
44846  41.418  -2.163  43.671 0.2500000000
48260  42.517  1.810  50.084 0.3750000000
50289  46.582  5.728  50.385 0.1250000000
48915  43.593  3.050  50.272 0.2500000000
46919  40.559  0.149  49.217 0.6250000000
49592  45.795  4.554  52.226 0.1250000000
50287  46.075  5.292  51.959 0.1250000000
48257  44.393  2.200  51.464 0.1250000000
47599  43.784  1.402  51.247 0.1250000000
48912  44.136  2.836  50.976 0.1250000000
47603  43.050  1.540  50.615 0.2500000000
48258  43.623  2.236  50.797 0.1250000000
47604  42.367  0.835  50.368 0.3750000000
50972  47.244  5.908  48.957 0.1250000000
48259  43.036  2.303  50.231 0.2500000000
47605  41.564  0.542  49.949 0.5000000000
93618  41.053  0.343  49.636 0.5000000000
50971  47.770  6.427  48.497 0.2500000000
50980  48.377  6.688  47.152 0.2500000000
50981  47.799  6.239  47.551 0.2500000000
46920  39.933  -0.356  48.833 0.6250000000
50995  47.913  6.016  46.720 0.2500000000
48910  45.621  3.684  52.459 0.1250000000
48244  45.332  2.260  52.284 0.1250000000
47598  44.769  1.399  51.955 0.1250000000
48899  45.581  2.919  52.612 0.1250000000
47600  43.133  0.639  50.977 0.1250000000
46915  42.576  0.075  50.760 0.3750000000
46182  41.063  -0.199  49.973 0.5000000000
46183  40.219  -0.592  49.594 0.6250000000
46185  39.132  -1.221  49.134 0.6250000000
50994  48.545  6.496  46.399 0.2500000000
46174  42.268  -0.497  50.979 0.1250000000
46176  40.580  -0.799  50.366 0.3750000000
46177  39.834  -1.166  49.980 0.5000000000
46184  39.611  -1.014  49.260 0.6250000000
45470  39.251  -1.458  49.785 0.6250000000
46916  41.931  -0.064  50.414 0.3750000000
51006  49.843  6.439  45.293 0.2500000000
48222  46.117  1.958  53.410 0.1250000000
45465  38.738  -1.909  50.408 0.3750000000
45471  38.591  -1.650  49.747 0.3750000000
50325  50.546  5.202  43.848 0.2500000000
45464  39.411  -1.573  50.518 0.3750000000
85659  52.090  4.633  37.052 0.5000000000
49689  52.572  4.691  36.345 0.5000000000
49028  52.190  3.724  35.836 0.5000000000
49690  51.780  4.037  36.566 0.6250000000
36608  27.050  -12.668  65.819 0.1250000000
81857  20.430  -16.037  66.607 0.3750000000
35828  28.285  -13.114  55.694 0.2500000000
36686  28.364  -12.251  55.544 0.2500000000
93691  50.288  5.440  44.300 0.2500000000
41036  29.440  -7.524  53.203 0.1250000000
42554  37.660  -5.530  45.013 0.3750000000
33328  15.200  -16.908  67.450 0.2500000000
33340  18.445  -16.500  65.584 0.3750000000
92340  21.726  -10.922  64.226 0.1250000000
34182  20.703  -14.925  61.815 0.2500000000
34174  21.233  -15.537  62.125 0.3750000000
32570  25.476  -16.934  58.642 0.2500000000
33408  25.304  -16.052  58.450 0.2500000000
91418  26.113  -17.111  58.099 0.2500000000
32580  26.765  -17.344  57.820 0.2500000000
32567  29.050  -17.330  58.520 0.2500000000
34976  27.966  -14.731  56.242 0.2500000000
32578  28.996  -16.994  57.560 0.3750000000
33418  28.876  -16.635  56.981 0.2500000000
34144  14.230  -15.337  67.840 0.2500000000
37532  18.493  -11.276  64.615 0.1250000000
35760  17.412  -13.310  64.579 0.1250000000
34160  17.195  -15.230  64.929 0.2500000000
34919  15.072  -14.772  67.040 0.2500000000
35777  18.880  -13.777  63.102 0.1250000000
34166  19.548  -15.507  63.561 0.3750000000
34943  20.060  -14.679  62.280 0.1250000000
34165  20.142  -15.669  63.174 0.3750000000
39400  27.734  -9.872  56.701 0.2500000000
38544  27.846  -10.891  55.857 0.2500000000
37609  27.242  -11.356  56.185 0.2500000000
40983  31.139  -8.444  60.502 0.1250000000
40211  29.801  -8.568  59.949 0.1250000000
40206  28.910  -8.348  61.241 0.1250000000
39371  27.432  -9.579  59.438 0.1250000000
38530  26.251  -10.412  57.710 0.2500000000
38537  26.632  -10.953  56.884 0.2500000000
38522  26.180  -10.402  58.544 0.2500000000
36679  26.670  -12.493  56.601 0.2500000000
37568  26.089  -12.175  61.979 0.1250000000
95231  30.718  -8.459  61.944 0.1250000000
40199  30.383  -8.480  62.208 0.1250000000
36658  25.206  -13.341  59.346 0.1250000000
40201  28.288  -8.640  61.981 0.1250000000
39363  27.490  -9.618  60.309 0.1250000000
89991  26.942  -13.870  56.548 0.1250000000
34978  27.124  -14.742  56.645 0.1250000000
37527  27.072  -12.383  64.372 0.1250000000
36600  28.356  -12.283  66.807 0.1250000000
81026  26.463  -11.713  63.167 0.1250000000
37540  27.298  -12.011  63.759 0.1250000000
37514  28.231  -12.362  65.203 0.1250000000
90379  28.449  -11.854  64.800 0.1250000000
37551  27.316  -11.460  63.108 0.1250000000
40195  29.219  -8.226  63.486 0.1250000000
40969  30.152  -7.663  63.985 0.1250000000
37580  26.622  -12.688  60.415 0.2500000000
91240  28.002  -9.201  62.545 0.1250000000
39357  27.671  -9.464  61.875 0.1250000000
34964  25.477  -14.318  58.378 0.2500000000
34202  25.345  -15.173  58.386 0.2500000000
90546  27.156  -10.371  60.568 0.1250000000
35813  25.905  -13.929  57.799 0.2500000000
33419  27.027  -16.978  57.223 0.2500000000
32569  27.432  -17.516  57.912 0.2500000000
38523  25.932  -11.117  58.198 0.1250000000
38514  26.471  -10.906  59.444 0.1250000000
36669  26.210  -12.723  57.399 0.1250000000
34222  26.909  -15.576  56.912 0.2500000000
38486  26.973  -11.160  61.894 0.1250000000
37552  26.668  -11.588  62.421 0.1250000000
38475  28.080  -10.844  63.240 0.1250000000
38497  27.121  -11.086  61.144 0.1250000000
37591  26.957  -12.146  60.129 0.1250000000
36670  25.879  -12.746  58.275 0.2500000000
87145  25.951  -13.268  57.846 0.2500000000
35812  26.222  -13.491  57.409 0.1250000000
44836  41.715  -2.663  44.328 0.1250000000
48911  44.935  3.062  51.685 0.1250000000
36596  27.885  -12.100  68.082 0.1250000000
49682  52.167  4.832  37.862 0.5000000000
49696  52.885  4.263  35.499 0.3750000000
50360  52.737  5.154  37.218 0.3750000000
34136  13.868  -15.028  68.321 0.1250000000
34137  12.830  -15.422  68.877 0.1250000000
35755  15.770  -14.270  66.318 0.1250000000
34140  13.428  -15.718  67.934 0.1250000000
81359  14.085  -14.387  68.917 0.1250000000
87757  13.410  -15.212  69.105 0.1250000000
35754  16.334  -13.885  65.717 0.1250000000
29281  29.883  -21.707  63.153 0.1250000000
38559  35.034  -10.964  53.441 0.1250000000
37629  34.568  -11.460  53.087 0.1250000000
37623  34.724  -11.302  53.955 0.1250000000
38558  35.490  -10.410  53.212 0.1250000000
39449  36.136  -9.877  52.863 0.1250000000
79078  35.946  -8.278  50.504 0.3750000000
80384  35.955  -8.293  49.614 0.3750000000
40312  36.660  -8.243  50.108 0.1250000000
40331  36.044  -8.303  48.668 0.3750000000
40311  37.506  -8.149  49.796 0.1250000000
40330  36.723  -8.250  49.215 0.1250000000
93510  36.777  -8.224  48.417 0.1250000000
40343  36.361  -8.213  47.785 0.3750000000
41824  38.194  -6.649  45.877 0.1250000000
45455  34.572  -1.709  52.957 0.1250000000
44768  33.810  -2.508  52.196 0.1250000000
46122  36.455  -0.822  55.923 0.1250000000
81545  37.390  -0.784  55.135 0.1250000000
79077  38.333  -2.016  52.008 0.1250000000
45460  38.876  -1.907  51.169 0.1250000000
45463  40.176  -1.223  50.787 0.2500000000
78595  47.772  -0.907  41.438 0.1250000000
45560  46.376  -1.269  41.221 0.1250000000
47706  57.735  0.949  36.862 0.1250000000
79263  57.749  1.150  37.470 0.1250000000
83194  58.137  0.995  37.345 0.1250000000
47699  59.356  1.368  38.324 0.1250000000
48352  60.104  1.646  36.373 0.1250000000
49037  53.467  3.762  34.887 0.1250000000
48365  55.307  2.466  35.022 0.1250000000
49038  52.812  3.016  35.195 0.1250000000
48346  57.387  1.408  37.368 0.1250000000
48338  58.695  1.776  38.870 0.1250000000
47693  58.693  1.650  38.774 0.1250000000
47692  59.179  1.619  39.112 0.1250000000
48344  60.239  1.470  37.729 0.1250000000
47691  60.135  1.622  39.138 0.1250000000
49024  62.042  2.690  37.862 0.1250000000
48343  61.204  2.073  38.499 0.1250000000
49695  53.524  4.724  35.254 0.2500000000
49688  53.389  5.044  35.807 0.2500000000
49705  55.346  4.242  34.129 0.1250000000
49707  54.007  4.535  34.738 0.1250000000
49045  57.033  3.268  35.130 0.1250000000
49047  55.674  3.272  34.532 0.1250000000
48366  54.602  2.772  34.730 0.1250000000
49039  52.039  2.915  35.594 0.1250000000
49035  57.093  2.312  36.353 0.1250000000
85743  62.112  3.432  36.968 0.1250000000
50368  53.417  5.356  36.611 0.1250000000
50359  53.643  5.594  37.507 0.1250000000
49057  56.110  4.048  34.038 0.1250000000
49706  54.650  4.349  34.416 0.1250000000
49044  57.794  3.411  35.429 0.1250000000
49026  58.403  2.596  37.455 0.1250000000
49025  59.467  3.499  37.071 0.1250000000
78670  59.290  2.611  38.413 0.1250000000
49681  60.605  3.535  38.222 0.1250000000
48330  59.689  1.999  39.722 0.1250000000
49014  61.369  3.479  39.010 0.1250000000
48335  61.513  2.629  39.108 0.1250000000
49012  62.251  4.212  38.152 0.1250000000
49022  62.315  4.154  37.158 0.1250000000
50367  54.358  5.763  36.911 0.1250000000
79807  53.313  5.549  39.042 0.3750000000
50379  54.228  5.237  35.269 0.1250000000
50392  54.561  4.995  34.623 0.1250000000
78771  54.154  5.506  36.078 0.1250000000
49720  55.283  5.177  34.130 0.1250000000
50389  59.396  5.364  34.513 0.1250000000
49693  59.325  4.215  35.841 0.1250000000
50376  60.752  5.579  36.168 0.1250000000
49694  58.578  3.973  35.221 0.1250000000
83167  61.219  8.125  36.027 0.1250000000
51088  61.902  6.818  37.598 0.1250000000
50366  61.594  6.003  37.568 0.1250000000
51809  61.361  8.606  35.805 0.1250000000
50365  62.067  6.204  38.178 0.1250000000
49687  60.589  4.635  36.838 0.1250000000
50357  62.121  5.661  38.409 0.1250000000
92954  54.669  5.628  35.753 0.1250000000
49718  56.631  4.663  33.601 0.1250000000
49719  55.867  4.933  33.672 0.1250000000
51109  59.710  6.154  34.273 0.1250000000
49703  58.947  4.670  34.877 0.1250000000
80523  60.609  7.968  34.920 0.1250000000
51108  60.564  6.874  35.042 0.1250000000
51100  61.283  6.821  36.500 0.1250000000
91708  60.237  7.933  33.988 0.1250000000
49716  57.961  4.809  33.743 0.1250000000
50403  58.978  5.655  33.699 0.1250000000
50390  58.592  5.021  34.080 0.1250000000
51119  60.026  7.037  34.049 0.1250000000
51827  60.031  8.867  33.637 0.1250000000
45569  45.824  -1.148  40.728 0.1250000000
86784  13.324  -15.593  68.414 0.1250000000
84315  36.976  -9.350  53.314 0.1250000000
93352  14.625  -14.158  68.254 0.1250000000
50354  52.997  5.352  38.143 0.2500000000
94841  13.359  -15.438  68.646 0.1250000000
36693  34.240  -12.028  53.620 0.1250000000
38574  35.068  -11.052  52.749 0.1250000000
40298  36.689  -8.195  50.986 0.2500000000
78328  34.644  -1.455  54.188 0.1250000000
48353  58.937  1.410  36.250 0.1250000000
48351  61.054  2.134  36.976 0.1250000000
49049  54.204  3.544  34.583 0.1250000000
49048  54.913  3.441  34.403 0.1250000000
79278  56.627  2.466  35.748 0.1250000000
49027  57.789  1.890  37.834 0.1250000000
48329  60.518  2.268  39.513 0.1250000000
49046  56.413  3.221  34.791 0.1250000000
49013  62.015  3.699  38.792 0.1250000000
92691  57.501  3.844  34.511 0.1250000000
49034  58.512  3.408  36.204 0.1250000000
49680  61.762  5.076  38.462 0.1250000000
49015  60.105  2.562  39.328 0.1250000000
49679  62.049  4.859  38.544 0.1250000000
50388  60.270  5.894  35.203 0.1250000000
50377  59.827  5.072  35.500 0.1250000000
49704  58.148  4.266  34.433 0.1250000000
51099  61.841  7.668  36.888 0.1250000000
53186  61.043  9.545  35.390 0.1250000000
49717  57.433  4.416  33.889 0.1250000000
30116  19.270  -20.420  63.192 0.2500000000
29271  29.104  -22.073  63.556 0.1250000000
40286  36.818  -8.062  51.783 0.2500000000
39431  38.388  -8.035  53.073 0.1250000000
42542  39.091  -5.595  45.232 0.1250000000
87591  40.717  -3.470  44.381 0.1250000000
44100  41.744  -3.774  45.337 0.1250000000
93693  41.214  -3.033  44.349 0.1250000000
44119  40.244  -3.132  43.942 0.1250000000
50970  48.319  6.900  48.026 0.1250000000
51680  48.784  7.373  47.561 0.1250000000
51709  49.606  7.090  45.905 0.1250000000
51020  50.119  5.785  44.712 0.1250000000
40272  37.642  -7.729  52.667 0.2500000000
27871  16.009  -23.917  63.389 0.1250000000
28512  17.398  -22.783  63.856 0.1250000000
28511  18.042  -22.336  63.679 0.1250000000
28506  17.838  -22.266  64.428 0.1250000000
28519  18.074  -22.955  63.094 0.1250000000
29274  18.357  -21.534  63.858 0.1250000000
30108  18.627  -20.892  64.486 0.1250000000
29273  18.856  -21.129  63.021 0.1250000000
30927  19.908  -20.100  62.781 0.1250000000
34985  32.774  -14.804  54.301 0.1250000000
34984  33.280  -14.065  54.384 0.1250000000
86828  44.817  -1.559  42.904 0.1250000000
45549  44.357  -1.583  42.228 0.1250000000
80267  45.541  -1.458  43.065 0.1250000000
45563  43.848  -1.408  41.603 0.1250000000
45548  45.191  -1.564  42.149 0.1250000000
46272  44.101  -1.078  40.904 0.1250000000
94397  49.949  -0.510  41.744 0.1250000000
47002  49.898  -0.363  41.035 0.1250000000
30926  20.604  -19.902  62.480 0.1250000000
45562  44.674  -1.478  41.400 0.1250000000
30117  18.783  -20.775  63.663 0.1250000000
27145  15.194  -24.476  63.682 0.1250000000
27143  16.994  -23.506  63.309 0.1250000000
29285  18.501  -22.015  63.030 0.1250000000
40285  37.582  -7.991  51.602 0.1250000000
45531  45.888  -1.248  44.091 0.1250000000
84415  46.285  -1.327  43.151 0.1250000000
45561  45.543  -1.443  41.320 0.1250000000
30872  29.744  -19.436  68.172 0.8750000000
30879  32.324  -20.637  66.422 0.7500000000
30901  36.045  -19.127  64.758 0.7500000000
31703  28.985  -17.918  62.984 0.5000000000
31718  27.135  -17.779  61.029 0.3750000000
31721  29.572  -18.157  60.754 0.5000000000
31722  28.805  -18.398  60.808 0.3750000000
32468  26.860  -17.706  68.869 0.8750000000
32471  27.658  -17.787  68.032 0.7500000000
32489  36.031  -17.879  65.092 0.8750000000
32491  34.840  -17.289  65.145 0.8750000000
32514  25.900  -16.949  64.095 0.5000000000
32554  25.412  -17.312  59.286 0.3750000000
32566  30.098  -17.224  58.808 0.5000000000
32579  27.520  -17.223  57.354 0.2500000000
33333  35.615  -16.707  65.088 0.8750000000
33384  22.688  -16.123  61.788 0.2500000000
33389  31.192  -15.853  60.908 0.6250000000
33421  25.884  -16.444  57.992 0.2500000000
33428  28.367  -16.395  56.650 0.2500000000
33429  27.608  -16.713  56.855 0.2500000000
34209  30.549  -15.213  57.529 0.7500000000
34210  29.836  -15.633  57.235 0.3750000000
34211  26.330  -15.832  57.436 0.2500000000
34950  31.731  -14.190  61.071 1.0000000000
34981  28.756  -13.597  55.899 0.2500000000
35752  35.942  -13.306  65.070 1.0000000000
35758  34.795  -13.561  65.086 1.0000000000
35766  33.705  -13.504  63.712 1.0000000000
35802  31.647  -13.891  58.836 0.7500000000
35811  30.948  -13.783  57.421 0.6250000000
36601  27.620  -12.492  66.939 0.1250000000
36605  36.093  -12.589  65.029 1.0000000000
36606  35.717  -12.522  65.061 1.0000000000
37524  36.189  -11.492  64.721 1.0000000000
37547  37.658  -10.370  63.174 0.8750000000
37549  35.731  -10.781  63.327 0.8750000000
37604  25.980  -11.913  57.834 0.1250000000
37610  26.773  -11.768  56.491 0.2500000000
38461  36.624  -10.845  63.793 1.0000000000
38462  36.543  -10.859  63.901 1.0000000000
38473  37.164  -10.050  63.522 0.8750000000
38482  38.416  -9.352  63.007 0.8750000000
38483  37.578  -9.358  63.367 0.8750000000
39354  38.878  -8.765  62.463 1.0000000000
40222  38.031  -6.006  58.935 1.0000000000
40987  39.738  -5.958  59.206 1.0000000000
44108  41.444  -3.336  44.713 0.1250000000
47685  59.871  1.862  39.801 0.1250000000
47686  59.193  1.849  39.388 0.1250000000
47694  58.180  1.593  38.141 0.1250000000
47700  58.451  1.320  38.128 0.1250000000
48336  60.930  2.175  39.443 0.1250000000
48337  59.124  2.049  39.266 0.1250000000
48342  61.946  2.727  39.006 0.1250000000
48345  59.130  1.249  37.324 0.1250000000
49016  58.379  2.000  38.479 0.1250000000
49023  62.189  3.402  38.212 0.1250000000
49056  56.874  3.904  34.215 0.1250000000
49678  62.190  4.750  38.405 0.1250000000
50391  55.146  5.611  34.683 0.1250000000
52477  61.046  9.389  35.558 0.1250000000
77125  26.599  -17.145  67.106 0.6250000000
79166  57.669  2.424  36.841 0.1250000000
79398  35.991  -16.312  65.078 0.8750000000
82407  26.456  -14.180  57.161 0.1250000000
84748  28.488  -17.901  67.689 0.7500000000
90842  29.019  -18.110  67.768 0.7500000000
93665  35.119  -20.949  65.027 0.7500000000
