#!ascii label  , from subject sub-v1s16x0051184_ses-1 vox2ras=TkReg
910
45235  29.809  -17.481  35.253 0.0000000000
54701  44.731  -8.175  19.575 0.0000000000
51459  34.583  -11.306  26.212 0.0000000000
47102  8.993  -15.835  46.789 0.0000000000
47212  24.740  -15.116  38.082 0.0000000000
55703  36.715  -7.887  23.815 0.0000000000
46195  14.590  -16.204  40.163 0.0000000000
44064  12.757  -18.124  44.108 0.0000000000
45186  19.130  -17.734  38.006 0.0000000000
53715  48.787  -9.548  19.263 0.0000000000
49304  28.177  -13.190  36.283 0.0000000000
95948  30.697  -12.628  32.578 0.0000000000
47237  32.426  -15.121  35.593 0.0000000000
57477  48.139  -5.219  16.760 0.0000000000
55781  50.585  -6.922  15.547 0.0000000000
56625  41.853  -6.922  20.866 0.0000000000
51529  44.186  -11.525  22.953 0.0000000000
110948  39.688  -10.415  22.381 0.0000000000
95946  38.853  -11.451  26.687 0.0000000000
41996  27.786  -20.487  38.514 0.0000000000
42883  6.806  -19.426  49.929 0.0000000000
46017  3.467  -16.819  52.622 0.0000000000
48026  3.230  -14.074  56.055 0.0000000000
45200  27.233  -17.260  36.831 0.0000000000
44139  23.671  -18.814  38.420 0.0000000000
52476  30.690  -10.416  28.924 0.0000000000
50348  35.015  -12.176  31.540 0.0000000000
58225  53.757  -4.868  12.541 0.0000000000
54699  46.380  -8.579  19.297 0.0000000000
53682  46.096  -10.301  21.216 0.0000000000
96800  29.399  -14.949  35.847 0.0000000000
48340  30.024  -14.254  34.721 0.0000000000
46256  31.396  -16.666  34.936 0.0000000000
57463  45.439  -5.658  19.323 0.0000000000
58192  47.693  -4.652  18.443 0.0000000000
104379  46.128  -6.215  18.170 0.0000000000
96959  48.229  -7.849  17.481 0.0000000000
98042  -0.232  -15.717  56.811 0.0000000000
54674  40.409  -8.326  21.262 0.0000000000
55709  39.383  -7.345  22.350 0.0000000000
52561  35.009  -9.841  24.796 0.0000000000
52559  36.496  -10.603  24.165 0.0000000000
51458  36.411  -11.407  26.281 0.0000000000
51412  36.287  -11.156  28.506 0.0000000000
45113  10.591  -17.318  45.387 0.0000000000
43988  11.518  -18.118  46.410 0.0000000000
43972  9.540  -18.634  47.403 0.0000000000
42881  8.624  -19.636  49.043 0.0000000000
45092  7.566  -17.818  48.465 0.0000000000
47020  5.216  -15.594  51.817 0.0000000000
45996  2.649  -15.758  54.192 0.0000000000
45202  25.825  -16.630  36.904 0.0000000000
111956  25.372  -18.375  35.993 0.0000000000
45223  23.713  -17.444  36.135 0.0000000000
95684  18.175  -18.456  41.013 0.0000000000
44114  20.279  -18.380  40.288 0.0000000000
50287  32.448  -12.677  34.399 0.0000000000
94592  32.335  -12.633  31.886 0.0000000000
55690  38.923  -6.874  24.021 0.0000000000
107216  36.196  -7.576  26.131 0.0000000000
53627  33.776  -9.013  25.729 0.0000000000
44103  16.046  -18.328  41.116 0.0000000000
44061  15.082  -18.420  43.885 0.0000000000
45138  13.289  -17.441  42.062 0.0000000000
47157  11.520  -15.850  43.501 0.0000000000
48158  10.778  -14.514  45.610 0.0000000000
47241  21.928  -15.492  36.251 0.0000000000
47214  19.152  -14.793  37.706 0.0000000000
45189  16.947  -16.969  38.495 0.0000000000
52394  28.024  -10.512  35.092 0.0000000000
107658  28.541  -11.048  32.610 0.0000000000
94092  28.766  -12.790  34.082 0.0000000000
49321  31.186  -13.237  34.640 0.0000000000
57486  50.871  -5.222  14.696 0.0000000000
56641  49.135  -6.323  16.109 0.0000000000
54728  49.510  -8.395  17.387 0.0000000000
55733  43.713  -7.454  19.800 0.0000000000
53684  44.580  -9.983  21.107 0.0000000000
53686  42.358  -9.494  21.225 0.0000000000
52599  42.091  -10.635  22.294 0.0000000000
51497  41.369  -11.850  24.798 0.0000000000
53669  37.899  -9.442  22.646 0.0000000000
103660  39.164  -11.368  23.746 0.0000000000
43067  29.123  -19.355  36.167 0.0000000000
43052  31.593  -18.978  37.124 0.0000000000
57458  44.320  -5.687  20.466 0.0000000000
48109  7.648  -14.613  48.813 0.0000000000
46048  5.950  -16.455  50.138 0.0000000000
43917  4.622  -18.497  51.518 0.0000000000
42845  3.577  -19.164  52.954 0.0000000000
45059  2.028  -17.724  53.729 0.0000000000
107267  1.030  -15.666  55.418 0.0000000000
101761  0.681  -14.355  56.634 0.0000000000
96826  0.900  -12.856  57.321 0.0000000000
45218  28.462  -17.813  35.777 0.0000000000
43069  27.191  -19.331  36.318 0.0000000000
41998  25.943  -20.409  38.743 0.0000000000
45184  21.474  -17.836  37.763 0.0000000000
96321  32.278  -11.333  27.155 0.0000000000
50370  30.396  -12.362  30.496 0.0000000000
50387  31.897  -12.585  29.398 0.0000000000
50384  34.738  -11.982  29.347 0.0000000000
45197  33.611  -17.636  37.651 0.0000000000
57494  54.844  -6.019  11.950 0.0000000000
57485  52.201  -5.574  13.770 0.0000000000
56659  53.357  -7.221  13.580 0.0000000000
54700  45.549  -8.365  19.445 0.0000000000
53705  46.300  -9.730  20.452 0.0000000000
53706  45.519  -9.396  20.336 0.0000000000
46257  29.736  -16.646  35.319 0.0000000000
47254  30.185  -16.313  34.845 0.0000000000
45234  30.454  -17.573  35.083 0.0000000000
55744  44.988  -6.810  19.083 0.0000000000
56631  45.332  -6.126  18.946 0.0000000000
55743  45.615  -6.929  18.728 0.0000000000
54716  46.717  -8.140  18.648 0.0000000000
46963  -0.732  -15.708  57.345 0.0000000000
56606  40.617  -6.690  22.631 0.0000000000
56593  40.454  -6.730  23.468 0.0000000000
52544  34.542  -10.322  25.316 0.0000000000
52543  35.337  -10.666  25.077 0.0000000000
109447  35.409  -11.408  26.408 0.0000000000
97589  36.764  -11.227  27.731 0.0000000000
51440  35.346  -11.536  27.163 0.0000000000
45114  9.941  -16.902  45.826 0.0000000000
45105  10.307  -17.751  46.095 0.0000000000
45099  9.206  -17.925  46.962 0.0000000000
43973  8.781  -18.357  47.533 0.0000000000
96424  8.488  -17.286  47.427 0.0000000000
46215  25.233  -15.587  37.842 0.0000000000
46240  24.315  -16.649  36.227 0.0000000000
106457  23.937  -15.713  36.453 0.0000000000
44086  17.433  -18.453  42.249 0.0000000000
53544  30.291  -9.418  32.861 0.0000000000
50285  34.308  -12.489  34.550 0.0000000000
55680  34.839  -8.203  25.770 0.0000000000
99889  34.360  -7.878  27.165 0.0000000000
45157  15.424  -17.406  39.859 0.0000000000
45136  14.822  -18.096  41.628 0.0000000000
46181  14.047  -16.401  40.676 0.0000000000
47172  12.460  -15.483  42.500 0.0000000000
48206  12.424  -14.629  43.570 0.0000000000
47140  11.196  -15.492  44.039 0.0000000000
48296  21.395  -14.409  38.139 0.0000000000
47192  15.888  -15.150  39.718 0.0000000000
48284  17.153  -15.182  38.698 0.0000000000
46205  15.627  -16.711  39.416 0.0000000000
45156  16.203  -17.896  39.745 0.0000000000
51313  27.703  -11.365  34.595 0.0000000000
50274  27.896  -12.694  35.253 0.0000000000
47253  31.108  -15.206  34.844 0.0000000000
102180  30.841  -13.788  34.792 0.0000000000
48330  32.062  -14.161  35.481 0.0000000000
49308  32.476  -13.424  35.596 0.0000000000
48317  32.759  -14.239  35.955 0.0000000000
95061  47.204  -5.210  17.741 0.0000000000
58203  49.247  -4.512  16.056 0.0000000000
56642  48.333  -6.154  16.568 0.0000000000
54714  48.312  -8.527  18.068 0.0000000000
54729  48.831  -8.306  17.594 0.0000000000
54713  49.182  -8.779  18.015 0.0000000000
55726  43.019  -7.222  20.149 0.0000000000
53708  42.995  -8.940  20.675 0.0000000000
54687  42.531  -8.050  20.428 0.0000000000
53666  40.265  -9.966  21.892 0.0000000000
52623  41.076  -9.772  21.671 0.0000000000
110920  40.394  -10.858  22.670 0.0000000000
51515  41.384  -11.617  23.791 0.0000000000
51532  40.719  -11.343  23.347 0.0000000000
55702  37.433  -7.443  23.623 0.0000000000
55711  37.814  -7.892  22.860 0.0000000000
54651  37.137  -8.261  23.186 0.0000000000
51479  37.657  -11.438  25.287 0.0000000000
51500  37.986  -11.338  24.412 0.0000000000
51478  38.566  -11.519  25.134 0.0000000000
93617  40.108  -11.659  25.734 0.0000000000
42007  29.143  -20.314  37.574 0.0000000000
42006  30.087  -20.161  37.719 0.0000000000
101397  43.072  -6.095  21.641 0.0000000000
57447  43.616  -5.882  20.927 0.0000000000
57459  43.802  -6.005  20.215 0.0000000000
44063  13.240  -18.138  43.475 0.0000000000
44009  13.372  -18.267  45.290 0.0000000000
42868  7.479  -19.903  49.977 0.0000000000
42855  8.574  -19.980  50.590 0.0000000000
41792  7.381  -20.343  51.355 0.0000000000
107079  6.187  -19.910  51.021 0.0000000000
48097  7.411  -14.331  49.664 0.0000000000
47048  6.921  -15.777  49.268 0.0000000000
47039  6.392  -15.542  50.034 0.0000000000
46015  4.515  -15.774  52.414 0.0000000000
46034  5.085  -16.659  51.071 0.0000000000
45075  4.262  -17.626  51.731 0.0000000000
43905  4.127  -18.542  52.030 0.0000000000
45068  3.151  -17.737  52.661 0.0000000000
43898  2.506  -18.557  53.592 0.0000000000
105795  2.905  -16.984  52.962 0.0000000000
95585  2.561  -14.844  55.282 0.0000000000
45992  1.741  -15.793  54.802 0.0000000000
46979  1.861  -14.396  55.757 0.0000000000
48028  1.198  -14.300  56.242 0.0000000000
48027  2.257  -13.888  56.160 0.0000000000
45199  28.177  -17.236  36.940 0.0000000000
45179  29.028  -16.941  37.791 0.0000000000
45219  27.482  -17.789  36.047 0.0000000000
44163  27.826  -18.594  35.995 0.0000000000
44164  26.877  -18.423  36.004 0.0000000000
44150  24.289  -18.943  36.755 0.0000000000
43058  25.755  -19.919  36.936 0.0000000000
43044  24.424  -19.455  38.263 0.0000000000
46226  19.847  -16.571  36.744 0.0000000000
45226  21.092  -17.044  36.551 0.0000000000
107486  20.785  -17.655  37.537 0.0000000000
93820  21.723  -18.317  40.687 0.0000000000
52619  44.273  -10.558  21.676 0.0000000000
52618  45.227  -10.583  21.559 0.0000000000
51528  45.155  -11.540  22.898 0.0000000000
53598  31.825  -9.173  28.870 0.0000000000
53610  32.089  -9.569  27.221 0.0000000000
52499  31.024  -10.756  28.197 0.0000000000
50333  28.993  -12.174  32.775 0.0000000000
51361  29.214  -11.457  31.487 0.0000000000
108051  30.327  -12.536  31.829 0.0000000000
50349  34.248  -12.450  31.917 0.0000000000
50351  32.489  -12.750  31.072 0.0000000000
50366  33.780  -12.544  30.400 0.0000000000
50386  33.266  -12.550  29.159 0.0000000000
50365  34.534  -12.217  30.272 0.0000000000
51371  35.403  -11.721  30.237 0.0000000000
44158  32.445  -18.134  36.467 0.0000000000
95591  54.412  -5.384  12.127 0.0000000000
56653  50.664  -5.882  14.757 0.0000000000
56652  51.340  -5.957  14.309 0.0000000000
56645  50.932  -6.507  14.923 0.0000000000
55791  53.127  -7.648  14.255 0.0000000000
55790  53.847  -7.900  13.975 0.0000000000
93280  15.481  -14.735  40.540 0.0000000000
47183  13.962  -15.374  40.891 0.0000000000
96825  47.749  -9.445  19.511 0.0000000000
53703  48.284  -9.915  20.101 0.0000000000
53704  47.330  -9.841  20.253 0.0000000000
48319  28.725  -14.006  36.145 0.0000000000
48332  29.058  -13.959  35.249 0.0000000000
47265  29.630  -14.622  34.943 0.0000000000
46266  30.869  -16.100  34.738 0.0000000000
46255  31.820  -15.904  35.083 0.0000000000
57461  46.958  -5.084  19.752 0.0000000000
57468  46.015  -5.721  18.613 0.0000000000
57467  46.590  -5.659  17.886 0.0000000000
57471  47.102  -5.723  17.434 0.0000000000
56634  47.597  -6.180  17.097 0.0000000000
55755  47.473  -7.110  17.537 0.0000000000
54715  47.495  -8.389  18.397 0.0000000000
45989  0.020  -16.865  56.527 0.0000000000
56615  41.615  -6.631  21.571 0.0000000000
55717  41.143  -7.151  21.127 0.0000000000
56616  40.838  -6.829  21.814 0.0000000000
54675  39.800  -7.834  21.710 0.0000000000
101749  38.949  -9.021  21.939 0.0000000000
54641  35.561  -8.687  24.438 0.0000000000
53653  36.468  -9.362  23.532 0.0000000000
52560  35.735  -10.258  24.475 0.0000000000
51480  36.732  -11.314  25.448 0.0000000000
95714  37.345  -11.463  26.124 0.0000000000
103039  37.612  -11.186  27.599 0.0000000000
51411  37.239  -10.948  28.352 0.0000000000
41982  27.385  -20.548  39.342 0.0000000000
45123  11.341  -17.272  44.336 0.0000000000
44011  11.863  -18.015  45.543 0.0000000000
44012  11.002  -17.908  45.794 0.0000000000
43989  10.679  -18.196  46.567 0.0000000000
42925  9.911  -19.055  48.111 0.0000000000
42903  7.992  -19.298  48.895 0.0000000000
43940  7.438  -18.616  48.907 0.0000000000
47029  6.403  -14.552  51.408 0.0000000000
47006  5.075  -14.973  52.900 0.0000000000
46003  4.301  -15.281  53.436 0.0000000000
46004  3.279  -16.003  53.330 0.0000000000
45995  3.686  -15.185  54.231 0.0000000000
46985  4.158  -14.598  55.131 0.0000000000
46970  4.321  -14.301  56.557 0.0000000000
45201  26.479  -17.013  36.901 0.0000000000
44165  25.963  -18.250  35.966 0.0000000000
100439  25.269  -17.905  35.915 0.0000000000
45222  24.524  -17.671  36.015 0.0000000000
44151  23.567  -18.559  36.855 0.0000000000
44129  18.802  -18.392  39.494 0.0000000000
44128  19.708  -18.357  39.469 0.0000000000
44115  19.359  -18.460  40.335 0.0000000000
51513  43.568  -11.698  23.391 0.0000000000
53588  30.500  -9.802  30.554 0.0000000000
50307  32.094  -12.595  33.499 0.0000000000
50330  31.657  -12.627  32.474 0.0000000000
50306  33.063  -12.518  33.569 0.0000000000
50329  33.674  -12.500  32.737 0.0000000000
58220  53.238  -4.148  13.151 0.0000000000
49080  -0.709  -13.520  57.641 0.0000000000
94201  38.912  -7.000  24.995 0.0000000000
55677  37.419  -7.146  25.374 0.0000000000
55678  36.462  -7.530  25.227 0.0000000000
54631  35.185  -8.440  25.067 0.0000000000
53626  34.378  -9.412  25.248 0.0000000000
52545  33.774  -9.945  25.642 0.0000000000
93391  16.342  -18.433  42.148 0.0000000000
44032  16.137  -18.467  43.939 0.0000000000
100965  15.495  -18.362  42.361 0.0000000000
44088  13.814  -18.100  42.747 0.0000000000
45130  12.910  -17.653  42.735 0.0000000000
46182  13.376  -16.015  41.268 0.0000000000
46172  12.525  -16.340  42.318 0.0000000000
46159  11.679  -16.924  43.505 0.0000000000
46145  11.097  -16.377  44.229 0.0000000000
46133  10.498  -16.357  45.091 0.0000000000
47101  9.453  -15.356  46.312 0.0000000000
48320  23.000  -14.695  36.900 0.0000000000
48309  22.519  -14.493  37.427 0.0000000000
48323  20.580  -15.001  36.752 0.0000000000
46227  19.104  -16.547  37.053 0.0000000000
48298  18.681  -14.646  38.508 0.0000000000
47228  18.027  -15.732  37.736 0.0000000000
45187  18.231  -17.342  37.844 0.0000000000
44131  17.030  -18.162  39.656 0.0000000000
44118  16.707  -18.329  40.541 0.0000000000
53513  29.559  -9.681  35.122 0.0000000000
53545  29.373  -9.708  33.247 0.0000000000
52407  28.071  -10.675  34.133 0.0000000000
51349  28.421  -11.648  33.014 0.0000000000
50310  29.305  -12.652  33.514 0.0000000000
49322  29.450  -13.686  34.717 0.0000000000
103776  29.964  -13.023  33.911 0.0000000000
50289  30.711  -12.917  34.084 0.0000000000
49320  31.999  -13.023  34.974 0.0000000000
49307  33.208  -13.095  35.904 0.0000000000
58202  50.143  -3.940  15.875 0.0000000000
56647  49.515  -5.636  15.573 0.0000000000
56640  49.844  -6.602  15.756 0.0000000000
56633  48.253  -7.029  17.056 0.0000000000
55769  48.982  -7.043  16.614 0.0000000000
54702  44.078  -7.991  19.758 0.0000000000
96287  44.791  -9.397  20.509 0.0000000000
110164  43.636  -8.828  20.411 0.0000000000
53685  43.210  -9.763  21.230 0.0000000000
52620  43.462  -10.426  21.730 0.0000000000
53687  41.489  -9.289  21.252 0.0000000000
52622  41.812  -9.980  21.730 0.0000000000
52598  42.961  -10.808  22.287 0.0000000000
104726  42.867  -11.624  23.477 0.0000000000
51496  42.359  -11.908  24.234 0.0000000000
55700  39.062  -6.941  23.077 0.0000000000
54662  38.312  -8.597  22.357 0.0000000000
53668  38.605  -9.565  22.312 0.0000000000
52578  37.710  -10.308  23.142 0.0000000000
52577  38.618  -10.781  23.050 0.0000000000
52576  39.462  -10.942  22.882 0.0000000000
51516  40.362  -11.644  24.096 0.0000000000
44161  29.569  -18.692  35.772 0.0000000000
44160  30.442  -18.727  35.827 0.0000000000
43066  30.022  -19.292  36.342 0.0000000000
43041  31.021  -19.844  37.987 0.0000000000
93978  44.948  -5.534  19.963 0.0000000000
56628  44.571  -6.322  19.372 0.0000000000
47080  9.039  -14.953  46.930 0.0000000000
48108  8.424  -14.122  48.429 0.0000000000
47081  8.505  -15.443  47.359 0.0000000000
110759  7.650  -16.430  48.274 0.0000000000
45083  6.991  -17.695  49.077 0.0000000000
43928  6.244  -18.616  49.991 0.0000000000
46033  5.575  -15.883  50.944 0.0000000000
45081  5.267  -17.651  50.693 0.0000000000
43929  5.673  -18.600  50.516 0.0000000000
42856  5.084  -19.297  51.519 0.0000000000
41781  4.682  -20.170  52.859 0.0000000000
45042  0.928  -17.650  55.001 0.0000000000
45997  1.833  -16.749  54.092 0.0000000000
45051  1.259  -16.853  54.606 0.0000000000
45034  0.441  -17.339  55.820 0.0000000000
45985  0.086  -15.801  56.479 0.0000000000
46972  -0.033  -15.102  56.829 0.0000000000
48009  0.611  -13.982  56.956 0.0000000000
49096  2.211  -13.312  56.866 0.0000000000
49091  1.399  -13.232  57.044 0.0000000000
49079  0.045  -13.311  57.491 0.0000000000
46238  29.386  -16.427  36.348 0.0000000000
45198  28.920  -16.930  36.565 0.0000000000
44180  29.263  -18.014  35.505 0.0000000000
44162  28.731  -18.569  35.834 0.0000000000
104989  27.892  -19.493  36.294 0.0000000000
43056  27.609  -20.082  36.778 0.0000000000
43070  26.315  -19.221  36.317 0.0000000000
43057  26.699  -20.047  36.841 0.0000000000
41997  26.856  -20.492  38.578 0.0000000000
46242  22.396  -16.348  36.096 0.0000000000
45224  22.760  -17.417  36.336 0.0000000000
44141  22.396  -18.152  38.012 0.0000000000
44127  20.735  -18.167  39.369 0.0000000000
44126  22.542  -18.262  39.240 0.0000000000
44125  23.361  -18.599  39.228 0.0000000000
53683  45.416  -9.894  20.870 0.0000000000
54619  33.130  -8.423  27.098 0.0000000000
53618  32.497  -9.970  26.579 0.0000000000
51461  33.055  -11.413  26.784 0.0000000000
53571  29.522  -10.004  31.586 0.0000000000
52455  29.732  -10.394  30.769 0.0000000000
52477  30.294  -10.982  29.510 0.0000000000
94591  31.634  -12.695  31.501 0.0000000000
50369  31.183  -12.535  29.975 0.0000000000
51388  31.162  -12.148  29.049 0.0000000000
51415  32.039  -11.857  27.818 0.0000000000
50417  33.459  -12.160  27.971 0.0000000000
101102  34.861  -11.724  27.648 0.0000000000
51413  35.279  -11.632  28.505 0.0000000000
44177  31.680  -18.212  35.802 0.0000000000
112120  32.628  -17.621  36.280 0.0000000000
106777  33.123  -16.723  36.513 0.0000000000
46223  33.660  -16.755  37.229 0.0000000000
103049  33.874  -15.925  37.234 0.0000000000
57496  55.833  -5.499  11.191 0.0000000000
58213  52.090  -4.883  13.923 0.0000000000
57492  53.116  -5.478  13.085 0.0000000000
55793  51.656  -6.902  14.645 0.0000000000
56651  52.841  -6.417  13.494 0.0000000000
56664  53.824  -5.732  12.546 0.0000000000
96733  54.363  -6.264  12.339 0.0000000000
97398  55.356  -7.454  12.422 0.0000000000
53717  45.971  -9.001  19.918 0.0000000000
54684  45.141  -8.836  20.005 0.0000000000
95896  30.108  -16.993  34.927 0.0000000000
55731  45.188  -7.578  19.160 0.0000000000
55730  45.951  -7.844  18.902 0.0000000000
48011  -0.548  -14.965  57.333 0.0000000000
51482  34.932  -11.060  25.669 0.0000000000
46119  9.414  -16.277  46.228 0.0000000000
105986  9.488  -16.922  46.248 0.0000000000
45107  9.090  -16.885  46.741 0.0000000000
46102  8.586  -16.319  47.202 0.0000000000
112224  24.495  -15.948  36.613 0.0000000000
47239  24.518  -15.396  37.180 0.0000000000
44059  17.764  -18.462  43.251 0.0000000000
105553  18.396  -18.467  42.601 0.0000000000
97699  30.964  -9.266  33.719 0.0000000000
46194  15.080  -16.460  39.753 0.0000000000
45158  14.660  -17.013  40.253 0.0000000000
47204  15.653  -15.932  39.425 0.0000000000
50265  27.532  -11.986  35.692 0.0000000000
47252  31.775  -14.937  35.205 0.0000000000
48331  31.347  -14.275  35.081 0.0000000000
47236  33.133  -15.184  36.207 0.0000000000
57470  47.581  -5.460  17.146 0.0000000000
58196  47.810  -4.742  17.507 0.0000000000
58195  48.402  -4.331  17.253 0.0000000000
58204  48.659  -4.693  16.568 0.0000000000
54697  48.067  -8.947  18.828 0.0000000000
53724  48.779  -9.019  18.573 0.0000000000
53723  49.537  -9.255  18.662 0.0000000000
43885  0.783  -18.688  55.637 0.0000000000
56624  42.571  -6.708  20.646 0.0000000000
55727  42.292  -7.323  20.527 0.0000000000
51457  38.261  -11.526  25.979 0.0000000000
51456  39.183  -11.564  25.827 0.0000000000
42008  28.173  -20.368  37.562 0.0000000000
41995  28.731  -20.471  38.471 0.0000000000
56614  42.339  -6.417  21.250 0.0000000000
56613  42.905  -6.225  20.898 0.0000000000
56623  43.241  -6.382  20.395 0.0000000000
44035  13.636  -18.317  44.430 0.0000000000
110482  13.068  -18.210  44.676 0.0000000000
41814  6.860  -20.068  50.618 0.0000000000
100342  6.864  -14.885  49.908 0.0000000000
46016  4.064  -16.713  52.179 0.0000000000
45067  3.731  -17.683  52.224 0.0000000000
45181  27.644  -17.077  37.893 0.0000000000
45220  26.643  -17.649  36.212 0.0000000000
96887  23.907  -18.960  37.556 0.0000000000
109721  24.342  -19.279  37.386 0.0000000000
107377  23.957  -19.013  39.104 0.0000000000
45205  19.520  -17.238  37.207 0.0000000000
45204  20.412  -17.258  36.908 0.0000000000
45185  20.081  -17.673  37.750 0.0000000000
52597  43.810  -10.989  22.269 0.0000000000
52596  44.701  -11.100  22.240 0.0000000000
53599  31.109  -9.581  29.283 0.0000000000
53605  31.216  -9.852  28.430 0.0000000000
50332  29.824  -12.481  32.622 0.0000000000
50353  29.568  -12.153  31.829 0.0000000000
98288  33.518  -12.627  31.098 0.0000000000
95779  34.354  -12.400  31.022 0.0000000000
107118  34.968  -12.062  30.860 0.0000000000
58224  54.355  -4.453  12.169 0.0000000000
48248  16.210  -14.417  41.179 0.0000000000
109589  15.010  -14.592  41.090 0.0000000000
48249  15.557  -14.457  41.304 0.0000000000
101064  16.392  -14.614  40.342 0.0000000000
54698  47.213  -8.803  19.077 0.0000000000
53716  46.836  -9.226  19.769 0.0000000000
52633  46.961  -10.205  20.994 0.0000000000
98479  30.689  -16.865  34.828 0.0000000000
57462  46.126  -5.365  19.383 0.0000000000
56635  46.833  -6.166  17.570 0.0000000000
55756  46.711  -6.855  17.875 0.0000000000
45986  -0.164  -16.368  56.731 0.0000000000
56605  41.418  -6.486  22.451 0.0000000000
55708  40.098  -7.052  22.068 0.0000000000
54661  39.082  -8.210  22.012 0.0000000000
53640  35.514  -9.393  24.337 0.0000000000
51481  35.818  -11.209  25.605 0.0000000000
52542  36.166  -10.961  24.858 0.0000000000
96374  37.944  -11.377  26.807 0.0000000000
51438  37.042  -11.390  26.956 0.0000000000
107867  36.226  -11.286  27.810 0.0000000000
51385  36.985  -10.788  28.972 0.0000000000
56604  42.344  -6.253  22.263 0.0000000000
45124  10.882  -17.004  44.772 0.0000000000
93207  11.182  -17.583  45.052 0.0000000000
43990  9.936  -18.233  46.734 0.0000000000
99802  10.295  -18.579  47.304 0.0000000000
45091  8.190  -18.003  47.971 0.0000000000
43957  8.507  -18.698  48.023 0.0000000000
43958  8.008  -18.655  48.397 0.0000000000
93863  4.602  -14.725  54.533 0.0000000000
46978  3.726  -14.410  55.627 0.0000000000
46213  26.393  -16.459  37.972 0.0000000000
94478  26.988  -16.915  37.675 0.0000000000
45221  25.889  -17.381  36.259 0.0000000000
44167  24.005  -18.246  36.233 0.0000000000
44168  23.335  -18.055  36.416 0.0000000000
44116  18.473  -18.453  40.340 0.0000000000
53570  31.290  -9.315  31.192 0.0000000000
50305  34.027  -12.459  33.654 0.0000000000
50304  34.960  -12.441  33.780 0.0000000000
50092  -0.831  -12.719  57.724 0.0000000000
55676  38.263  -7.016  25.351 0.0000000000
55679  35.641  -7.918  25.540 0.0000000000
55694  35.869  -8.090  24.762 0.0000000000
54624  34.085  -8.440  26.047 0.0000000000
54632  34.502  -8.720  25.419 0.0000000000
44060  16.064  -18.429  42.971 0.0000000000
44104  15.559  -18.303  41.592 0.0000000000
45137  14.008  -17.833  41.807 0.0000000000
47184  13.457  -14.964  41.667 0.0000000000
47156  12.018  -15.214  43.068 0.0000000000
46158  12.002  -16.142  42.865 0.0000000000
102630  12.312  -17.029  42.789 0.0000000000
106235  10.915  -14.799  44.963 0.0000000000
47141  10.831  -15.527  44.606 0.0000000000
47121  10.401  -15.302  45.238 0.0000000000
47122  9.891  -15.859  45.704 0.0000000000
48159  10.047  -14.907  45.913 0.0000000000
110964  22.715  -14.445  37.975 0.0000000000
48295  22.140  -14.396  38.217 0.0000000000
47226  19.929  -14.586  37.664 0.0000000000
94822  20.754  -14.479  37.707 0.0000000000
107940  19.760  -15.087  37.045 0.0000000000
107953  19.502  -15.860  36.848 0.0000000000
47227  18.858  -15.605  37.298 0.0000000000
46217  16.893  -16.049  38.474 0.0000000000
47216  17.452  -15.703  38.160 0.0000000000
46216  17.560  -16.530  37.950 0.0000000000
45188  17.620  -17.399  38.282 0.0000000000
45171  17.365  -17.820  38.904 0.0000000000
45144  15.845  -18.058  40.331 0.0000000000
102624  16.827  -18.430  41.484 0.0000000000
52393  28.754  -9.957  35.606 0.0000000000
52406  28.646  -9.959  34.637 0.0000000000
50312  27.813  -12.142  34.370 0.0000000000
51331  27.966  -11.585  33.761 0.0000000000
50311  28.391  -12.247  33.656 0.0000000000
108052  30.186  -13.449  34.374 0.0000000000
50288  31.571  -12.803  34.274 0.0000000000
49303  33.070  -13.594  36.141 0.0000000000
58187  47.660  -4.769  19.428 0.0000000000
112044  50.730  -3.572  16.034 0.0000000000
55754  48.920  -7.782  17.112 0.0000000000
55753  49.731  -7.773  16.716 0.0000000000
54686  43.428  -8.194  20.132 0.0000000000
52621  42.650  -10.210  21.738 0.0000000000
102427  40.907  -7.845  21.001 0.0000000000
54673  41.153  -8.555  20.994 0.0000000000
52600  41.183  -10.433  22.181 0.0000000000
108419  42.463  -11.168  22.887 0.0000000000
56594  39.718  -6.831  23.698 0.0000000000
55710  38.600  -7.610  22.599 0.0000000000
52579  36.815  -10.091  23.539 0.0000000000
112242  38.512  -11.353  24.050 0.0000000000
51518  38.187  -11.098  23.665 0.0000000000
51517  40.015  -11.284  23.322 0.0000000000
41993  30.489  -20.257  38.546 0.0000000000
57457  45.487  -5.370  20.444 0.0000000000
56629  43.808  -6.576  19.802 0.0000000000
55732  44.391  -7.276  19.416 0.0000000000
105920  15.380  -18.406  43.171 0.0000000000
44033  15.400  -18.462  44.573 0.0000000000
42867  8.664  -19.883  49.755 0.0000000000
48142  9.727  -14.560  46.636 0.0000000000
47059  8.024  -15.059  48.030 0.0000000000
46084  8.069  -16.195  47.841 0.0000000000
47060  7.482  -15.688  48.557 0.0000000000
46063  6.582  -16.641  49.421 0.0000000000
45084  6.339  -17.633  49.634 0.0000000000
47030  5.878  -15.022  51.533 0.0000000000
101931  6.094  -15.287  50.794 0.0000000000
45074  4.788  -17.609  51.206 0.0000000000
43916  5.162  -18.534  51.050 0.0000000000
42870  5.633  -19.397  50.999 0.0000000000
42844  4.173  -19.388  52.482 0.0000000000
43891  1.925  -18.573  54.172 0.0000000000
43892  1.349  -18.590  54.799 0.0000000000
45050  1.430  -17.720  54.306 0.0000000000
46005  2.455  -16.786  53.509 0.0000000000
97099  0.870  -16.532  55.196 0.0000000000
45988  0.453  -16.163  55.890 0.0000000000
46971  0.344  -15.002  56.557 0.0000000000
48010  -0.128  -14.863  57.006 0.0000000000
111915  2.938  -13.459  56.801 0.0000000000
106553  0.565  -13.501  57.204 0.0000000000
50091  0.367  -12.502  57.557 0.0000000000
45217  29.292  -17.300  35.662 0.0000000000
43071  25.400  -19.043  36.346 0.0000000000
43043  25.326  -20.089  37.946 0.0000000000
43042  26.278  -20.321  37.752 0.0000000000
48321  22.263  -14.734  36.638 0.0000000000
47240  22.988  -15.366  36.314 0.0000000000
45203  21.242  -17.521  36.965 0.0000000000
45225  21.805  -17.171  36.414 0.0000000000
45183  22.035  -17.839  36.994 0.0000000000
44152  22.833  -18.206  36.974 0.0000000000
111274  21.075  -18.260  40.264 0.0000000000
44113  22.468  -18.303  40.255 0.0000000000
101965  21.714  -18.170  39.786 0.0000000000
55649  33.792  -8.030  27.533 0.0000000000
54614  33.132  -8.353  27.947 0.0000000000
52511  31.956  -10.497  27.035 0.0000000000
54626  32.685  -9.056  26.760 0.0000000000
52526  32.541  -10.798  26.678 0.0000000000
52525  33.227  -10.585  26.226 0.0000000000
52430  28.723  -10.311  32.802 0.0000000000
53557  29.394  -9.831  32.379 0.0000000000
95597  28.942  -10.640  31.986 0.0000000000
50371  29.665  -12.010  30.967 0.0000000000
106427  29.478  -11.268  30.907 0.0000000000
51372  29.888  -11.449  30.256 0.0000000000
50368  32.123  -12.774  30.189 0.0000000000
51416  31.316  -11.631  28.281 0.0000000000
50400  31.900  -12.262  28.606 0.0000000000
50385  33.983  -12.346  29.011 0.0000000000
50399  33.561  -12.332  28.553 0.0000000000
50416  33.844  -11.839  27.302 0.0000000000
51414  34.268  -12.065  28.317 0.0000000000
97033  36.122  -11.260  29.960 0.0000000000
101674  31.165  -18.644  35.923 0.0000000000
44178  30.889  -18.229  35.428 0.0000000000
44159  31.704  -18.633  36.483 0.0000000000
44148  33.010  -18.225  37.354 0.0000000000
45216  33.091  -17.520  36.755 0.0000000000
103493  32.663  -17.100  36.100 0.0000000000
47223  33.738  -15.222  36.863 0.0000000000
57497  55.088  -5.444  11.683 0.0000000000
58228  55.312  -4.667  11.466 0.0000000000
56673  55.441  -6.210  11.670 0.0000000000
58206  51.054  -4.417  14.801 0.0000000000
58214  51.586  -4.896  14.291 0.0000000000
58221  52.528  -4.689  13.598 0.0000000000
111342  52.771  -7.043  13.953 0.0000000000
55825  53.682  -6.566  12.907 0.0000000000
103119  29.651  -15.895  35.882 0.0000000000
47255  29.853  -15.672  35.114 0.0000000000
55742  46.322  -7.272  18.348 0.0000000000
46962  -0.527  -15.720  57.128 0.0000000000
56592  41.215  -6.577  23.327 0.0000000000
56607  39.848  -6.844  22.836 0.0000000000
51439  36.128  -11.412  27.172 0.0000000000
45106  9.643  -17.538  46.369 0.0000000000
100920  7.883  -17.087  48.114 0.0000000000
102415  25.713  -16.102  37.645 0.0000000000
46225  25.086  -16.153  36.861 0.0000000000
46241  23.365  -16.458  36.132 0.0000000000
93641  18.241  -18.471  41.756 0.0000000000
44101  18.958  -18.474  41.240 0.0000000000
53555  30.853  -9.323  32.069 0.0000000000
50272  33.656  -12.709  35.354 0.0000000000
50286  33.356  -12.559  34.490 0.0000000000
94680  35.377  -7.794  26.354 0.0000000000
55662  34.561  -8.019  26.510 0.0000000000
45145  15.129  -17.904  40.714 0.0000000000
45146  14.266  -17.436  40.959 0.0000000000
45147  13.547  -17.015  41.311 0.0000000000
47171  12.889  -15.027  42.221 0.0000000000
48229  12.651  -14.827  42.827 0.0000000000
48297  19.499  -14.527  38.295 0.0000000000
48285  16.790  -14.818  39.468 0.0000000000
110170  17.308  -14.742  39.121 0.0000000000
47203  16.379  -15.564  39.054 0.0000000000
46204  16.243  -16.524  38.992 0.0000000000
45172  16.576  -17.499  39.124 0.0000000000
45173  15.975  -17.236  39.376 0.0000000000
51298  27.691  -11.269  35.473 0.0000000000
50275  27.548  -11.950  35.021 0.0000000000
50291  28.251  -12.618  34.378 0.0000000000
111844  30.637  -14.581  34.780 0.0000000000
49309  31.661  -13.552  35.144 0.0000000000
48316  33.417  -14.216  36.614 0.0000000000
58191  48.414  -4.212  18.235 0.0000000000
57476  48.773  -5.438  16.177 0.0000000000
55740  47.684  -7.975  17.847 0.0000000000
53709  42.009  -8.701  20.835 0.0000000000
53688  40.645  -9.167  21.346 0.0000000000
51531  41.472  -11.120  22.931 0.0000000000
55691  37.983  -6.994  24.415 0.0000000000
55701  38.241  -7.155  23.357 0.0000000000
54663  37.600  -8.679  22.737 0.0000000000
51501  37.035  -11.166  24.632 0.0000000000
52558  37.321  -10.877  23.854 0.0000000000
51499  38.756  -11.466  24.434 0.0000000000
51477  39.513  -11.612  24.845 0.0000000000
43055  28.553  -19.998  36.643 0.0000000000
43054  29.572  -19.912  36.859 0.0000000000
41994  29.652  -20.407  38.456 0.0000000000
57431  44.044  -5.896  21.994 0.0000000000
44062  14.179  -18.331  43.722 0.0000000000
44034  14.610  -18.418  44.546 0.0000000000
44008  14.183  -18.393  45.161 0.0000000000
98419  8.019  -19.798  49.469 0.0000000000
112148  8.061  -20.075  50.016 0.0000000000
41813  7.751  -20.206  50.621 0.0000000000
41794  5.720  -20.045  51.663 0.0000000000
107697  7.196  -15.039  49.219 0.0000000000
46035  4.612  -16.622  51.661 0.0000000000
43906  3.596  -18.545  52.515 0.0000000000
43897  3.067  -18.535  53.041 0.0000000000
45058  2.592  -17.750  53.153 0.0000000000
46986  3.229  -15.012  54.852 0.0000000000
109979  2.574  -15.366  54.780 0.0000000000
46987  1.584  -15.117  55.432 0.0000000000
46980  0.822  -15.091  55.934 0.0000000000
48021  1.944  -13.696  56.445 0.0000000000
51113  0.663  -11.861  57.604 0.0000000000
43072  24.800  -19.062  36.542 0.0000000000
43059  24.848  -19.537  37.101 0.0000000000
43031  25.141  -20.053  39.033 0.0000000000
46244  20.637  -16.503  36.484 0.0000000000
46243  21.467  -16.399  36.255 0.0000000000
44099  20.869  -18.383  41.105 0.0000000000
93644  21.727  -18.379  41.514 0.0000000000
110347  43.884  -10.033  21.295 0.0000000000
54612  32.622  -8.809  29.364 0.0000000000
54615  32.523  -8.798  28.429 0.0000000000
54620  32.519  -8.851  27.543 0.0000000000
53604  31.874  -9.338  27.997 0.0000000000
53611  31.508  -10.158  27.681 0.0000000000
52512  31.546  -11.093  27.580 0.0000000000
51348  28.880  -11.594  32.244 0.0000000000
108268  30.117  -12.410  31.206 0.0000000000
50350  33.180  -12.588  31.867 0.0000000000
50367  32.995  -12.752  30.385 0.0000000000
102561  32.683  -12.703  29.673 0.0000000000
106063  32.485  -12.540  29.019 0.0000000000
100344  33.338  -12.642  29.870 0.0000000000
99518  33.957  -12.436  29.682 0.0000000000
44149  32.260  -18.677  37.217 0.0000000000
57498  54.777  -4.794  11.808 0.0000000000
55808  54.112  -7.509  13.235 0.0000000000
47193  15.045  -15.527  40.012 0.0000000000
47194  14.439  -15.669  40.449 0.0000000000
48268  14.669  -15.017  40.660 0.0000000000
48250  14.382  -14.686  41.357 0.0000000000
48267  17.307  -14.502  40.421 0.0000000000
49310  28.486  -13.400  35.507 0.0000000000
47264  30.224  -15.327  34.781 0.0000000000
46237  32.694  -16.150  35.903 0.0000000000
57466  46.819  -5.154  18.630 0.0000000000
56643  47.884  -5.775  16.834 0.0000000000
55741  47.041  -7.666  18.061 0.0000000000
55718  40.482  -7.442  21.454 0.0000000000
53689  39.708  -8.920  21.584 0.0000000000
53667  39.335  -9.720  22.046 0.0000000000
54640  36.134  -8.345  24.088 0.0000000000
54652  36.537  -8.670  23.524 0.0000000000
53654  35.952  -9.000  23.850 0.0000000000
53639  36.118  -9.793  23.927 0.0000000000
51437  38.504  -11.203  27.488 0.0000000000
51410  38.116  -10.867  28.238 0.0000000000
41981  28.338  -20.506  39.436 0.0000000000
45122  11.959  -17.764  44.070 0.0000000000
44036  12.468  -18.081  44.849 0.0000000000
44037  11.706  -17.795  44.738 0.0000000000
42901  9.224  -19.408  48.601 0.0000000000
42926  9.092  -18.992  47.975 0.0000000000
42902  8.572  -19.202  48.447 0.0000000000
42882  7.404  -19.366  49.388 0.0000000000
97448  3.877  -16.015  52.738 0.0000000000
46239  25.140  -17.087  36.264 0.0000000000
44166  24.795  -18.471  36.130 0.0000000000
45169  19.159  -18.209  38.813 0.0000000000
45168  19.930  -18.084  38.606 0.0000000000
44100  19.902  -18.458  41.124 0.0000000000
53587  31.158  -9.428  30.188 0.0000000000
53600  30.520  -10.042  29.713 0.0000000000
50308  31.156  -12.685  33.425 0.0000000000
95256  32.689  -12.556  32.650 0.0000000000
55767  50.966  -7.609  15.963 0.0000000000
55780  51.296  -7.267  15.323 0.0000000000
112056  -0.385  -13.872  57.500 0.0000000000
55689  39.799  -6.981  24.740 0.0000000000
55692  37.010  -7.315  24.435 0.0000000000
55693  36.415  -7.793  24.443 0.0000000000
53641  34.948  -9.016  24.803 0.0000000000
52524  34.112  -10.825  25.852 0.0000000000
93645  16.839  -18.436  43.098 0.0000000000
44087  14.704  -18.236  42.498 0.0000000000
112535  14.648  -18.343  43.218 0.0000000000
45131  12.424  -17.681  43.397 0.0000000000
100789  12.980  -16.624  41.788 0.0000000000
46171  12.879  -15.675  41.897 0.0000000000
109092  12.745  -17.078  42.283 0.0000000000
47225  23.710  -14.925  36.948 0.0000000000
48308  23.258  -14.575  37.726 0.0000000000
48310  21.614  -14.472  37.318 0.0000000000
102987  20.904  -14.594  36.994 0.0000000000
47242  21.009  -15.629  36.400 0.0000000000
46245  20.180  -15.728  36.618 0.0000000000
45206  18.828  -17.154  37.427 0.0000000000
48299  17.891  -15.124  38.260 0.0000000000
47215  18.458  -15.085  37.830 0.0000000000
46228  18.373  -16.519  37.459 0.0000000000
45170  18.292  -17.999  38.644 0.0000000000
44130  17.908  -18.308  39.528 0.0000000000
44117  17.628  -18.403  40.378 0.0000000000
44102  17.517  -18.448  41.259 0.0000000000
102623  30.115  -9.474  33.723 0.0000000000
53531  29.426  -9.636  34.166 0.0000000000
52417  28.623  -10.100  33.670 0.0000000000
52418  28.251  -10.915  33.262 0.0000000000
50309  30.258  -12.736  33.381 0.0000000000
49323  28.702  -13.213  34.736 0.0000000000
50290  29.371  -13.143  34.238 0.0000000000
50273  32.793  -12.870  35.204 0.0000000000
59002  50.955  -3.785  15.433 0.0000000000
58207  50.446  -4.537  15.140 0.0000000000
58208  49.830  -4.780  15.448 0.0000000000
57480  50.208  -5.406  15.061 0.0000000000
56646  50.225  -6.181  15.185 0.0000000000
111269  49.585  -7.039  16.264 0.0000000000
55768  50.217  -7.354  16.112 0.0000000000
54685  44.240  -8.706  20.153 0.0000000000
53707  43.896  -9.410  20.732 0.0000000000
54688  41.649  -7.784  20.733 0.0000000000
51530  43.304  -11.314  22.866 0.0000000000
51495  43.451  -12.049  24.072 0.0000000000
51514  42.103  -11.494  23.465 0.0000000000
52601  38.988  -10.321  22.514 0.0000000000
53652  37.088  -9.280  23.064 0.0000000000
52602  38.344  -10.124  22.696 0.0000000000
51498  40.471  -11.733  25.014 0.0000000000
44179  30.054  -18.157  35.382 0.0000000000
43065  30.942  -19.066  36.582 0.0000000000
43053  30.482  -19.657  37.132 0.0000000000
103507  31.193  -19.384  37.347 0.0000000000
95683  45.616  -5.411  19.876 0.0000000000
56627  44.873  -5.876  19.435 0.0000000000
57464  44.326  -5.914  19.789 0.0000000000
48126  8.681  -14.621  47.612 0.0000000000
46062  7.235  -16.743  48.677 0.0000000000
43941  6.837  -18.618  49.439 0.0000000000
46049  5.474  -16.829  50.535 0.0000000000
45080  5.780  -17.638  50.190 0.0000000000
42869  6.209  -19.427  50.477 0.0000000000
42857  4.570  -19.146  51.911 0.0000000000
42843  4.952  -19.795  52.150 0.0000000000
47999  -0.084  -14.158  57.298 0.0000000000
48020  3.147  -13.728  56.556 0.0000000000
93434  1.351  -13.693  56.715 0.0000000000
109134  2.333  -12.918  57.230 0.0000000000
43068  28.394  -19.229  36.106 0.0000000000
42009  27.228  -20.374  37.636 0.0000000000
44140  23.240  -18.519  37.710 0.0000000000
45167  20.768  -17.909  38.313 0.0000000000
44142  21.627  -17.989  38.776 0.0000000000
94017  23.053  -18.434  38.545 0.0000000000
96858  45.997  -10.737  21.797 0.0000000000
51512  44.760  -11.850  23.600 0.0000000000
55663  33.827  -8.189  26.752 0.0000000000
54625  33.374  -8.694  26.380 0.0000000000
53617  33.124  -9.484  26.131 0.0000000000
51460  33.879  -11.339  26.469 0.0000000000
53556  30.024  -9.562  32.024 0.0000000000
52441  29.333  -10.714  31.321 0.0000000000
52440  30.326  -9.636  31.349 0.0000000000
110035  30.070  -10.480  30.097 0.0000000000
50331  31.015  -12.692  31.865 0.0000000000
50352  30.826  -12.654  31.137 0.0000000000
108596  31.526  -12.724  30.720 0.0000000000
111742  30.970  -12.617  30.569 0.0000000000
51389  30.496  -11.928  29.613 0.0000000000
51417  30.736  -11.345  28.863 0.0000000000
100387  32.772  -12.315  28.337 0.0000000000
51441  32.867  -11.899  27.494 0.0000000000
99560  34.645  -11.562  26.843 0.0000000000
99403  35.688  -11.448  27.828 0.0000000000
51387  35.719  -11.414  29.332 0.0000000000
51386  36.509  -10.948  29.422 0.0000000000
45233  31.385  -17.488  35.237 0.0000000000
45232  32.205  -17.617  35.836 0.0000000000
98481  32.081  -16.860  35.420 0.0000000000
46236  33.387  -16.006  36.643 0.0000000000
59007  52.132  -4.291  14.140 0.0000000000
96937  52.174  -6.533  14.061 0.0000000000
55792  52.414  -7.324  14.471 0.0000000000
55824  54.542  -7.095  12.608 0.0000000000
56663  55.027  -6.704  12.099 0.0000000000
48311  20.362  -14.693  37.134 0.0000000000
48322  21.369  -14.883  36.623 0.0000000000
