#!ascii label  , from subject sub-v1s16x0051189_ses-1 vox2ras=TkReg
399
112036  -26.471  -59.086  17.119 0.6999999881
11180  -26.238  -58.575  16.355 0.6000000238
11184  -25.502  -58.395  14.879 0.6000000238
11186  -24.732  -58.638  13.398 0.4000000060
11120  -24.010  -58.155  22.902 0.6999999881
11706  -24.623  -57.576  22.634 0.6999999881
11137  -24.627  -58.374  22.444 0.6999999881
11720  -25.370  -57.457  22.153 0.6000000238
11147  -25.258  -58.671  21.890 0.6999999881
11734  -26.057  -57.522  21.660 0.6000000238
11149  -26.105  -58.322  21.367 0.6000000238
11745  -26.431  -57.522  20.751 0.6000000238
104991  -26.292  -58.863  20.929 0.6000000238
12327  -26.569  -57.064  19.831 0.5000000000
11756  -26.563  -57.380  18.938 0.5000000000
12340  -26.556  -56.578  19.083 0.5000000000
103435  -26.538  -56.975  17.384 0.6000000238
99574  -26.482  -57.708  16.934 0.6000000238
11766  -26.439  -57.018  16.489 0.6000000238
11179  -26.189  -57.693  15.890 0.6000000238
12304  -24.962  -56.696  22.549 0.6000000238
12305  -26.065  -56.093  21.712 0.6000000238
12313  -25.787  -56.807  21.991 0.6000000238
12314  -26.290  -56.788  21.308 0.6000000238
109864  -26.490  -55.847  20.111 0.6000000238
114158  -26.484  -56.611  20.477 0.6000000238
119531  -26.542  -56.376  19.758 0.6000000238
103079  -26.547  -55.763  19.200 0.6000000238
100163  -26.548  -56.086  18.394 0.6000000238
12350  -26.571  -56.828  18.236 0.6000000238
103086  -26.534  -55.640  17.575 0.6999999881
12951  -26.497  -55.654  16.510 0.6000000238
12364  -26.520  -56.335  16.959 0.6000000238
11770  -25.647  -57.467  14.807 0.5000000000
11773  -24.960  -57.983  13.758 0.5000000000
12295  -24.255  -56.915  23.029 0.6000000238
105809  -25.512  -56.051  22.297 0.6000000238
12913  -26.263  -55.302  21.431 0.6000000238
12917  -26.426  -55.194  20.568 0.6000000238
13540  -26.475  -54.376  20.188 0.6000000238
12924  -26.498  -55.061  19.692 0.6000000238
99923  -26.537  -54.915  18.822 0.6000000238
104796  -26.541  -54.863  17.976 0.6999999881
12371  -26.395  -56.378  16.013 0.6000000238
12370  -25.871  -56.526  14.824 0.6000000238
12899  -24.946  -54.975  23.054 0.6000000238
12906  -24.894  -55.793  22.823 0.6000000238
12908  -25.902  -55.358  22.147 0.6000000238
14187  -26.498  -53.431  19.380 0.5000000000
14200  -26.494  -53.464  18.703 0.6000000238
13556  -26.530  -54.183  18.366 0.6999999881
13587  -26.503  -54.269  15.856 0.6000000238
105300  -26.521  -54.800  16.949 0.6000000238
111251  -26.503  -55.077  15.985 0.6000000238
12959  -26.321  -55.697  15.488 0.6000000238
12958  -25.751  -55.640  14.271 0.6000000238
12374  -25.344  -56.337  13.591 0.6000000238
111229  -25.031  -57.376  12.656 0.4000000060
104362  -25.132  -57.218  13.474 0.5000000000
12898  -24.182  -55.275  23.310 0.5000000000
13518  -25.627  -54.596  22.696 0.6000000238
13519  -26.234  -54.528  22.011 0.6000000238
13531  -26.455  -54.448  21.117 0.5000000000
14169  -26.575  -53.672  20.640 0.5000000000
108274  -26.482  -52.722  18.311 0.6000000238
14225  -26.567  -53.190  16.962 0.6999999881
13564  -26.532  -54.239  17.621 0.6999999881
14870  -26.478  -52.783  15.554 0.6000000238
13576  -26.517  -53.891  16.921 0.6999999881
14234  -26.547  -53.392  16.167 0.6000000238
14233  -26.394  -53.553  15.147 0.6000000238
13586  -26.261  -54.932  15.040 0.6000000238
13594  -25.579  -54.729  13.696 0.6000000238
12382  -25.148  -56.620  12.822 0.4000000060
13507  -24.999  -54.187  23.241 0.6000000238
115445  -25.539  -53.838  23.031 0.6000000238
14156  -26.078  -53.791  22.561 0.5000000000
107252  -26.803  -52.897  20.998 0.6000000238
103975  -26.595  -53.004  19.977 0.6000000238
113960  -26.665  -52.341  19.556 0.5000000000
14821  -26.511  -52.820  19.124 0.6000000238
106208  -26.540  -52.004  18.820 0.5000000000
111510  -26.489  -52.036  18.031 0.5000000000
15523  -26.531  -51.245  16.574 0.5000000000
14846  -26.540  -52.544  17.390 0.6000000238
105636  -26.587  -52.031  16.752 0.5000000000
14857  -26.575  -52.659  16.465 0.6000000238
107305  -26.445  -51.248  15.500 0.4000000060
14869  -26.290  -52.114  14.844 0.5000000000
108732  -26.182  -52.952  14.627 0.5000000000
14877  -25.666  -52.660  13.636 0.5000000000
14243  -25.728  -53.644  13.826 0.6000000238
13608  -25.477  -55.042  12.381 0.5000000000
102662  -25.285  -54.173  12.973 0.6000000238
12963  -25.198  -55.662  13.062 0.6000000238
14776  -25.772  -53.172  23.034 0.5000000000
14790  -26.816  -52.644  21.893 0.5000000000
14807  -26.950  -52.192  20.389 0.5000000000
15488  -26.888  -51.662  19.595 0.4000000060
15502  -26.735  -51.260  18.928 0.4000000060
15514  -26.533  -51.256  18.169 0.5000000000
109493  -26.528  -51.674  17.405 0.5000000000
108276  -26.511  -50.966  17.405 0.5000000000
16813  -26.095  -49.676  14.584 0.4000000060
16208  -26.472  -50.411  16.007 0.4000000060
16207  -26.345  -50.446  15.034 0.4000000060
15531  -26.119  -51.248  14.528 0.5000000000
119104  -25.846  -51.867  13.945 0.5000000000
107675  -25.451  -54.275  12.616 0.5000000000
14254  -25.359  -53.410  12.973 0.6000000238
13601  -25.266  -54.917  12.704 0.5000000000
16189  -26.603  -50.387  17.818 0.4000000060
16803  -26.498  -49.582  16.431 0.5000000000
16198  -26.519  -50.341  16.955 0.5000000000
16814  -26.395  -49.623  15.506 0.5000000000
109005  -25.683  -51.285  13.590 0.5000000000
14263  -25.603  -53.225  12.773 0.5000000000
114653  -25.819  -53.955  12.329 0.3000000119
16221  -25.473  -50.599  13.205 0.5000000000
117080  -25.509  -52.041  13.184 0.5000000000
99382  -26.440  -48.834  15.934 0.4000000060
16821  -25.757  -48.933  14.151 0.4000000060
16822  -26.286  -48.835  15.004 0.4000000060
103811  -25.526  -49.774  13.647 0.4000000060
17463  -25.393  -48.333  13.760 0.4000000060
14900  -26.029  -52.401  12.569 0.4000000060
14264  -26.327  -53.243  12.361 0.4000000060
15545  -25.522  -51.416  12.989 0.5000000000
14899  -25.540  -52.250  12.944 0.5000000000
16820  -24.993  -49.013  13.262 0.4000000060
15558  -26.612  -51.605  12.440 0.4000000060
15557  -25.753  -51.523  12.813 0.5000000000
16828  -25.100  -49.776  12.919 0.5000000000
16231  -25.520  -50.636  12.913 0.5000000000
17462  -24.818  -48.215  13.190 0.4000000060
16232  -26.125  -50.666  12.473 0.4000000060
16246  -26.767  -50.225  12.130 0.3000000119
16834  -24.859  -49.069  12.834 0.5000000000
116407  -25.148  -49.394  12.561 0.5000000000
18120  -24.516  -47.444  13.032 0.4000000060
16836  -26.092  -49.911  12.154 0.3000000119
17470  -24.726  -48.600  12.954 0.4000000060
16835  -25.495  -49.918  12.501 0.5000000000
17475  -24.864  -48.491  12.620 0.4000000060
16845  -25.068  -48.936  12.438 0.5000000000
18768  -24.152  -46.617  12.948 0.4000000060
17483  -26.528  -48.725  11.733 0.3000000119
16847  -26.838  -49.490  11.844 0.3000000119
18126  -24.696  -47.985  12.817 0.4000000060
17482  -25.926  -48.268  11.836 0.4000000060
18133  -24.906  -47.831  12.446 0.4000000060
17481  -25.235  -48.422  12.211 0.4000000060
19430  -23.782  -45.956  12.906 0.5000000000
18135  -26.878  -47.952  11.615 0.4000000060
18136  -27.616  -47.349  11.532 0.4000000060
17484  -27.335  -48.716  11.544 0.4000000060
18774  -24.400  -46.419  12.653 0.4000000060
18134  -25.438  -47.703  12.053 0.5000000000
113862  -26.177  -47.577  11.800 0.4000000060
18781  -24.975  -47.098  12.337 0.5000000000
18775  -25.401  -46.183  12.228 0.5000000000
18782  -25.873  -46.953  11.968 0.4000000060
18776  -26.583  -46.148  12.026 0.4000000060
108950  -26.790  -47.052  11.729 0.4000000060
119451  -24.828  -45.848  12.393 0.5000000000
19433  -26.913  -45.276  12.405 0.4000000060
119611  -27.496  -45.771  12.184 0.3000000119
115018  -23.598  -45.161  12.839 0.5000000000
19432  -26.088  -45.494  12.268 0.4000000060
19443  -28.506  -45.808  12.059 0.3000000119
19431  -24.390  -45.429  12.508 0.5000000000
20116  -26.219  -44.634  12.607 0.4000000060
20117  -27.286  -44.476  12.766 0.4000000060
20745  -22.863  -44.005  12.730 0.5000000000
19434  -27.866  -45.097  12.514 0.3000000119
20114  -24.241  -44.489  12.530 0.5000000000
20115  -25.165  -44.515  12.448 0.5000000000
104972  -25.348  -45.326  12.313 0.5000000000
20749  -26.846  -43.705  13.073 0.4000000060
21439  -22.164  -43.344  12.785 0.5000000000
21440  -24.545  -42.778  12.822 0.5000000000
104340  -27.677  -43.734  12.901 0.3000000119
101030  -23.431  -42.826  12.594 0.5000000000
20746  -23.931  -43.699  12.561 0.5000000000
11751  -26.550  -57.899  19.762 0.6000000238
14214  -26.516  -53.464  17.767 0.6999999881
110036  -26.229  -54.227  14.740 0.6000000238
15532  -26.568  -52.016  15.954 0.4000000060
14888  -25.401  -52.720  12.992 0.5000000000
16214  -25.823  -50.517  14.100 0.5000000000
16846  -25.680  -49.168  12.087 0.4000000060
18783  -27.561  -46.497  11.833 0.3000000119
20747  -24.873  -43.658  12.654 0.5000000000
7018  -23.919  -65.943  18.864 0.5000000000
7020  -25.667  -65.763  18.622 0.5000000000
7019  -24.791  -65.900  18.770 0.5000000000
7639  -27.935  -64.718  18.135 0.5000000000
7033  -26.709  -65.736  17.693 0.5000000000
107749  -26.469  -65.555  18.419 0.4000000060
6998  -24.451  -65.508  19.470 0.5000000000
7000  -26.374  -65.248  19.182 0.6000000238
6999  -25.392  -65.449  19.404 0.6000000238
119325  -27.576  -64.738  18.557 0.5000000000
118351  -26.842  -65.227  18.748 0.5000000000
8744  -28.615  -62.739  17.172 0.4000000060
7585  -21.892  -65.077  20.950 0.6999999881
7586  -22.751  -64.889  20.845 0.6999999881
6978  -24.053  -65.102  20.116 0.6999999881
7608  -25.928  -64.885  19.983 0.5000000000
7607  -25.005  -65.076  20.110 0.6999999881
113989  -28.221  -63.285  18.534 0.5000000000
7624  -27.206  -64.783  18.986 0.5000000000
7610  -27.374  -64.042  19.329 0.5000000000
113715  -27.715  -62.265  17.162 0.5000000000
7564  -19.778  -64.295  21.738 0.5000000000
6957  -20.482  -64.808  21.454 0.6999999881
8132  -22.590  -63.880  21.816 0.6999999881
7566  -22.254  -64.509  21.405 0.6999999881
8133  -23.424  -63.655  21.640 0.6999999881
7588  -24.454  -64.526  20.552 0.6000000238
7589  -26.299  -63.998  20.316 0.6999999881
110137  -25.383  -64.346  20.475 0.6000000238
8721  -28.062  -62.839  18.661 0.5000000000
8182  -27.702  -63.292  19.220 0.6000000238
8169  -27.037  -63.577  19.867 0.6000000238
8756  -25.715  -62.168  15.487 0.5000000000
112806  -20.948  -63.525  22.293 0.5000000000
8112  -21.969  -63.373  22.251 0.6999999881
7567  -23.118  -64.330  21.304 0.6999999881
8670  -24.392  -62.649  21.474 0.6999999881
8669  -23.698  -62.938  21.874 0.6999999881
8152  -25.676  -63.512  20.758 0.8000000119
120320  -25.728  -62.835  20.899 0.6999999881
8708  -26.900  -62.212  19.435 0.6000000238
8153  -26.472  -63.039  20.503 0.6999999881
8731  -27.013  -62.024  17.519 0.6999999881
8720  -27.226  -62.216  18.585 0.6000000238
8743  -26.692  -62.041  16.441 0.6000000238
9319  -25.221  -61.700  15.326 0.6000000238
8110  -19.599  -62.305  22.348 0.5000000000
8652  -21.061  -62.289  22.871 0.6000000238
8111  -20.297  -62.841  22.580 0.5000000000
112948  -21.316  -62.929  22.541 0.6000000238
8653  -22.178  -62.520  22.595 0.6000000238
8113  -22.907  -63.189  22.197 0.6999999881
109779  -24.476  -61.996  21.502 0.6999999881
8655  -23.927  -62.180  21.911 0.6000000238
8671  -24.996  -63.081  21.108 0.6999999881
108999  -25.034  -62.203  21.020 0.6999999881
9301  -26.620  -61.527  17.992 0.6999999881
9320  -25.891  -61.748  16.010 0.6999999881
9310  -26.400  -61.455  16.883 0.6999999881
8651  -20.166  -62.000  22.874 0.5000000000
120192  -22.449  -61.159  23.049 0.6000000238
9220  -22.757  -61.743  22.763 0.6000000238
9221  -23.559  -61.627  22.414 0.6000000238
9920  -25.917  -60.793  20.686 0.5000000000
9911  -25.234  -60.710  21.193 0.6000000238
9280  -26.388  -61.545  19.679 0.6999999881
9935  -26.345  -60.879  19.273 0.6999999881
9973  -26.184  -60.514  16.724 0.6999999881
9961  -26.397  -60.746  17.608 0.6999999881
9979  -25.101  -60.870  15.223 0.5000000000
116046  -25.707  -61.172  16.038 0.6999999881
10617  -25.129  -59.965  14.809 0.5000000000
9219  -19.698  -61.500  22.474 0.5000000000
9205  -20.911  -61.024  23.305 0.5000000000
9859  -22.722  -59.874  23.299 0.6000000238
9206  -21.801  -60.782  23.285 0.6000000238
9884  -22.621  -60.526  23.188 0.6000000238
111975  -23.151  -61.032  22.844 0.6000000238
10553  -24.567  -59.152  22.346 0.6000000238
106574  -23.917  -60.860  22.451 0.6000000238
9886  -24.302  -60.033  22.432 0.6000000238
10586  -26.589  -59.314  18.911 0.6000000238
10579  -26.485  -59.594  19.844 0.5000000000
10563  -25.053  -59.759  21.668 0.5000000000
108149  -26.553  -60.000  18.202 0.6000000238
104439  -26.475  -60.153  19.061 0.6000000238
10608  -26.200  -59.553  16.507 0.6000000238
10596  -26.457  -59.828  17.342 0.6000000238
10607  -25.678  -59.280  15.495 0.5000000000
9856  -20.245  -60.449  23.152 0.5000000000
9858  -21.967  -60.008  23.394 0.6000000238
10552  -23.879  -59.381  22.825 0.6000000238
10572  -26.308  -59.488  20.728 0.5000000000
10564  -25.904  -59.204  21.377 0.5000000000
11170  -26.599  -58.341  18.681 0.5000000000
11165  -26.555  -58.739  19.688 0.5000000000
10551  -19.968  -59.935  22.688 0.5000000000
10533  -21.260  -59.385  23.472 0.6000000238
117866  -22.931  -58.746  23.346 0.6000000238
11119  -23.560  -58.745  23.074 0.6000000238
11762  -26.592  -57.604  17.937 0.5000000000
10562  -19.955  -59.605  21.862 0.5000000000
11116  -20.686  -58.755  23.278 0.5000000000
11118  -22.363  -58.276  23.487 0.6000000238
118305  -20.215  -59.285  21.225 0.5000000000
11135  -20.209  -58.966  22.622 0.5000000000
109822  -21.632  -57.686  23.505 0.6000000238
11705  -23.719  -57.453  23.182 0.6000000238
11157  -20.435  -58.984  20.606 0.5000000000
103450  -20.491  -58.201  22.887 0.5000000000
102895  -20.870  -57.929  23.293 0.5000000000
117950  -21.764  -56.980  23.528 0.6000000238
11704  -22.632  -57.364  23.486 0.6000000238
105338  -20.315  -57.944  22.103 0.5000000000
11719  -20.610  -57.402  22.801 0.5000000000
11733  -20.455  -57.294  21.174 0.5000000000
12294  -23.395  -56.579  23.395 0.5000000000
105361  -20.433  -56.907  22.050 0.5000000000
12293  -22.305  -56.454  23.551 0.5000000000
110211  -20.594  -56.877  20.465 0.5000000000
12312  -20.475  -56.169  21.986 0.5000000000
12292  -21.431  -56.348  23.360 0.5000000000
119629  -23.598  -55.800  23.419 0.4000000060
12326  -20.497  -56.374  21.145 0.5000000000
12895  -21.256  -55.611  23.127 0.5000000000
108602  -22.333  -55.042  23.492 0.4000000060
12897  -22.781  -55.775  23.550 0.4000000060
12905  -20.886  -55.480  22.619 0.4000000060
119616  -21.697  -55.108  23.305 0.4000000060
13504  -22.759  -54.223  23.510 0.4000000060
100820  -26.575  -59.149  17.946 0.6000000238
106441  -24.898  -59.204  14.179 0.4000000060
13505  -23.705  -54.431  23.523 0.4000000060
14144  -24.242  -53.738  23.527 0.4000000060
8151  -24.776  -63.815  20.882 0.6999999881
9267  -26.067  -61.497  20.351 0.6999999881
9293  -26.577  -61.561  18.885 0.6999999881
9910  -24.615  -60.723  21.863 0.6000000238
111312  -25.712  -60.212  15.851 0.6999999881
9921  -26.190  -60.868  19.991 0.6999999881
9948  -26.421  -60.848  18.483 0.6999999881
7021  -27.230  -65.211  18.317 0.5000000000
7032  -25.898  -66.008  17.855 0.4000000060
7565  -21.356  -64.671  21.461 0.6999999881
7568  -23.916  -64.054  21.046 0.6999999881
7587  -23.588  -64.701  20.700 0.6999999881
7609  -26.759  -64.467  19.665 0.5000000000
7625  -27.850  -64.096  18.715 0.5000000000
7626  -28.461  -63.790  17.935 0.5000000000
8131  -21.653  -64.049  21.883 0.6999999881
8134  -24.201  -63.365  21.336 0.6999999881
8183  -28.562  -62.987  18.028 0.5000000000
8654  -23.221  -62.404  22.374 0.6999999881
8694  -26.513  -62.275  20.149 0.6999999881
8709  -27.158  -62.861  19.849 0.6000000238
8732  -28.055  -62.543  17.954 0.5000000000
9204  -20.137  -61.242  23.060 0.5000000000
9222  -24.237  -61.478  21.922 0.6000000238
9247  -24.805  -61.429  21.329 0.6999999881
9248  -25.457  -61.436  20.824 0.6999999881
9857  -21.048  -60.221  23.427 0.6000000238
9885  -23.432  -60.182  22.978 0.6000000238
10532  -20.462  -59.606  23.218 0.5000000000
10534  -22.275  -59.182  23.444 0.6000000238
10535  -23.150  -59.368  23.222 0.6000000238
10571  -25.933  -60.063  21.131 0.5000000000
11117  -21.467  -58.533  23.500 0.6000000238
11136  -24.153  -58.750  22.724 0.6000000238
11138  -25.075  -58.009  22.161 0.6999999881
11146  -20.219  -58.810  21.594 0.5000000000
11148  -25.604  -58.024  21.886 0.6000000238
11158  -26.446  -58.371  20.498 0.6000000238
11174  -26.539  -58.400  17.494 0.6000000238
11703  -21.062  -57.100  23.314 0.5000000000
11771  -26.209  -57.019  15.653 0.6000000238
12303  -20.766  -56.331  22.754 0.5000000000
12358  -26.544  -56.363  17.718 0.6000000238
12896  -21.915  -55.707  23.479 0.5000000000
12904  -20.627  -55.698  22.219 0.4000000060
12907  -25.382  -55.381  22.588 0.6000000238
12912  -20.523  -55.601  21.502 0.5000000000
12937  -26.544  -55.443  18.410 0.6000000238
12971  -25.433  -55.790  12.495 0.4000000060
13503  -21.911  -54.441  23.272 0.4000000060
13506  -24.421  -54.521  23.362 0.6000000238
13546  -26.501  -54.164  19.279 0.6000000238
14145  -25.059  -53.403  23.347 0.4000000060
14157  -26.549  -53.579  21.732 0.6000000238
14179  -26.498  -53.720  19.877 0.5000000000
100433  -26.279  -60.196  20.389 0.5000000000
100630  -27.974  -62.348  16.404 0.4000000060
102717  -26.453  -58.992  20.341 0.5000000000
103053  -27.669  -48.068  11.389 0.3000000119
104005  -24.579  -47.244  12.771 0.4000000060
106050  -24.267  -56.204  23.134 0.5000000000
107044  -23.221  -55.090  23.523 0.4000000060
107844  -25.931  -62.248  20.669 0.6999999881
108611  -20.682  -64.198  21.912 0.5000000000
108641  -23.222  -58.120  23.308 0.6000000238
109973  -21.720  -61.623  23.066 0.6000000238
110012  -27.531  -62.716  19.240 0.6000000238
110837  -26.348  -55.994  20.941 0.6000000238
115858  -19.498  -63.010  22.237 0.5000000000
115904  -26.383  -60.334  19.705 0.6999999881
119078  -20.767  -61.660  23.121 0.5000000000
119695  -23.496  -44.443  12.706 0.5000000000
