#!ascii label  , from subject sub-v1s16x0051189_ses-1 vox2ras=TkReg
721
48672  18.617  -7.139  2.295 0.2500000000
47749  19.067  -7.985  2.307 0.2500000000
46775  19.714  -8.711  2.480 0.7500000000
49645  19.212  -5.406  0.654 0.2500000000
48704  19.459  -6.141  0.771 0.1250000000
49644  19.752  -5.648  0.172 0.3750000000
119144  19.224  -6.585  1.266 0.2500000000
46792  19.689  -8.134  1.879 0.7500000000
47767  19.306  -7.359  1.656 0.3750000000
46791  20.327  -8.492  1.830 0.8750000000
117087  21.016  -9.375  2.332 0.8750000000
48703  20.170  -6.580  0.332 0.3750000000
48690  19.801  -7.041  0.958 0.3750000000
47781  20.543  -7.445  0.597 0.8750000000
47766  20.067  -7.872  1.254 0.7500000000
46789  22.420  -8.857  0.609 1.0000000000
47765  20.962  -8.232  1.058 1.0000000000
45706  21.608  -9.326  1.888 1.0000000000
48702  20.954  -6.985  -0.071 0.8750000000
47780  21.314  -7.719  0.218 0.8750000000
46804  21.797  -8.315  0.464 1.0000000000
47779  21.971  -7.863  -0.150 1.0000000000
45704  23.059  -9.401  0.787 1.0000000000
45705  22.310  -9.352  1.306 1.0000000000
49655  19.465  -4.935  0.014 0.1250000000
48714  20.547  -6.144  -0.329 0.6250000000
48712  22.254  -6.732  -1.019 1.0000000000
48713  21.429  -6.529  -0.654 0.8750000000
47792  21.752  -7.249  -0.400 1.0000000000
46802  24.312  -9.189  -0.257 1.0000000000
46788  23.255  -8.910  0.128 1.0000000000
46803  22.571  -8.284  -0.062 1.0000000000
47791  22.613  -7.475  -0.697 1.0000000000
45718  23.901  -9.571  0.402 1.0000000000
44680  26.469  -11.307  0.129 1.0000000000
45703  24.548  -10.253  0.878 1.0000000000
51518  20.701  -2.722  -2.408 0.2500000000
49654  20.072  -5.156  -0.575 0.2500000000
102591  20.837  -5.057  -1.357 0.3750000000
49659  21.931  -5.564  -1.643 1.0000000000
48722  21.938  -6.123  -1.172 1.0000000000
47800  23.465  -7.082  -1.307 1.0000000000
47801  22.911  -6.743  -1.487 1.0000000000
46801  25.382  -10.005  -1.042 1.0000000000
46813  24.963  -8.832  -0.841 1.0000000000
47790  24.561  -7.646  -1.061 1.0000000000
46812  25.678  -10.170  -1.973 1.0000000000
45716  25.740  -10.889  -0.821 1.0000000000
46811  26.346  -10.881  -2.373 1.0000000000
45723  26.429  -11.385  -2.305 1.0000000000
51517  21.832  -3.169  -2.800 0.5000000000
50597  21.537  -4.059  -2.322 0.3750000000
50591  20.663  -4.316  -1.654 0.5000000000
49658  22.840  -5.628  -2.756 0.8750000000
49657  23.176  -6.029  -3.430 1.0000000000
49664  23.098  -5.948  -3.950 1.0000000000
47799  24.140  -6.566  -1.897 1.0000000000
48720  23.247  -6.219  -2.522 1.0000000000
102379  25.320  -7.398  -1.513 1.0000000000
47797  27.188  -8.666  -2.167 1.0000000000
46819  26.514  -9.391  -1.973 1.0000000000
45722  27.051  -10.666  -2.221 0.8750000000
52423  22.115  -2.323  -3.520 0.5000000000
100920  22.534  -4.388  -2.865 0.5000000000
50603  22.692  -3.782  -3.160 0.6250000000
50602  23.573  -4.205  -3.242 0.6250000000
50595  23.307  -5.950  -3.982 1.0000000000
50596  22.792  -5.112  -2.909 0.7500000000
49663  23.530  -5.706  -3.769 1.0000000000
48724  27.342  -7.140  -3.236 1.0000000000
48725  25.968  -6.191  -2.416 1.0000000000
48719  25.531  -6.758  -1.947 1.0000000000
48726  24.173  -5.817  -2.631 1.0000000000
47804  27.276  -7.822  -2.629 1.0000000000
47798  26.428  -8.126  -2.192 1.0000000000
47803  27.639  -8.005  -2.400 0.8750000000
47796  27.635  -8.793  -1.887 0.8750000000
50600  26.405  -5.948  -3.922 1.0000000000
50594  24.677  -5.148  -3.065 1.0000000000
49661  27.034  -6.704  -3.906 1.0000000000
49662  25.236  -5.511  -2.647 1.0000000000
49665  28.050  -6.534  -4.351 1.0000000000
48718  27.985  -7.401  -2.412 1.0000000000
48723  27.725  -7.316  -2.958 1.0000000000
48728  27.837  -6.853  -3.887 1.0000000000
106090  28.119  -7.073  -3.141 1.0000000000
51523  23.059  -3.026  -3.642 0.5000000000
51522  24.058  -3.464  -3.709 0.8750000000
51521  25.021  -3.935  -3.888 1.0000000000
116071  25.826  -7.085  -7.100 1.0000000000
50606  25.756  -5.001  -4.164 1.0000000000
50607  28.244  -6.318  -6.388 1.0000000000
49667  27.719  -6.655  -5.491 1.0000000000
50604  28.339  -5.954  -4.575 1.0000000000
49666  27.480  -6.825  -4.567 1.0000000000
49660  28.192  -6.781  -3.651 1.0000000000
106121  28.192  -6.466  -2.968 0.8750000000
54258  24.870  -0.664  -6.684 1.0000000000
54248  24.565  -0.916  -5.797 0.3750000000
53338  25.069  -1.604  -6.768 0.8750000000
108118  25.543  -5.398  -8.249 1.0000000000
104210  27.986  -8.169  -8.090 1.0000000000
54259  24.665  0.092  -6.685 0.8750000000
113970  25.396  -1.056  -7.892 1.0000000000
53343  25.456  -1.748  -9.009 1.0000000000
51531  25.674  -4.815  -10.102 1.0000000000
50610  28.334  -6.877  -7.667 1.0000000000
108077  27.607  -5.485  -8.853 1.0000000000
109947  28.269  -4.971  -7.199 1.0000000000
55223  24.797  0.714  -7.469 0.7500000000
103322  25.685  -0.924  -9.791 1.0000000000
53348  25.765  -1.732  -10.291 1.0000000000
52434  26.521  -2.943  -9.193 1.0000000000
97730  25.813  -2.487  -9.949 1.0000000000
97729  26.272  -4.136  -9.886 1.0000000000
55222  25.415  -0.311  -8.064 1.0000000000
53353  25.884  -1.287  -10.517 1.0000000000
61237  23.963  7.096  -6.698 0.1250000000
61247  23.560  7.792  -9.261 0.2500000000
61243  24.192  6.991  -7.747 0.1250000000
61252  23.567  8.336  -10.216 0.3750000000
61246  24.844  8.370  -8.923 0.2500000000
61262  24.264  7.561  -10.767 0.5000000000
62991  24.321  8.976  -11.251 0.2500000000
61261  24.858  7.931  -10.745 0.3750000000
61242  24.858  7.552  -7.543 0.2500000000
62159  25.143  9.022  -10.281 0.2500000000
60226  25.753  7.758  -8.301 0.2500000000
61241  25.998  7.391  -7.869 0.2500000000
61251  25.588  8.273  -10.077 0.2500000000
60230  26.282  6.846  -9.236 0.2500000000
59311  25.976  5.406  -9.959 0.3750000000
60229  26.483  6.458  -9.294 0.2500000000
47751  18.274  -6.993  2.615 0.1250000000
49634  18.888  -5.983  1.242 0.1250000000
44672  24.627  -10.736  1.502 1.0000000000
50601  24.548  -4.326  -3.398 0.8750000000
50605  26.690  -6.496  -5.005 1.0000000000
46765  17.828  -8.240  3.883 0.1250000000
46763  19.352  -9.223  3.244 0.6250000000
45694  20.631  -9.773  2.916 0.7500000000
44661  21.115  -10.402  3.114 1.0000000000
48673  18.299  -6.502  2.194 0.1250000000
45692  22.232  -9.899  1.942 1.0000000000
44673  23.820  -10.297  1.500 1.0000000000
44671  25.645  -11.186  1.084 1.0000000000
113263  20.040  -4.487  -1.049 0.3750000000
50598  20.430  -3.543  -1.868 0.2500000000
45714  27.349  -11.033  -1.191 0.8750000000
109098  28.062  -7.983  -1.635 0.8750000000
46817  27.648  -9.548  -1.689 0.8750000000
54241  23.809  -0.623  -5.250 0.1250000000
51527  23.459  -2.611  -4.266 0.3750000000
51526  24.298  -3.150  -4.520 0.6250000000
50599  28.443  -6.198  -3.990 1.0000000000
52431  24.805  -2.604  -6.402 0.8750000000
111020  28.537  -4.844  -5.705 1.0000000000
52430  28.315  -3.590  -6.066 1.0000000000
51529  27.299  -4.123  -8.573 1.0000000000
55231  25.677  0.318  -9.130 1.0000000000
54271  25.900  -0.389  -9.969 1.0000000000
53347  26.135  -1.726  -10.336 1.0000000000
62148  24.446  7.588  -5.497 0.1250000000
60222  23.486  6.065  -7.399 0.1250000000
112354  23.153  4.858  -9.586 0.6250000000
116506  23.325  7.268  -9.847 0.6250000000
60244  24.249  5.665  -10.849 0.5000000000
61236  24.257  7.654  -7.061 0.2500000000
60243  24.704  5.716  -10.893 0.5000000000
62155  24.468  8.138  -6.793 0.2500000000
62154  25.050  7.943  -7.550 0.2500000000
60235  25.778  5.659  -9.675 0.5000000000
62153  26.120  7.472  -7.854 0.1250000000
61240  26.344  7.120  -8.329 0.2500000000
101713  26.562  6.870  -9.282 0.2500000000
60234  26.599  5.611  -11.107 0.3750000000
61250  26.780  6.278  -10.166 0.2500000000
62158  26.428  7.193  -8.145 0.1250000000
47750  18.399  -7.839  2.933 0.1250000000
46776  18.969  -8.501  2.848 0.5000000000
48691  18.703  -6.538  1.745 0.1250000000
45695  20.031  -9.398  2.887 0.7500000000
46774  21.023  -8.857  1.833 0.8750000000
45693  21.423  -9.883  2.477 1.0000000000
46790  21.680  -8.808  1.219 1.0000000000
45691  23.011  -9.863  1.424 1.0000000000
118384  23.653  -9.850  1.010 1.0000000000
49653  21.090  -5.787  -0.975 0.8750000000
46814  23.635  -8.137  -0.480 1.0000000000
45717  24.838  -10.005  -0.043 1.0000000000
45702  25.425  -10.667  0.323 1.0000000000
50590  21.801  -4.939  -2.069 0.5000000000
48721  22.760  -6.115  -1.968 1.0000000000
45724  26.142  -11.054  -2.069 1.0000000000
47789  25.632  -8.508  -1.441 1.0000000000
46818  27.099  -9.773  -2.185 1.0000000000
101822  23.109  -5.465  -3.602 0.6250000000
48727  23.140  -5.970  -3.950 1.0000000000
116836  23.418  -6.043  -2.857 1.0000000000
46810  28.136  -9.819  -0.799 0.8750000000
118622  27.945  -7.070  -3.459 1.0000000000
47805  26.673  -7.412  -2.601 1.0000000000
117989  26.252  -5.988  -2.814 1.0000000000
108330  25.389  -4.829  -3.575 1.0000000000
50593  25.861  -5.589  -3.142 1.0000000000
51525  25.222  -3.910  -4.660 0.7500000000
51524  25.832  -5.806  -5.558 1.0000000000
50608  26.587  -7.535  -6.303 1.0000000000
50611  26.563  -8.397  -7.546 1.0000000000
114532  28.336  -5.731  -5.346 1.0000000000
49668  27.605  -7.639  -7.010 1.0000000000
52433  25.324  -2.611  -7.768 1.0000000000
50609  25.435  -4.716  -6.832 1.0000000000
49671  25.538  -7.098  -10.354 1.0000000000
51528  25.130  -3.374  -6.795 1.0000000000
51530  25.486  -3.779  -8.695 1.0000000000
49669  28.199  -7.604  -8.895 1.0000000000
52435  25.601  -2.629  -9.808 1.0000000000
97731  25.733  -4.767  -10.103 1.0000000000
97728  26.513  -5.385  -10.170 1.0000000000
109466  25.787  -3.733  -10.152 1.0000000000
103805  26.003  -0.971  -10.427 1.0000000000
112560  23.822  6.723  -5.886 0.1250000000
101080  23.749  6.222  -6.815 0.1250000000
62160  23.907  8.916  -10.309 0.2500000000
105077  22.927  6.538  -8.439 0.3750000000
60231  23.041  7.029  -9.273 0.5000000000
47723  16.847  -6.961  4.701 0.1250000000
53331  24.463  -1.752  -5.428 0.5000000000
117070  25.263  -3.988  -5.765 0.8750000000
52427  24.504  -3.020  -5.573 0.7500000000
115467  25.097  1.218  -8.808 1.0000000000
55240  25.896  0.680  -9.426 1.0000000000
113703  26.189  -0.407  -9.896 1.0000000000
109572  22.813  5.540  -7.900 0.3750000000
58346  23.509  3.781  -10.007 0.7500000000
109671  23.322  6.118  -9.907 0.7500000000
109009  22.701  5.659  -8.779 0.5000000000
59333  23.758  4.614  -10.629 0.7500000000
60242  26.795  5.375  -11.231 0.3750000000
41148  21.023  -13.346  5.157 0.7500000000
41146  23.613  -14.121  4.430 0.7500000000
41164  20.246  -12.686  5.008 0.7500000000
107657  21.893  -13.560  4.925 0.7500000000
41163  21.235  -12.649  4.666 0.7500000000
42419  20.309  -12.020  4.623 0.7500000000
41161  23.770  -13.557  3.896 0.7500000000
41162  22.592  -13.276  4.337 0.7500000000
42418  21.885  -12.273  4.091 0.7500000000
44650  20.139  -10.653  3.923 0.7500000000
45681  19.960  -10.009  3.448 0.6250000000
43563  21.274  -11.548  3.864 0.7500000000
43564  20.691  -10.903  3.787 0.8750000000
42416  24.865  -13.560  3.625 0.7500000000
42417  22.990  -12.764  3.710 0.7500000000
42427  23.476  -12.386  3.270 0.7500000000
44649  21.618  -11.087  3.266 0.8750000000
42426  24.486  -12.774  3.193 0.7500000000
109186  23.124  -11.748  3.014 0.8750000000
44660  22.134  -10.589  2.603 0.8750000000
43573  24.555  -11.684  2.372 0.7500000000
44658  24.080  -10.902  2.002 0.8750000000
44657  26.146  -11.692  1.702 0.8750000000
109311  25.120  -11.384  1.830 0.8750000000
111163  26.610  -11.501  1.095 0.8750000000
45689  27.620  -9.899  1.922 0.3750000000
45701  27.680  -10.937  1.321 0.6250000000
44670  27.309  -11.292  0.816 0.7500000000
46773  27.644  -8.773  2.544 0.5000000000
109201  28.174  -10.366  0.959 0.5000000000
46800  28.438  -9.607  0.425 0.7500000000
45700  28.109  -10.610  0.079 0.7500000000
47748  27.842  -7.987  1.805 0.1250000000
105216  28.055  -8.626  0.819 0.6250000000
47778  28.611  -8.762  -0.067 0.6250000000
48649  28.198  -7.062  2.807 0.1250000000
47764  27.986  -7.836  0.718 0.1250000000
101150  28.021  -6.135  1.542 0.1250000000
108097  28.218  -7.768  -0.389 0.6250000000
48711  27.986  -6.898  -1.139 0.6250000000
50553  28.067  -4.623  1.410 0.1250000000
49643  27.778  -5.910  -0.083 0.1250000000
49656  27.963  -6.498  -2.181 0.7500000000
49610  28.454  -5.502  2.999 0.1250000000
109097  27.776  -5.116  -0.001 0.5000000000
49652  27.697  -5.475  -0.987 0.5000000000
105480  27.689  -5.370  -2.081 0.6250000000
56251  24.187  1.688  -7.103 0.6250000000
57342  23.745  2.377  -7.083 0.5000000000
105730  27.730  -4.503  -2.155 0.6250000000
108067  28.352  -4.922  -3.762 0.6250000000
51509  28.151  -3.593  -1.733 0.5000000000
108381  28.034  -4.069  -2.785 0.6250000000
51516  28.567  -3.533  -3.490 0.6250000000
51520  28.547  -4.504  -4.533 0.7500000000
100646  24.381  2.147  -8.134 0.7500000000
109465  27.603  -3.278  -7.386 0.8750000000
52432  27.870  -2.532  -6.403 0.8750000000
53341  27.145  -1.988  -7.865 0.8750000000
52401  28.700  -3.143  -2.464 0.3750000000
112509  28.885  -2.999  -3.548 0.5000000000
52421  28.769  -3.227  -4.039 0.6250000000
52412  28.907  -2.497  -2.159 0.2500000000
52413  28.827  -2.816  -3.039 0.3750000000
53311  28.813  -2.587  -3.630 0.5000000000
57343  23.627  2.964  -7.642 0.6250000000
110895  23.944  2.628  -8.537 0.7500000000
53342  26.506  -0.978  -9.621 0.8750000000
116817  26.942  -0.432  -8.743 0.7500000000
113722  27.360  -0.984  -7.503 0.8750000000
52426  28.537  -3.470  -4.957 0.6250000000
109649  28.290  -2.508  -5.397 0.7500000000
53337  27.962  -1.592  -6.139 0.7500000000
53310  28.654  -2.064  -2.982 0.2500000000
110290  23.357  3.205  -8.673 0.6250000000
56273  24.936  1.692  -9.146 0.8750000000
54282  26.121  0.091  -9.695 0.8750000000
56262  25.587  1.312  -9.456 0.7500000000
54270  26.827  0.202  -8.817 0.8750000000
54269  27.571  -0.142  -7.556 0.7500000000
53330  28.447  -1.661  -4.946 0.5000000000
54232  28.536  -0.616  -3.817 0.2500000000
53323  28.638  -1.645  -3.921 0.5000000000
113295  28.678  -1.604  -2.231 0.2500000000
58330  23.158  3.824  -7.936 0.5000000000
59321  22.890  4.165  -8.941 0.5000000000
58338  23.446  3.278  -9.469 0.6250000000
57360  24.574  2.410  -10.422 0.7500000000
99081  25.232  1.953  -9.651 0.7500000000
57350  25.967  1.796  -9.537 0.7500000000
56272  26.217  1.126  -9.306 0.7500000000
57359  25.508  2.306  -10.287 0.7500000000
55230  26.455  0.702  -9.175 0.7500000000
55221  27.100  0.969  -8.129 0.7500000000
55211  27.770  0.237  -6.168 0.5000000000
56241  27.755  1.153  -6.090 0.3750000000
55220  27.373  0.753  -7.183 0.6250000000
55203  28.422  -0.016  -4.498 0.2500000000
55204  28.185  -0.302  -5.312 0.3750000000
56230  28.218  0.561  -5.231 0.3750000000
58355  24.099  3.296  -11.266 0.6250000000
57361  23.915  2.885  -10.495 0.7500000000
57367  24.941  2.142  -11.916 0.7500000000
57358  26.284  2.542  -9.782 0.7500000000
57341  26.828  1.981  -9.084 0.7500000000
56261  27.109  1.467  -8.438 0.6250000000
57317  27.912  1.930  -6.174 0.3750000000
56250  27.409  1.495  -7.056 0.3750000000
104322  28.486  0.901  -4.415 0.1250000000
57309  28.693  2.445  -4.623 0.1250000000
56240  28.383  1.593  -5.177 0.2500000000
58354  24.634  2.910  -12.452 0.6250000000
58353  24.932  2.552  -12.666 0.7500000000
57329  27.569  2.046  -7.114 0.3750000000
57340  27.586  2.131  -8.239 0.3750000000
58295  28.949  2.959  -4.229 0.1250000000
56218  28.636  1.389  -3.607 0.1250000000
59332  24.570  3.979  -11.547 0.6250000000
101942  24.959  3.377  -12.516 0.6250000000
58345  25.579  2.666  -11.596 0.3750000000
57357  27.176  2.574  -9.360 0.3750000000
58329  28.969  3.025  -7.758 0.2500000000
58312  28.868  3.078  -5.753 0.1250000000
57328  28.307  2.526  -6.368 0.3750000000
104217  29.428  3.331  -4.408 0.1250000000
57316  28.517  2.494  -5.478 0.1250000000
59331  26.392  4.296  -11.128 0.3750000000
109916  24.873  4.398  -11.547 0.3750000000
58344  26.742  3.217  -9.949 0.3750000000
58336  28.523  2.884  -9.161 0.3750000000
58337  27.835  2.969  -9.488 0.3750000000
105979  28.963  3.037  -8.639 0.3750000000
57348  28.404  2.605  -8.411 0.3750000000
57349  27.831  2.431  -9.030 0.3750000000
59294  30.648  4.354  -6.594 0.1250000000
58323  28.889  3.051  -6.703 0.1250000000
58303  29.437  3.452  -5.261 0.1250000000
59330  26.869  4.848  -11.157 0.2500000000
114223  27.546  3.584  -10.091 0.2500000000
58352  26.413  3.868  -10.955 0.3750000000
58335  29.135  3.634  -9.317 0.1250000000
58343  28.358  3.470  -9.786 0.3750000000
59302  30.717  4.730  -7.454 0.1250000000
59320  27.790  4.257  -10.447 0.2500000000
59319  28.870  4.118  -10.053 0.1250000000
59318  29.705  4.374  -9.870 0.1250000000
60224  31.022  4.936  -7.777 0.1250000000
107352  30.392  4.505  -9.208 0.1250000000
59328  29.181  5.305  -10.501 0.1250000000
58334  31.505  4.079  -8.754 0.1250000000
59301  31.380  4.657  -7.664 0.1250000000
43574  23.344  -11.208  2.562 0.8750000000
44656  26.933  -11.371  1.694 0.6250000000
50589  27.724  -4.460  -1.303 0.6250000000
57351  24.523  2.255  -9.168 0.8750000000
54247  28.258  -1.003  -5.407 0.5000000000
54257  27.874  -0.626  -6.248 0.7500000000
54240  28.458  -0.879  -4.634 0.5000000000
111579  30.215  4.244  -7.075 0.1250000000
59308  30.962  4.730  -8.474 0.1250000000
47788  28.271  -8.790  -1.107 0.7500000000
114491  28.905  -2.965  -1.723 0.2500000000
58328  29.514  3.779  -8.239 0.1250000000
53298  28.933  -1.888  -1.518 0.1250000000
40050  21.812  -15.088  5.755 0.7500000000
40062  21.104  -14.195  5.504 0.7500000000
41149  20.116  -13.529  5.422 0.7500000000
42405  19.594  -12.845  5.252 0.7500000000
40048  24.020  -15.403  5.745 0.7500000000
113990  24.339  -14.592  4.684 0.7500000000
44639  19.736  -11.017  4.412 0.6250000000
43549  20.457  -11.466  4.260 0.7500000000
41160  24.593  -14.191  4.182 0.6250000000
43548  25.487  -12.940  3.283 0.6250000000
43559  26.042  -12.469  2.833 0.6250000000
44648  26.472  -11.824  2.422 0.5000000000
45680  27.136  -10.620  3.207 0.3750000000
110200  26.916  -11.217  2.497 0.5000000000
114411  27.611  -8.984  3.432 0.1250000000
109304  27.967  -7.847  2.886 0.1250000000
105090  28.909  -6.365  3.970 0.1250000000
50537  28.482  -4.826  2.785 0.1250000000
50538  28.341  -4.328  2.273 0.1250000000
50571  27.960  -4.512  0.510 0.1250000000
51497  28.139  -3.738  -0.716 0.1250000000
107207  28.800  -1.212  -1.636 0.1250000000
55183  28.656  0.493  -2.619 0.1250000000
116997  28.811  1.933  -3.236 0.1250000000
59312  22.799  4.760  -8.224 0.3750000000
57302  29.360  2.993  -3.640 0.1250000000
112320  30.216  3.689  -4.853 0.1250000000
58294  30.169  3.458  -3.773 0.1250000000
59293  31.158  4.403  -6.365 0.1250000000
59300  31.939  4.225  -6.981 0.1250000000
60241  27.119  5.647  -11.318 0.2500000000
112118  27.639  5.086  -10.926 0.1250000000
60240  28.037  5.754  -11.013 0.1250000000
59317  30.450  4.473  -10.314 0.1250000000
60233  29.888  4.856  -10.327 0.1250000000
59307  31.930  4.095  -7.775 0.1250000000
59316  30.745  4.048  -9.749 0.1250000000
45715  26.394  -11.503  -1.429 0.7500000000
50592  28.079  -5.488  -3.100 0.7500000000
55212  24.097  0.716  -6.088 0.3750000000
44662  20.480  -10.339  3.473 0.7500000000
44659  23.093  -10.426  2.026 0.8750000000
44669  27.354  -11.276  -0.134 0.7500000000
105579  25.474  4.262  -11.549 0.3750000000
61260  27.076  5.993  -11.335 0.1250000000
116904  21.552  -13.851  5.219 0.7500000000
41147  22.766  -14.036  4.773 0.7500000000
40060  23.507  -14.751  5.058 0.7500000000
42420  19.655  -12.174  5.005 0.7500000000
105122  19.942  -11.564  4.576 0.7500000000
118057  20.940  -11.937  4.290 0.7500000000
43550  20.176  -11.114  4.243 0.7500000000
44651  19.727  -10.458  3.992 0.6250000000
42428  22.396  -11.856  3.451 0.8750000000
112412  23.919  -13.053  3.497 0.7500000000
43562  22.481  -11.287  2.954 0.8750000000
43561  24.010  -12.061  2.845 0.7500000000
43560  25.090  -12.440  2.728 0.7500000000
43572  25.654  -12.047  2.254 0.7500000000
45679  27.430  -9.731  2.880 0.2500000000
45690  27.304  -10.655  2.268 0.5000000000
46787  27.829  -9.153  1.388 0.5000000000
48670  27.967  -6.994  1.696 0.2500000000
48669  28.206  -6.191  2.458 0.1250000000
48648  28.497  -6.259  3.301 0.1250000000
48689  27.902  -6.929  0.722 0.5000000000
49630  27.924  -6.064  0.733 0.1250000000
112609  28.008  -5.463  1.332 0.1250000000
48701  27.835  -6.731  0.000 0.5000000000
49611  28.171  -5.272  2.159 0.1250000000
108159  27.890  -5.274  0.690 0.1250000000
50583  27.852  -4.482  -0.342 0.1250000000
53324  28.646  -2.490  -4.433 0.5000000000
57352  23.816  2.722  -9.490 0.6250000000
55193  28.537  0.381  -3.616 0.1250000000
54221  28.512  -0.304  -3.057 0.1250000000
99744  28.521  -1.148  -3.025 0.2500000000
106401  28.635  -0.587  -2.211 0.1250000000
57368  24.596  2.561  -11.881 0.7500000000
56229  28.597  1.726  -4.313 0.1250000000
57339  28.201  2.509  -7.336 0.3750000000
58304  28.861  3.103  -4.894 0.1250000000
57303  28.832  2.326  -3.762 0.1250000000
98597  25.504  3.292  -12.222 0.3750000000
58311  29.463  3.511  -6.153 0.1250000000
59285  30.107  3.825  -5.816 0.1250000000
59295  30.020  3.908  -6.527 0.1250000000
60221  31.081  4.785  -7.144 0.1250000000
58322  29.585  3.696  -7.149 0.1250000000
59284  30.762  4.047  -5.716 0.1250000000
59310  29.906  4.449  -8.777 0.1250000000
59309  30.624  4.771  -8.212 0.1250000000
59303  30.121  4.396  -7.804 0.1250000000
59329  28.504  4.822  -10.504 0.1250000000
112940  29.274  4.642  -10.249 0.1250000000
40061  22.227  -14.394  5.278 0.7500000000
40049  22.890  -15.254  5.657 0.7500000000
40063  20.221  -14.306  5.766 0.7500000000
40051  20.795  -15.026  5.960 0.7500000000
117477  19.119  -11.019  4.821 0.5000000000
43547  26.199  -12.666  3.568 0.6250000000
44647  26.814  -11.433  2.992 0.5000000000
51479  28.104  -3.817  0.990 0.1250000000
51469  28.222  -3.804  1.717 0.1250000000
117258  28.601  0.955  -3.141 0.1250000000
110644  31.420  4.506  -6.861 0.1250000000
40064  19.532  -14.032  5.800 0.7500000000
42406  19.034  -12.628  5.385 0.5000000000
39032  22.336  -16.002  6.732 0.6250000000
39031  23.347  -15.748  6.421 0.6250000000
40047  24.812  -15.287  6.017 0.3750000000
41130  25.823  -13.991  6.151 0.2500000000
41131  25.256  -14.692  5.585 0.3750000000
59304  23.233  4.508  -7.334 0.2500000000
118310  22.368  -15.617  6.103 0.6250000000
42404  25.473  -14.017  4.290 0.5000000000
42415  25.871  -13.380  3.890 0.5000000000
40034  24.806  -15.445  7.009 0.5000000000
39030  24.286  -15.624  6.427 0.6250000000
43558  26.566  -12.040  3.200 0.5000000000
38056  22.205  -16.599  7.371 0.6250000000
41151  18.516  -12.937  5.816 0.3750000000
41132  18.879  -14.017  6.110 0.3750000000
39033  21.515  -15.655  6.263 0.6250000000
40052  19.579  -14.743  6.360 0.6250000000
39002  24.456  -15.864  7.811 0.3750000000
39017  24.025  -15.926  7.103 0.5000000000
38055  23.173  -16.275  7.238 0.6250000000
42407  18.430  -12.283  5.735 0.2500000000
40033  25.348  -14.764  7.521 0.3750000000
41114  25.730  -14.106  7.146 0.2500000000
45682  19.286  -9.895  3.866 0.3750000000
42383  26.098  -13.505  5.522 0.2500000000
43534  26.340  -12.730  4.438 0.3750000000
44638  26.931  -11.295  3.724 0.2500000000
113190  19.897  -3.792  -1.250 0.1250000000
45669  27.489  -9.670  3.834 0.2500000000
53332  23.558  -1.473  -4.841 0.3750000000
52422  22.618  -2.095  -4.153 0.2500000000
45683  18.745  -9.252  3.836 0.2500000000
52428  23.939  -2.270  -4.769 0.3750000000
41150  19.079  -13.390  5.647 0.5000000000
40059  24.585  -14.985  5.249 0.5000000000
41145  25.076  -14.537  4.776 0.5000000000
43535  18.985  -12.049  5.216 0.3750000000
43551  19.367  -11.571  4.893 0.3750000000
40046  25.299  -14.775  6.526 0.2500000000
41113  26.120  -13.481  6.953 0.2500000000
41144  25.696  -14.135  5.104 0.3750000000
42403  26.056  -13.513  4.709 0.3750000000
40020  25.010  -15.368  8.014 0.3750000000
39018  21.354  -16.141  6.900 0.6250000000
39003  24.160  -16.319  8.363 0.3750000000
105281  23.792  -16.332  7.782 0.5000000000
42402  26.368  -12.719  5.402 0.2500000000
43546  26.600  -11.945  4.150 0.2500000000
51504  18.366  -2.827  0.256 0.1250000000
38058  20.263  -16.327  7.938 0.5000000000
38031  23.106  -17.422  8.897 0.3750000000
38041  23.042  -17.062  7.984 0.5000000000
38057  21.210  -16.549  7.608 0.5000000000
38043  19.943  -16.615  8.591 0.3750000000
39020  19.341  -15.721  7.741 0.5000000000
39019  20.394  -16.044  7.211 0.5000000000
39035  19.697  -15.469  6.990 0.3750000000
39034  20.552  -15.585  6.556 0.5000000000
37058  18.167  -16.837  9.847 0.1250000000
38044  18.965  -16.367  8.789 0.3750000000
40053  18.412  -14.222  6.855 0.2500000000
36038  18.939  -18.283  10.305 0.1250000000
37045  18.875  -17.395  9.773 0.2500000000
37056  20.949  -17.861  9.418 0.3750000000
102940  23.852  -17.015  9.487 0.2500000000
37055  21.762  -18.021  9.348 0.3750000000
37069  21.494  -17.467  8.795 0.5000000000
103437  18.213  -17.510  10.315 0.1250000000
37071  19.374  -16.966  9.125 0.3750000000
39005  18.269  -15.661  8.839 0.1250000000
40021  18.026  -14.354  8.050 0.1250000000
51496  28.771  -3.118  -1.027 0.1250000000
118128  23.706  -16.637  8.196 0.3750000000
41133  18.349  -13.470  6.383 0.2500000000
38030  24.379  -16.416  9.105 0.2500000000
38042  20.949  -16.857  8.330 0.5000000000
115964  21.986  -17.193  8.030 0.5000000000
38059  19.449  -16.171  8.298 0.5000000000
106133  23.736  -16.841  8.656 0.3750000000
37068  22.333  -17.565  8.671 0.3750000000
37070  20.480  -17.192  8.991 0.3750000000
39004  18.681  -15.842  8.479 0.1250000000
39021  18.261  -15.135  8.090 0.1250000000
40035  18.768  -15.020  7.233 0.1250000000
38045  18.432  -16.485  9.284 0.2500000000
38995  18.163  -16.116  9.596 0.1250000000
106246  18.423  -16.111  8.905 0.1250000000
115390  18.177  -14.506  7.614 0.1250000000
36039  18.164  -18.346  10.781 0.1250000000
37057  19.968  -17.641  9.521 0.3750000000
37054  22.454  -17.872  9.450 0.2500000000
36047  20.471  -18.396  9.856 0.2500000000
37044  21.876  -18.484  9.961 0.2500000000
44641  18.513  -10.482  4.989 0.2500000000
36037  20.036  -18.984  10.347 0.1250000000
36048  19.643  -18.174  9.938 0.1250000000
36036  21.223  -18.547  9.853 0.2500000000
117955  20.790  -18.864  10.077 0.1250000000
45661  17.898  -9.829  5.125 0.1250000000
110800  24.102  1.258  -6.340 0.1250000000
57330  23.577  2.316  -6.366 0.1250000000
57319  23.393  2.751  -6.239 0.1250000000
58324  23.322  3.655  -6.986 0.1250000000
58313  23.830  3.293  -5.664 0.1250000000
58314  23.310  3.557  -6.319 0.1250000000
59296  23.316  4.338  -6.378 0.1250000000
56242  23.683  1.248  -5.556 0.1250000000
59287  23.378  4.454  -5.913 0.1250000000
59278  23.696  5.193  -5.424 0.1250000000
118484  23.533  0.773  -5.376 0.1250000000
104814  22.036  -1.440  -4.030 0.1250000000
42384  18.027  -12.636  6.452 0.1250000000
98538  17.799  -10.960  6.356 0.1250000000
56232  23.629  1.578  -5.574 0.1250000000
58306  24.532  3.136  -5.156 0.1250000000
59277  24.722  4.442  -4.704 0.1250000000
108833  24.199  5.798  -4.879 0.1250000000
60213  23.742  5.893  -5.297 0.1250000000
54249  24.001  0.067  -5.741 0.1250000000
46764  18.505  -8.607  3.489 0.1250000000
46755  18.014  -8.813  4.232 0.1250000000
44640  19.193  -10.483  4.381 0.1250000000
57331  23.364  2.900  -6.629 0.1250000000
102279  18.458  -11.349  5.489 0.1250000000
43517  17.902  -11.785  6.435 0.1250000000
52429  23.003  -1.838  -4.566 0.1250000000
45670  18.451  -9.706  4.472 0.1250000000
44627  17.863  -10.389  5.632 0.1250000000
45662  17.585  -9.562  5.421 0.1250000000
117693  17.726  -10.361  6.072 0.1250000000
110378  23.782  1.821  -5.974 0.1250000000
57318  23.563  2.162  -6.023 0.1250000000
59286  24.224  3.899  -5.213 0.1250000000
118846  24.816  3.702  -4.764 0.1250000000
60218  23.428  5.100  -5.812 0.1250000000
58305  25.072  3.159  -4.527 0.1250000000
60212  25.224  6.457  -4.402 0.1250000000
40010  25.189  -15.344  8.801 0.1250000000
40019  25.558  -14.707  8.482 0.1250000000
41092  25.840  -14.157  8.005 0.1250000000
101904  26.228  -13.560  7.692 0.1250000000
41129  26.364  -12.950  6.369 0.1250000000
43515  27.363  -11.196  6.346 0.1250000000
44596  27.153  -11.152  5.636 0.1250000000
43533  26.613  -11.846  5.141 0.1250000000
112584  27.644  -10.522  6.087 0.1250000000
44626  27.069  -11.178  4.688 0.1250000000
44624  28.017  -9.773  5.784 0.1250000000
44625  27.561  -10.424  5.211 0.1250000000
44637  27.352  -10.464  4.255 0.1250000000
37053  23.228  -17.523  9.897 0.1250000000
38023  23.929  -17.138  10.441 0.1250000000
117183  25.069  -15.768  9.544 0.1250000000
40009  25.633  -14.941  9.346 0.1250000000
117414  25.995  -14.236  8.528 0.1250000000
42328  26.839  -13.063  8.094 0.1250000000
42354  27.235  -12.455  7.596 0.1250000000
43491  26.883  -12.387  6.889 0.1250000000
43490  27.463  -11.698  7.041 0.1250000000
44595  28.285  -10.100  6.527 0.1250000000
45660  27.828  -9.522  4.851 0.1250000000
45659  28.370  -8.970  5.573 0.1250000000
38994  24.721  -15.867  8.592 0.1250000000
38022  24.530  -16.549  10.055 0.1250000000
37043  22.600  -18.000  10.381 0.1250000000
41091  26.438  -13.775  8.542 0.1250000000
42355  26.574  -12.948  7.287 0.1250000000
43516  26.752  -11.888  6.158 0.1250000000
45633  28.602  -9.361  6.281 0.1250000000
37042  23.285  -17.551  10.852 0.1250000000
41070  26.896  -13.929  9.430 0.1250000000
47806  26.413  -8.275  -9.564 1.0000000000
47807  28.055  -7.187  -9.243 1.0000000000
48729  27.408  -8.347  -9.144 1.0000000000
48730  25.803  -8.180  -9.339 1.0000000000
48731  27.513  -7.277  -9.516 1.0000000000
48732  26.561  -8.331  -9.233 1.0000000000
48733  25.983  -8.214  -9.708 1.0000000000
48734  28.280  -7.059  -9.457 1.0000000000
49670  26.833  -8.544  -8.617 1.0000000000
49672  25.793  -7.958  -10.308 1.0000000000
50612  25.548  -7.704  -8.623 1.0000000000
50613  25.460  -6.028  -9.770 1.0000000000
53333  22.818  -1.450  -4.572 0.1250000000
60225  26.278  6.993  -8.394 0.2500000000
61245  25.700  8.301  -9.316 0.2500000000
61263  23.691  7.378  -10.492 0.6250000000
62166  24.860  8.994  -11.095 0.2500000000
62167  24.317  8.632  -10.981 0.2500000000
62174  24.369  8.932  -11.241 0.2500000000
62175  23.842  8.659  -10.908 0.5000000000
62176  23.591  9.028  -10.852 0.3750000000
62987  23.645  8.859  -10.775 0.3750000000
62992  23.844  9.003  -11.092 0.2500000000
97726  27.438  -8.216  -9.342 1.0000000000
97727  27.827  -6.060  -9.836 1.0000000000
97890  26.523  -6.103  -10.776 1.0000000000
97947  27.853  -7.250  -10.288 1.0000000000
97967  28.036  -7.729  -9.846 1.0000000000
97977  27.962  -6.990  -9.268 1.0000000000
101562  20.465  -9.097  2.413 0.8750000000
111823  25.720  -5.593  -10.625 1.0000000000
111824  26.619  -7.208  -10.796 1.0000000000
111845  26.801  -8.078  -10.253 1.0000000000
111878  27.607  -6.390  -9.631 1.0000000000
112176  23.969  8.983  -11.214 0.2500000000
113053  24.491  6.250  -4.846 0.1250000000
113068  27.905  -11.021  0.638 0.7500000000
113860  28.366  -6.955  -8.643 1.0000000000
